1.412166 0.261921687 -0.002394680 0.002426430 0.000042299 -0.000112278 0.000159777 0.999999980
1.510704 0.533697298 -0.000943222 0.009995422 0.000224280 -0.000406365 0.000657644 0.999999676
1.610781 0.756649465 0.001295087 0.011074929 0.000192323 -0.000349094 0.000981449 0.999999439
1.710782 1.055512706 0.006525651 0.014031895 0.000014390 -0.000252768 0.001011267 0.999999457
1.810680 1.309556830 0.002845273 0.017680086 -0.000225243 -0.000146048 0.001195371 0.999999250
1.910656 1.583500186 0.002622657 0.019450933 -0.000369209 -0.000075876 0.001333621 0.999999040
2.010682 1.872778431 0.009285925 0.023262063 -0.000308821 -0.000241906 0.001447153 0.999998876
2.110756 2.120454125 0.006896148 0.025644622 -0.000233556 -0.000370372 0.001304408 0.999999053
2.210706 2.354109814 0.004764263 0.029775077 -0.000372817 -0.000339253 0.001289585 0.999999041
2.310809 2.583790649 -0.000037947 0.029161779 -0.000352592 -0.000413637 0.001403729 0.999998867
2.410883 2.859940799 -0.000913294 0.035890025 -0.000260650 -0.000393690 0.001520293 0.999998733
2.510755 3.202037476 0.001529101 0.039158745 -0.000271757 -0.000303319 0.001524798 0.999998755
2.610659 3.463296707 0.005594333 0.044182507 -0.000310846 -0.000098770 0.001378833 0.999998996
2.710833 3.753217136 0.014429496 0.043950499 -0.000540784 -0.000001733 0.001605507 0.999998565
2.810832 4.019478552 0.018558685 0.046504406 -0.000662113 -0.000146577 0.001567362 0.999998542
2.910709 4.274314077 0.029061875 0.046539668 -0.000730044 -0.000074225 0.001627051 0.999998407
3.010884 4.539980738 0.026996181 0.050028160 -0.000653583 0.000145454 0.001436683 0.999998744
3.112140 4.816083614 0.029214253 0.053451107 -0.000649439 0.000071178 0.001387610 0.999998824
3.212113 5.061489219 0.023734601 0.056995609 -0.000671254 0.000022363 0.001316549 0.999998908
3.310735 5.296558035 0.021076468 0.060697170 -0.000692536 0.000048408 0.001060818 0.999999196
3.410934 5.547362862 0.025268372 0.064914283 -0.000730661 0.000114969 0.001327623 0.999998845
3.512091 5.812294476 0.034591759 0.064127829 -0.000804691 -0.000263550 0.001280628 0.999998822
3.612120 6.084495619 0.037074044 0.065159626 -0.000881789 -0.000633996 0.001221310 0.999998664
3.712116 6.354322830 0.041620660 0.068786961 -0.000750068 -0.001056941 0.001203625 0.999998436
3.812142 6.632969688 0.051823948 0.070230660 -0.000624991 -0.001074390 0.001556940 0.999998016
3.912117 6.890196059 0.056027526 0.071053918 -0.000617780 -0.001283352 0.001423186 0.999997973
4.012116 7.149318559 0.053237199 0.074523743 -0.000669820 -0.001320532 0.001594519 0.999997633
4.112045 7.439885656 0.052942809 0.077620111 -0.000697992 -0.001578862 0.001723852 0.999997024
4.212166 7.703552078 0.060760203 0.079972050 -0.000535626 -0.001695153 0.002187750 0.999996027
4.312218 7.991474722 0.067174099 0.083759280 -0.000453858 -0.001888483 0.002491666 0.999995010
4.412168 8.289696988 0.076694711 0.087527396 -0.000599150 -0.002063222 0.002905930 0.999993470
4.512072 8.615080734 0.079174907 0.086671483 -0.000821177 -0.002176662 0.003363566 0.999991637
4.612068 8.949659331 0.084427136 0.089947253 -0.000831639 -0.002311830 0.003815058 0.999989705
4.712169 9.303301080 0.092483448 0.094516752 -0.000677545 -0.002603679 0.004144064 0.999987794
4.812119 9.706808494 0.109109245 0.095863247 -0.000719515 -0.002766292 0.004547192 0.999985576
4.912042 10.090536337 0.116225546 0.097169663 -0.000738381 -0.002702384 0.004948394 0.999983833
5.012095 10.511968065 0.125960580 0.103655758 -0.000427181 -0.002688049 0.004899580 0.999984293
5.112217 10.945027286 0.127483496 0.110566032 -0.000483135 -0.002839518 0.004946511 0.999983618
5.212018 11.380912384 0.141085922 0.112645719 -0.000693905 -0.002888821 0.005082669 0.999982670
5.312093 11.829525466 0.139795649 0.119450725 -0.000981681 -0.002923367 0.005123017 0.999982122
5.412117 12.278933488 0.147937913 0.124833932 -0.000879321 -0.003007243 0.005411513 0.999980449
5.502980 12.699427270 0.158077797 0.125163596 -0.000775583 -0.003060078 0.005213481 0.999981427
5.612069 13.230928332 0.172208282 0.135088582 -0.000522448 -0.003116132 0.005231169 0.999981326
5.712166 13.721780387 0.170767334 0.141916716 -0.000943517 -0.003275463 0.005345535 0.999979903
5.812167 14.215074552 0.183593972 0.143204468 -0.001177710 -0.003326941 0.005544693 0.999978400
5.912068 14.745679992 0.202649705 0.147093523 -0.001022524 -0.003599810 0.005178911 0.999979587
6.085860 15.699724899 0.224146578 0.157448074 -0.000854538 -0.003484082 0.004924378 0.999981441
6.112142 15.706505109 0.211977200 0.157646145 -0.000876042 -0.003281303 0.005423676 0.999979524
6.212192 16.289982763 0.217389535 0.165339301 -0.000964181 -0.002785116 0.005555829 0.999980223
6.312167 16.907163677 0.245961676 0.171835370 -0.000894704 -0.002897816 0.004801814 0.999983872
6.412119 17.512927940 0.264109959 0.176168883 -0.001136629 -0.002440960 0.004800680 0.999984852
6.600122 18.665275622 0.281542290 0.188926126 -0.000938330 -0.000636168 0.004354753 0.999989875
6.700171 19.161721519 0.273603107 0.195916339 -0.001196910 -0.000534333 0.004511210 0.999988965
6.800072 19.651155842 0.274831113 0.203805971 -0.000888164 0.000547234 0.004895597 0.999987472
6.900072 20.197734138 0.293347201 0.207458565 -0.000805909 0.001251987 0.005462179 0.999983974
7.000072 20.723033874 0.312052033 0.208765738 -0.000773063 0.001535247 0.005390064 0.999983996
7.100097 21.235525417 0.314709924 0.213713889 -0.000845957 0.001761532 0.005680659 0.999981956
7.199973 21.761223496 0.325034232 0.218424241 -0.000954663 0.001809778 0.005819698 0.999980972
7.299773 22.316034721 0.329402501 0.226017013 -0.000820115 0.001858467 0.005741269 0.999981455
7.399748 22.878307153 0.338031817 0.228167278 -0.000929359 0.002102515 0.005687051 0.999981186
7.499898 23.465674604 0.345808057 0.230142669 -0.001244575 0.002418853 0.006094167 0.999977730
7.600247 24.069512913 0.356983553 0.234825860 -0.001220389 0.002250999 0.006168063 0.999977699
7.610686 24.143963532 0.363822031 0.237598534 -0.001056656 0.002173344 0.006000101 0.999979079
7.712064 24.961190719 0.380535307 0.245190511 -0.001237648 0.002585067 0.006717275 0.999973332
7.812070 25.687583630 0.405491408 0.241494985 -0.001313299 0.002415992 0.006630916 0.999974234
7.912018 26.336364539 0.415571899 0.247848908 -0.001386264 0.002335703 0.006642191 0.999974252
8.012019 26.990397160 0.426501294 0.251255692 -0.001551838 0.002455608 0.006707030 0.999973288
8.112092 27.632773082 0.441537287 0.256658230 -0.001617868 0.002599192 0.007242750 0.999969084
8.212115 28.264820599 0.449854879 0.261367191 -0.001445143 0.002392079 0.007560834 0.999967511
8.312068 28.866131899 0.451320377 0.266725369 -0.001442035 0.002022088 0.007407041 0.999969483
8.412115 29.460522278 0.463976838 0.269608508 -0.001573850 0.001721502 0.007663466 0.999967915
8.512071 30.055776748 0.471008105 0.275502413 -0.001447073 0.001591495 0.007910314 0.999966399
8.612217 30.630396225 0.492228151 0.280013887 -0.001306036 0.001265534 0.007733140 0.999968445
8.712023 31.191593321 0.505403008 0.288095527 -0.001551952 0.001380574 0.007793805 0.999967471
8.812020 31.736886742 0.520855847 0.287044515 -0.001758458 0.001539770 0.007924492 0.999965869
8.912220 32.289383800 0.536032717 0.296626766 -0.001501255 0.001441320 0.007939140 0.999966319
9.012020 32.798537633 0.547611927 0.296505320 -0.001421021 0.001271162 0.007739582 0.999968231
9.112167 33.338905925 0.554142692 0.304840246 -0.001429328 0.001197797 0.007448496 0.999970521
9.212113 33.859096582 0.564359255 0.306496110 -0.001571371 0.001201432 0.007527602 0.999969711
9.312113 34.379932486 0.576171268 0.313005172 -0.001454675 0.001397887 0.007213994 0.999971944
9.412067 34.899002973 0.595108565 0.316567292 -0.001639711 0.001388410 0.007075943 0.999972657
9.512018 35.436499805 0.611716723 0.318749113 -0.001616385 0.001771780 0.007207088 0.999971153
9.612091 35.971596935 0.631745458 0.322843229 -0.001469580 0.001632093 0.006691218 0.999975202
9.712219 36.514253314 0.644018108 0.328911581 -0.001296633 0.001706657 0.007194183 0.999971825
9.812168 37.052098843 0.654964615 0.334300266 -0.001148101 0.001770293 0.007073306 0.999972758
9.912170 37.577688793 0.672449887 0.333814189 -0.001169667 0.001628149 0.006629251 0.999976017
10.012067 38.099445292 0.685492840 0.341514345 -0.001337904 0.001703135 0.006620603 0.999975738
10.112042 38.617469832 0.696454450 0.340754534 -0.001515383 0.001896889 0.006637207 0.999975026
10.212165 39.143966285 0.701439825 0.348122533 -0.001492228 0.001984497 0.006647148 0.999974825
10.312069 39.658734430 0.699471844 0.355778935 -0.001207762 0.002027427 0.006588095 0.999975514
10.412218 40.152477879 0.694595200 0.360325743 -0.001223028 0.002187759 0.006711160 0.999974339
10.512092 40.667439108 0.712368074 0.363566901 -0.001350406 0.002481048 0.007038319 0.999971241
10.612065 41.167578574 0.727807366 0.368247931 -0.001584371 0.002475272 0.007510464 0.999967477
10.712163 41.678950610 0.743271805 0.370924873 -0.001422031 0.002289969 0.007403882 0.999968958
10.812066 42.175991551 0.749812472 0.373674326 -0.001204765 0.002398253 0.007506320 0.999968226
10.912168 42.671738923 0.772103083 0.376906067 -0.001085694 0.002855622 0.008221664 0.999961535
11.012166 43.180650862 0.795677097 0.381585540 -0.001117812 0.002972893 0.008574348 0.999958196
11.112067 43.655130963 0.810129860 0.380918671 -0.001005792 0.002882751 0.008831648 0.999956339
11.212020 44.141006917 0.822496893 0.387700153 -0.000769010 0.002804461 0.008911655 0.999956062
11.312191 44.629606053 0.838463066 0.390296657 -0.001026874 0.002858065 0.009479599 0.999950456
11.412066 45.116529878 0.849020004 0.390703377 -0.001232231 0.003132154 0.009969442 0.999944639
11.500673 45.121784176 0.842038334 0.391461359 -0.001235587 0.003140959 0.010137201 0.999942921
11.700022 46.568159951 0.862454461 0.400333970 -0.001185041 0.003018159 0.011658639 0.999926779
11.799922 46.948903909 0.874723207 0.401117453 -0.001136601 0.002906816 0.011918181 0.999924105
11.899798 47.272778198 0.890758546 0.403386458 -0.001186648 0.002946854 0.012577952 0.999915848
11.999598 47.705125734 0.903370438 0.407785396 -0.001245183 0.002899881 0.012746709 0.999913777
12.099723 48.103729198 0.909200898 0.410104796 -0.001294044 0.002793189 0.013128144 0.999909084
12.199673 48.474934968 0.936128800 0.410112438 -0.001291582 0.003010293 0.013715653 0.999900570
12.299648 48.881755731 0.955889575 0.414644227 -0.001454278 0.002959642 0.013879255 0.999898241
12.399598 49.277774182 0.986179051 0.414415594 -0.001388435 0.003003789 0.014096521 0.999895163
12.499698 49.671655729 0.998198611 0.416445510 -0.001365357 0.003156687 0.014162682 0.999893789
12.599624 50.072445512 1.013203912 0.418693584 -0.001582201 0.003538840 0.014578033 0.999886221
12.699424 50.509084535 1.038608771 0.417504519 -0.001847191 0.003610489 0.014736402 0.999883189
12.799373 50.938885733 1.060295626 0.421580994 -0.001984742 0.003421824 0.014862278 0.999881725
12.899623 51.347078453 1.072627142 0.423393375 -0.001878955 0.003337699 0.014883055 0.999881905
12.999599 51.776728172 1.096071614 0.424825462 -0.001687240 0.003432058 0.014692859 0.999884740
13.099847 52.207565171 1.112355206 0.431500579 -0.001940221 0.003359323 0.014892084 0.999881581
13.200297 52.628232024 1.125840858 0.431243415 -0.002314644 0.003303502 0.015118330 0.999877575
13.300347 53.079935999 1.137254386 0.431520976 -0.002505222 0.003149988 0.014824948 0.999882004
13.312065 53.128015848 1.138652838 0.431883794 -0.002413765 0.002866788 0.014602382 0.999886356
13.412070 53.659270123 1.161077500 0.438431913 -0.002372198 0.003275053 0.014701693 0.999883747
13.512120 54.163075419 1.181203032 0.443794046 -0.002526703 0.003260728 0.014397958 0.999887835
13.612139 54.650641881 1.200522038 0.446604797 -0.002756627 0.003366513 0.014529069 0.999884980
13.712065 55.115251900 1.216243223 0.450541647 -0.002828529 0.003409110 0.014643330 0.999882968
13.812068 55.575411617 1.227487639 0.449448731 -0.002778156 0.003269329 0.014699668 0.999882750
13.910779 56.017472947 1.235191332 0.455618947 -0.002929338 0.003133957 0.014875562 0.999880150
14.010754 56.458686441 1.249845782 0.457863330 -0.003022296 0.003092034 0.015247556 0.999874401
14.110779 56.872748611 1.261990393 0.460489667 -0.003031419 0.003260329 0.015496545 0.999870010
14.210827 57.293143972 1.269617075 0.468220277 -0.003030204 0.003139110 0.015711883 0.999867041
14.310879 57.703514947 1.292802264 0.469639464 -0.003028908 0.003033922 0.015585224 0.999869352
14.412118 58.103857075 1.316630742 0.471362111 -0.002982591 0.003048214 0.015849832 0.999865289
14.512218 58.485128254 1.332078964 0.472884164 -0.003214587 0.002791077 0.016367865 0.999856974
14.612166 58.863308313 1.349404154 0.474693620 -0.003135943 0.002616970 0.016352657 0.999857944
14.712067 59.237724394 1.368564415 0.477100650 -0.002927380 0.002527544 0.016387305 0.999858239
14.812170 59.600690117 1.391250302 0.477656826 -0.002904694 0.002438733 0.016181812 0.999861873
14.912191 59.928934654 1.397407207 0.479101836 -0.003062429 0.002306829 0.016020296 0.999864316
15.012118 60.283510867 1.413713576 0.481728242 -0.003125123 0.002269678 0.015925479 0.999865722
15.112072 60.623027641 1.427917286 0.481437372 -0.003353678 0.002194595 0.015924860 0.999865159
15.212217 60.963548946 1.438569939 0.481421615 -0.003266443 0.002008309 0.015690212 0.999869549
15.312169 61.310485886 1.440796621 0.483680818 -0.003100410 0.001862599 0.015631066 0.999871286
15.412119 61.674835787 1.456324534 0.489164514 -0.002980557 0.001862247 0.015704889 0.999870494
15.512165 62.028280289 1.474618010 0.491278361 -0.002985876 0.001790084 0.015702119 0.999870653
15.612169 62.394263378 1.480913871 0.488622887 -0.003344858 0.001526320 0.015779908 0.999868730
15.712091 62.767753924 1.496329968 0.488583457 -0.003068532 0.000826232 0.016076832 0.999865709
15.812190 63.140737000 1.503834054 0.497357018 -0.002664839 -0.000136262 0.015277350 0.999879734
15.912117 63.529105916 1.515339285 0.501778129 -0.002457110 -0.000311849 0.014429105 0.999892827
16.012216 63.910694492 1.530353851 0.504391066 -0.002893444 -0.000109858 0.013404812 0.999905959
16.112194 64.287859154 1.555012118 0.504935385 -0.003309042 0.000472701 0.012146588 0.999920640
16.212018 64.682530414 1.563517993 0.504074201 -0.003807814 0.000784217 0.011007619 0.999931857
16.312118 65.093581149 1.567279402 0.501633894 -0.003923249 0.000564247 0.008738463 0.999953963
16.412219 65.519104164 1.565689253 0.509085242 -0.003626909 0.000870381 0.006154341 0.999974106
16.512067 65.967649564 1.563268817 0.518180744 -0.002773387 0.001297052 0.003858754 0.999987868
16.612170 66.419120882 1.555275440 0.524201200 -0.002570580 0.001396750 0.001816901 0.999994070
16.712191 66.881047585 1.561578489 0.523289888 -0.002855820 0.000980750 -0.000722852 0.999995180
16.812040 67.356645280 1.561199683 0.518064295 -0.003214090 0.000340476 -0.003896946 0.999987184
16.912119 67.852882122 1.557941959 0.514915025 -0.003320962 -0.000307748 -0.007003049 0.999969916
17.012118 68.368698256 1.554481957 0.517717013 -0.002998437 0.000013109 -0.010178215 0.999943705
17.112092 68.911879474 1.533454197 0.520721517 -0.002474454 0.000659677 -0.012402246 0.999919810
17.212166 69.460593134 1.509772914 0.522546018 -0.002659757 0.000697650 -0.015507621 0.999875969
17.312066 70.014379748 1.483763132 0.522328623 -0.002836047 0.000576822 -0.018422638 0.999826100
17.412168 70.579122209 1.458359067 0.523430492 -0.002647228 0.000519094 -0.021352943 0.999768360
17.512120 71.171341500 1.427240839 0.527950741 -0.002339517 0.000687841 -0.024278443 0.999702261
17.612117 71.776557847 1.397091534 0.533834205 -0.002564732 0.000766192 -0.026707757 0.999639700
17.712017 72.355151423 1.362186876 0.532131114 -0.002628567 0.001218913 -0.029635149 0.999556583
17.812070 72.977478250 1.328339916 0.536349256 -0.002294247 0.000966861 -0.032841535 0.999457470
17.912121 73.599138165 1.293882475 0.538227157 -0.002245711 0.001151553 -0.035278828 0.999374322
18.012172 74.236090334 1.241196714 0.541531374 -0.002178583 0.001284116 -0.038589722 0.999251939
18.183871 75.345418127 1.147431649 0.543961762 -0.002158084 0.001623615 -0.043446475 0.999052106
18.279357 75.921141720 1.118066352 0.542758841 -0.002648315 0.001515508 -0.043506702 0.999048476
18.312067 76.082989120 1.105520906 0.543455378 -0.002393788 0.001810672 -0.045330369 0.998967541
18.412022 76.799586623 1.042078721 0.543374990 -0.001499926 0.001522660 -0.050164415 0.998738686
18.512067 77.480846154 0.965958105 0.543056461 -0.001233974 0.001980537 -0.052010674 0.998643803
18.612169 78.173174413 0.883192080 0.544259838 -0.000687080 0.002071989 -0.052900865 0.998597383
18.712166 78.875638908 0.799127638 0.550187315 -0.000530689 0.002296803 -0.053477913 0.998566250
18.812067 79.569845286 0.728670611 0.551654479 -0.000718699 0.001835262 -0.053440270 0.998569103
18.983849 80.845789627 0.599992516 0.551624909 -0.000935159 0.001305789 -0.052762490 0.998605798
19.079934 81.490333339 0.569322297 0.549969447 -0.001266077 0.001482681 -0.052655317 0.998610843
19.181202 82.141722107 0.491538688 0.555348491 -0.001170929 0.001152621 -0.051428913 0.998675306
19.277913 82.826993281 0.424713861 0.559678579 -0.000635356 0.000934128 -0.050940167 0.998701068
19.377064 83.562016606 0.352851399 0.559820833 -0.000584701 0.001043609 -0.050440991 0.998726327
19.476216 84.320571374 0.286305803 0.561399561 -0.000391387 0.000742376 -0.049223877 0.998787418
19.576217 85.066221301 0.211721399 0.565897188 -0.000491782 0.001239022 -0.047501498 0.998870277
19.675669 85.837974813 0.151448780 0.567164513 -0.000532615 0.001696205 -0.045724596 0.998952502
19.774373 86.601390036 0.091632519 0.576881876 -0.000301246 0.001996943 -0.043894784 0.999034118
19.873350 87.385156197 0.037401410 0.580675889 -0.000418623 0.002616551 -0.041735930 0.999125163
19.973102 88.181113123 -0.015649238 0.580685312 -0.000053542 0.002803929 -0.038732698 0.999245672
20.072653 88.973950902 -0.074557879 0.590785000 -0.000026217 0.002883433 -0.036296970 0.999336888
20.166690 89.731684076 -0.107887449 0.594878283 -0.000140603 0.003177361 -0.033801420 0.999423508
20.272228 90.590562082 -0.163831818 0.602293861 -0.000091305 0.003108760 -0.030889475 0.999517968
20.372348 91.396410706 -0.194066496 0.599932156 -0.000606859 0.002994494 -0.027263146 0.999623622
20.492725 92.358476238 -0.221177385 0.606883542 -0.000533794 0.003060196 -0.024146690 0.999703600
20.565317 92.910879043 -0.236783526 0.610176088 -0.000483278 0.003117852 -0.022968474 0.999731211
20.665222 93.711469439 -0.253576241 0.617640803 -0.000463093 0.003146943 -0.020017535 0.999794569
20.768988 94.534325114 -0.270286955 0.622206452 -0.000750091 0.003467077 -0.017077405 0.999847878
20.868940 95.320425039 -0.284645503 0.623390342 -0.001269465 0.003556270 -0.014622868 0.999885950
20.969040 96.101464389 -0.291706561 0.625276139 -0.001224343 0.003876696 -0.011747373 0.999922733
21.067292 96.871358776 -0.303267370 0.630134806 -0.000846216 0.003701693 -0.009220778 0.999950278
21.169019 97.649922159 -0.315417467 0.630575714 -0.000971887 0.003561440 -0.006216533 0.999973863
21.273606 98.462695499 -0.322674949 0.642639995 -0.001392052 0.003777215 -0.003591728 0.999985447
21.367243 99.169570317 -0.324093499 0.640531188 -0.001809120 0.003814879 -0.001545627 0.999989892
21.466718 99.952296485 -0.339631320 0.645773133 -0.001821672 0.004113649 0.001030096 0.999989349
21.566718 100.712161895 -0.297250281 0.646930017 -0.001867788 0.004448214 0.001789451 0.999986761
21.666695 101.449145618 -0.293890957 0.651591150 -0.001858188 0.004970417 0.003595349 0.999979458
21.766569 102.201295321 -0.266689050 0.651205774 -0.001484959 0.004812263 0.004743503 0.999976068
21.834684 102.716869180 -0.260334927 0.649462881 -0.001879772 0.004506699 0.005861507 0.999970899
21.966519 103.764066589 -0.237976074 0.650701114 -0.002192067 0.004226873 0.006547986 0.999967226
22.066443 104.513888877 -0.215777874 0.655443888 -0.002030114 0.003774018 0.007131267 0.999965390
22.136352 104.985448557 -0.229823822 0.657298555 -0.002123953 0.003739035 0.008758661 0.999952396
22.266322 106.015470219 -0.210363015 0.655404568 -0.001685046 0.004038001 0.008991432 0.999950003
22.366200 106.779504531 -0.169251622 0.651672429 -0.001900146 0.004050288 0.009560688 0.999944287
22.437674 107.262786677 -0.164588337 0.651935795 -0.001753252 0.003889046 0.010608240 0.999934631
22.565771 108.313857477 -0.134653278 0.652111699 -0.001995322 0.004214881 0.010908786 0.999929623
22.665144 109.071208525 -0.113899895 0.654243063 -0.002379554 0.004008598 0.011633808 0.999921459
22.766120 109.801245597 -0.098879631 0.653674013 -0.002217185 0.003772890 0.012755472 0.999909070
22.839191 110.403381195 -0.066815793 0.649634666 -0.002467833 0.003729352 0.012948630 0.999906163
22.965323 111.464485139 -0.034689661 0.645983129 -0.002688822 0.003523795 0.014042454 0.999891575
23.065173 112.275703326 0.012996157 0.647768568 -0.002692406 0.003422349 0.013934317 0.999893431
23.138097 112.824496902 0.025370882 0.649169364 -0.002765620 0.003206868 0.015132452 0.999876530
23.265945 113.930634555 0.066954148 0.651027153 -0.002418940 0.003427618 0.015789623 0.999866535
23.365099 114.741206836 0.111522311 0.650022208 -0.002771113 0.003753373 0.016722017 0.999849292
23.437846 115.329226246 0.145997638 0.642207749 -0.002221595 0.003958789 0.017716811 0.999832740
23.565198 116.420852793 0.185430114 0.638944370 -0.002035791 0.003848276 0.019229711 0.999805613
23.665144 117.275453144 0.218615037 0.643050693 -0.001953884 0.003775832 0.020611341 0.999778524
23.765224 118.034607650 0.239525317 0.641584537 -0.001858761 0.003789020 0.022086995 0.999747145
23.865251 118.939263580 0.286013797 0.638833332 -0.001995260 0.003557072 0.022870778 0.999730110
23.910432 119.319068467 0.311330835 0.642126106 -0.001639993 0.003207902 0.023636842 0.999714119
24.010526 120.417602044 0.385883022 0.644113389 -0.002237816 0.003759859 0.024778603 0.999683388
24.165423 121.991854509 0.496791874 0.644007650 -0.002115146 0.003742389 0.024899330 0.999680721
24.203611 122.246664200 0.502160550 0.639514220 -0.002331878 0.003518198 0.025901588 0.999655587
24.310117 123.206381867 0.543574335 0.641307787 -0.002449460 0.004081031 0.027160979 0.999619741
24.410190 124.257277628 0.631368819 0.641711029 -0.002499507 0.004437397 0.027625089 0.999605380
24.510544 125.187703669 0.672240519 0.640010531 -0.002450130 0.004352278 0.029417828 0.999554724
24.699898 126.970362138 0.761059395 0.637986215 -0.002235669 0.004212584 0.031695416 0.999486196
24.799749 127.794647250 0.822856771 0.631287589 -0.002159896 0.004116665 0.032009998 0.999476737
24.899750 128.551372702 0.883609091 0.626836993 -0.001781032 0.004528939 0.033296975 0.999433654
24.909294 128.630041674 0.903441856 0.626651720 -0.001516471 0.004304467 0.033510705 0.999427939
25.099575 130.462945379 1.063562389 0.629017092 -0.001711267 0.004997505 0.034679524 0.999384524
25.199350 131.322798126 1.125147641 0.627210384 -0.001832506 0.005596289 0.034220935 0.999396944
25.210983 131.360122151 1.124690454 0.627954127 -0.001379409 0.005022466 0.035382746 0.999360262
25.310605 132.357389702 1.205260584 0.629072498 -0.001600289 0.005912632 0.035836122 0.999338908
25.465498 133.892508376 1.338006956 0.626758022 -0.002879220 0.006549119 0.035987883 0.999326619
25.511089 134.307194932 1.369086953 0.621767862 -0.002222893 0.006212998 0.035556866 0.999345869
25.611319 135.231270391 1.430679970 0.626603773 -0.002681204 0.006177648 0.035658098 0.999341357
25.711914 136.255838999 1.528887661 0.622061074 -0.002882463 0.006116495 0.035250211 0.999355644
25.865525 137.706965805 1.647854077 0.616683782 -0.002928349 0.005852366 0.035450188 0.999350018
25.938493 138.348614417 1.706603578 0.615433091 -0.002507070 0.005506127 0.035227103 0.999361020
26.039017 139.217772184 1.763173030 0.618545305 -0.003221122 0.005394559 0.036026839 0.999331071
26.165154 140.414833458 1.869880695 0.618595840 -0.003260913 0.005482847 0.034725717 0.999376520
26.239346 141.006081000 1.914951735 0.621449867 -0.003316343 0.004960477 0.035591403 0.999348612
26.365127 142.136595171 1.985749938 0.619737155 -0.004061522 0.005811115 0.035466153 0.999345729
26.465229 143.006045766 2.059252440 0.624184626 -0.004139246 0.005891966 0.035155714 0.999355906
26.565102 143.873420923 2.122242624 0.621619459 -0.004169168 0.006236771 0.035113054 0.999355189
26.665150 144.770810905 2.186592267 0.618636543 -0.004267631 0.006147524 0.035280697 0.999349422
26.738814 145.451243024 2.245452153 0.620338760 -0.004569909 0.006106939 0.035361553 0.999345477
26.865150 146.604708469 2.323057194 0.617042675 -0.004570738 0.005912551 0.035721492 0.999333841
26.965272 147.525737834 2.396753193 0.615384642 -0.004124800 0.005912206 0.035623253 0.999339290
27.065623 148.386586041 2.466663203 0.612985210 -0.003231042 0.005533312 0.034975746 0.999367620
27.165824 149.253218655 2.536459623 0.614976278 -0.003810166 0.006118182 0.034735900 0.999370536
27.265132 150.239823156 2.642708829 0.618766201 -0.004363169 0.006255647 0.033580186 0.999406925
27.339391 150.914641646 2.660032486 0.615199198 -0.004426988 0.006031583 0.034451236 0.999378374
27.465222 152.174863352 2.742610629 0.617638706 -0.004966543 0.006115863 0.034821428 0.999362496
27.565230 152.983828273 2.804813933 0.605007453 -0.003753869 0.007097465 0.035222400 0.999347245
27.665596 153.777969247 2.828445612 0.609961298 -0.004103902 0.007113427 0.035981211 0.999318723
27.765176 154.697902517 2.903085593 0.612674999 -0.004823088 0.007614736 0.036200136 0.999303910
27.865155 155.574858771 2.993955892 0.613919281 -0.004556260 0.008403159 0.035916253 0.999309086
27.904535 155.932330477 3.045031259 0.611148991 -0.004810396 0.008968644 0.035267541 0.999326085
28.036204 157.202837015 3.167092437 0.603747785 -0.004721647 0.009443025 0.034171044 0.999360233
28.104086 157.774735220 3.233660521 0.597542019 -0.005080022 0.009319156 0.034061555 0.999363376
28.203914 158.675347414 3.307419647 0.586447711 -0.004481166 0.008852654 0.034359079 0.999360297
28.400246 160.460338832 3.464622257 0.580049810 -0.004236828 0.008227540 0.034162858 0.999373432
28.499873 161.237803534 3.527771530 0.568756683 -0.004342777 0.008062179 0.035042305 0.999343874
28.599773 161.961022330 3.580908482 0.564548503 -0.003696466 0.007974838 0.035008702 0.999348352
28.699350 162.760788371 3.622750225 0.562797283 -0.004093109 0.007611900 0.035721370 0.999324416
28.799125 163.545624737 3.672696293 0.562715558 -0.004236111 0.007436340 0.036306046 0.999304071
28.899099 164.310452375 3.725276668 0.565551443 -0.004530992 0.008447627 0.037372469 0.999255426
28.999025 165.067112228 3.792121731 0.560515144 -0.004324998 0.008832865 0.037512699 0.999247753
29.099424 165.892164022 3.873263023 0.560610825 -0.004784797 0.009312066 0.037573257 0.999239031
29.200296 166.639441040 3.936017558 0.553307569 -0.005777983 0.009910685 0.037229642 0.999240885
29.265228 167.102055916 3.972260739 0.553386536 -0.005176230 0.010388153 0.038008333 0.999210018
29.365176 167.874114901 4.029918895 0.556504134 -0.005672992 0.009938603 0.037708436 0.999223256
29.465746 168.618675557 4.089006077 0.542023692 -0.004290172 0.009737515 0.038188576 0.999213895
29.510746 168.971579009 4.119385771 0.540489729 -0.005497564 0.009417676 0.037378758 0.999241669
29.610645 169.833374022 4.198597606 0.527321118 -0.003910928 0.010087474 0.038532643 0.999198770
29.710670 170.664886174 4.292514507 0.514444619 -0.004096489 0.010458358 0.037688880 0.999226396
29.810922 171.416927482 4.345176882 0.507718109 -0.004209912 0.010658684 0.038376710 0.999197627
29.945849 172.432809526 4.440448156 0.503899998 -0.003726472 0.011106574 0.038686076 0.999182739
30.001698 172.790964173 4.471554494 0.494889453 -0.004042899 0.010918169 0.038746468 0.999181245
30.199920 174.276425872 4.590981703 0.486812658 -0.003986152 0.011791763 0.038011445 0.999199777
30.299521 174.969815954 4.661173987 0.472928478 -0.003770921 0.011920781 0.039219574 0.999152391
30.335806 175.169537415 4.661091194 0.474813842 -0.004297081 0.011649306 0.039508284 0.999142094
30.410462 175.700145226 4.684106707 0.475923589 -0.004243760 0.012134284 0.039328005 0.999143662
30.510637 176.447686220 4.745493447 0.468247294 -0.004372179 0.012114293 0.039678030 0.999129512
30.610669 177.140374593 4.807288438 0.453754597 -0.003489484 0.012234989 0.039662315 0.999132138
30.765250 178.193080369 4.882691849 0.436827109 -0.003489409 0.012169081 0.040379108 0.999104231
30.865249 178.805213011 4.927122206 0.437076069 -0.003832138 0.012102303 0.041113053 0.999073854
30.965149 179.434076143 4.980434549 0.429564765 -0.003422097 0.012081885 0.041690083 0.999051677
31.045902 179.947068842 5.025596301 0.424043527 -0.003351241 0.011327776 0.041022817 0.999088374
31.166418 180.725788699 5.106522980 0.419980545 -0.003676783 0.011236921 0.039756279 0.999139455
31.240870 181.180676423 5.170724671 0.417381322 -0.003828621 0.010789513 0.038953376 0.999175441
31.365274 181.994389529 5.244703028 0.409169132 -0.003418632 0.010765174 0.038450358 0.999196674
31.465123 182.636339042 5.303396423 0.403861360 -0.003815224 0.010878186 0.038681590 0.999185090
31.565100 183.235349954 5.360353822 0.396597382 -0.003735537 0.010715427 0.038625848 0.999189306
31.665521 183.856577927 5.413737195 0.388202605 -0.003458281 0.010941601 0.038155197 0.999205936
31.766444 184.462476268 5.460912503 0.377395983 -0.003400198 0.010913409 0.038427307 0.999196016
31.865673 185.044866270 5.497880191 0.368926833 -0.003070557 0.010786808 0.039323042 0.999163608
31.965093 185.661779142 5.555894984 0.363856132 -0.003179540 0.010494874 0.038769165 0.999188020
32.065572 186.256188000 5.612138282 0.357291952 -0.003732715 0.010329326 0.038924060 0.999181810
32.165201 186.848243790 5.651506543 0.350563499 -0.003954830 0.010564404 0.039235416 0.999166320
32.265142 187.453248634 5.735748220 0.347221902 -0.003643556 0.010633258 0.037621055 0.999228860
32.365649 188.025456054 5.828869221 0.347915280 -0.004212712 0.010565882 0.036277739 0.999277009
32.469637 188.643173010 5.900089730 0.335420265 -0.005794418 0.010998939 0.036362557 0.999261333
32.564996 189.196410624 5.967874079 0.330053756 -0.004572309 0.010858479 0.037187155 0.999238862
32.665523 189.778480588 5.953867927 0.321759278 -0.004242627 0.011020328 0.039242746 0.999159927
32.765148 190.355725527 5.987667982 0.316856181 -0.004727127 0.010912155 0.039388720 0.999153195
32.865672 190.940277979 6.029318697 0.313578896 -0.005035976 0.011402635 0.039298585 0.999149759
32.965471 191.508621108 6.085112045 0.306780785 -0.005359512 0.011501356 0.039657370 0.999132768
33.065268 192.070815983 6.125947102 0.300932365 -0.005786333 0.011386854 0.040165772 0.999111390
33.165794 192.662652337 6.211002404 0.294183499 -0.006115666 0.011066730 0.039765113 0.999129052
33.269167 193.235922032 6.254052633 0.286193080 -0.005101980 0.011306180 0.040319059 0.999109861
33.365190 193.770495894 6.309055097 0.281821689 -0.006059002 0.011289862 0.040269303 0.999106706
33.468984 194.365722626 6.364627110 0.273102328 -0.006104506 0.010944487 0.040276961 0.999109964
33.569010 194.937572442 6.421646645 0.260797059 -0.008060213 0.010736215 0.040212597 0.999100953
33.668983 195.508469951 6.465710559 0.254515245 -0.006166656 0.010768313 0.040880873 0.999086968
33.712018 195.741790321 6.489603193 0.253810805 -0.007160644 0.010422278 0.039040369 0.999157621
33.812116 196.329144899 6.508227222 0.251776758 -0.006633440 0.010516679 0.041158776 0.999075248
33.945899 197.159298875 6.562314226 0.244855626 -0.006725962 0.010931269 0.042382916 0.999018997
34.045873 197.696858462 6.578998294 0.234026460 -0.006930191 0.010583034 0.043872740 0.998957033
34.112112 198.039779906 6.582919532 0.231413790 -0.006210268 0.010174397 0.044711412 0.998928828
34.212136 198.581326022 6.621327533 0.227839805 -0.004459104 0.009927583 0.044404330 0.998954361
34.312211 199.134658519 6.691911963 0.222547057 -0.004797622 0.009712695 0.044541188 0.998948812
34.412117 199.698073743 6.755348509 0.215620934 -0.005260410 0.009390607 0.044652264 0.998944603
34.512065 200.272207972 6.822600578 0.211658187 -0.004833323 0.009922411 0.045086953 0.998922095
34.612065 200.823204868 6.904441431 0.207435777 -0.003251451 0.009777435 0.043800147 0.998987176
34.773027 201.752693044 7.001607458 0.200139359 -0.002958060 0.010047810 0.045097539 0.998927677
34.812114 201.942669312 7.018835451 0.199575809 -0.002885904 0.009528971 0.044586260 0.998955923
34.968911 202.838841578 7.098136066 0.192708702 -0.002251451 0.009521381 0.044980244 0.998939964
35.074641 203.473274276 7.173329458 0.188715891 -0.002444939 0.009110284 0.045145188 0.998935902
35.145339 203.820249348 7.207439981 0.184103000 -0.002518165 0.009193670 0.046016446 0.998895201
35.210787 204.217613252 7.243541478 0.182121332 -0.002247864 0.008980224 0.045716728 0.998911549
35.338818 205.016242605 7.326769103 0.176325247 -0.001675801 0.009422485 0.046065656 0.998892569
35.412111 205.432256833 7.364471079 0.172374301 -0.002122084 0.009023494 0.047294432 0.998837980
35.592741 206.521556402 7.478492746 0.162178409 -0.002188704 0.008663103 0.047203737 0.998845317
35.695213 207.117637147 7.532317482 0.157537758 -0.001982038 0.008528224 0.047731349 0.998821836
35.792021 207.627066062 7.572360537 0.154145948 -0.001928124 0.008247358 0.048849135 0.998770257
35.891451 208.208141588 7.639402230 0.144276164 -0.001925474 0.008076892 0.049021280 0.998763220
35.969558 208.662273003 7.693746652 0.139966567 -0.002171382 0.007890149 0.048776061 0.998776214
36.089928 209.398167282 7.776631430 0.137033121 -0.002199400 0.008260332 0.048703532 0.998776700
36.193193 210.036995465 7.851771327 0.129195141 -0.002665867 0.007804970 0.048893195 0.998769959
36.292646 210.661627578 7.917284880 0.119981690 -0.002508454 0.007358997 0.049465925 0.998745551
36.390930 211.334740341 7.980171497 0.112223604 -0.004227879 0.006649491 0.049016704 0.998766876
36.469158 211.863137724 8.042478593 0.103278670 -0.003430949 0.007373100 0.048504254 0.998789869
36.567763 212.567659265 8.124427003 0.097595421 -0.002961289 0.008072829 0.047607728 0.998829097
36.667639 213.305707682 8.212088078 0.091146388 -0.003942350 0.008429499 0.048135392 0.998797470
36.711218 213.641336005 8.249399780 0.087750090 -0.003326367 0.008363917 0.048205415 0.998796885
36.868938 214.995829974 8.408267262 0.072932210 -0.003741300 0.009291625 0.046379267 0.998873682
36.968962 215.759171456 8.473344922 0.062094921 -0.004045294 0.008079238 0.049380057 0.998739191
37.010156 216.006477719 8.486135612 0.060596588 -0.003677135 0.007918581 0.049496060 0.998736159
37.110054 216.911854837 8.578232761 0.051628308 -0.004035284 0.008380944 0.047013599 0.998850939
37.210205 217.804049072 8.681307074 0.040727641 -0.004018084 0.008322712 0.046543211 0.998873524
37.310201 218.622015395 8.761663442 0.031960124 -0.004258616 0.008086306 0.046718308 0.998866295
37.410251 219.423050722 8.844325040 0.018294654 -0.004309961 0.007782681 0.047158819 0.998847786
37.510252 220.242460631 8.931691232 0.007081091 -0.003834057 0.008140046 0.047243113 0.998842895
37.610354 221.068922382 9.005770315 0.000906505 -0.004151440 0.008660996 0.047276321 0.998835673
37.710401 221.911039531 9.087146853 -0.007039301 -0.004124843 0.009001277 0.047148477 0.998838818
37.810349 222.716733973 9.175061754 -0.010618072 -0.004030540 0.009477514 0.046919641 0.998845573
37.999749 224.266076153 9.335107268 -0.032294931 -0.003797383 0.010598974 0.047902910 0.998788543
38.099698 224.999927640 9.395886965 -0.048788946 -0.003910837 0.009930761 0.048581385 0.998762201
38.199674 225.718413140 9.470405560 -0.053465404 -0.003405435 0.010530755 0.050062475 0.998684762
38.299673 226.519326626 9.554650276 -0.057180377 -0.003659823 0.010490947 0.050021438 0.998686338
38.399623 227.280241636 9.622500316 -0.067792557 -0.003770396 0.010381170 0.050508699 0.998662549
38.499423 228.021990416 9.711526954 -0.080268255 -0.003475285 0.009988434 0.050557040 0.998665179
38.599149 228.779484183 9.800342757 -0.086658093 -0.003699138 0.009700850 0.050621705 0.998663934
38.699574 229.548912794 9.877983288 -0.099449073 -0.003511692 0.009471086 0.050997873 0.998647677
38.800322 230.329334234 9.960262033 -0.109644168 -0.003339676 0.009633144 0.051388554 0.998626690
38.810781 230.413995212 9.974975073 -0.109708325 -0.003338732 0.009530590 0.051062418 0.998644406
38.938646 231.464760152 10.093161651 -0.123904385 -0.002976942 0.009922404 0.051320180 0.998628521
39.040866 232.377658524 10.209632841 -0.135583273 -0.003011488 0.009930861 0.050927784 0.998648421
39.169138 233.417029567 10.313186011 -0.149922868 -0.002846417 0.009131229 0.051377623 0.998633496
39.267210 234.208579017 10.379149164 -0.163412331 -0.003012530 0.008910592 0.051919773 0.998606961
39.366792 235.020050059 10.462742300 -0.171226502 -0.002807999 0.008947450 0.053237664 0.998537836
39.467162 235.896077496 10.585040961 -0.178408805 -0.003037955 0.008818470 0.053312073 0.998534340
39.566663 236.788218964 10.687674443 -0.193352242 -0.003015362 0.008664582 0.053732373 0.998513227
39.667710 237.716202532 10.804927892 -0.204550830 -0.003327189 0.008942632 0.054058679 0.998492172
39.767143 238.656834649 10.911346792 -0.218997424 -0.003045089 0.009540785 0.054905305 0.998441339
39.869339 239.647218876 11.039870367 -0.229181459 -0.003125652 0.010171136 0.055009037 0.998429158
39.966665 240.607231234 11.176258701 -0.242961247 -0.002710241 0.010346046 0.055878763 0.998380277
40.066673 241.582323773 11.316440053 -0.252866399 -0.002732105 0.010630850 0.056027391 0.998368896
40.166840 242.524719067 11.446208142 -0.269616612 -0.002748759 0.011066924 0.056497255 0.998337632
40.267011 243.490828586 11.575029133 -0.278067559 -0.002638273 0.011331090 0.057382810 0.998284458
40.367145 244.447356435 11.705195242 -0.293402915 -0.002871116 0.011393291 0.057803326 0.998258847
40.410667 244.873072401 11.755341553 -0.299775764 -0.002448219 0.010986878 0.058241440 0.998239064
40.510868 245.957649608 11.903031475 -0.318266255 -0.002528009 0.011133549 0.058942152 0.998196111
40.667260 247.564778269 12.136353685 -0.344610009 -0.002741156 0.012053165 0.058814577 0.998192393
40.769034 248.526278373 12.243353063 -0.358225672 -0.002163591 0.011735713 0.060232524 0.998113037
40.812113 248.852635479 12.258053322 -0.358649191 -0.002228331 0.011763433 0.061286792 0.998048388
40.910657 249.871543560 12.388228083 -0.372220258 -0.002577007 0.012330850 0.061189958 0.998046641
41.010779 250.957435813 12.553903469 -0.387270803 -0.002354400 0.012075379 0.060666171 0.998082290
41.183741 252.704872728 12.779647586 -0.411725699 -0.002433888 0.011431889 0.061109096 0.998062657
41.279829 253.620564117 12.884090277 -0.433222380 -0.002223166 0.011266858 0.062291244 0.997991942
41.338648 254.106052042 12.921002190 -0.437104706 -0.002189623 0.011342206 0.063374635 0.997922951
41.473048 255.529393135 13.097231560 -0.452470118 -0.002649636 0.011005261 0.062595019 0.997974813
41.507437 255.919207482 13.166710771 -0.463487422 -0.002920633 0.011091138 0.062692899 0.997966962
41.608781 256.898402548 13.291456910 -0.479999136 -0.002222031 0.009101115 0.062113402 0.998025129
41.707013 257.984723941 13.432318699 -0.494219737 -0.001854518 0.009911881 0.061138886 0.998078330
41.806339 259.044402467 13.580376241 -0.510695268 -0.002574618 0.011400948 0.060159130 0.998120368
41.906467 260.119728715 13.722075342 -0.527826766 -0.001984654 0.012586181 0.060050923 0.998113989
42.006338 261.191890668 13.849362638 -0.542040465 -0.001249924 0.012605572 0.059801727 0.998129897
42.106490 262.218193129 13.968449042 -0.557357079 -0.000863847 0.011970182 0.059125043 0.998178440
42.206390 263.252915343 14.101190832 -0.577690595 -0.000917803 0.011681712 0.058887208 0.998195869
42.306440 264.353252952 14.250261879 -0.596422982 -0.000755068 0.011152490 0.057819037 0.998264499
42.406511 265.410305657 14.381789167 -0.610249663 -0.000532711 0.010587426 0.057385121 0.998295833
42.506489 266.503099036 14.524392355 -0.629738526 -0.000190886 0.010294912 0.057113045 0.998314619
42.606415 267.598077788 14.663514411 -0.649066762 -0.000089356 0.010336207 0.056303912 0.998360168
42.706437 268.720524136 14.804024940 -0.670096346 -0.000580417 0.010847178 0.055558957 0.998396316
42.806438 269.844938804 14.938789493 -0.691055383 -0.000462282 0.011533391 0.055008221 0.998419182
42.999848 272.071745395 15.192676356 -0.726846692 -0.000622461 0.012039783 0.055796442 0.998369377
43.006425 272.100012364 15.198345033 -0.732758166 -0.000142864 0.011548579 0.056825228 0.998317336
43.106259 273.194008094 15.316282024 -0.754699449 -0.000412461 0.012212260 0.056788391 0.998311459
43.206515 274.468688998 15.491853219 -0.780139674 -0.000424419 0.011903354 0.056930981 0.998307064
43.306515 275.648288012 15.647883324 -0.800285611 -0.000406866 0.011974496 0.057403452 0.998279164
43.406419 276.857649607 15.798742945 -0.824244858 -0.000344350 0.011987818 0.057990611 0.998245091
43.572429 278.866981053 16.046429311 -0.861916104 -0.000970467 0.012195997 0.058292519 0.998224573
43.606439 279.154525199 16.074675781 -0.861803342 -0.001288858 0.012573516 0.059072149 0.998173696
43.712064 280.363744057 16.206845137 -0.891778549 -0.001860860 0.011695671 0.058465024 0.998219209
43.806537 281.632458947 16.377628305 -0.916440841 -0.001344266 0.011669555 0.058724336 0.998205123
43.974048 283.734078923 16.649571610 -0.957883550 -0.001170060 0.012521806 0.059065250 0.998174900
44.072379 284.882703668 16.777740889 -0.978337215 -0.001469463 0.013175281 0.060362068 0.998088510
44.172554 286.029361485 16.910767229 -1.008693994 -0.001560233 0.012533537 0.061289829 0.998040096
44.206390 286.475495919 16.980230032 -1.016545344 -0.001188649 0.012198372 0.061230628 0.998048394
44.380955 288.798407798 17.296915615 -1.067725424 -0.000484322 0.010728922 0.061776228 0.998032241
44.406388 289.184639977 17.356288808 -1.068127403 -0.001574359 0.012236158 0.061014950 0.998060606
44.572404 291.222459186 17.628089841 -1.107651182 -0.001091081 0.012025218 0.062069522 0.997998787
44.600823 291.361199831 17.655899891 -1.106201188 -0.001190769 0.012028297 0.061617305 0.998026658
44.700897 293.197512111 17.902605368 -1.147668551 -0.000508953 0.011838583 0.062709485 0.997961477
44.800898 294.339059332 18.033881744 -1.161528603 -0.000825450 0.012730038 0.064546155 0.997833182
44.900823 295.681364237 18.223080863 -1.191521043 -0.000431197 0.012135557 0.065195721 0.997798607
45.000898 297.062706264 18.429713041 -1.226931244 -0.000138496 0.012543134 0.064934542 0.997810681
45.100823 298.429407106 18.637548343 -1.257276729 0.000033713 0.013129090 0.065712658 0.997752210
45.200873 299.818896711 18.835364173 -1.279773879 0.000260023 0.013104314 0.066415406 0.997705970
45.300797 301.166316416 19.026063256 -1.312387366 0.000291390 0.012718024 0.067305577 0.997651305
45.400773 302.562038668 19.229056902 -1.343195951 -0.000178075 0.012896232 0.068048584 0.997598640
45.500773 303.952613641 19.423810333 -1.370637754 -0.000086479 0.013208009 0.068245371 0.997581130
45.600873 305.345824855 19.628212641 -1.404127978 0.000151027 0.013616459 0.070447398 0.997422545
45.700773 306.804251358 19.853332896 -1.436885739 0.000848773 0.014029161 0.071679126 0.997328715
45.800773 308.244663379 20.059167284 -1.467121188 0.000731401 0.014119508 0.071858293 0.997314640
45.910229 309.859989661 20.311936500 -1.496048189 0.000924883 0.013548793 0.071300997 0.997362393
46.010131 311.304559227 20.520067297 -1.531742462 0.000165995 0.012914876 0.072587264 0.997278430
46.146047 313.414593469 20.852018816 -1.572887642 0.000637945 0.013267854 0.073488957 0.997207566
46.210180 314.267727470 20.991124182 -1.591969441 0.000523857 0.013546469 0.074387733 0.997137244
46.310354 315.694531040 21.196854202 -1.621844789 0.001651590 0.014278814 0.073769441 0.997171729
46.410404 317.232065745 21.432251240 -1.650447088 0.000953005 0.014615658 0.074797549 0.997091170
46.568938 319.631239324 21.820744098 -1.702993991 0.000257156 0.015470640 0.075115917 0.997054759
46.615829 320.248443117 21.909755831 -1.725958091 -0.000105089 0.015407431 0.075739052 0.997008624
46.715732 321.642678606 22.116898930 -1.760490176 0.000004758 0.015332926 0.076120161 0.996980753
46.814291 323.341644699 22.414378318 -1.796509677 0.000087071 0.015733780 0.075723048 0.997004744
46.914371 324.877809397 22.657728960 -1.832671760 0.000481304 0.016832133 0.075873031 0.996975291
47.036101 326.745808311 22.959132768 -1.872928930 0.000118719 0.017021243 0.076646671 0.996913011
47.180010 328.804681530 23.288082115 -1.927440542 0.000370350 0.017333719 0.076623639 0.996909335
47.265548 329.934718934 23.489055910 -1.951220862 0.000085105 0.018196965 0.077161722 0.996852513
47.366048 331.253637410 23.700602278 -1.988473730 0.000639986 0.018254577 0.078205796 0.996769890
47.466517 332.717202068 23.945564548 -2.022330620 0.000417424 0.018149800 0.078429906 0.996754313
47.569116 334.099090315 24.171508674 -2.060438618 0.000430188 0.017361134 0.077965950 0.996804754
47.666494 335.622583084 24.449438009 -2.096818195 0.001350297 0.017120489 0.078296864 0.996782156
47.766593 337.111040731 24.680364225 -2.128652099 0.000482991 0.017243306 0.078812951 0.996740164
47.866344 338.723991221 24.953796426 -2.160336429 0.000214101 0.017337941 0.078442336 0.996767852
47.966641 340.258518095 25.224186197 -2.203655390 0.000125390 0.017125627 0.078816555 0.996742017
48.066347 341.888355600 25.516288041 -2.236611348 0.000004048 0.017265023 0.078973671 0.996727183
48.166472 343.402009690 25.781945115 -2.275682163 0.000004040 0.016945446 0.079019351 0.996729047
48.266966 344.876421482 26.031597665 -2.311125985 -0.000412527 0.016951138 0.079622977 0.996680827
48.365174 346.336211450 26.294453733 -2.348158080 0.000335339 0.017489836 0.079819441 0.996655833
48.466344 347.882369980 26.555440830 -2.383951742 0.000862171 0.017748669 0.079931174 0.996641986
48.566220 349.382703225 26.824698682 -2.424913963 0.000467507 0.018085511 0.080194370 0.996615050
48.669638 350.953897176 27.086736017 -2.459115224 0.000905873 0.018159085 0.080773746 0.996566620
48.765121 352.348415131 27.331128696 -2.491827873 0.001082096 0.017972378 0.081296097 0.996527354
48.872614 353.961461250 27.594965922 -2.528125987 0.001319010 0.017722763 0.082130143 0.996463147
48.965993 355.286670798 27.830245297 -2.565283553 0.001169921 0.018047561 0.082066251 0.996462768
49.069562 356.829189581 28.088024591 -2.601465061 0.001071774 0.019023647 0.083285973 0.996343515
49.166970 358.250533108 28.338693993 -2.636572562 0.000528613 0.019126420 0.084123900 0.996271585
49.267865 359.737140091 28.600686339 -2.672988707 0.001005030 0.019121694 0.084277525 0.996258325
49.302888 360.278193913 28.706559010 -2.690413808 0.001150185 0.018911382 0.084440950 0.996248344
49.499599 363.255575784 29.215658874 -2.758146089 -0.000220865 0.017729006 0.083690927 0.996334011
49.599349 364.692849623 29.478292101 -2.804617309 0.000172392 0.018154304 0.083979573 0.996302074
49.699099 365.912085867 29.676621547 -2.840909804 0.000388302 0.017849551 0.085909090 0.996142997
49.798875 367.259150036 29.911013667 -2.867788126 0.000152217 0.017716417 0.085331437 0.996195087
49.899300 368.600200114 30.161367014 -2.900354124 0.000164084 0.018139359 0.085437609 0.996178373
49.965648 369.475845028 30.336172501 -2.923103372 0.000209528 0.018714113 0.085497035 0.996162635
50.065796 370.932492320 30.622290100 -2.961032683 -0.001022268 0.019367086 0.084975491 0.996194277
50.165693 372.299612462 30.861127217 -2.990587129 -0.000549557 0.020733914 0.084722293 0.996188705
50.247798 373.451872291 31.060415722 -3.019229075 0.000068590 0.020153642 0.086026218 0.996089010
50.365273 375.175576539 31.366961343 -3.074635349 -0.000873272 0.019344272 0.085976376 0.996108980
50.500122 377.114720519 31.739932425 -3.129048580 0.000660285 0.019427531 0.086300222 0.996079518
50.599149 378.367142634 31.933287288 -3.164505579 0.001134546 0.019142291 0.088359897 0.995904018
50.699024 379.727501354 32.176078314 -3.199881430 0.003131004 0.018870506 0.089046799 0.995843747
50.798924 381.064734065 32.462125474 -3.229576063 0.004640337 0.018813625 0.089200118 0.995825212
50.898875 382.360629903 32.678172011 -3.264018356 0.004764545 0.019892879 0.090745702 0.995663995
50.998725 383.698451849 32.941608687 -3.298941712 0.004644649 0.020659323 0.090666078 0.995656207
51.098650 385.000472211 33.163749951 -3.333017560 0.003906038 0.021157093 0.090984987 0.995619833
51.198226 386.278122670 33.413438786 -3.374930346 0.003957062 0.021997252 0.091649799 0.995540445
51.298625 387.651930160 33.697987693 -3.416394270 0.003968571 0.022393547 0.091914495 0.995507160
51.398873 388.933922123 33.924631550 -3.453680157 0.004676116 0.021727994 0.092094146 0.995502233
51.499347 390.226078339 34.169626307 -3.492211444 0.005104771 0.021650526 0.092937572 0.995423429
51.599849 391.496068002 34.392063573 -3.530980810 0.005330213 0.022307618 0.094568386 0.995254128
51.697964 392.722230345 34.628274624 -3.563940609 0.005310024 0.022649138 0.095130938 0.995192908
51.797846 393.958807191 34.872249236 -3.601392322 0.005092538 0.022850701 0.094968273 0.995204973
51.825033 394.286996393 34.966961024 -3.609689061 0.005330568 0.022559301 0.094362886 0.995267958
51.947747 395.876875416 35.284980401 -3.663214544 0.005198660 0.022482971 0.094892496 0.995220028
52.067766 397.461260186 35.619941088 -3.707340682 0.005565192 0.021880014 0.094522858 0.995266659
52.123987 398.135371184 35.748590064 -3.731579154 0.005573274 0.021679366 0.095167688 0.995209553
52.210203 399.184810536 35.952842470 -3.768459150 0.005692428 0.021968278 0.095440409 0.995176426
52.325105 400.729127556 36.261687919 -3.811495222 0.005647437 0.022445138 0.095650560 0.995145865
52.465196 402.484371118 36.599380302 -3.869029492 0.005392247 0.022762986 0.096499857 0.995058063
52.566747 403.665300765 36.852123283 -3.912368194 0.005213049 0.022686336 0.096839472 0.995027774
52.666668 404.776168805 37.075432628 -3.948487970 0.005159952 0.022831159 0.097493600 0.994960859
52.710642 405.320523429 37.188508138 -3.964671972 0.005153981 0.022700655 0.097618363 0.994951643
52.810697 406.589130270 37.452282996 -4.001346592 0.004668607 0.023204344 0.097049592 0.994998060
52.947094 408.318517145 37.816928922 -4.051554735 0.004268344 0.023080916 0.096981531 0.995009364
53.065222 409.613814668 38.074019526 -4.093432290 0.004110794 0.023114912 0.097841917 0.994925003
53.110553 410.022542415 38.158547880 -4.106604537 0.003922372 0.022641745 0.097438555 0.994976228
53.247602 411.533783682 38.469188434 -4.154476341 0.004218043 0.022146872 0.096846318 0.995043976
53.365246 412.932856720 38.773207774 -4.195760376 0.004414644 0.022231659 0.096862530 0.995039655
53.461454 413.904067425 38.990200282 -4.233407535 0.003868081 0.022365838 0.096307912 0.995092756
53.561129 414.947723554 39.189131797 -4.270867066 0.004172147 0.022847854 0.097151157 0.994998604
53.665270 416.079375376 39.413503856 -4.306233528 0.004615905 0.023075773 0.097989593 0.994909163
53.765174 417.187520160 39.645489939 -4.345853792 0.004967670 0.022864444 0.098238942 0.994887757
53.865270 418.296119719 39.882383504 -4.381682321 0.005030739 0.022692402 0.098350747 0.994880333
53.965222 419.454161858 40.124179279 -4.417223200 0.005028337 0.022659237 0.099127064 0.994804051
54.065296 420.541207180 40.354201333 -4.451597603 0.004725925 0.022409366 0.100064518 0.994717336
54.147672 421.454785474 40.575893184 -4.480988359 0.004699830 0.022211404 0.099366611 0.994791859
54.265195 422.796835981 40.872564813 -4.520946417 0.004737264 0.022302407 0.099451981 0.994781114
54.365494 423.841068874 41.098443745 -4.555760819 0.004450117 0.022452351 0.100531841 0.994670517
54.466815 424.798933022 41.297494213 -4.588795290 0.004697885 0.022558174 0.101436112 0.994575173
54.567068 425.838427175 41.508849734 -4.620609540 0.004741305 0.022563274 0.102542451 0.994461394
54.666193 426.851718163 41.696778815 -4.651633484 0.004908566 0.022471391 0.103860018 0.994325922
54.765196 427.868446302 41.933315967 -4.684479183 0.005214024 0.023087293 0.103221712 0.994376724
54.865172 428.922438799 42.171332243 -4.717454369 0.005128294 0.023321028 0.103476680 0.994345215
54.946699 429.772162427 42.371964823 -4.744913050 0.005205071 0.023617687 0.103651555 0.994319600
55.047096 430.835155744 42.609804272 -4.776551132 0.005123998 0.024143672 0.103603103 0.994312438
55.147049 431.952008546 42.858430482 -4.811132910 0.005075740 0.023923803 0.103752838 0.994302387
55.265221 433.070305364 43.092788753 -4.851050856 0.005001732 0.023535190 0.104918337 0.994189730
55.365869 433.972693490 43.277488159 -4.883701787 0.004772611 0.023148130 0.105740731 0.994112813
55.466423 434.874931002 43.466812248 -4.914006967 0.004672210 0.023167269 0.106680084 0.994012479
55.566420 435.855221313 43.699957301 -4.949662265 0.004732838 0.023481159 0.106876004 0.993983780
55.666395 436.833922671 43.919000482 -4.979034088 0.004749845 0.023574569 0.107320566 0.993933587
55.710829 437.257572564 44.004281795 -4.995225876 0.004508534 0.023553980 0.107738141 0.993890022
55.865520 438.935338228 44.366120070 -5.051093233 0.003445513 0.023474110 0.108617694 0.993800428
55.965620 440.010169480 44.654408519 -5.089703294 0.003316875 0.023348352 0.107553901 0.993919519
56.065942 440.971432034 44.852558955 -5.122267089 0.002631153 0.023180381 0.108109000 0.993865278
56.166241 441.994448662 45.089514406 -5.154823722 0.002118739 0.023678646 0.107602627 0.993909708
56.266241 442.925515980 45.331856967 -5.188583170 0.001927108 0.024085480 0.106490990 0.994020043
56.348195 443.662709920 45.533361960 -5.211957368 0.001697196 0.024280226 0.105161424 0.994157264
56.465272 444.752509648 45.843681734 -5.252747681 0.001261721 0.024736033 0.103171303 0.994355177
56.565221 445.626280725 46.090652978 -5.285362856 0.000960466 0.024961831 0.101145253 0.994558004
56.602987 445.881336350 46.138691272 -5.295440882 0.000770524 0.024998201 0.101493900 0.994521737
56.702886 446.915488012 46.407369225 -5.330712848 -0.000110703 0.023816939 0.100842063 0.994617323
56.900371 448.814838025 46.829444733 -5.396503808 -0.000239174 0.023270843 0.100669446 0.994647713
56.999798 449.457984260 46.934357024 -5.421389235 -0.000430972 0.022931973 0.102667719 0.994451245
57.099723 450.253335169 47.019781301 -5.450972806 -0.000435270 0.023215801 0.105444786 0.994154029
57.199847 451.123188074 47.111759998 -5.479810686 -0.000800649 0.023487434 0.108226930 0.993848394
57.300022 451.895556087 47.304823421 -5.510650676 -0.000673284 0.023625199 0.107518451 0.993922119
57.365671 452.471653926 47.442445773 -5.529849432 -0.000692583 0.023528461 0.106960348 0.993984615
57.467638 453.345240224 47.656090579 -5.561466422 -0.000647804 0.023567580 0.107137587 0.993964631
57.567092 454.225684995 47.873596437 -5.597085503 -0.000678307 0.023987973 0.107812098 0.993881617
57.666568 455.119634720 48.070812652 -5.627262895 -0.000666578 0.024084858 0.107554017 0.993907244
57.767115 456.025736368 48.289894686 -5.659484826 -0.000807524 0.024115830 0.107413876 0.993921543
57.865148 456.893251972 48.495103521 -5.692781514 -0.000705508 0.023954973 0.107389606 0.993928133
57.966819 457.823266661 48.707963237 -5.727851786 -0.000680998 0.024346137 0.107725349 0.993882312
58.065194 458.699421346 48.906809335 -5.761208602 -0.000640373 0.024551805 0.107594894 0.993891411
58.165097 459.611558234 49.128181969 -5.792509597 -0.000592204 0.024737753 0.107894552 0.993854345
58.266442 460.554582070 49.317836352 -5.826418357 -0.000674915 0.024886019 0.108890156 0.993742001
58.366020 461.430476544 49.511441325 -5.861707595 -0.000974666 0.025047140 0.109593022 0.993660435
58.466272 462.284803138 49.748454895 -5.895252051 -0.000654904 0.025088845 0.107021154 0.993939935
58.565568 463.166947913 49.941184978 -5.928644385 -0.000280345 0.025348241 0.107283414 0.993905256
58.648069 463.881478258 50.138206709 -5.961138068 -0.000154684 0.025837916 0.105643472 0.994068325
58.765172 464.996299386 50.428401098 -6.010899018 0.000555188 0.026528897 0.103089329 0.994318108
58.811021 465.389350887 50.554390532 -6.026955498 0.001368301 0.026299525 0.101720146 0.994464416
58.911022 466.440411999 50.743872581 -6.073203396 0.002469718 0.026503755 0.103844385 0.994237293
59.069038 468.039481432 51.122467799 -6.138546247 0.003208929 0.026173269 0.101741530 0.994461323
59.110479 468.346431748 51.145698758 -6.155414281 0.002983285 0.026019209 0.103239691 0.994311655
59.266493 469.799991294 51.411055751 -6.217248044 0.004649680 0.026063541 0.103453844 0.994281839
59.366768 470.745798224 51.628059197 -6.257963296 0.004938111 0.025787597 0.102277523 0.994409334
59.466395 471.612920684 51.735335930 -6.296856355 0.006132850 0.025850789 0.105303506 0.994085156
59.540118 472.272794807 51.852433169 -6.323112426 0.007098841 0.025625195 0.104656573 0.994152884
59.634780 473.224530233 52.146690559 -6.363189875 0.008689922 0.025723776 0.099479452 0.994669096
59.720295 474.045726996 52.307132274 -6.396774003 0.009336086 0.026006469 0.098364789 0.994766741
59.837550 475.166935846 52.527960093 -6.446905628 0.010578196 0.026560126 0.097822259 0.994793178
59.936404 476.074810622 52.693003284 -6.486689593 0.011501475 0.026408889 0.096683469 0.994898283
60.033759 476.949159609 52.808240170 -6.524893595 0.013190977 0.026121655 0.097950379 0.994760966
60.131315 477.851197277 52.970714269 -6.566650085 0.013518679 0.026279597 0.097057952 0.994839878
60.231043 478.747714738 53.104885189 -6.605704974 0.014212190 0.026865759 0.096220565 0.994895898
60.327679 479.646340550 53.248520718 -6.651586973 0.014474230 0.027150184 0.094959589 0.995005548
60.429425 480.616337252 53.381489464 -6.690744750 0.015780162 0.026975850 0.094350929 0.995048337
60.528776 481.616287856 53.571471192 -6.740815809 0.015065973 0.026255909 0.093154071 0.995191420
60.627329 482.598361837 53.769631034 -6.785937061 0.016535305 0.025623322 0.089810903 0.995491854
60.726654 483.625379968 53.934064987 -6.829721114 0.017724331 0.025656534 0.088711593 0.995569105
60.816881 484.590793180 54.157612213 -6.873875222 0.017798016 0.025712618 0.084901804 0.995898477
60.917104 485.693265708 54.380994774 -6.925398954 0.019428608 0.026023342 0.081356616 0.996155819
61.025284 486.877339561 54.598649970 -6.977478254 0.020584349 0.026456815 0.078703095 0.996334354
61.117105 487.837541157 54.741318775 -7.020259978 0.022179638 0.026941082 0.076853902 0.996431493
61.223915 489.041358144 54.936989451 -7.074312541 0.024129008 0.027550755 0.072681463 0.996682573
61.325036 490.138024843 55.097810020 -7.129064765 0.025090398 0.028036430 0.070375556 0.996810770
61.423513 491.227790574 55.266381602 -7.181895205 0.026455244 0.028519775 0.067360757 0.996970045
61.523267 492.360104814 55.433779729 -7.236006997 0.027410825 0.028637353 0.064115029 0.997154858
61.624212 493.525907958 55.583520344 -7.292941965 0.027999189 0.028893803 0.060807081 0.997338304
61.725533 494.693895251 55.722448704 -7.355656287 0.028031607 0.029593556 0.056637408 0.997562356
61.826258 495.875508535 55.861278437 -7.413075383 0.028871845 0.030144188 0.053186029 0.997711878
61.928477 497.064235758 55.980968085 -7.473942041 0.028668035 0.029760670 0.049165435 0.997935472
62.031515 498.294618783 56.118255403 -7.542759563 0.027911389 0.029205225 0.044798434 0.998178897
62.141891 499.628300863 56.221707678 -7.610533807 0.027451954 0.029677816 0.040087201 0.998378001
62.208866 500.366385431 56.282937742 -7.652446177 0.026672323 0.029661633 0.037886626 0.998485542
62.309318 501.731181145 56.392465162 -7.730323688 0.026579157 0.029023672 0.030418064 0.998762192
62.409541 503.019637276 56.459699347 -7.799132934 0.026751935 0.028273360 0.025340576 0.998920821
62.509893 504.373570865 56.520973027 -7.870385152 0.027558236 0.028620975 0.020170213 0.999006780
62.609719 505.705142276 56.576354054 -7.942458040 0.028629266 0.028876378 0.015137239 0.999058249
62.709570 507.019537143 56.609627399 -8.007615543 0.030472455 0.028766158 0.009470936 0.999076693
62.810917 508.369304743 56.634837474 -8.077263709 0.032604613 0.029174258 0.003756923 0.999035378
62.909896 509.667093262 56.639349429 -8.143386628 0.033630623 0.030428310 -0.001171161 0.998970334
63.031614 511.317533707 56.636502851 -8.240816061 0.035791567 0.030809689 -0.008602692 0.998847196
