1.412166 0.261922 -0.002395 0.002426 0.000042 -0.000112 0.000160 1.000000
1.510704 0.533697 -0.000943 0.009995 0.000224 -0.000406 0.000658 1.000000
1.610781 0.756649 0.001295 0.011075 0.000192 -0.000349 0.000981 0.999999
1.710782 1.055513 0.006526 0.014032 0.000014 -0.000253 0.001011 0.999999
1.810680 1.309557 0.002845 0.017680 -0.000225 -0.000146 0.001195 0.999999
1.910656 1.583507 0.002615 0.019452 -0.000369 -0.000076 0.001334 0.999999
2.010682 1.872783 0.009282 0.023262 -0.000309 -0.000242 0.001447 0.999999
2.110756 2.120459 0.006895 0.025644 -0.000234 -0.000370 0.001304 0.999999
2.210706 2.354113 0.004764 0.029774 -0.000373 -0.000339 0.001290 0.999999
2.310809 2.643535 0.009248 0.029156 -0.000353 -0.000413 0.001302 0.999999
2.410883 2.918424 0.008627 0.035884 -0.000261 -0.000394 0.001405 0.999999
2.510755 3.225796 0.010532 0.039156 -0.000272 -0.000303 0.001356 0.999999
2.610659 3.479103 0.014518 0.044180 -0.000311 -0.000099 0.001197 0.999999
2.710833 3.765132 0.022761 0.043949 -0.000541 -0.000002 0.001436 0.999999
2.810832 4.028368 0.027376 0.046503 -0.000662 -0.000146 0.001379 0.999999
2.910709 4.281260 0.037828 0.046538 -0.000730 -0.000074 0.001445 0.999999
3.010884 4.545107 0.036307 0.050020 -0.000654 0.000146 0.001239 0.999999
3.112140 4.820679 0.038788 0.053450 -0.000650 0.000071 0.001196 0.999999
3.212113 5.066151 0.033309 0.056992 -0.000672 0.000023 0.001118 0.999999
3.310735 5.300563 0.031065 0.060692 -0.000693 0.000049 0.000848 0.999999
3.410934 5.550129 0.035430 0.064903 -0.000730 0.000115 0.001106 0.999999
3.512091 5.812989 0.044933 0.064103 -0.000804 -0.000263 0.001047 0.999999
3.612120 6.084555 0.047870 0.065144 -0.000882 -0.000634 0.001001 0.999999
3.712116 6.354307 0.051964 0.068808 -0.000752 -0.001059 0.000995 0.999999
3.812142 6.632274 0.061797 0.070213 -0.000625 -0.001074 0.001354 0.999998
3.912117 6.889412 0.065787 0.071088 -0.000620 -0.001281 0.001221 0.999998
4.012116 7.146752 0.063294 0.074663 -0.000684 -0.001338 0.001360 0.999998
4.112045 7.434894 0.062587 0.077606 -0.000708 -0.001580 0.001505 0.999997
4.212166 7.699395 0.070065 0.080246 -0.000540 -0.001697 0.001955 0.999997
4.312218 7.988429 0.077560 0.083720 -0.000455 -0.001877 0.002291 0.999996
4.412168 8.286087 0.085731 0.087516 -0.000601 -0.002058 0.002716 0.999994
4.512072 8.613613 0.088425 0.087005 -0.000842 -0.002194 0.003186 0.999992
4.612068 8.950612 0.093858 0.090199 -0.000843 -0.002320 0.003641 0.999990
4.712169 9.301786 0.103737 0.094534 -0.000668 -0.002611 0.003951 0.999989
4.812119 9.705800 0.120376 0.095927 -0.000712 -0.002773 0.004354 0.999986
4.912042 10.090202 0.128217 0.097274 -0.000729 -0.002706 0.004766 0.999985
5.012095 10.519767 0.136782 0.104571 -0.000442 -0.002757 0.004676 0.999985
5.112217 10.959031 0.138913 0.110760 -0.000520 -0.002834 0.004790 0.999984
5.212018 11.398756 0.153720 0.113266 -0.000686 -0.002885 0.004889 0.999984
5.312093 11.841188 0.152235 0.119440 -0.001021 -0.002923 0.004878 0.999983
5.412117 12.297492 0.159464 0.125535 -0.000930 -0.003013 0.005162 0.999982
5.502980 12.718010 0.169108 0.125960 -0.000836 -0.003061 0.004967 0.999983
5.612069 13.250963 0.182123 0.136083 -0.000589 -0.003122 0.004947 0.999983
5.712166 13.743218 0.177744 0.143518 -0.001008 -0.003256 0.005190 0.999981
5.812167 14.240665 0.196521 0.141914 -0.001189 -0.003340 0.005203 0.999980
5.912068 14.768178 0.213263 0.145663 -0.000995 -0.003544 0.004961 0.999981
6.085860 15.725039 0.233124 0.158068 -0.000854 -0.003540 0.004776 0.999982
6.112142 15.742899 0.224292 0.157804 -0.000882 -0.003310 0.005301 0.999980
6.212192 16.343300 0.232481 0.167130 -0.001021 -0.002856 0.005058 0.999983
6.312167 16.934759 0.246386 0.172407 -0.000990 -0.002913 0.004791 0.999984
6.412119 17.558620 0.268715 0.177633 -0.001185 -0.002398 0.004781 0.999985
6.600122 18.724858 0.289059 0.191514 -0.000984 -0.000662 0.004356 0.999990
6.700171 19.237795 0.281328 0.197249 -0.001200 -0.000467 0.004489 0.999989
6.800072 19.772140 0.291674 0.206308 -0.000943 0.000527 0.004559 0.999989
6.900072 20.306600 0.303053 0.212745 -0.000934 0.001345 0.005182 0.999985
7.000072 20.826046 0.317358 0.213847 -0.000941 0.001637 0.005202 0.999985
7.100097 21.332947 0.327083 0.215007 -0.000917 0.001767 0.005355 0.999984
7.199973 21.861259 0.338991 0.221363 -0.000967 0.001814 0.005393 0.999983
7.299773 22.396769 0.341089 0.227310 -0.000870 0.001844 0.005400 0.999983
7.399748 22.943036 0.349599 0.228369 -0.000926 0.002119 0.005403 0.999983
7.499898 23.511947 0.356410 0.232403 -0.001322 0.002328 0.005806 0.999980
7.600247 24.121900 0.367963 0.237340 -0.001291 0.002238 0.005982 0.999979
7.610686 24.185802 0.371645 0.238323 -0.001082 0.002147 0.005670 0.999981
7.712064 24.975066 0.388155 0.242116 -0.001198 0.002634 0.006346 0.999976
7.812070 25.661362 0.405340 0.241176 -0.001367 0.002495 0.006477 0.999975
7.912018 26.316647 0.419929 0.250490 -0.001414 0.002356 0.006329 0.999976
8.012019 26.974732 0.435639 0.252487 -0.001645 0.002508 0.006511 0.999974
8.112092 27.622266 0.449316 0.258497 -0.001631 0.002633 0.006911 0.999971
8.212115 28.261825 0.458029 0.263031 -0.001509 0.002314 0.007030 0.999971
8.312068 28.868615 0.470987 0.267017 -0.001460 0.002050 0.007212 0.999971
8.412115 29.460008 0.490382 0.270579 -0.001509 0.001716 0.007393 0.999970
8.512071 30.022671 0.500517 0.273308 -0.001307 0.001620 0.007442 0.999970
8.612217 30.578264 0.510739 0.279886 -0.001257 0.001235 0.007491 0.999970
8.712023 31.132017 0.526089 0.286060 -0.001485 0.001385 0.007581 0.999969
8.812020 31.675708 0.537330 0.288861 -0.001708 0.001550 0.007666 0.999968
8.912220 32.217828 0.550473 0.295143 -0.001535 0.001493 0.007739 0.999968
9.012020 32.735894 0.561853 0.297902 -0.001424 0.001226 0.007220 0.999972
9.112167 33.275783 0.572895 0.306142 -0.001426 0.001251 0.007196 0.999972
9.212113 33.795455 0.583231 0.309026 -0.001552 0.001093 0.007244 0.999972
9.312113 34.333316 0.587853 0.315781 -0.001530 0.001256 0.007045 0.999973
9.412067 34.862440 0.610290 0.318369 -0.001718 0.001469 0.006959 0.999973
9.512018 35.411577 0.624583 0.320481 -0.001687 0.001752 0.006991 0.999973
9.612091 35.953412 0.647521 0.321721 -0.001447 0.001677 0.006621 0.999976
9.712219 36.500840 0.668200 0.327946 -0.001092 0.001921 0.006754 0.999975
9.812168 37.039992 0.680019 0.333395 -0.000994 0.001829 0.006799 0.999975
9.912170 37.585815 0.685737 0.335946 -0.001206 0.001616 0.006568 0.999976
10.012067 38.115716 0.693158 0.340279 -0.001359 0.001737 0.006407 0.999977
10.112042 38.620267 0.696098 0.337938 -0.001722 0.002104 0.006422 0.999976
10.212165 39.139991 0.709676 0.344916 -0.001583 0.002098 0.006657 0.999974
10.312069 39.665674 0.719068 0.353850 -0.001182 0.002076 0.006576 0.999976
10.412218 40.174759 0.720829 0.361093 -0.001113 0.002182 0.006490 0.999976
10.512092 40.687551 0.737014 0.363589 -0.001215 0.002464 0.006851 0.999973
10.612065 41.183817 0.749974 0.365246 -0.001404 0.002530 0.007039 0.999971
10.712163 41.702974 0.764738 0.369537 -0.001306 0.002376 0.007231 0.999970
10.812066 42.194938 0.778708 0.370808 -0.001038 0.002494 0.007464 0.999968
10.912168 42.694031 0.792130 0.376090 -0.000898 0.002889 0.007766 0.999965
11.012166 43.184573 0.813465 0.379501 -0.001001 0.003046 0.008363 0.999960
11.112067 43.645829 0.820392 0.378585 -0.000881 0.003097 0.008661 0.999957
11.212020 44.115442 0.835710 0.383703 -0.000715 0.002861 0.008977 0.999955
11.312191 44.584054 0.838974 0.388278 -0.001061 0.002982 0.009366 0.999951
11.412066 45.062843 0.851579 0.389805 -0.001252 0.003198 0.010096 0.999943
11.500673 45.067301 0.849292 0.389646 -0.001263 0.003210 0.010055 0.999943
11.700022 46.375906 0.876014 0.394255 -0.001236 0.003121 0.011133 0.999932
11.799922 46.758978 0.901131 0.399186 -0.001259 0.002946 0.011344 0.999931
11.899798 47.146102 0.917237 0.401853 -0.001267 0.003071 0.011925 0.999923
11.999598 47.505022 0.928354 0.402539 -0.001181 0.002969 0.012174 0.999921
12.099723 47.885704 0.936579 0.404533 -0.001247 0.002808 0.012533 0.999917
12.199672 48.286874 0.952106 0.406531 -0.001353 0.003083 0.012941 0.999911
12.299648 48.675530 0.973425 0.410337 -0.001472 0.003080 0.013440 0.999904
12.399598 49.080819 0.992927 0.408075 -0.001421 0.003168 0.013692 0.999900
12.499698 49.507637 1.003793 0.409391 -0.001463 0.003283 0.013806 0.999898
12.599624 49.945095 1.025950 0.412515 -0.001607 0.003718 0.014063 0.999893
12.699424 50.369257 1.042928 0.414069 -0.001877 0.003715 0.014421 0.999887
12.799373 50.783008 1.067462 0.417010 -0.002017 0.003459 0.014640 0.999885
12.899623 51.202672 1.084600 0.419571 -0.001927 0.003405 0.014647 0.999885
12.999599 51.619096 1.109142 0.422580 -0.001705 0.003516 0.014394 0.999889
13.099847 52.050936 1.112418 0.425925 -0.001968 0.003418 0.014541 0.999886
13.200297 52.457227 1.120219 0.424263 -0.002519 0.003453 0.014508 0.999886
13.300347 52.884161 1.138469 0.425435 -0.002554 0.003293 0.014347 0.999888
13.312065 52.938338 1.140665 0.425551 -0.002499 0.003086 0.014266 0.999890
13.412070 53.418507 1.162226 0.428440 -0.002428 0.003451 0.014120 0.999891
13.512120 53.869770 1.179425 0.430496 -0.002367 0.003417 0.013981 0.999894
13.612139 54.304402 1.201419 0.431909 -0.002563 0.003481 0.014315 0.999888
13.712065 54.746446 1.212524 0.436240 -0.002621 0.003581 0.014064 0.999891
13.812068 55.190699 1.217760 0.438542 -0.003048 0.003334 0.014567 0.999884
13.910779 55.622727 1.237245 0.446194 -0.002926 0.003221 0.014651 0.999883
14.010754 56.048415 1.253352 0.446937 -0.002982 0.003262 0.014975 0.999878
14.110779 56.455565 1.271386 0.452741 -0.002863 0.003382 0.015189 0.999875
14.210827 56.868448 1.285226 0.451506 -0.002696 0.003272 0.015449 0.999872
14.310879 57.263185 1.302100 0.456083 -0.002799 0.003143 0.015347 0.999873
14.412118 57.666013 1.322305 0.455295 -0.002903 0.003190 0.015572 0.999869
14.512218 58.040633 1.336062 0.456236 -0.003058 0.002892 0.015797 0.999866
14.612166 58.411160 1.349332 0.462102 -0.003186 0.002907 0.015929 0.999864
14.712067 58.786217 1.366561 0.462961 -0.002873 0.002672 0.015944 0.999865
14.812170 59.150535 1.386473 0.465550 -0.002806 0.002495 0.015830 0.999868
14.912191 59.520489 1.395619 0.465180 -0.002990 0.002591 0.015945 0.999865
15.012118 59.893377 1.417599 0.468457 -0.002970 0.002342 0.015715 0.999869
15.112072 60.252867 1.436101 0.469057 -0.003069 0.002387 0.015624 0.999870
15.212217 60.618089 1.445815 0.473346 -0.003235 0.002149 0.015433 0.999873
15.312169 60.989313 1.459859 0.477571 -0.002845 0.001943 0.015176 0.999879
15.412119 61.358645 1.473612 0.479023 -0.002614 0.001971 0.015241 0.999878
15.512165 61.741391 1.487618 0.482187 -0.002810 0.001836 0.015429 0.999875
15.612169 62.112040 1.502852 0.479313 -0.003097 0.001649 0.015600 0.999872
15.712091 62.484316 1.513164 0.483068 -0.002938 0.000971 0.015832 0.999870
15.812190 62.867505 1.519506 0.487212 -0.002524 0.000115 0.014999 0.999884
15.912117 63.254204 1.536880 0.494646 -0.002379 -0.000266 0.014142 0.999897
16.012216 63.652141 1.559573 0.500372 -0.002655 -0.000036 0.013159 0.999910
16.112194 64.053948 1.572575 0.497905 -0.003280 0.000845 0.011963 0.999923
16.212018 64.463415 1.579505 0.492406 -0.003724 0.000914 0.010896 0.999933
16.312118 64.886468 1.582962 0.494376 -0.003897 0.000731 0.008410 0.999957
16.412219 65.313371 1.593694 0.495618 -0.003332 0.001027 0.005814 0.999977
16.512067 65.740678 1.584909 0.502900 -0.002619 0.001437 0.003326 0.999990
16.612170 66.184462 1.582598 0.509548 -0.002263 0.001573 0.001106 0.999996
16.712191 66.645153 1.583752 0.508269 -0.002610 0.001033 -0.001419 0.999995
16.812040 67.126952 1.591189 0.504916 -0.002844 0.000201 -0.004396 0.999986
16.912119 67.622904 1.581420 0.505441 -0.003211 -0.000398 -0.007729 0.999965
17.012118 68.139890 1.585678 0.505424 -0.002643 0.000073 -0.010917 0.999937
17.112092 68.670501 1.564281 0.510198 -0.002158 0.000767 -0.013344 0.999908
17.212166 69.200779 1.551486 0.514194 -0.002252 0.000760 -0.016421 0.999862
17.312066 69.734722 1.520142 0.510839 -0.002601 0.000738 -0.019288 0.999810
17.412168 70.280538 1.489746 0.512396 -0.002322 0.000777 -0.022052 0.999754
17.512120 70.859451 1.466321 0.517663 -0.001952 0.001050 -0.025235 0.999679
17.612117 71.435109 1.440107 0.519449 -0.002176 0.001049 -0.027701 0.999613
17.712017 72.033724 1.393518 0.521189 -0.002288 0.001050 -0.030844 0.999521
17.812070 72.645213 1.339960 0.524547 -0.002236 0.000994 -0.033920 0.999422
17.912121 73.282344 1.302900 0.528663 -0.001976 0.001111 -0.036578 0.999328
18.012172 73.914694 1.253593 0.528544 -0.001949 0.001378 -0.039615 0.999212
18.183871 75.018938 1.167882 0.530504 -0.001739 0.001655 -0.044649 0.999000
18.279357 75.545346 1.144403 0.527956 -0.002267 0.001832 -0.045276 0.998970
18.312067 75.742637 1.127726 0.529855 -0.002032 0.001865 -0.046402 0.998919
18.412022 76.404081 1.050721 0.526889 -0.000920 0.001779 -0.050605 0.998717
18.512067 77.083415 0.974151 0.528188 -0.000658 0.001935 -0.052518 0.998618
18.612169 77.774248 0.887737 0.530884 -0.000362 0.002142 -0.053509 0.998565
18.712166 78.458815 0.801026 0.535041 -0.000133 0.002151 -0.053784 0.998550
18.812067 79.168917 0.725306 0.536342 -0.000304 0.001910 -0.053954 0.998542
18.983849 80.422984 0.579446 0.540219 -0.000615 0.001307 -0.053438 0.998570
19.079934 81.069945 0.545856 0.535267 -0.001267 0.001563 -0.053071 0.998589
19.181202 81.797292 0.498329 0.541643 -0.000864 0.001177 -0.052324 0.998629
19.277913 82.503195 0.432816 0.547979 -0.000342 0.001050 -0.051923 0.998650
19.377064 83.232769 0.365866 0.547697 -0.000249 0.001157 -0.050743 0.998711
19.476216 83.968565 0.289794 0.549611 -0.000173 0.000943 -0.049670 0.998765
19.576217 84.729943 0.217993 0.551837 -0.000171 0.001093 -0.047504 0.998870
19.675669 85.484596 0.148415 0.554581 -0.000301 0.001722 -0.045489 0.998963
19.774373 86.227948 0.080495 0.559866 -0.000053 0.001962 -0.043350 0.999058
19.873350 86.984549 0.013721 0.566815 -0.000168 0.002716 -0.040900 0.999160
19.973102 87.758771 -0.045144 0.567105 0.000029 0.002836 -0.038279 0.999263
20.072653 88.526584 -0.108003 0.575982 0.000077 0.002777 -0.035334 0.999372
20.166690 89.258714 -0.150332 0.576643 0.000150 0.003095 -0.032639 0.999462
20.272228 90.081950 -0.200005 0.585514 -0.000031 0.002890 -0.029772 0.999553
20.372348 90.846513 -0.229790 0.586472 -0.000506 0.002962 -0.026054 0.999656
20.492725 91.797955 -0.262896 0.589275 -0.000478 0.003549 -0.023643 0.999714
20.565317 92.333240 -0.282953 0.590022 -0.000505 0.003157 -0.021433 0.999765
20.665222 93.136868 -0.305867 0.594548 -0.000231 0.003847 -0.019125 0.999810
20.768988 93.945367 -0.336026 0.600971 -0.000711 0.003580 -0.015987 0.999866
20.868940 94.728585 -0.351697 0.605460 -0.001234 0.003462 -0.012926 0.999910
20.969040 95.502443 -0.353959 0.608027 -0.001052 0.003637 -0.010328 0.999939
21.067292 96.264301 -0.354018 0.609386 -0.000650 0.003650 -0.007742 0.999963
21.169019 97.035733 -0.362293 0.615160 -0.000915 0.003983 -0.005127 0.999979
21.273606 97.826705 -0.363704 0.619746 -0.001008 0.003779 -0.003117 0.999987
21.367243 98.508292 -0.359599 0.620196 -0.001444 0.004039 -0.001052 0.999990
21.466718 99.264280 -0.355736 0.623958 -0.001563 0.004181 0.000744 0.999990
21.566718 100.029801 -0.346266 0.628080 -0.001656 0.004488 0.002783 0.999985
21.666695 100.773849 -0.341525 0.630918 -0.001639 0.004831 0.004552 0.999977
21.766569 101.536489 -0.320644 0.632105 -0.001351 0.004717 0.005728 0.999972
21.834684 102.055990 -0.305481 0.629888 -0.001642 0.004528 0.006385 0.999968
21.966519 103.143768 -0.285912 0.632326 -0.001894 0.004147 0.007347 0.999963
22.066443 103.881902 -0.271645 0.637580 -0.001828 0.003783 0.008434 0.999956
22.136352 104.403473 -0.262270 0.637188 -0.001872 0.004012 0.009240 0.999948
22.266322 105.442744 -0.241192 0.636554 -0.001569 0.004184 0.009610 0.999944
22.366200 106.191782 -0.212746 0.633658 -0.001802 0.003940 0.010635 0.999934
22.437674 106.728601 -0.198003 0.635909 -0.001694 0.003719 0.010834 0.999933
22.565771 107.784358 -0.166146 0.638785 -0.002040 0.003927 0.011508 0.999924
22.665144 108.536453 -0.138187 0.638942 -0.002261 0.003817 0.012497 0.999912
22.766120 109.308534 -0.108173 0.638883 -0.001979 0.003705 0.012582 0.999912
22.839191 109.874996 -0.088209 0.636314 -0.002279 0.003523 0.013445 0.999901
22.965323 110.927143 -0.048249 0.630973 -0.002585 0.003325 0.013911 0.999894
23.065173 111.713832 -0.021429 0.631978 -0.002537 0.003404 0.014591 0.999885
23.138097 112.276925 -0.008629 0.631301 -0.002747 0.003275 0.014671 0.999883
23.265945 113.363074 0.033983 0.631213 -0.002411 0.003531 0.016318 0.999858
23.365099 114.154075 0.068831 0.633303 -0.002530 0.003695 0.017202 0.999842
23.437846 114.755554 0.092297 0.627645 -0.002279 0.003704 0.018307 0.999823
23.565198 115.887534 0.155288 0.627645 -0.002014 0.003598 0.019586 0.999800
23.665144 116.707757 0.189495 0.627248 -0.002012 0.003583 0.020482 0.999782
23.765224 117.530727 0.229006 0.626930 -0.001786 0.003624 0.021885 0.999752
23.865251 118.377388 0.265442 0.628344 -0.001929 0.003590 0.022598 0.999736
23.910432 118.768097 0.297347 0.628100 -0.001363 0.002970 0.023401 0.999721
24.010526 119.799991 0.359394 0.627527 -0.001946 0.003294 0.024656 0.999689
24.165423 121.268230 0.435151 0.633063 -0.002176 0.003425 0.025907 0.999656
24.203611 121.554796 0.442646 0.629427 -0.002612 0.003372 0.026235 0.999647
24.310117 122.592284 0.514786 0.633223 -0.002413 0.003758 0.027478 0.999612
24.410190 123.552148 0.592533 0.619613 -0.002034 0.004222 0.028137 0.999593
24.510544 124.515533 0.639383 0.628651 -0.002242 0.003996 0.029619 0.999551
24.699898 126.319229 0.736626 0.627335 -0.001998 0.003979 0.031773 0.999485
24.799749 127.194305 0.800340 0.625086 -0.002005 0.003984 0.031499 0.999494
24.899750 128.069436 0.871627 0.624709 -0.001828 0.004168 0.032696 0.999455
24.909294 128.114948 0.888255 0.626270 -0.001926 0.003942 0.033183 0.999440
25.099575 129.906194 1.034198 0.633082 -0.002062 0.004418 0.035370 0.999362
25.199350 130.776854 1.098770 0.623148 -0.001902 0.005029 0.035404 0.999359
25.210983 130.859644 1.111196 0.627950 -0.001356 0.004705 0.035493 0.999358
25.310605 131.836977 1.182578 0.629131 -0.001580 0.005356 0.035744 0.999345
25.465498 133.362783 1.318262 0.622861 -0.002699 0.005761 0.036631 0.999309
25.511089 133.756782 1.346467 0.621353 -0.002146 0.005800 0.035985 0.999333
25.611319 134.739888 1.425100 0.623519 -0.002641 0.005718 0.036216 0.999324
25.711914 135.707311 1.504827 0.619344 -0.002703 0.005507 0.036047 0.999331
25.865525 137.161201 1.614087 0.615998 -0.002922 0.005425 0.035947 0.999335
25.938493 137.818095 1.665508 0.620118 -0.002719 0.004704 0.036262 0.999328
26.039017 138.751798 1.745758 0.618787 -0.003175 0.005070 0.036140 0.999329
26.165154 139.884357 1.840386 0.620613 -0.003555 0.004976 0.035632 0.999346
26.239346 140.506978 1.892404 0.621490 -0.003601 0.005149 0.036029 0.999331
26.365127 141.652281 1.988756 0.621346 -0.003861 0.005495 0.036123 0.999325
26.465229 142.530710 2.044775 0.622061 -0.004071 0.005789 0.036589 0.999305
26.565102 143.410506 2.112589 0.622562 -0.004393 0.005844 0.036556 0.999305
26.665150 144.270805 2.191127 0.618129 -0.004272 0.006066 0.035983 0.999325
26.738814 144.883165 2.241646 0.615367 -0.004346 0.006141 0.036262 0.999314
26.865150 146.074698 2.330818 0.615002 -0.004348 0.005533 0.036473 0.999310
26.965272 146.921877 2.402257 0.618195 -0.004503 0.005170 0.036012 0.999328
27.065623 147.784107 2.468412 0.616782 -0.004084 0.005139 0.035395 0.999352
27.165824 148.639307 2.546136 0.621857 -0.004150 0.005537 0.035727 0.999338
27.265132 149.510962 2.609505 0.624857 -0.004410 0.005846 0.035698 0.999336
27.339391 150.151597 2.663700 0.626670 -0.004797 0.005692 0.035549 0.999340
27.465222 151.314253 2.758455 0.631084 -0.004191 0.005570 0.035515 0.999345
27.565230 152.164514 2.825586 0.630159 -0.003781 0.006041 0.035780 0.999334
27.665596 153.049511 2.889170 0.628496 -0.004049 0.006594 0.035343 0.999345
27.765176 153.908229 2.957761 0.626930 -0.004483 0.007214 0.035670 0.999328
27.865155 154.797557 3.031504 0.622262 -0.004140 0.008294 0.035389 0.999331
27.904535 155.152278 3.064169 0.621297 -0.004359 0.008944 0.035044 0.999336
28.036204 156.354077 3.175411 0.605804 -0.004284 0.009180 0.035780 0.999308
28.104086 156.942383 3.226979 0.608482 -0.004494 0.008860 0.035809 0.999309
28.203914 157.848117 3.318284 0.599415 -0.004027 0.008684 0.036191 0.999299
28.400246 159.579861 3.457557 0.597726 -0.004063 0.007842 0.036582 0.999292
28.499873 160.235105 3.505300 0.578099 -0.003934 0.008124 0.038690 0.999211
28.599773 161.020432 3.558895 0.580684 -0.003368 0.007852 0.037416 0.999263
28.699350 161.796513 3.623981 0.582744 -0.003764 0.007325 0.037408 0.999266
28.799125 162.581688 3.684534 0.579195 -0.004069 0.007321 0.037594 0.999258
28.899099 163.324915 3.744276 0.576146 -0.004032 0.008075 0.038312 0.999225
28.999025 164.068612 3.810811 0.577980 -0.004318 0.008534 0.037899 0.999236
29.099424 164.826175 3.877047 0.575717 -0.005182 0.009011 0.038318 0.999212
29.200296 165.578166 3.951340 0.568241 -0.005491 0.009475 0.039066 0.999177
29.265228 166.074594 3.992430 0.569613 -0.006974 0.010055 0.039365 0.999150
29.365176 166.909416 4.058397 0.565525 -0.006261 0.010024 0.039563 0.999147
29.465746 167.669304 4.121436 0.566985 -0.006401 0.009522 0.039170 0.999167
29.510746 168.010828 4.152485 0.559921 -0.006077 0.009573 0.038853 0.999181
29.610645 168.835018 4.225434 0.556348 -0.005703 0.009546 0.039492 0.999158
29.710670 169.626106 4.289269 0.549315 -0.004878 0.010363 0.039971 0.999135
29.810922 170.396049 4.359333 0.536533 -0.004565 0.010772 0.040082 0.999128
29.945849 171.424436 4.453860 0.529201 -0.004441 0.011084 0.040208 0.999120
30.001698 171.787392 4.472288 0.524667 -0.004418 0.010643 0.041069 0.999090
30.199920 173.307459 4.603886 0.503324 -0.003788 0.011419 0.040015 0.999127
30.299521 174.022111 4.667153 0.491355 -0.004153 0.011422 0.041120 0.999080
30.335806 174.264212 4.683854 0.496813 -0.004680 0.011338 0.041522 0.999062
30.410462 174.799271 4.737075 0.497284 -0.004477 0.011649 0.040811 0.999089
30.510637 175.517957 4.825903 0.491605 -0.004229 0.011752 0.040837 0.999088
30.610669 176.210702 4.887710 0.476596 -0.003214 0.012141 0.040720 0.999092
30.765250 177.241781 4.958989 0.465798 -0.005356 0.011008 0.040271 0.999114
30.865249 177.877575 5.007069 0.462229 -0.004007 0.011636 0.041015 0.999083
30.965149 178.519979 5.064099 0.461263 -0.003941 0.011289 0.041610 0.999062
31.045902 179.030382 5.098413 0.458409 -0.003930 0.010982 0.041847 0.999056
31.166418 179.802847 5.186983 0.449669 -0.004017 0.010940 0.040785 0.999100
31.240870 180.240158 5.221607 0.441731 -0.003890 0.010606 0.040808 0.999103
31.365274 181.025630 5.301312 0.439964 -0.003831 0.010684 0.040473 0.999116
31.465123 181.629133 5.352466 0.432194 -0.003962 0.010577 0.040795 0.999104
31.565100 182.233138 5.409434 0.425517 -0.004041 0.010320 0.040914 0.999101
31.665521 182.827971 5.461625 0.418927 -0.003261 0.010751 0.040960 0.999098
31.766444 183.429187 5.510180 0.411075 -0.003495 0.010692 0.040850 0.999102
31.865673 184.021360 5.564594 0.410168 -0.003401 0.010447 0.040869 0.999104
31.965093 184.620032 5.618518 0.402739 -0.003613 0.010127 0.040912 0.999105
32.065572 185.211555 5.675301 0.398359 -0.004272 0.009974 0.040486 0.999121
32.165201 185.801205 5.724390 0.390952 -0.003405 0.010443 0.040839 0.999105
32.265142 186.384403 5.781755 0.388392 -0.003284 0.010580 0.040556 0.999116
32.365649 186.979822 5.837395 0.381234 -0.003355 0.010154 0.040582 0.999119
32.469637 187.595390 5.896815 0.374112 -0.003727 0.010703 0.040793 0.999103
32.564996 188.146321 5.944077 0.365917 -0.004996 0.010547 0.041573 0.999067
32.665523 188.733781 6.000059 0.354246 -0.006610 0.010980 0.041481 0.999057
32.765148 189.320399 6.054880 0.351172 -0.005530 0.011102 0.042229 0.999031
32.865672 189.889845 6.097212 0.342070 -0.004992 0.011192 0.042795 0.999009
32.965471 190.464185 6.145442 0.340546 -0.006638 0.011392 0.042671 0.999002
33.065268 191.022516 6.193455 0.330720 -0.006939 0.011591 0.043276 0.998972
33.165794 191.595354 6.254260 0.325125 -0.007274 0.011232 0.043420 0.998967
33.269167 192.184283 6.311866 0.317960 -0.006801 0.011098 0.042959 0.998992
33.365190 192.705282 6.363595 0.314094 -0.007026 0.011065 0.043283 0.998977
33.468984 193.307565 6.420015 0.309411 -0.006658 0.010919 0.043774 0.998960
33.569010 193.872162 6.472072 0.297256 -0.006959 0.011021 0.044356 0.998931
33.668983 194.443668 6.528568 0.288699 -0.006233 0.010992 0.044988 0.998908
33.712018 194.678472 6.548295 0.289254 -0.007538 0.010397 0.043015 0.998992
33.812116 195.287810 6.602577 0.284027 -0.006230 0.010537 0.044252 0.998945
33.945899 196.046577 6.673483 0.278755 -0.004649 0.010516 0.044270 0.998953
34.045873 196.579628 6.735846 0.273051 -0.005860 0.010552 0.044943 0.998917
34.112112 196.936484 6.774351 0.269225 -0.003927 0.010356 0.044968 0.998927
34.212136 197.513356 6.835519 0.271235 -0.003685 0.010109 0.044432 0.998954
34.312211 198.081433 6.887752 0.263635 -0.003703 0.009806 0.044703 0.998945
34.412117 198.651596 6.938732 0.252464 -0.003059 0.009739 0.045373 0.998918
34.512065 199.224638 6.992434 0.247903 -0.003491 0.009825 0.045923 0.998891
34.612065 199.797541 7.057808 0.240930 -0.002521 0.009706 0.045954 0.998893
34.773027 200.711172 7.151611 0.238058 -0.002144 0.009929 0.047174 0.998835
34.812114 200.903760 7.177604 0.231316 -0.002397 0.009118 0.046921 0.998854
34.968911 201.814547 7.275838 0.227776 -0.002312 0.009308 0.046193 0.998886
35.074641 202.416120 7.329833 0.223813 -0.002233 0.008891 0.047058 0.998850
35.145339 202.784888 7.368562 0.215979 -0.002343 0.008692 0.047130 0.998848
35.210787 203.161655 7.406259 0.214752 -0.002262 0.008691 0.046935 0.998858
35.338818 203.918568 7.480498 0.211261 -0.001963 0.008812 0.048008 0.998806
35.412111 204.349266 7.533229 0.204797 -0.002001 0.008737 0.048656 0.998775
35.592741 205.463558 7.648176 0.200979 -0.002094 0.008031 0.048787 0.998775
35.695213 206.053848 7.695324 0.195770 -0.001853 0.008352 0.049727 0.998726
35.792021 206.599680 7.756664 0.187536 -0.002170 0.008219 0.049754 0.998725
35.891451 207.175915 7.819800 0.180913 -0.001760 0.007846 0.050510 0.998691
35.969558 207.639966 7.867559 0.179366 -0.002121 0.007564 0.050371 0.998700
36.089928 208.391362 7.953695 0.171512 -0.002283 0.007947 0.050405 0.998695
36.193193 209.028649 8.025538 0.165020 -0.002700 0.007451 0.051144 0.998660
36.292646 209.637427 8.093201 0.158197 -0.002541 0.007442 0.050662 0.998685
36.390930 210.248778 8.161933 0.149106 -0.003367 0.007305 0.050211 0.998706
36.469158 210.759753 8.219831 0.138927 -0.003120 0.007248 0.050538 0.998691
36.567763 211.474305 8.311426 0.133658 -0.002748 0.007849 0.050006 0.998714
36.667639 212.192642 8.393302 0.125391 -0.003388 0.008086 0.050726 0.998674
36.711218 212.511046 8.429478 0.125770 -0.002955 0.008010 0.050617 0.998682
36.868938 213.836725 8.597044 0.109305 -0.003568 0.008736 0.048411 0.998783
36.968962 214.584275 8.650486 0.099713 -0.004340 0.007847 0.051295 0.998643
37.010156 214.882579 8.681298 0.096971 -0.003627 0.007804 0.051447 0.998639
37.110054 215.709693 8.774302 0.088176 -0.004324 0.008160 0.048561 0.998778
37.210205 216.530949 8.870912 0.081020 -0.004266 0.007923 0.048704 0.998773
37.310201 217.346158 8.964773 0.072476 -0.004218 0.007761 0.048727 0.998773
37.410251 218.172848 9.046427 0.061862 -0.004486 0.007568 0.048524 0.998783
37.510252 218.999886 9.144670 0.050563 -0.003766 0.007892 0.048543 0.998783
37.610354 219.818744 9.227935 0.044255 -0.003953 0.008385 0.048424 0.998784
37.710401 220.659849 9.310005 0.040509 -0.003718 0.008521 0.048581 0.998776
37.810349 221.478332 9.381535 0.031188 -0.003920 0.009099 0.048935 0.998753
37.999749 223.035692 9.543036 0.011658 -0.003878 0.010184 0.048912 0.998744
38.099698 223.775623 9.607094 0.009761 -0.004219 0.009645 0.049624 0.998712
38.199674 224.528884 9.695359 0.000880 -0.004144 0.010033 0.050740 0.998653
38.299673 225.267344 9.772896 -0.006076 -0.004064 0.010454 0.050574 0.998657
38.399623 226.018707 9.857157 -0.015088 -0.003885 0.010070 0.051570 0.998611
38.499423 226.772016 9.948285 -0.028058 -0.003654 0.009762 0.051507 0.998618
38.599149 227.526693 10.032734 -0.035586 -0.003522 0.009526 0.051490 0.998622
38.699574 228.283248 10.118915 -0.048815 -0.003739 0.009222 0.051862 0.998605
38.800322 229.040205 10.199154 -0.056566 -0.003325 0.009320 0.051802 0.998608
38.810781 229.121004 10.202569 -0.056171 -0.003550 0.009401 0.051705 0.998612
38.938646 230.267495 10.332927 -0.071330 -0.003122 0.009837 0.052672 0.998559
39.040866 231.144627 10.433104 -0.081111 -0.003315 0.009540 0.053104 0.998538
39.169138 232.276071 10.561266 -0.095366 -0.003304 0.009006 0.053794 0.998506
39.267210 233.115574 10.659514 -0.110545 -0.003160 0.008679 0.053940 0.998501
39.366792 233.987312 10.767469 -0.120942 -0.002800 0.008816 0.054502 0.998471
39.467162 234.883860 10.886274 -0.129206 -0.002653 0.008685 0.055131 0.998438
39.566663 235.783233 10.993549 -0.141028 -0.002965 0.008694 0.055671 0.998407
39.667710 236.728939 11.097458 -0.156678 -0.003124 0.008647 0.056834 0.998341
39.767143 237.655179 11.205953 -0.167529 -0.002776 0.009190 0.057244 0.998314
39.869339 238.636244 11.336239 -0.178071 -0.002938 0.009884 0.057753 0.998278
39.966665 239.559143 11.464383 -0.188881 -0.002794 0.010018 0.058915 0.998209
40.066673 240.519924 11.594257 -0.201622 -0.002999 0.010399 0.059349 0.998179
40.166840 241.471706 11.718046 -0.210494 -0.002597 0.010917 0.060346 0.998114
40.267011 242.438894 11.852859 -0.227789 -0.002529 0.011146 0.061095 0.998067
40.367145 243.420828 11.979907 -0.240010 -0.002582 0.010941 0.061930 0.998017
40.410667 243.847997 12.029309 -0.245886 -0.002429 0.010602 0.062135 0.998008
40.510868 244.957068 12.181679 -0.259036 -0.002333 0.010534 0.062630 0.997979
40.667260 246.559834 12.412441 -0.283361 -0.002682 0.011712 0.063556 0.997906
40.769034 247.559116 12.539471 -0.297585 -0.002197 0.011112 0.064614 0.997846
40.812113 247.970884 12.597734 -0.300759 -0.002063 0.011529 0.064623 0.997841
40.910657 248.999694 12.737400 -0.315463 -0.002328 0.011845 0.064383 0.997852
41.010779 250.037335 12.868413 -0.328701 -0.002070 0.011585 0.064680 0.997837
41.183741 251.848501 13.115789 -0.354373 -0.002291 0.010900 0.065328 0.997802
41.279829 252.799724 13.252020 -0.370951 -0.001867 0.010682 0.066022 0.997759
41.338648 253.386678 13.324253 -0.379596 -0.002008 0.010917 0.065885 0.997765
41.473048 254.775131 13.515350 -0.398368 -0.002264 0.010725 0.065797 0.997773
41.507437 255.101295 13.569455 -0.403767 -0.002490 0.010439 0.065912 0.997768
41.608781 256.176192 13.729129 -0.419397 -0.001803 0.008880 0.064975 0.997846
41.707013 257.219932 13.872591 -0.431297 -0.001845 0.009460 0.064206 0.997890
41.806339 258.273423 14.003755 -0.449319 -0.002204 0.011062 0.063760 0.997902
41.906467 259.342580 14.147652 -0.464166 -0.001555 0.012407 0.063645 0.997894
42.006338 260.409670 14.287352 -0.479756 -0.001119 0.012285 0.062554 0.997965
42.106490 261.477729 14.428692 -0.494702 -0.000520 0.011541 0.062159 0.997999
42.206390 262.548053 14.577909 -0.514752 -0.000293 0.011270 0.061906 0.998018
42.306440 263.616352 14.720072 -0.532758 -0.000157 0.010662 0.061123 0.998073
42.406511 264.699557 14.857437 -0.547809 0.000128 0.010023 0.060917 0.998093
42.506489 265.771900 14.997826 -0.562171 0.000243 0.009922 0.060528 0.998117
42.606415 266.875591 15.131172 -0.578422 0.000313 0.009989 0.059792 0.998161
42.706437 267.985407 15.275790 -0.598275 -0.000010 0.010294 0.059019 0.998204
42.806438 269.113029 15.423305 -0.620598 -0.000277 0.011175 0.058652 0.998216
42.999848 271.325210 15.692521 -0.653453 -0.000037 0.011680 0.059199 0.998178
43.006425 271.348590 15.698987 -0.654410 -0.000466 0.011199 0.059441 0.998169
43.106259 272.514933 15.844131 -0.675033 0.000009 0.011952 0.059469 0.998159
43.206515 273.685584 16.004121 -0.699051 -0.000185 0.011470 0.060046 0.998130
43.306515 274.863562 16.162826 -0.726413 -0.000066 0.011368 0.060517 0.998102
43.406419 276.058078 16.308672 -0.740983 -0.000434 0.011451 0.061002 0.998072
43.572429 278.072295 16.568742 -0.780749 -0.001061 0.011808 0.061320 0.998048
43.606439 278.353713 16.593769 -0.777576 -0.001525 0.012271 0.062145 0.997991
43.712064 279.661434 16.757487 -0.807659 -0.001375 0.011315 0.061533 0.998040
43.806537 280.811102 16.918003 -0.831332 -0.001231 0.011423 0.061510 0.998040
43.974048 282.936593 17.199642 -0.874024 -0.001062 0.012342 0.061963 0.998002
44.072379 284.123766 17.363530 -0.893693 -0.001134 0.012318 0.063197 0.997924
44.172554 285.369146 17.533963 -0.926521 -0.000731 0.012423 0.063933 0.997877
44.206390 285.783631 17.593068 -0.935240 -0.000869 0.012017 0.063805 0.997890
44.380955 288.119411 17.922832 -0.980963 -0.000377 0.010508 0.064630 0.997854
44.406388 288.380517 17.948463 -0.981926 -0.000777 0.011874 0.064529 0.997845
44.572404 290.607542 18.272159 -1.017076 -0.000245 0.011445 0.065476 0.997788
44.600823 290.613824 18.274049 -1.017364 -0.000348 0.011462 0.065560 0.997783
44.700897 292.482974 18.546018 -1.056482 0.000514 0.011501 0.066592 0.997714
44.800898 293.764708 18.713107 -1.074478 -0.000354 0.013082 0.067266 0.997649
44.900823 295.146173 18.909375 -1.107663 0.000055 0.011846 0.068190 0.997602
45.000898 296.542029 19.118793 -1.138113 0.000474 0.012455 0.068399 0.997580
45.100823 297.906175 19.330625 -1.168180 0.000587 0.012732 0.069032 0.997533
45.200873 299.264520 19.523824 -1.191356 0.000473 0.012710 0.069225 0.997520
45.300797 300.645555 19.729945 -1.224827 0.000823 0.012587 0.070329 0.997444
45.400773 302.049622 19.947983 -1.251319 -0.000030 0.012791 0.070765 0.997411
45.500773 303.483661 20.168775 -1.283346 0.000064 0.013248 0.071226 0.997372
45.600873 304.915403 20.403741 -1.317997 0.000718 0.013505 0.072411 0.997283
45.700773 306.371859 20.623399 -1.344301 0.001069 0.014174 0.073500 0.997194
45.800773 307.841573 20.862009 -1.376011 0.000984 0.014336 0.074544 0.997114
45.910229 309.451994 21.128852 -1.412093 0.001889 0.014058 0.074578 0.997114
46.010131 310.898091 21.355167 -1.450816 0.001424 0.013137 0.076047 0.997017
46.146047 312.902144 21.674159 -1.492213 0.001284 0.013479 0.076224 0.996999
46.210180 313.732798 21.795223 -1.510243 0.000392 0.013007 0.078817 0.996804
46.310354 315.238728 22.052557 -1.536657 0.001476 0.014648 0.075913 0.997006
46.410404 316.778822 22.316359 -1.570434 0.001194 0.015080 0.076035 0.996990
46.568938 319.163071 22.704927 -1.621514 0.000555 0.015658 0.076867 0.996918
46.615829 319.843610 22.817050 -1.641115 0.000306 0.015028 0.077677 0.996865
46.715732 321.367239 23.069572 -1.671855 0.000153 0.015186 0.076774 0.996933
46.814291 322.879795 23.303216 -1.703130 -0.000206 0.015566 0.077533 0.996868
46.914371 324.416912 23.554721 -1.745344 0.000106 0.016460 0.078378 0.996788
47.036101 326.278253 23.868745 -1.785342 0.000228 0.017215 0.078611 0.996757
47.180010 328.295274 24.201822 -1.840769 0.000687 0.017325 0.079122 0.996714
47.265548 329.424106 24.400011 -1.871901 0.000050 0.018319 0.079469 0.996669
47.366048 330.821429 24.642045 -1.908412 0.000911 0.018595 0.080440 0.996586
47.466517 332.211864 24.881802 -1.939119 0.001138 0.018392 0.080162 0.996612
47.569116 333.663639 25.147418 -1.984059 0.001633 0.017783 0.079777 0.996653
47.666494 335.055008 25.373719 -2.013583 0.001828 0.017188 0.080559 0.996600
47.766593 336.532435 25.633237 -2.049995 0.001223 0.017536 0.081385 0.996528
47.866344 338.019084 25.881546 -2.081566 0.000766 0.017302 0.080990 0.996564
47.966641 339.508735 26.130688 -2.117398 0.001242 0.017511 0.081862 0.996489
48.066347 341.004788 26.386759 -2.148224 0.000817 0.017277 0.082268 0.996460
48.166472 342.498033 26.660646 -2.185344 0.000608 0.017376 0.082636 0.996428
48.266966 344.005229 26.937148 -2.223444 0.000379 0.017266 0.082560 0.996436
48.365174 345.467450 27.191440 -2.261868 0.000797 0.017545 0.083391 0.996362
48.466344 346.989530 27.467459 -2.301918 0.000548 0.017746 0.083473 0.996352
48.566220 348.475093 27.750816 -2.337120 0.001047 0.018071 0.083264 0.996363
48.669638 350.018452 28.021850 -2.373658 0.001956 0.018272 0.084294 0.996271
48.765121 351.427810 28.253355 -2.403012 0.001897 0.018226 0.084845 0.996226
48.872614 353.049125 28.535334 -2.442955 0.002001 0.017856 0.085309 0.996193
48.965993 354.392792 28.769509 -2.479487 0.001625 0.018014 0.085853 0.996144
49.069562 355.952057 29.055575 -2.518885 0.001636 0.019157 0.086507 0.996066
49.166970 357.382769 29.314626 -2.552274 0.001187 0.019328 0.086931 0.996026
49.267865 358.880701 29.583845 -2.592301 0.001716 0.019099 0.087271 0.996000
49.302888 359.392508 29.685597 -2.610727 0.001801 0.018890 0.087252 0.996006
49.499599 362.361680 30.223932 -2.691234 0.000874 0.018453 0.087492 0.995994
49.599349 363.610343 30.414386 -2.727917 0.000759 0.017638 0.088889 0.995885
49.699099 364.967568 30.648342 -2.756858 0.000174 0.017683 0.088911 0.995883
49.798875 366.316858 30.896476 -2.783849 0.000039 0.017508 0.088613 0.995912
49.899300 367.677373 31.155755 -2.814125 0.000676 0.018280 0.088532 0.995905
49.965648 368.558939 31.327435 -2.833469 0.000372 0.018614 0.088392 0.995912
50.065796 369.884974 31.583861 -2.862438 0.000129 0.019920 0.087658 0.995951
50.165693 371.208145 31.832544 -2.900627 0.000196 0.020673 0.089130 0.995805
50.247798 372.320753 32.050908 -2.931808 0.000827 0.020200 0.088867 0.995838
50.365273 373.953564 32.368751 -2.976798 0.000846 0.019548 0.089037 0.995836
50.500122 375.728671 32.703704 -3.029189 0.001089 0.019612 0.090267 0.995724
50.599149 376.987993 32.914709 -3.064923 0.001112 0.019368 0.090274 0.995728
50.699024 378.290508 33.160683 -3.103096 0.003241 0.018931 0.091487 0.995621
50.798924 379.563164 33.416889 -3.134696 0.004579 0.018894 0.091812 0.995587
50.898875 380.865198 33.678621 -3.166321 0.005261 0.020252 0.092413 0.995501
50.998725 382.155926 33.937510 -3.200675 0.005078 0.021116 0.092062 0.995516
51.098650 383.452161 34.182736 -3.240851 0.004704 0.021110 0.092485 0.995479
51.198226 384.719809 34.441787 -3.278633 0.004479 0.022254 0.092453 0.995458
51.298625 386.046793 34.714044 -3.313964 0.004669 0.022815 0.092459 0.995444
51.398873 387.321027 34.963741 -3.358121 0.004962 0.022240 0.092922 0.995413
51.499347 388.610967 35.210089 -3.396141 0.005802 0.022002 0.093601 0.995350
51.599849 389.882584 35.455090 -3.433431 0.005850 0.022588 0.094246 0.995276
51.697964 391.122885 35.701604 -3.466746 0.005576 0.022749 0.094448 0.995254
51.797846 392.380698 35.934737 -3.502200 0.005541 0.023121 0.094940 0.995199
51.825033 392.731322 36.015136 -3.513665 0.005506 0.022773 0.095134 0.995189
51.947747 394.316985 36.331350 -3.570145 0.005327 0.022637 0.095521 0.995156
52.067766 395.856906 36.647751 -3.615578 0.005900 0.022250 0.095756 0.995139
52.123987 396.571144 36.787796 -3.640711 0.005784 0.021828 0.096038 0.995122
52.210203 397.685630 37.020464 -3.673354 0.006109 0.022145 0.096331 0.995084
52.325105 399.181490 37.329020 -3.720969 0.005773 0.022624 0.096554 0.995054
52.465196 400.947621 37.684833 -3.777613 0.005531 0.022858 0.097388 0.994969
52.566747 402.186370 37.930166 -3.820133 0.005526 0.023014 0.098199 0.994885
52.666668 403.351031 38.176369 -3.858064 0.005569 0.023104 0.098595 0.994844
52.710642 403.850723 38.281299 -3.873846 0.005624 0.023043 0.098828 0.994822
52.810697 405.046251 38.533429 -3.908556 0.005109 0.023466 0.098500 0.994847
52.947094 406.645163 38.870550 -3.959943 0.004629 0.023379 0.098541 0.994848
53.065222 407.962367 39.149504 -4.004220 0.004538 0.023378 0.099086 0.994794
53.110553 408.446243 39.251536 -4.020727 0.004474 0.022992 0.099164 0.994795
53.247602 410.025882 39.577958 -4.069996 0.004599 0.022321 0.099235 0.994803
53.365246 411.323433 39.850423 -4.113589 0.004694 0.022564 0.099100 0.994811
53.461454 412.336128 40.082287 -4.145204 0.004331 0.022797 0.098295 0.994887
53.561129 413.423751 40.297139 -4.183806 0.004566 0.023087 0.099007 0.994808
53.665270 414.556914 40.531606 -4.219284 0.005052 0.023250 0.099629 0.994740
53.765174 415.637786 40.755983 -4.257528 0.005317 0.023108 0.100074 0.994697
53.865270 416.700153 40.981430 -4.292637 0.005498 0.022943 0.100918 0.994615
53.965222 417.768887 41.209681 -4.328284 0.005473 0.022867 0.101458 0.994562
54.065296 418.820801 41.438234 -4.363872 0.005373 0.022582 0.102084 0.994505
54.147672 419.686862 41.624576 -4.389595 0.005299 0.022565 0.102587 0.994454
54.265195 420.944271 41.897098 -4.432054 0.004886 0.022680 0.102820 0.994429
54.365494 421.971141 42.112033 -4.466753 0.004711 0.022925 0.103904 0.994312
54.466815 423.010058 42.337271 -4.500107 0.004509 0.023004 0.104472 0.994252
54.567068 424.068297 42.575009 -4.534174 0.004722 0.022965 0.104641 0.994234
54.666193 425.104631 42.804060 -4.567887 0.004876 0.023068 0.105252 0.994166
54.765196 426.134952 43.038854 -4.604080 0.005491 0.023495 0.105408 0.994136
54.865172 427.200069 43.277978 -4.636512 0.005532 0.024013 0.105865 0.994075
54.946699 428.049494 43.465764 -4.664495 0.005573 0.024227 0.106058 0.994049
55.047096 429.109417 43.700078 -4.698751 0.005439 0.024518 0.106600 0.993985
55.147049 430.150501 43.940516 -4.732726 0.005490 0.024495 0.106808 0.993963
55.265221 431.336876 44.214609 -4.772949 0.005350 0.023996 0.107583 0.993892
55.365869 432.325215 44.433569 -4.805848 0.005184 0.023541 0.108033 0.993855
55.466423 433.331567 44.666141 -4.838977 0.005242 0.023521 0.108528 0.993801
55.566420 434.310026 44.882942 -4.874694 0.005024 0.023877 0.108607 0.993785
55.666395 435.250283 45.102861 -4.907432 0.005241 0.023733 0.109020 0.993742
55.710829 435.673372 45.205689 -4.922443 0.004946 0.024069 0.109391 0.993695
55.865520 437.312325 45.586748 -4.982354 0.004048 0.023917 0.109871 0.993650
55.965620 438.279397 45.802028 -5.021349 0.003698 0.023662 0.110015 0.993641
56.065942 439.251382 46.024535 -5.054321 0.003177 0.023568 0.110183 0.993627
56.166241 440.177865 46.241050 -5.083406 0.002493 0.024046 0.109625 0.993679
56.266241 441.090057 46.457027 -5.116933 0.002406 0.024621 0.109353 0.993695
56.348195 441.826317 46.625197 -5.141907 0.001916 0.024787 0.109763 0.993647
56.465272 442.898485 46.891631 -5.180455 0.001517 0.025335 0.109037 0.993714
56.565221 443.787778 47.105954 -5.214440 0.001261 0.025350 0.109155 0.993701
56.602987 444.116884 47.177496 -5.225445 0.001091 0.025472 0.109009 0.993714
56.702886 445.135755 47.408082 -5.260060 0.000079 0.024299 0.109319 0.993710
56.900371 447.000436 47.831947 -5.323577 -0.000120 0.023776 0.108952 0.993763
56.999798 447.685354 47.988747 -5.353443 -0.000295 0.023413 0.109475 0.993714
57.099723 448.528372 48.187945 -5.384583 -0.000119 0.023607 0.108882 0.993774
57.199847 449.354648 48.381083 -5.413267 -0.000291 0.023759 0.109413 0.993712
57.300022 450.192145 48.577488 -5.444935 -0.000156 0.024192 0.109173 0.993728
57.365671 450.738953 48.699363 -5.464601 -0.000197 0.023906 0.109219 0.993730
57.467638 451.648400 48.916358 -5.498525 -0.000209 0.023843 0.109222 0.993731
57.567092 452.519093 49.117467 -5.533613 -0.000364 0.024484 0.109939 0.993637
57.666568 453.381556 49.318082 -5.562569 -0.000231 0.024688 0.110228 0.993600
57.767115 454.246705 49.523379 -5.595547 -0.000281 0.024399 0.110106 0.993620
57.865148 455.088963 49.717642 -5.628171 -0.000371 0.024384 0.109995 0.993633
57.966819 455.961853 49.919397 -5.659833 -0.000361 0.024670 0.110335 0.993588
58.065194 456.805313 50.112944 -5.695435 -0.000445 0.025124 0.110406 0.993569
58.165097 457.689691 50.308048 -5.725933 -0.000325 0.025175 0.110841 0.993519
58.266442 458.582006 50.516009 -5.762635 -0.000395 0.025299 0.110942 0.993505
58.366020 459.454032 50.724257 -5.797956 -0.000460 0.025310 0.111162 0.993480
58.466272 460.333580 50.930175 -5.833169 -0.000398 0.025487 0.111381 0.993451
58.565568 461.221801 51.138671 -5.871032 -0.000139 0.025848 0.110999 0.993484
58.648069 461.966926 51.310726 -5.902382 0.000232 0.026307 0.110454 0.993533
58.765172 463.075750 51.572653 -5.948813 0.001124 0.026902 0.109819 0.993587
58.811021 463.468505 51.658206 -5.965589 0.001445 0.026990 0.110193 0.993543
58.911022 464.526440 51.900837 -6.014614 0.002631 0.026881 0.109471 0.993623
59.069038 466.107734 52.261736 -6.083002 0.003486 0.026682 0.108861 0.993693
59.110479 466.446670 52.326610 -6.099839 0.003377 0.026717 0.109473 0.993625
59.266493 467.964577 52.668132 -6.162480 0.005175 0.026508 0.107017 0.993890
59.366768 468.862844 52.863506 -6.203518 0.005516 0.026425 0.106255 0.993972
59.466395 469.787274 53.067636 -6.245000 0.006665 0.026431 0.105437 0.994052
59.540118 470.453168 53.208325 -6.272520 0.007685 0.026137 0.104111 0.994192
59.634780 471.351577 53.398868 -6.311970 0.009270 0.026196 0.102282 0.994367
59.720295 472.181360 53.575976 -6.346473 0.009819 0.026646 0.101507 0.994429
59.837550 473.317344 53.807013 -6.396983 0.011012 0.027033 0.099492 0.994610
59.936404 474.234357 53.996664 -6.437467 0.011971 0.026994 0.097904 0.994758
60.033759 475.169396 54.181078 -6.481140 0.013195 0.026723 0.096764 0.994861
60.131315 476.099132 54.363509 -6.524081 0.013901 0.026754 0.095414 0.994981
60.231043 477.064588 54.565886 -6.568807 0.014296 0.027520 0.093758 0.995112
60.327679 477.995609 54.740633 -6.610591 0.014909 0.027606 0.091636 0.995298
60.429425 479.004530 54.931345 -6.653266 0.016246 0.027362 0.089880 0.995444
60.528776 479.983906 55.094218 -6.699390 0.016149 0.026699 0.089418 0.995505
60.627329 480.964078 55.271874 -6.749228 0.016172 0.025968 0.086825 0.995754
60.726654 481.976938 55.444840 -6.791777 0.017725 0.026037 0.084787 0.995901
60.816881 482.903789 55.611051 -6.837274 0.017957 0.026078 0.082381 0.996098
60.917104 483.995955 55.820465 -6.890847 0.019661 0.026349 0.079702 0.996276
61.025284 485.157766 56.004215 -6.942292 0.020737 0.026908 0.078002 0.996374
61.117105 486.140742 56.147833 -6.985661 0.022869 0.027481 0.076495 0.996429
61.223915 487.330199 56.338776 -7.038403 0.024905 0.028076 0.073586 0.996582
61.325036 488.410343 56.501299 -7.093818 0.025690 0.028744 0.070848 0.996742
61.423513 489.491853 56.656587 -7.147794 0.026940 0.028988 0.067617 0.996926
61.523267 490.608987 56.799320 -7.200750 0.027892 0.029167 0.064368 0.997110
61.624212 491.777147 56.953355 -7.260592 0.028391 0.029390 0.061043 0.997298
61.725533 492.957150 57.089811 -7.323036 0.028721 0.030148 0.057153 0.997497
61.826258 494.136456 57.230699 -7.382429 0.029111 0.030576 0.053641 0.997667
61.928477 495.352543 57.356516 -7.446003 0.029200 0.030171 0.049364 0.997898
62.031515 496.585257 57.492328 -7.512563 0.028625 0.029625 0.045071 0.998134
62.141891 497.922575 57.612069 -7.583228 0.027822 0.030154 0.039843 0.998363
62.208866 498.697013 57.661957 -7.626999 0.027175 0.030110 0.038021 0.998453
62.309318 500.046506 57.765828 -7.703336 0.026850 0.029452 0.030467 0.998741
62.409541 501.342995 57.844271 -7.773882 0.027315 0.028793 0.025083 0.998897
62.509893 502.655782 57.898746 -7.845532 0.028143 0.029052 0.020100 0.998979
62.609719 503.950348 57.933715 -7.916539 0.028989 0.029262 0.015088 0.999037
62.709570 505.226122 57.958349 -7.981635 0.030968 0.029216 0.009700 0.999046
62.810917 506.566847 57.987284 -8.053328 0.033083 0.029575 0.004158 0.999006
62.909896 507.881074 58.003514 -8.122731 0.033857 0.030762 -0.001360 0.998952
63.031614 509.527672 57.985820 -8.221936 0.036275 0.031233 -0.008192 0.998820
63.136401 510.896975 57.969925 -8.294073 0.036340 0.029484 -0.013363 0.998815
63.239843 512.224412 57.926261 -8.380475 0.036479 0.029045 -0.019307 0.998726
63.333934 513.458856 57.882486 -8.446850 0.036944 0.029569 -0.025258 0.998560
63.426254 514.703215 57.812866 -8.520802 0.037528 0.031132 -0.031688 0.998308
63.529671 516.146852 57.706540 -8.600862 0.038408 0.032082 -0.039175 0.997978
63.674325 518.137798 57.534256 -8.727035 0.038550 0.033543 -0.048603 0.997510
63.768963 519.328856 57.461622 -8.799127 0.038345 0.034274 -0.053707 0.997231
63.829441 520.137970 57.363912 -8.855583 0.038734 0.035045 -0.057564 0.996974
63.969263 522.093946 57.118769 -8.983849 0.038915 0.035801 -0.068139 0.996274
64.068916 523.450749 56.936194 -9.076971 0.038183 0.035420 -0.074253 0.995878
64.169015 524.822451 56.726188 -9.174115 0.037778 0.035022 -0.081816 0.995315
64.268968 526.202119 56.487972 -9.265147 0.037887 0.035067 -0.088955 0.994697
64.369017 527.584862 56.233558 -9.360706 0.037805 0.035490 -0.096185 0.994012
64.469017 528.967299 55.961670 -9.457308 0.037876 0.035863 -0.103273 0.993284
64.569163 530.369240 55.672823 -9.554903 0.038119 0.036206 -0.111073 0.992421
64.632687 531.249931 55.469162 -9.619010 0.037724 0.036469 -0.115965 0.991866
64.732766 532.710938 55.109198 -9.724258 0.038302 0.036444 -0.124561 0.990802
64.834609 534.182472 54.738458 -9.830874 0.038122 0.036200 -0.131993 0.989856
64.928251 535.519838 54.383175 -9.935041 0.038115 0.035584 -0.139672 0.988824
65.025806 536.918382 53.972058 -10.035473 0.038819 0.035221 -0.146693 0.987792
65.125010 538.340106 53.546378 -10.142231 0.038730 0.035201 -0.153028 0.986835
65.225958 539.781381 53.084794 -10.247254 0.038161 0.035377 -0.160111 0.985726
65.327153 541.205312 52.606810 -10.355293 0.038000 0.035687 -0.166756 0.984619
65.423169 542.563255 52.133031 -10.458473 0.037321 0.035827 -0.173182 0.983530
65.524512 543.999047 51.622069 -10.575462 0.036692 0.036348 -0.180244 0.982265
65.624663 545.412084 51.089060 -10.686273 0.036661 0.037112 -0.186989 0.980976
65.725510 546.817914 50.541970 -10.802504 0.037462 0.037519 -0.193889 0.979590
65.826005 548.204286 49.974872 -10.914964 0.037707 0.037792 -0.200201 0.978299
65.925584 549.583532 49.388215 -11.036143 0.037227 0.038142 -0.206527 0.976988
66.027302 550.983210 48.767027 -11.151037 0.037284 0.037936 -0.213165 0.975567
66.122839 552.284610 48.171094 -11.265879 0.036035 0.038226 -0.219656 0.974162
66.227877 553.733022 47.488477 -11.393677 0.035319 0.038782 -0.226310 0.972642
66.328973 555.097282 46.825014 -11.512083 0.033825 0.038713 -0.232854 0.971152
66.431441 556.457119 46.143001 -11.635677 0.032577 0.038806 -0.239517 0.969569
66.533584 557.801103 45.444553 -11.755748 0.031608 0.039031 -0.245974 0.967974
66.628951 559.039089 44.770554 -11.868755 0.031456 0.039109 -0.251573 0.966536
66.726282 560.302155 44.065066 -11.985363 0.030790 0.039271 -0.257915 0.964878
66.825954 561.586753 43.333914 -12.102385 0.030680 0.040775 -0.262812 0.963497
66.929270 562.915623 42.549997 -12.227141 0.029205 0.042305 -0.267456 0.962198
67.021196 564.088264 41.848334 -12.347432 0.029082 0.042832 -0.270966 0.961196
67.122140 565.378109 41.074988 -12.475704 0.028362 0.042865 -0.274235 0.960288
67.221316 566.641686 40.302494 -12.607689 0.027286 0.043392 -0.276914 0.959527
67.322040 567.922735 39.507970 -12.733628 0.026555 0.043263 -0.279513 0.958799
67.423563 569.213518 38.706639 -12.869654 0.025027 0.042693 -0.282019 0.958132
67.524385 570.467354 37.906552 -12.996224 0.023946 0.042640 -0.284056 0.957560
67.625454 571.729493 37.096542 -13.122763 0.023766 0.042955 -0.284957 0.957282
67.724163 572.948769 36.303991 -13.239919 0.023644 0.042408 -0.286108 0.956966
67.823787 574.188144 35.509223 -13.366474 0.022792 0.041789 -0.286797 0.956808
67.923836 575.426295 34.705999 -13.484190 0.022464 0.041912 -0.287603 0.956568
68.024185 576.651585 33.905515 -13.605509 0.020921 0.042993 -0.288081 0.956412
68.122891 577.857776 33.131841 -13.725608 0.020034 0.043795 -0.288330 0.956319
68.223691 579.093698 32.333527 -13.849782 0.018921 0.044805 -0.288395 0.956275
68.323088 580.301789 31.553989 -13.973436 0.018570 0.045258 -0.288201 0.956320
68.421743 581.513761 30.766775 -14.098976 0.017828 0.045807 -0.287674 0.956466
68.521965 582.730167 29.969985 -14.223554 0.017408 0.045875 -0.286732 0.956753
68.622293 583.956766 29.178699 -14.350078 0.016075 0.046217 -0.285275 0.957196
68.708109 584.997689 28.503135 -14.455042 0.016038 0.046004 -0.284298 0.957497
68.807961 586.261457 27.692700 -14.583940 0.014682 0.046785 -0.282175 0.958109
68.907637 587.522101 26.893103 -14.715089 0.014564 0.047279 -0.279817 0.958778
69.007313 588.785696 26.105830 -14.845190 0.013947 0.048234 -0.277089 0.959532
69.120148 590.209543 25.236507 -14.990889 0.014259 0.048448 -0.273376 0.960580
69.221193 591.445954 24.497296 -15.118335 0.013422 0.047666 -0.269723 0.961664
69.321394 592.665629 23.778546 -15.246888 0.012011 0.047597 -0.265653 0.962818
69.421767 593.917545 23.044959 -15.372712 0.011528 0.048493 -0.261888 0.963810
69.521369 595.166905 22.329050 -15.500116 0.011781 0.049844 -0.257098 0.965027
69.622215 596.418348 21.621520 -15.628245 0.011038 0.050416 -0.252500 0.966219
69.719670 597.658398 20.948197 -15.756835 0.010754 0.049874 -0.247804 0.967466
69.819476 598.943943 20.274570 -15.889355 0.009678 0.049733 -0.243200 0.968652
69.918927 600.235583 19.611928 -16.021160 0.008956 0.049848 -0.237949 0.969956
70.018877 601.525979 18.972243 -16.150133 0.007325 0.050456 -0.232394 0.971285
70.119074 602.827757 18.330895 -16.282127 0.005886 0.050887 -0.226802 0.972593
70.220697 604.157259 17.693506 -16.413960 0.004994 0.051171 -0.220410 0.974051
70.318100 605.435547 17.108975 -16.545412 0.005112 0.051277 -0.214289 0.975410
70.417631 606.752721 16.521601 -16.677581 0.004897 0.051166 -0.207465 0.976891
70.517556 608.072232 15.959928 -16.802363 0.005284 0.050628 -0.200459 0.978379
70.700322 610.518190 14.969386 -17.039884 0.003607 0.051750 -0.187569 0.980881
70.798824 611.804342 14.451588 -17.163025 0.003652 0.051256 -0.181865 0.981980
70.898774 613.135673 13.957283 -17.288794 0.002458 0.051232 -0.175006 0.983231
70.998625 614.472497 13.518799 -17.418440 0.001876 0.050900 -0.167298 0.984590
71.098600 615.821298 13.068823 -17.546111 0.000875 0.051582 -0.160547 0.985679
71.198525 617.176250 12.644407 -17.672798 -0.000024 0.051844 -0.153359 0.986810
71.298875 618.547151 12.222021 -17.803419 -0.001562 0.051890 -0.145588 0.987982
71.399449 619.915962 11.839017 -17.937071 -0.001916 0.051550 -0.138292 0.989047
71.499998 621.297185 11.478111 -18.067194 -0.002812 0.051103 -0.131163 0.990039
71.600171 622.652763 11.131551 -18.188273 -0.003258 0.051214 -0.123361 0.991034
71.600673 622.646966 11.133626 -18.187558 -0.003267 0.051232 -0.123224 0.991050
71.718377 624.336609 10.771572 -18.347402 -0.002468 0.049382 -0.111991 0.992478
71.817653 625.697776 10.496803 -18.464770 -0.001855 0.048283 -0.103466 0.993459
71.917577 627.091162 10.229017 -18.582765 -0.001645 0.047561 -0.095604 0.994281
72.017577 628.495261 9.984886 -18.700544 -0.001803 0.047121 -0.087141 0.995079
72.118148 629.898651 9.746800 -18.815980 -0.002111 0.046934 -0.078760 0.995786
72.217903 631.298715 9.536616 -18.928524 -0.002270 0.046660 -0.070013 0.996452
72.317578 632.705638 9.367252 -19.043576 -0.002208 0.046374 -0.060720 0.997075
72.418673 634.131595 9.221262 -19.161659 -0.002359 0.046131 -0.051289 0.997615
72.518502 635.537430 9.092898 -19.276862 -0.002452 0.046182 -0.041602 0.998063
72.617525 636.913807 9.001383 -19.386045 -0.002114 0.046538 -0.031807 0.998408
72.718126 638.308326 8.934912 -19.496886 -0.002107 0.046901 -0.022666 0.998640
72.818849 639.682273 8.901367 -19.604769 -0.001971 0.046871 -0.013261 0.998811
72.910266 640.883157 8.899124 -19.695576 -0.001287 0.046469 -0.004676 0.998908
73.010320 642.240609 8.904283 -19.797022 -0.001432 0.045856 0.004270 0.998938
73.110398 643.566356 8.931564 -19.898025 -0.001503 0.045401 0.013731 0.998873
73.210596 644.863566 8.988266 -19.992199 -0.001700 0.044755 0.022506 0.998743
73.310679 646.135600 9.077506 -20.084890 -0.002564 0.044356 0.031463 0.998517
73.411132 647.396623 9.179483 -20.175245 -0.003478 0.044354 0.039995 0.998209
73.540544 648.955905 9.348284 -20.285591 -0.004500 0.044244 0.050213 0.997748
73.641786 650.106887 9.473951 -20.369350 -0.004935 0.043649 0.057716 0.997366
73.746727 651.295782 9.626054 -20.454311 -0.005885 0.043050 0.065111 0.996932
73.848294 652.421493 9.777596 -20.537569 -0.006935 0.042331 0.071008 0.996553
73.912095 653.104045 9.888512 -20.584289 -0.007189 0.041947 0.074253 0.996331
74.012016 654.210762 10.078282 -20.659206 -0.007042 0.040600 0.077331 0.996154
74.112065 655.306575 10.265726 -20.735721 -0.005935 0.039397 0.080977 0.995919
74.212067 656.391724 10.455709 -20.807228 -0.004576 0.038838 0.083814 0.995714
74.312065 657.457775 10.638140 -20.875252 -0.002852 0.038893 0.086909 0.995453
74.412019 658.481372 10.827170 -20.935320 -0.001364 0.039352 0.089491 0.995209
74.512067 659.476082 11.011022 -20.996523 -0.000539 0.039924 0.092190 0.994941
74.612165 660.441299 11.200949 -21.056327 0.000225 0.040324 0.093899 0.994765
74.712021 661.382768 11.375037 -21.114546 0.001034 0.040867 0.095635 0.994577
74.865150 662.773001 11.658350 -21.199058 0.001627 0.041492 0.097285 0.994390
74.912017 663.125669 11.710981 -21.222410 0.001267 0.040936 0.100356 0.994108
75.012048 663.996796 11.893153 -21.275828 0.001960 0.040839 0.098577 0.994289
75.112145 664.845138 12.076472 -21.331817 0.002272 0.040249 0.099648 0.994206
75.212068 665.671219 12.248087 -21.384454 0.003002 0.039498 0.100035 0.994195
75.312144 666.494549 12.427598 -21.436825 0.003314 0.038367 0.100925 0.994148
75.412068 667.304606 12.584471 -21.486325 0.003417 0.037204 0.101001 0.994185
75.511996 668.110473 12.755284 -21.535458 0.003730 0.036765 0.100721 0.994228
75.612071 668.899898 12.917903 -21.585227 0.003785 0.036914 0.101237 0.994170
75.712069 669.662115 13.078098 -21.630456 0.003897 0.037580 0.101450 0.994123
75.812043 670.410732 13.249294 -21.674870 0.003473 0.038020 0.101124 0.994141
75.965170 671.532275 13.480228 -21.742469 0.003557 0.038373 0.101048 0.994135
76.065122 672.206765 13.621382 -21.785946 0.003594 0.038102 0.102047 0.994043
76.112122 672.513671 13.672953 -21.804697 0.003674 0.037691 0.101633 0.994101
76.265149 673.563208 13.895226 -21.870725 0.004481 0.038625 0.100676 0.994159
76.312170 673.848615 13.954674 -21.888476 0.004668 0.038067 0.102029 0.994042
76.465147 674.840289 14.169571 -21.947059 0.005132 0.039082 0.100850 0.994120
76.512168 675.107962 14.229062 -21.964818 0.005174 0.038535 0.101985 0.994026
76.600673 675.096964 14.231980 -21.964003 0.005188 0.038545 0.101877 0.994036
76.800247 676.822088 14.605537 -22.068709 0.006193 0.039678 0.101202 0.994055
76.900022 677.326844 14.697116 -22.101217 0.006424 0.039141 0.102875 0.993903
76.999997 677.829766 14.805618 -22.133419 0.006325 0.039482 0.102876 0.993890
77.099922 678.313803 14.905397 -22.164449 0.006312 0.039722 0.102547 0.993915
77.200121 678.787486 15.004228 -22.195424 0.006567 0.039824 0.102409 0.993923
77.299897 679.234709 15.102404 -22.221228 0.007175 0.040051 0.101919 0.993960
77.399798 679.662322 15.187527 -22.246149 0.007451 0.040336 0.101786 0.993960
77.500321 680.072028 15.273909 -22.271576 0.007530 0.040593 0.101510 0.993977
77.600347 680.445324 15.359475 -22.296109 0.007399 0.040451 0.101170 0.994019
77.665247 680.683423 15.403907 -22.309715 0.007282 0.040327 0.101022 0.994040
77.765097 681.037340 15.486355 -22.332674 0.007462 0.040642 0.099936 0.994135
77.865149 681.344927 15.545082 -22.353704 0.007624 0.040876 0.099219 0.994196
77.965174 681.647374 15.610031 -22.370628 0.007369 0.040879 0.098965 0.994224
78.065123 681.932662 15.680058 -22.389038 0.007162 0.041161 0.098725 0.994237
78.166244 682.197914 15.733608 -22.407278 0.007363 0.041061 0.098444 0.994268
78.211969 682.311501 15.750945 -22.412752 0.007699 0.040573 0.099179 0.994212
78.365174 682.692215 15.830634 -22.435187 0.007654 0.041132 0.097912 0.994315
78.466418 682.896780 15.869982 -22.448528 0.007745 0.040817 0.098415 0.994278
78.565122 683.086017 15.911296 -22.460609 0.007361 0.040613 0.098269 0.994304
78.665220 683.254250 15.949971 -22.474580 0.007306 0.040653 0.098018 0.994327
78.712119 683.322988 15.961411 -22.477579 0.007323 0.040494 0.097811 0.994354
78.812171 683.478296 15.988989 -22.488831 0.007457 0.040632 0.097604 0.994368
78.912116 683.611523 16.021912 -22.495756 0.007297 0.040535 0.097951 0.994339
79.012165 683.728768 16.049311 -22.503326 0.007328 0.040168 0.097743 0.994374
79.112018 683.834131 16.071845 -22.511154 0.007330 0.039513 0.098006 0.994374
79.212143 683.921696 16.089054 -22.516084 0.007588 0.038805 0.097683 0.994432
79.312069 684.001907 16.105568 -22.520871 0.007667 0.038355 0.097495 0.994467
79.412067 684.075888 16.113133 -22.525126 0.007576 0.038402 0.097126 0.994502
79.511970 684.141966 16.129846 -22.528938 0.007457 0.038392 0.097162 0.994500
79.612017 684.189963 16.139370 -22.532729 0.007365 0.038313 0.097293 0.994491
79.712066 684.243047 16.154121 -22.536776 0.007490 0.038525 0.097240 0.994487
79.812093 684.288038 16.162395 -22.539618 0.007499 0.038545 0.096629 0.994546
79.912118 684.329561 16.170840 -22.541629 0.007520 0.038504 0.096747 0.994536
80.012017 684.360839 16.177545 -22.543935 0.007444 0.038546 0.096965 0.994513
80.112118 684.386176 16.185809 -22.544859 0.007406 0.038553 0.096781 0.994531
80.212068 684.411427 16.195919 -22.546516 0.007483 0.038430 0.096773 0.994536
80.312067 684.421808 16.196467 -22.548522 0.007605 0.038387 0.096846 0.994530
80.412167 684.424283 16.197451 -22.547905 0.007553 0.038173 0.096653 0.994557
80.512168 684.424233 16.202493 -22.547509 0.007451 0.037932 0.096372 0.994594
80.612070 684.430588 16.199477 -22.549722 0.007391 0.037935 0.096645 0.994568
80.712167 684.439665 16.198172 -22.549942 0.007383 0.037916 0.096566 0.994577
80.812071 684.452383 16.198807 -22.550960 0.007432 0.037959 0.096601 0.994571
80.912118 684.458786 16.206561 -22.551101 0.007430 0.038030 0.096662 0.994563
81.012142 684.464101 16.205292 -22.551052 0.007395 0.038048 0.096801 0.994549
81.111969 684.462957 16.203785 -22.550565 0.007401 0.037850 0.096598 0.994576
81.212168 684.476045 16.204400 -22.551304 0.007393 0.037664 0.096672 0.994576
81.312145 684.483626 16.204684 -22.551912 0.007355 0.037818 0.096689 0.994569
81.412166 684.481262 16.204178 -22.551042 0.007423 0.037798 0.096928 0.994546
81.512043 684.475004 16.204397 -22.551138 0.007442 0.037646 0.096677 0.994576
81.612167 684.476332 16.207609 -22.551669 0.007426 0.037737 0.096584 0.994581
81.712066 684.473926 16.211764 -22.550860 0.007389 0.037773 0.096479 0.994591
81.812043 684.474198 16.208845 -22.552422 0.007512 0.037669 0.096593 0.994583
81.912118 684.476043 16.211683 -22.551145 0.007435 0.037713 0.096701 0.994571
82.012017 684.472006 16.203688 -22.550745 0.007442 0.037769 0.096894 0.994550
82.112019 684.467857 16.214256 -22.550704 0.007396 0.037760 0.096672 0.994572
82.212021 684.472950 16.206311 -22.550699 0.007383 0.037680 0.096613 0.994581
82.311968 684.474984 16.206055 -22.551234 0.007350 0.037719 0.096807 0.994561
82.411995 684.473359 16.203603 -22.551089 0.007376 0.037751 0.096839 0.994556
82.512041 684.471869 16.205880 -22.551019 0.007413 0.037755 0.096621 0.994577
82.612195 684.482527 16.206555 -22.551613 0.007393 0.037731 0.096793 0.994562
82.712095 684.489715 16.208880 -22.551989 0.007393 0.037715 0.096731 0.994568
82.812142 684.494779 16.211466 -22.552123 0.007356 0.037714 0.096816 0.994560
82.912092 684.496332 16.210617 -22.553512 0.007444 0.037702 0.096635 0.994578
83.012166 684.497450 16.212589 -22.553030 0.007481 0.037716 0.096675 0.994573
83.112119 684.498230 16.215083 -22.553259 0.007429 0.037723 0.096521 0.994588
83.265148 684.498304 16.210738 -22.552836 0.007349 0.037900 0.096623 0.994572
83.312020 684.500144 16.211536 -22.552706 0.007399 0.037480 0.096419 0.994607
83.412064 684.498586 16.210808 -22.552702 0.007429 0.037745 0.096630 0.994577
