1.312091 0.137516 0.008270 0.003331 0.000308 0.000293 0.000164 1.000000
1.412166 0.342479 -0.001168 0.003293 0.000151 0.000173 0.000256 1.000000
1.510704 0.517114 0.005781 0.007219 0.000372 0.000022 0.000523 1.000000
1.610781 0.749613 0.008393 0.007309 0.000381 0.000040 0.000731 1.000000
1.710782 0.995233 0.013507 0.011586 0.000219 0.000052 0.000703 1.000000
1.810680 1.244672 0.017134 0.012245 0.000032 0.000158 0.000944 1.000000
1.910656 1.504268 0.018019 0.015677 -0.000011 0.000193 0.001095 0.999999
2.010682 1.758325 0.025500 0.016043 0.000041 0.000112 0.001186 0.999999
2.110756 2.025682 0.025684 0.020634 0.000092 -0.000001 0.001131 0.999999
2.210706 2.264206 0.027334 0.019866 -0.000038 0.000064 0.001291 0.999999
2.310809 2.534179 0.028837 0.023472 -0.000030 -0.000049 0.001211 0.999999
2.410883 2.768874 0.029265 0.027944 0.000058 -0.000029 0.001261 0.999999
2.510755 3.010976 0.036396 0.029597 0.000123 0.000001 0.001175 0.999999
2.610659 3.250197 0.020152 0.036486 -0.000164 0.000231 0.001070 0.999999
2.710833 3.507090 0.037945 0.032711 -0.000389 0.000397 0.001223 0.999999
2.810832 3.716700 0.043607 0.037225 -0.000340 0.000197 0.000908 1.000000
2.910709 3.938647 0.050416 0.034125 -0.000502 0.000310 0.000982 0.999999
3.010884 4.157197 0.041605 0.042383 -0.000487 0.000582 0.001110 0.999999
3.112140 4.394673 0.051797 0.041067 -0.000526 0.000461 0.000992 0.999999
3.212113 4.596879 0.051460 0.043990 -0.000381 0.000462 0.000589 1.000000
3.310735 4.833798 0.052592 0.048041 -0.000305 0.000552 0.000545 1.000000
3.410934 5.044346 0.055531 0.049456 -0.000274 0.000616 0.000765 0.999999
3.512091 5.250378 0.057713 0.049949 -0.000482 0.000287 0.000683 1.000000
3.612120 5.441747 0.053790 0.050928 -0.000716 -0.000224 0.000578 1.000000
3.712116 5.630283 0.053450 0.052252 -0.000609 -0.000525 0.000467 1.000000
3.812142 5.876122 0.065094 0.055424 -0.000421 -0.000751 0.000650 0.999999
3.912117 6.076701 0.064470 0.054345 -0.000444 -0.000864 0.000717 0.999999
4.012116 6.324440 0.068901 0.058150 -0.000396 -0.000890 0.000852 0.999999
4.112045 6.555494 0.074539 0.056487 -0.000451 -0.001051 0.001114 0.999999
4.212166 6.808549 0.078594 0.061049 -0.000150 -0.001270 0.001259 0.999998
4.312218 7.084515 0.077345 0.063607 -0.000248 -0.001423 0.001790 0.999997
4.412168 7.377275 0.089238 0.065930 -0.000338 -0.001542 0.002078 0.999997
4.512072 7.650338 0.098837 0.065507 -0.000448 -0.001748 0.002533 0.999995
4.612068 7.984504 0.107147 0.068918 -0.000305 -0.001897 0.003053 0.999993
4.712169 8.341468 0.111479 0.072881 -0.000273 -0.002179 0.003307 0.999992
4.812119 8.678518 0.121886 0.074450 -0.000420 -0.002293 0.003669 0.999991
4.912042 9.051190 0.124836 0.075054 -0.000509 -0.002309 0.003809 0.999990
5.012095 9.430149 0.133771 0.083710 -0.000225 -0.002286 0.004121 0.999989
5.112217 9.830927 0.144689 0.085291 -0.000233 -0.002383 0.004096 0.999989
5.212018 10.213564 0.155803 0.088994 -0.000407 -0.002463 0.004069 0.999989
5.312093 10.611982 0.158953 0.091314 -0.000535 -0.002442 0.004271 0.999988
5.412117 11.049158 0.166424 0.095687 -0.000488 -0.002540 0.004326 0.999987
5.502980 11.450099 0.163578 0.101620 -0.000412 -0.002769 0.004100 0.999988
5.612069 11.972860 0.178402 0.104289 -0.000208 -0.002683 0.004000 0.999988
5.712166 12.438418 0.179072 0.112121 -0.000564 -0.002795 0.004224 0.999987
5.812167 12.925979 0.198670 0.109243 -0.000713 -0.002826 0.004225 0.999987
5.912068 13.424671 0.199825 0.120413 -0.000658 -0.003111 0.004015 0.999987
6.085860 14.344583 0.214748 0.132109 -0.000644 -0.002970 0.004059 0.999987
6.112142 14.407644 0.210764 0.130280 -0.000661 -0.002927 0.004239 0.999987
6.212192 14.995225 0.227804 0.136932 -0.000626 -0.002456 0.004217 0.999988
6.312167 15.569368 0.226502 0.142865 -0.000779 -0.002553 0.003977 0.999989
6.412119 16.140468 0.237275 0.145923 -0.001265 -0.002035 0.003852 0.999990
6.600122 17.287318 0.244910 0.156483 -0.000999 -0.000210 0.003438 0.999994
6.700171 17.721698 0.239877 0.164931 -0.001337 -0.000219 0.003521 0.999993
6.800072 18.218452 0.261793 0.169241 -0.000947 0.001008 0.003854 0.999992
6.900072 18.726613 0.274983 0.172936 -0.000646 0.001789 0.004142 0.999990
7.000072 19.232051 0.274714 0.178046 -0.000831 0.002159 0.004377 0.999988
7.100097 19.739513 0.292847 0.176563 -0.000851 0.002238 0.004407 0.999987
7.199973 20.277514 0.294559 0.183567 -0.000895 0.002377 0.004626 0.999986
7.299773 20.828616 0.297602 0.185760 -0.000938 0.002426 0.004511 0.999986
7.399748 21.340051 0.316691 0.190210 -0.000785 0.002655 0.004615 0.999986
7.499898 21.907185 0.335923 0.189417 -0.001046 0.002755 0.005037 0.999983
7.600247 22.493545 0.336394 0.197355 -0.001089 0.002688 0.005007 0.999983
7.610686 22.551117 0.337596 0.195095 -0.000970 0.002632 0.004795 0.999985
7.712064 23.275691 0.342250 0.202237 -0.001221 0.002959 0.004915 0.999983
7.812070 23.955281 0.349581 0.201912 -0.001427 0.002888 0.005383 0.999980
7.912018 24.589734 0.362411 0.208708 -0.001552 0.002798 0.005444 0.999980
8.012019 25.195214 0.375705 0.210708 -0.001745 0.002879 0.005428 0.999980
8.112092 25.777981 0.393928 0.213388 -0.001657 0.003041 0.005872 0.999977
8.212115 26.358884 0.392675 0.217703 -0.001491 0.002765 0.006082 0.999977
8.312068 26.923404 0.404123 0.219560 -0.001462 0.002529 0.006102 0.999977
8.412115 27.477114 0.413092 0.222481 -0.001603 0.002351 0.006337 0.999976
8.512071 27.997755 0.426280 0.223953 -0.001328 0.002174 0.006384 0.999976
8.612217 28.522481 0.443212 0.228462 -0.001185 0.001895 0.006191 0.999978
8.712023 29.045019 0.447091 0.232710 -0.001422 0.002030 0.006334 0.999977
8.812020 29.549684 0.470247 0.233807 -0.001577 0.002090 0.006536 0.999975
8.912220 30.048135 0.475929 0.235414 -0.001364 0.001999 0.006495 0.999976
9.012020 30.576641 0.488383 0.241966 -0.001263 0.001898 0.006213 0.999978
9.112167 31.074193 0.495304 0.244900 -0.001320 0.001779 0.006121 0.999979
9.212113 31.579935 0.505402 0.247506 -0.001366 0.001845 0.006060 0.999979
9.312113 32.125988 0.507118 0.252628 -0.001394 0.001904 0.005826 0.999980
9.412067 32.672330 0.531023 0.258438 -0.001528 0.002006 0.005862 0.999980
9.512018 33.202046 0.536171 0.257760 -0.001609 0.002278 0.006028 0.999978
9.612091 33.723647 0.550712 0.266002 -0.001653 0.002186 0.005922 0.999979
9.712219 34.194763 0.561767 0.266128 -0.001430 0.002241 0.005910 0.999979
9.812168 34.707294 0.578944 0.272422 -0.001048 0.002276 0.005715 0.999981
9.912170 35.218862 0.575806 0.274509 -0.001454 0.002262 0.005732 0.999980
10.012067 35.726415 0.587587 0.279716 -0.001551 0.002162 0.005449 0.999982
10.112042 36.229434 0.609149 0.277421 -0.001529 0.002373 0.005444 0.999981
10.212165 36.745629 0.609031 0.284516 -0.001552 0.002573 0.005533 0.999980
10.312069 37.241107 0.604508 0.288690 -0.001340 0.002507 0.005474 0.999981
10.412218 37.747038 0.624932 0.293327 -0.001069 0.002740 0.005346 0.999981
10.512092 38.235706 0.652029 0.293207 -0.001010 0.002995 0.005914 0.999978
10.612065 38.742113 0.645370 0.299449 -0.001199 0.003017 0.006023 0.999977
10.712163 39.267272 0.658026 0.303911 -0.001455 0.002834 0.006124 0.999976
10.812066 39.766701 0.668118 0.305825 -0.001120 0.003008 0.006140 0.999976
10.912168 40.254510 0.674765 0.311067 -0.000966 0.003274 0.006891 0.999970
11.012166 40.721576 0.685007 0.309764 -0.001185 0.003538 0.007393 0.999966
11.112067 41.166535 0.697033 0.311370 -0.000933 0.003508 0.007578 0.999965
11.212020 41.627372 0.711969 0.313732 -0.000697 0.003411 0.007795 0.999964
11.312191 42.089117 0.726497 0.314682 -0.000920 0.003504 0.008240 0.999959
11.412066 42.569857 0.728418 0.318006 -0.001206 0.003863 0.008876 0.999952
11.500673 42.584892 0.728881 0.318678 -0.001186 0.003884 0.008898 0.999952
11.700022 43.973104 0.773158 0.321479 -0.000972 0.003673 0.009922 0.999944
11.799922 44.344253 0.783749 0.326595 -0.001238 0.003710 0.010166 0.999941
11.899798 44.705355 0.795522 0.324860 -0.001347 0.003722 0.010850 0.999933
11.999598 45.050118 0.809464 0.326895 -0.001159 0.003574 0.010898 0.999934
12.099723 45.389379 0.814097 0.326845 -0.001205 0.003582 0.011235 0.999930
12.199672 45.735556 0.842426 0.329997 -0.001159 0.003590 0.011490 0.999927
12.299648 46.094596 0.845796 0.327100 -0.001368 0.003641 0.012332 0.999916
12.399598 46.470557 0.868091 0.330872 -0.001413 0.003698 0.012312 0.999916
12.499698 46.826614 0.872001 0.332847 -0.001447 0.003860 0.012351 0.999915
12.599624 47.193300 0.892236 0.333194 -0.001711 0.004194 0.012564 0.999911
12.699424 47.567524 0.909670 0.333654 -0.001843 0.004319 0.013054 0.999904
12.799373 47.915821 0.919411 0.332740 -0.002002 0.004098 0.013272 0.999902
12.899623 48.290150 0.940941 0.334205 -0.001797 0.003990 0.012983 0.999906
12.999599 48.663340 0.936683 0.335825 -0.001906 0.004234 0.012976 0.999905
13.099847 49.043981 0.954152 0.340216 -0.002188 0.004241 0.012972 0.999904
13.200297 49.416169 0.958914 0.337205 -0.002482 0.004192 0.013015 0.999903
13.300347 49.752760 0.976021 0.340677 -0.002592 0.003999 0.012938 0.999905
13.312065 49.801509 0.978855 0.338133 -0.002657 0.003883 0.012744 0.999908
13.412070 50.232932 0.972149 0.342347 -0.002775 0.004087 0.012369 0.999911
13.512120 50.615715 0.990737 0.340838 -0.002751 0.004165 0.012467 0.999910
13.612139 50.984266 0.998319 0.345409 -0.003029 0.004176 0.012528 0.999908
13.712065 51.345717 1.017143 0.342925 -0.002976 0.004314 0.012697 0.999906
13.812068 51.708661 1.035461 0.345258 -0.003021 0.004206 0.012964 0.999903
13.910779 52.041079 1.035583 0.347062 -0.003057 0.003953 0.012969 0.999903
14.010754 52.385815 1.044696 0.348378 -0.003264 0.004085 0.013371 0.999897
14.110779 52.728228 1.058361 0.350682 -0.003106 0.004197 0.013428 0.999896
14.210827 53.070242 1.066231 0.349712 -0.003039 0.004131 0.013850 0.999891
14.310879 53.402461 1.084816 0.356270 -0.003071 0.003971 0.013626 0.999895
14.412118 53.740091 1.093683 0.351620 -0.003406 0.003958 0.013903 0.999890
14.512218 54.084984 1.118618 0.351791 -0.003308 0.003848 0.014236 0.999886
14.612166 54.441903 1.123978 0.355178 -0.003427 0.003722 0.014129 0.999887
14.712067 54.770152 1.143043 0.358562 -0.003282 0.003578 0.014163 0.999888
14.812170 55.129737 1.171019 0.358037 -0.003243 0.003410 0.014020 0.999891
14.912191 55.485294 1.174179 0.356401 -0.003261 0.003410 0.013809 0.999894
15.012118 55.835241 1.185304 0.359272 -0.003310 0.003348 0.014019 0.999891
15.112072 56.184471 1.200732 0.357856 -0.003562 0.003292 0.013730 0.999894
15.212217 56.558233 1.214980 0.361017 -0.003529 0.003007 0.013905 0.999893
15.312169 56.926832 1.214285 0.359069 -0.003317 0.002934 0.013650 0.999897
15.412119 57.283867 1.240579 0.366300 -0.003076 0.002809 0.013683 0.999898
15.512165 57.624893 1.247647 0.361632 -0.003181 0.002742 0.013889 0.999895
15.612169 57.979318 1.241808 0.364589 -0.003643 0.002501 0.013862 0.999894
15.712091 58.331479 1.251865 0.361739 -0.003386 0.001867 0.013899 0.999896
15.812190 58.692907 1.264060 0.369930 -0.002903 0.000946 0.013251 0.999908
15.912117 59.054969 1.286322 0.367686 -0.002727 0.000663 0.012579 0.999917
16.012216 59.434310 1.301946 0.373936 -0.002936 0.000944 0.011461 0.999930
16.112194 59.828614 1.323860 0.364739 -0.003340 0.001576 0.010301 0.999940
16.212018 60.233243 1.312489 0.369332 -0.004163 0.001907 0.008862 0.999950
16.312118 60.686340 1.335796 0.369049 -0.004252 0.001560 0.006685 0.999967
16.412219 61.112476 1.326781 0.372177 -0.003879 0.001751 0.004294 0.999982
16.512067 61.546444 1.327772 0.380017 -0.003137 0.002244 0.001632 0.999991
16.612170 62.002004 1.324733 0.382057 -0.002791 0.002435 -0.000590 0.999993
16.712191 62.455760 1.318990 0.378227 -0.003243 0.001846 -0.002993 0.999989
16.812040 62.917367 1.322800 0.369988 -0.003284 0.001226 -0.005947 0.999976
16.912119 63.392530 1.327171 0.371327 -0.003486 0.000614 -0.009274 0.999951
17.012118 63.890653 1.302374 0.372906 -0.003301 0.001024 -0.011984 0.999922
17.112092 64.409255 1.288292 0.376624 -0.002644 0.001621 -0.015099 0.999881
17.212166 64.930654 1.269497 0.377696 -0.002769 0.001544 -0.017763 0.999837
17.312066 65.453469 1.247653 0.379236 -0.003061 0.001568 -0.020506 0.999784
17.412168 66.004886 1.207857 0.377814 -0.002982 0.001467 -0.023556 0.999717
17.512120 66.574110 1.189013 0.380735 -0.002654 0.001567 -0.026874 0.999634
17.612117 67.149141 1.153376 0.383091 -0.002878 0.001782 -0.029716 0.999553
17.712017 67.746952 1.132645 0.379378 -0.002560 0.001755 -0.032549 0.999465
17.812070 68.386686 1.093379 0.382052 -0.002079 0.001793 -0.035850 0.999353
17.912121 69.009469 1.035000 0.382693 -0.002243 0.002061 -0.038539 0.999252
18.012172 69.634921 0.990382 0.379785 -0.002116 0.002309 -0.041434 0.999136
18.183871 70.747432 0.883472 0.385128 -0.002263 0.002410 -0.046453 0.998915
18.279357 71.312743 0.857803 0.384111 -0.002838 0.002665 -0.047215 0.998877
18.312067 71.493411 0.825558 0.384322 -0.002621 0.002703 -0.047941 0.998843
18.412022 72.177750 0.727998 0.381367 -0.001885 0.002763 -0.051819 0.998651
18.512067 72.878147 0.657438 0.379747 -0.001621 0.002844 -0.053613 0.998556
18.612169 73.609700 0.578386 0.383414 -0.001276 0.003006 -0.055000 0.998481
18.712166 74.328064 0.501150 0.379947 -0.000660 0.003106 -0.055683 0.998443
18.812067 75.060178 0.419490 0.381914 -0.000965 0.002885 -0.055647 0.998446
18.983849 76.354461 0.297474 0.374088 -0.000824 0.002492 -0.055279 0.998468
19.079934 76.985549 0.274640 0.373479 -0.001272 0.002202 -0.055390 0.998462
19.181202 77.667416 0.208418 0.375972 -0.000987 0.002167 -0.054606 0.998505
19.277913 78.298378 0.128249 0.377023 -0.000787 0.002054 -0.054008 0.998538
19.377064 78.975051 0.049272 0.371519 -0.000689 0.002436 -0.053096 0.998586
19.476216 79.667136 -0.031457 0.373878 -0.000544 0.002237 -0.051702 0.998660
19.576217 80.379116 -0.101966 0.373858 -0.000445 0.002398 -0.049853 0.998754
19.675669 81.104420 -0.180676 0.369662 -0.000520 0.002855 -0.047671 0.998859
19.774373 81.842677 -0.236631 0.375793 -0.000013 0.003559 -0.045463 0.998960
19.873350 82.576666 -0.322836 0.368992 -0.000339 0.003953 -0.043111 0.999062
19.973102 83.327549 -0.376264 0.372990 0.000103 0.004332 -0.040685 0.999163
20.072653 84.093453 -0.420617 0.368519 0.000517 0.004595 -0.038012 0.999267
20.166690 84.830900 -0.476084 0.374722 0.000286 0.004668 -0.035027 0.999375
20.272228 85.652811 -0.522093 0.369123 0.000434 0.004778 -0.032452 0.999462
20.372348 86.444088 -0.546858 0.372801 0.000135 0.004869 -0.029775 0.999545
20.492725 87.365493 -0.583051 0.368489 0.000013 0.004714 -0.026284 0.999643
20.565317 87.900227 -0.601946 0.366535 0.000271 0.004744 -0.024569 0.999687
20.665222 88.698129 -0.637236 0.370625 0.000466 0.004777 -0.021405 0.999759
20.768988 89.472012 -0.676633 0.377031 -0.000449 0.005062 -0.018684 0.999813
20.868940 90.240634 -0.696278 0.371972 -0.000919 0.005318 -0.015976 0.999858
20.969040 90.989729 -0.702176 0.370743 -0.000760 0.005274 -0.013454 0.999895
21.067292 91.738149 -0.710485 0.372069 -0.000369 0.005391 -0.010719 0.999928
21.169019 92.526465 -0.723746 0.372145 -0.000384 0.005562 -0.008148 0.999951
21.273606 93.315720 -0.718651 0.372735 -0.000527 0.005334 -0.005530 0.999970
21.367243 94.008029 -0.707657 0.368106 -0.000739 0.005656 -0.003923 0.999976
21.466718 94.759900 -0.709584 0.370747 -0.000908 0.005740 -0.001923 0.999981
21.566718 95.509423 -0.710137 0.374650 -0.001213 0.006238 0.000065 0.999980
21.666695 96.252081 -0.698236 0.368909 -0.001027 0.006717 0.001418 0.999976
21.766569 96.981778 -0.681170 0.368097 -0.000477 0.006405 0.002936 0.999975
21.834684 97.495043 -0.682669 0.366591 -0.001133 0.006166 0.003769 0.999973
21.966519 98.598112 -0.657351 0.359291 -0.001134 0.005684 0.004849 0.999971
22.066443 99.320918 -0.646674 0.357997 -0.001095 0.005396 0.005819 0.999968
22.136352 99.833807 -0.626060 0.357992 -0.000908 0.005691 0.006271 0.999964
22.266322 100.884508 -0.612325 0.352901 -0.000608 0.005657 0.007072 0.999959
22.366200 101.573306 -0.588257 0.349068 -0.001030 0.005381 0.007925 0.999954
22.437674 102.113276 -0.580208 0.344772 -0.000782 0.005469 0.007911 0.999953
22.565771 103.150021 -0.577633 0.348375 -0.001324 0.005495 0.008966 0.999944
22.665144 103.903422 -0.544606 0.344836 -0.001686 0.005516 0.009390 0.999939
22.766120 104.688534 -0.524563 0.337641 -0.001126 0.005399 0.009898 0.999936
22.839191 105.249474 -0.500923 0.336289 -0.001423 0.005116 0.010462 0.999931
22.965323 106.331196 -0.464566 0.330249 -0.001905 0.005121 0.011218 0.999922
23.065173 107.076986 -0.436263 0.325953 -0.001807 0.004993 0.011463 0.999920
23.138097 107.654118 -0.417694 0.326707 -0.001817 0.004837 0.012006 0.999915
23.265945 108.754092 -0.381263 0.321367 -0.001441 0.005169 0.013619 0.999893
23.365099 109.534624 -0.364348 0.314486 -0.001583 0.005116 0.014285 0.999884
23.437846 110.118300 -0.337159 0.314565 -0.001394 0.005061 0.015296 0.999869
23.565198 111.238129 -0.293664 0.309184 -0.001277 0.005268 0.016623 0.999847
23.665144 112.029486 -0.255076 0.306515 -0.001024 0.005242 0.017851 0.999826
23.765224 112.864029 -0.218901 0.306042 -0.000931 0.005122 0.018813 0.999809
23.865251 113.694350 -0.190247 0.301299 -0.000944 0.005027 0.019895 0.999789
23.910432 114.083567 -0.163201 0.301520 -0.000682 0.004533 0.020437 0.999781
24.010526 115.104185 -0.109005 0.291835 -0.000968 0.004911 0.021589 0.999754
24.165423 116.535882 -0.036170 0.289733 -0.000952 0.005312 0.022616 0.999730
24.203611 116.809378 -0.026964 0.281907 -0.001390 0.005117 0.023289 0.999715
24.310117 117.792065 0.031634 0.286773 -0.001450 0.005654 0.024117 0.999692
24.410190 118.735916 0.088203 0.273771 -0.001399 0.005962 0.024901 0.999671
24.510544 119.652138 0.146638 0.272972 -0.001175 0.005849 0.025742 0.999651
24.699898 121.336763 0.248171 0.263153 -0.000958 0.005964 0.027366 0.999607
24.799749 122.127323 0.292294 0.257863 -0.000915 0.005323 0.028367 0.999583
24.899750 122.905579 0.343378 0.255375 -0.000896 0.006046 0.029233 0.999554
24.909294 122.980143 0.347502 0.257356 -0.001008 0.005362 0.029254 0.999557
25.099575 124.687639 0.475932 0.252231 -0.000925 0.006466 0.030826 0.999503
25.199350 125.448667 0.509449 0.246823 -0.001046 0.006389 0.030803 0.999504
25.210983 125.538020 0.528250 0.248241 -0.000860 0.006380 0.031389 0.999487
25.310605 126.436738 0.591467 0.238911 -0.000867 0.007299 0.031773 0.999468
25.465498 127.838023 0.702053 0.231483 -0.001879 0.008028 0.032334 0.999443
25.511089 128.193804 0.724897 0.225357 -0.001338 0.007525 0.032143 0.999454
25.611319 129.125012 0.787839 0.226987 -0.001657 0.007651 0.032141 0.999453
25.711914 130.068363 0.854511 0.219596 -0.001896 0.007310 0.032300 0.999450
25.865525 131.492370 0.972595 0.205372 -0.001578 0.007131 0.032026 0.999460
25.938493 132.030395 1.009797 0.202659 -0.001834 0.007225 0.031761 0.999468
26.039017 132.878325 1.073999 0.201801 -0.002364 0.006996 0.031894 0.999464
26.165154 133.979018 1.146151 0.195815 -0.002429 0.006940 0.032339 0.999450
26.239346 134.570027 1.185823 0.198479 -0.002627 0.007054 0.032281 0.999450
26.365127 135.686628 1.266311 0.191786 -0.002786 0.007366 0.031801 0.999463
26.465229 136.532505 1.324045 0.188719 -0.003340 0.007664 0.031873 0.999457
26.565102 137.388202 1.389815 0.184787 -0.002985 0.007561 0.031919 0.999457
26.665150 138.259941 1.449946 0.180451 -0.003093 0.007681 0.031217 0.999478
26.738814 138.903438 1.490278 0.179029 -0.003595 0.007490 0.031061 0.999483
26.865150 140.118842 1.587748 0.172901 -0.003367 0.007295 0.031309 0.999477
26.965272 140.964634 1.644714 0.165994 -0.002768 0.007056 0.031137 0.999486
27.065623 141.857514 1.714754 0.162613 -0.003153 0.007036 0.031021 0.999489
27.165824 142.733167 1.771213 0.161826 -0.003184 0.007687 0.030747 0.999493
27.265132 143.618385 1.827149 0.161633 -0.002987 0.007774 0.030630 0.999496
27.339391 144.272773 1.862679 0.156395 -0.003303 0.007394 0.030761 0.999494
27.465222 145.484263 1.968254 0.156089 -0.003361 0.007859 0.030248 0.999506
27.565230 146.343555 2.026750 0.139446 -0.002679 0.008531 0.030579 0.999492
27.665596 147.239697 2.095986 0.143886 -0.002256 0.008736 0.030872 0.999483
27.765176 148.086285 2.164574 0.137781 -0.003662 0.009192 0.030359 0.999490
27.865155 148.961533 2.220911 0.131656 -0.003360 0.010010 0.030664 0.999474
27.904535 149.308685 2.243992 0.126049 -0.003587 0.010338 0.030861 0.999464
28.036204 150.544662 2.341852 0.116853 -0.003595 0.011139 0.030833 0.999456
28.104086 151.145736 2.381225 0.108908 -0.003892 0.010741 0.031047 0.999453
28.203914 152.088422 2.443595 0.099745 -0.003504 0.010296 0.031201 0.999454
28.400246 153.872994 2.568549 0.090561 -0.003454 0.009818 0.031693 0.999443
28.499873 154.677084 2.611005 0.080176 -0.003690 0.009569 0.032211 0.999428
28.599773 155.462386 2.670524 0.080927 -0.003364 0.009139 0.031954 0.999442
28.699350 156.217190 2.737963 0.070954 -0.003572 0.008867 0.032407 0.999429
28.799125 156.961697 2.772909 0.070128 -0.003088 0.008888 0.032175 0.999438
28.899099 157.691431 2.834588 0.066529 -0.003555 0.009661 0.032437 0.999421
28.999025 158.416654 2.888164 0.061508 -0.003453 0.010117 0.032651 0.999410
29.099424 159.131638 2.953829 0.061847 -0.003871 0.010641 0.032930 0.999394
29.200296 159.821226 3.007263 0.053657 -0.004065 0.011155 0.033396 0.999372
29.265228 160.275169 3.030566 0.055925 -0.004412 0.011522 0.033828 0.999352
29.365176 161.050862 3.089250 0.047067 -0.004394 0.011687 0.034132 0.999339
29.465746 161.779936 3.157924 0.038783 -0.004637 0.011270 0.033775 0.999355
29.510746 162.159211 3.190702 0.032837 -0.004783 0.010971 0.034182 0.999344
29.610645 163.026963 3.252172 0.026087 -0.004479 0.011444 0.033781 0.999354
29.710670 163.847237 3.320437 0.006338 -0.003931 0.011601 0.034305 0.999336
29.810922 164.642562 3.377187 0.005213 -0.003817 0.012203 0.034494 0.999323
29.945849 165.691522 3.451823 -0.014066 -0.003581 0.012433 0.035300 0.999293
30.001698 166.092974 3.489223 -0.018982 -0.003363 0.012163 0.035466 0.999291
30.199920 167.638289 3.610831 -0.039483 -0.003385 0.013091 0.035011 0.999295
30.299521 168.344163 3.666107 -0.058529 -0.003663 0.012706 0.034859 0.999305
30.335806 168.594325 3.685646 -0.048826 -0.003547 0.012898 0.035743 0.999271
30.410462 169.149012 3.717561 -0.058263 -0.003566 0.013319 0.035592 0.999271
30.510637 169.880060 3.782211 -0.062803 -0.003570 0.013625 0.035249 0.999279
30.610669 170.606458 3.834626 -0.083399 -0.002757 0.013564 0.035365 0.999279
30.765250 171.696854 3.903431 -0.089446 -0.002967 0.013990 0.035459 0.999269
30.865249 172.357910 3.961882 -0.100195 -0.003192 0.013742 0.035648 0.999265
30.965149 172.985087 4.017354 -0.105405 -0.002776 0.013203 0.035403 0.999282
31.045902 173.477041 4.053590 -0.112159 -0.002487 0.012887 0.035376 0.999288
31.166418 174.220954 4.119394 -0.118237 -0.002959 0.012717 0.035198 0.999295
31.240870 174.659068 4.153669 -0.123904 -0.003031 0.012457 0.035198 0.999298
31.365274 175.442624 4.220996 -0.134700 -0.002774 0.012476 0.035217 0.999298
31.465123 176.041179 4.260347 -0.150401 -0.002965 0.012269 0.035176 0.999301
31.565100 176.637045 4.292513 -0.145978 -0.003169 0.012211 0.035819 0.999279
31.665521 177.226618 4.334973 -0.155479 -0.002921 0.012377 0.035919 0.999274
31.766444 177.817901 4.391477 -0.165415 -0.002563 0.012602 0.035730 0.999279
31.865673 178.376854 4.435789 -0.176101 -0.002297 0.012229 0.035664 0.999286
31.965093 178.931819 4.486636 -0.177511 -0.002450 0.012039 0.035587 0.999291
32.065572 179.488186 4.521833 -0.193483 -0.002828 0.012262 0.035517 0.999290
32.165201 180.041154 4.571390 -0.198534 -0.002588 0.012187 0.035576 0.999289
32.265142 180.585810 4.616276 -0.200901 -0.001854 0.011908 0.035437 0.999299
32.365649 181.145574 4.657154 -0.208594 -0.002634 0.012410 0.035602 0.999286
32.469637 181.744505 4.711052 -0.216812 -0.003371 0.012715 0.035631 0.999278
32.564996 182.267483 4.745864 -0.224120 -0.004495 0.012378 0.036034 0.999264
32.665523 182.808274 4.794963 -0.226789 -0.003213 0.012570 0.036220 0.999260
32.765148 183.378377 4.842366 -0.235403 -0.003312 0.012494 0.036595 0.999247
32.865672 183.958829 4.886699 -0.245258 -0.003524 0.012697 0.036500 0.999247
32.965471 184.529223 4.931242 -0.250574 -0.001096 0.012630 0.036762 0.999244
33.065268 185.108478 4.986756 -0.256750 -0.003167 0.012677 0.037179 0.999223
33.165794 185.686366 5.028746 -0.264447 -0.002710 0.012728 0.037387 0.999216
33.269167 186.279450 5.071639 -0.273006 -0.003813 0.012632 0.037974 0.999192
33.365190 186.825736 5.119278 -0.275212 -0.004432 0.012638 0.037618 0.999202
33.468984 187.460083 5.175293 -0.280882 -0.003581 0.012501 0.038050 0.999191
33.569010 188.065546 5.236763 -0.288465 -0.002090 0.012533 0.038349 0.999184
33.668983 188.651280 5.275114 -0.302561 -0.003064 0.012546 0.039109 0.999152
33.712018 188.902832 5.291943 -0.307662 -0.004632 0.012428 0.038232 0.999181
33.812116 189.553068 5.353561 -0.311522 -0.004332 0.011982 0.038768 0.999167
33.945899 190.365799 5.418296 -0.319097 -0.003749 0.012092 0.038816 0.999166
34.045873 190.940059 5.458904 -0.331236 -0.004345 0.012058 0.039063 0.999155
34.112112 191.283426 5.499162 -0.331712 -0.003144 0.011854 0.039451 0.999146
34.212136 191.882780 5.548698 -0.338861 -0.003761 0.011303 0.039009 0.999168
34.312211 192.460649 5.598426 -0.347452 -0.003519 0.011144 0.038913 0.999174
34.412117 193.040108 5.638457 -0.352318 -0.003313 0.010973 0.039340 0.999160
34.512065 193.596845 5.678880 -0.358459 -0.003539 0.011248 0.039730 0.999141
34.612065 194.146371 5.734048 -0.365863 -0.002702 0.011055 0.039448 0.999157
34.773027 195.043768 5.805141 -0.379423 -0.002304 0.011584 0.040232 0.999121
34.812114 195.205654 5.820907 -0.382639 -0.002572 0.010716 0.039918 0.999142
34.968911 196.111617 5.918862 -0.397570 -0.001519 0.011044 0.040182 0.999130
35.074641 196.662637 5.950601 -0.401479 -0.001638 0.010929 0.040704 0.999110
35.145339 197.011414 5.995754 -0.415382 -0.001629 0.010545 0.041004 0.999102
35.210787 197.403920 6.029256 -0.415937 -0.001437 0.010547 0.040804 0.999110
35.338818 198.185911 6.092009 -0.422187 -0.001516 0.010708 0.041760 0.999069
35.412111 198.606893 6.145482 -0.439342 -0.001536 0.010395 0.042466 0.999043
35.592741 199.748293 6.240704 -0.450272 -0.001571 0.010627 0.042969 0.999019
35.695213 200.323340 6.289887 -0.465151 -0.000977 0.010175 0.043387 0.999006
35.792021 200.834068 6.337518 -0.465488 -0.001216 0.010024 0.043693 0.998994
35.891451 201.383730 6.399693 -0.470228 -0.001535 0.009784 0.044058 0.998980
35.969558 201.820091 6.431855 -0.475092 -0.001386 0.009417 0.044060 0.998984
36.089928 202.525521 6.507633 -0.478701 -0.001837 0.009899 0.044116 0.998976
36.193193 203.129761 6.566815 -0.494504 -0.002036 0.009690 0.044387 0.998965
36.292646 203.730507 6.622959 -0.496102 -0.001971 0.009145 0.044515 0.998965
36.390930 204.348381 6.686436 -0.514354 -0.002613 0.009545 0.044415 0.998964
36.469158 204.862285 6.736362 -0.516907 -0.002453 0.009261 0.044196 0.998977
36.567763 205.584909 6.817611 -0.530779 -0.002287 0.009761 0.044058 0.998979
36.667639 206.301153 6.874950 -0.538023 -0.002805 0.010031 0.043963 0.998979
36.711218 206.622442 6.914466 -0.544409 -0.002559 0.010186 0.044251 0.998965
36.868938 207.930938 7.044970 -0.563340 -0.003019 0.010838 0.043900 0.998973
36.968962 208.689897 7.112026 -0.582542 -0.003357 0.010424 0.043952 0.998974
37.010156 208.995032 7.140495 -0.585063 -0.002956 0.009959 0.043743 0.998989
37.110054 209.835864 7.214197 -0.595240 -0.003478 0.010190 0.043320 0.999003
37.210205 210.678776 7.301362 -0.608042 -0.003294 0.010055 0.043174 0.999012
37.310201 211.512649 7.371620 -0.618273 -0.003606 0.009898 0.042732 0.999031
37.410251 212.351042 7.453100 -0.637612 -0.003871 0.009685 0.042559 0.999039
37.510252 213.166996 7.525576 -0.648035 -0.003267 0.009976 0.042367 0.999047
37.610354 213.947867 7.594037 -0.655471 -0.003816 0.010350 0.041768 0.999066
37.710401 214.764923 7.663281 -0.668658 -0.003336 0.010556 0.042431 0.999038
37.810349 215.551786 7.738340 -0.679165 -0.003420 0.010909 0.042582 0.999028
37.999749 217.075609 7.889020 -0.706824 -0.003212 0.012446 0.042878 0.998998
38.099698 217.752883 7.965403 -0.721378 -0.003119 0.012102 0.043527 0.998974
38.199674 218.442230 8.027852 -0.725474 -0.003022 0.012178 0.043732 0.998965
38.299673 219.118906 8.078555 -0.733636 -0.003372 0.012269 0.044097 0.998946
38.399623 219.782559 8.157861 -0.744029 -0.003226 0.012108 0.044167 0.998946
38.499423 220.485137 8.213581 -0.753593 -0.003039 0.011851 0.044258 0.998945
38.599149 221.226974 8.281090 -0.767296 -0.002908 0.011665 0.044295 0.998946
38.699574 222.015068 8.350819 -0.780275 -0.003142 0.011292 0.044857 0.998925
38.800322 222.848438 8.435187 -0.794372 -0.002914 0.011604 0.045163 0.998908
38.810781 222.938521 8.448664 -0.797335 -0.002925 0.011071 0.045066 0.998918
38.938646 224.093795 8.551105 -0.811797 -0.002888 0.011925 0.046178 0.998858
39.040866 225.019324 8.664784 -0.833633 -0.002768 0.011489 0.046374 0.998854
39.169138 226.184977 8.765591 -0.852134 -0.002483 0.011018 0.046918 0.998835
39.267210 227.052615 8.854078 -0.870282 -0.002459 0.010550 0.047278 0.998823
39.366792 227.945035 8.935530 -0.883029 -0.002183 0.010784 0.047668 0.998803
39.467162 228.868107 9.041525 -0.899771 -0.002174 0.010776 0.048659 0.998755
39.566663 229.802437 9.144263 -0.919324 -0.002277 0.010428 0.049013 0.998741
39.667710 230.749165 9.239981 -0.933440 -0.002580 0.010713 0.049646 0.998706
39.767143 231.670853 9.340463 -0.947038 -0.002283 0.011260 0.050240 0.998671
39.869339 232.635931 9.444395 -0.959228 -0.002507 0.011941 0.051078 0.998620
39.966665 233.532229 9.551332 -0.970185 -0.002613 0.012073 0.051776 0.998582
40.066673 234.457112 9.664990 -0.992433 -0.002361 0.012402 0.052232 0.998555
40.166840 235.403155 9.770073 -1.007598 -0.002172 0.012661 0.053128 0.998505
40.267011 236.351088 9.889981 -1.023780 -0.002188 0.013137 0.053975 0.998453
40.367145 237.306865 10.004569 -1.039487 -0.002419 0.012907 0.055063 0.998397
40.410667 237.702496 10.054393 -1.047347 -0.002023 0.012513 0.055070 0.998402
40.510868 238.704200 10.188714 -1.062831 -0.001822 0.012820 0.055255 0.998388
40.667260 240.310444 10.401936 -1.097989 -0.001736 0.013531 0.056362 0.998317
40.769034 241.316097 10.499884 -1.109896 -0.001726 0.013471 0.056875 0.998289
40.812113 241.730602 10.562487 -1.118460 -0.001768 0.013593 0.056712 0.998296
40.910657 242.740322 10.682039 -1.129838 -0.001839 0.013897 0.056575 0.998300
41.010779 243.806723 10.808908 -1.153593 -0.001656 0.013675 0.057614 0.998244
41.183741 245.658389 11.041954 -1.191938 -0.001360 0.013193 0.057670 0.998248
41.279829 246.585711 11.153355 -1.218232 -0.001165 0.012945 0.057732 0.998247
41.338648 247.152240 11.221474 -1.216638 -0.001463 0.013046 0.057970 0.998232
41.473048 248.520929 11.395207 -1.244503 -0.001505 0.012859 0.057504 0.998261
41.507437 248.840159 11.430788 -1.248225 -0.001789 0.012639 0.057867 0.998243
41.608781 249.923602 11.569290 -1.278368 -0.001419 0.011040 0.057029 0.998310
41.707013 250.945632 11.680307 -1.295573 -0.001426 0.011527 0.056339 0.998344
41.806339 251.987576 11.792581 -1.314940 -0.001804 0.013237 0.055291 0.998381
41.906467 253.038035 11.911064 -1.326627 -0.001297 0.014434 0.055241 0.998368
42.006338 254.063158 12.024433 -1.351915 -0.000759 0.014358 0.054490 0.998411
42.106490 255.104704 12.159383 -1.373832 -0.000102 0.013413 0.053918 0.998455
42.206390 256.144629 12.280848 -1.397084 0.000240 0.013372 0.053437 0.998482
42.306440 257.211506 12.405995 -1.418802 0.000075 0.012728 0.052661 0.998531
42.406511 258.281447 12.526707 -1.442801 0.000847 0.012296 0.052113 0.998565
42.506489 259.372084 12.647347 -1.461489 0.000698 0.011994 0.051549 0.998598
42.606415 260.473607 12.774997 -1.491649 0.000779 0.011814 0.050883 0.998634
42.706437 261.589893 12.904948 -1.510644 0.000060 0.012065 0.050326 0.998660
42.806438 262.719715 13.034485 -1.541078 0.000320 0.012855 0.049757 0.998679
42.999848 264.949272 13.299601 -1.582764 0.000381 0.013537 0.050176 0.998649
43.006425 264.961765 13.285659 -1.586191 0.000623 0.013526 0.050683 0.998623
43.106259 266.145207 13.412754 -1.613396 0.000621 0.014121 0.051083 0.998594
43.206515 267.325394 13.546227 -1.639409 0.000540 0.013702 0.051860 0.998560
43.306515 268.523440 13.683341 -1.664661 0.000230 0.013599 0.052233 0.998542
43.406419 269.733536 13.819962 -1.688604 -0.000140 0.013801 0.053263 0.998485
43.572429 271.758216 14.036416 -1.738790 -0.000515 0.014070 0.053453 0.998471
43.606439 271.987370 14.055186 -1.736486 -0.000646 0.013969 0.053470 0.998472
43.712064 273.234330 14.203762 -1.776974 -0.000729 0.013097 0.052887 0.998514
43.806537 274.355875 14.326314 -1.794756 -0.000492 0.013302 0.052984 0.998507
43.974048 276.450858 14.567104 -1.849696 -0.000469 0.014307 0.053273 0.998477
44.072379 277.486500 14.678843 -1.869240 -0.000677 0.014532 0.053935 0.998438
44.172554 278.648540 14.816310 -1.907345 -0.000400 0.014170 0.054400 0.998419
44.206390 279.047686 14.879700 -1.913509 -0.000248 0.013670 0.054232 0.998435
44.380955 281.351332 15.171826 -1.972650 -0.000022 0.012761 0.055853 0.998357
44.406388 281.618944 15.196141 -1.977839 0.000017 0.012821 0.055433 0.998380
44.572404 283.827824 15.468565 -2.025747 -0.000273 0.013697 0.056345 0.998317
44.600823 283.835351 15.469998 -2.024706 -0.000309 0.013725 0.056461 0.998310
44.700897 285.752221 15.709478 -2.075829 0.000365 0.014202 0.057634 0.998237
44.800898 287.036504 15.867764 -2.090974 0.000233 0.014707 0.057443 0.998240
44.900823 288.423043 16.042925 -2.138439 0.000538 0.014021 0.058400 0.998195
45.000898 289.809617 16.220321 -2.161600 0.000935 0.014169 0.059136 0.998149
45.100823 291.187856 16.392154 -2.203348 0.000588 0.014294 0.060219 0.998083
45.200873 292.546846 16.591359 -2.228113 0.001306 0.014328 0.060670 0.998054
45.300797 293.901621 16.756729 -2.265768 0.001059 0.013961 0.061188 0.998028
45.400773 295.268061 16.936893 -2.298352 0.000788 0.014156 0.061919 0.997980
45.500773 296.657785 17.111932 -2.336033 0.000697 0.014505 0.062599 0.997933
45.600873 298.075011 17.313677 -2.367286 0.001092 0.015184 0.063464 0.997868
45.700773 299.494292 17.506908 -2.405432 0.001103 0.016107 0.064527 0.997785
45.800773 300.929576 17.700208 -2.442898 0.001870 0.016277 0.065865 0.997694
45.910229 302.507993 17.924810 -2.485257 0.001683 0.016031 0.066603 0.997649
46.010131 303.934833 18.150003 -2.528878 0.001464 0.015402 0.067226 0.997618
46.146047 305.899815 18.423978 -2.576599 0.001642 0.015514 0.066916 0.997637
46.210180 306.729389 18.539720 -2.597557 0.001384 0.015487 0.066772 0.997647
46.310354 308.213264 18.779678 -2.630979 0.001564 0.016511 0.066488 0.997649
46.410404 309.735591 18.999414 -2.670281 0.001101 0.016662 0.067152 0.997603
46.568938 312.157814 19.354760 -2.737090 0.001170 0.017588 0.067361 0.997573
46.615829 312.799610 19.427589 -2.759837 0.000484 0.017186 0.067595 0.997565
46.715732 314.268850 19.646858 -2.794965 0.001022 0.017532 0.067913 0.997537
46.814291 315.757635 19.863592 -2.840618 0.000599 0.017539 0.068020 0.997530
46.914371 317.277746 20.074982 -2.876237 0.000855 0.018489 0.068404 0.997486
47.036101 319.134190 20.327811 -2.926996 0.000781 0.019024 0.069007 0.997434
47.180010 321.220068 20.637856 -2.985213 0.001051 0.019600 0.069430 0.997394
47.265548 322.367185 20.798406 -3.015907 0.000427 0.019990 0.069827 0.997359
47.366048 323.732243 21.010018 -3.060596 0.001156 0.020254 0.070319 0.997318
47.466517 325.116183 21.218390 -3.095325 0.001491 0.020100 0.070437 0.997313
47.569116 326.564294 21.438883 -3.142898 0.001283 0.019515 0.070523 0.997318
47.666494 327.955775 21.654456 -3.177765 0.001632 0.019235 0.071298 0.997268
47.766593 329.403857 21.879170 -3.221772 0.001326 0.019335 0.071247 0.997270
47.866344 330.863800 22.095038 -3.262258 0.001923 0.019561 0.071578 0.997241
47.966641 332.312493 22.327312 -3.303652 0.001642 0.019452 0.072083 0.997208
48.066347 333.780840 22.559861 -3.346292 0.001294 0.019408 0.072132 0.997205
48.166472 335.261614 22.830420 -3.393092 0.001283 0.019077 0.072428 0.997190
48.266966 336.763864 23.056057 -3.438092 0.001141 0.019179 0.072667 0.997171
48.365174 338.219730 23.277966 -3.475871 0.001184 0.019511 0.073241 0.997123
48.466344 339.721556 23.515618 -3.515886 0.000747 0.019704 0.073528 0.997098
48.566220 341.201279 23.757699 -3.560843 0.001163 0.020317 0.073725 0.997071
48.669638 342.748392 23.994865 -3.601991 0.001893 0.020604 0.074726 0.996989
48.765121 344.144248 24.212430 -3.643184 0.001807 0.020272 0.074986 0.996977
48.872614 345.757109 24.467599 -3.689717 0.002137 0.019940 0.075645 0.996933
48.965993 347.083812 24.673695 -3.728431 0.001813 0.020118 0.075638 0.996931
49.069562 348.643473 24.929614 -3.782899 0.001913 0.021165 0.076187 0.996867
49.166970 350.027302 25.156652 -3.817164 0.001638 0.021550 0.076265 0.996853
49.267865 351.531319 25.383505 -3.866762 0.001764 0.021185 0.076603 0.996835
49.302888 352.034164 25.483058 -3.882352 0.001957 0.021012 0.076638 0.996836
49.499599 354.979552 25.974383 -3.969561 0.001438 0.020578 0.076627 0.996846
49.599349 356.355019 26.170290 -4.019840 0.001293 0.019856 0.077361 0.996805
49.699099 357.735645 26.400620 -4.050179 0.001182 0.019953 0.077515 0.996791
49.798875 359.094069 26.620276 -4.090239 0.001201 0.019729 0.077803 0.996773
49.899300 360.450016 26.833442 -4.126276 0.001304 0.020252 0.077550 0.996782
49.965648 361.316043 26.982319 -4.149501 0.001028 0.020684 0.077593 0.996770
50.065796 362.712861 27.217515 -4.187635 0.000794 0.022098 0.078032 0.996706
50.165693 364.068861 27.428965 -4.232013 0.000579 0.022807 0.078391 0.996662
50.247798 365.181467 27.617265 -4.263648 0.000725 0.022317 0.078978 0.996626
50.365273 366.821522 27.901128 -4.324676 0.000808 0.021846 0.079412 0.996602
50.500122 368.588584 28.193738 -4.379421 0.001357 0.021681 0.079620 0.996589
50.599149 369.836756 28.381309 -4.423286 0.001935 0.021447 0.079976 0.996564
50.699024 371.116721 28.587418 -4.458737 0.003541 0.021212 0.080722 0.996505
50.798924 372.386793 28.830851 -4.500670 0.005314 0.021171 0.081383 0.996444
50.898875 373.682844 29.042830 -4.536081 0.005775 0.022177 0.081502 0.996410
50.998725 374.982468 29.267989 -4.578753 0.005436 0.023021 0.081563 0.996387
51.098650 376.286191 29.506055 -4.619440 0.005080 0.023591 0.081509 0.996380
51.198226 377.574184 29.717508 -4.671225 0.004390 0.024274 0.081708 0.996351
51.298625 378.911441 29.960319 -4.711582 0.004745 0.024850 0.082166 0.996298
51.398873 380.239669 30.179653 -4.762878 0.005217 0.024341 0.082423 0.996286
51.499347 381.551725 30.404869 -4.805875 0.005599 0.023922 0.082912 0.996254
51.599849 382.846293 30.631722 -4.857490 0.006032 0.024340 0.083594 0.996184
51.697964 384.106537 30.854515 -4.889163 0.005853 0.024834 0.083623 0.996171
51.797846 385.368237 31.087766 -4.945401 0.005773 0.025016 0.083962 0.996138
51.825033 385.719600 31.139677 -4.943275 0.005966 0.024603 0.084430 0.996108
51.947747 387.393322 31.446020 -5.013997 0.005540 0.024665 0.084709 0.996085
52.067766 389.044424 31.745270 -5.068253 0.006136 0.024344 0.084850 0.996077
52.123987 389.752725 31.869742 -5.101213 0.006150 0.023736 0.085476 0.996038
52.210203 390.916872 32.083135 -5.134190 0.006249 0.024060 0.085620 0.996018
52.325105 392.469608 32.360604 -5.195149 0.006050 0.024518 0.086142 0.995963
52.465196 394.318696 32.707944 -5.259314 0.006031 0.024894 0.086745 0.995901
52.566747 395.534172 32.923653 -5.307725 0.005672 0.025051 0.087374 0.995844
52.666668 396.707729 33.149367 -5.348424 0.005878 0.025200 0.087828 0.995800
52.710642 397.200659 33.241000 -5.369624 0.005705 0.024713 0.087903 0.995806
52.810697 398.401190 33.468550 -5.406757 0.005241 0.025404 0.087881 0.995793
52.947094 400.047774 33.773282 -5.465722 0.004653 0.025615 0.088428 0.995742
53.065222 401.389289 34.022651 -5.516816 0.004594 0.025481 0.088521 0.995738
53.110553 401.854030 34.107153 -5.531984 0.004689 0.024998 0.088930 0.995713
53.247602 403.410460 34.408152 -5.587529 0.004940 0.024653 0.088485 0.995760
53.365246 404.724893 34.662410 -5.641272 0.005162 0.024664 0.088317 0.995774
53.461454 405.730028 34.828468 -5.676034 0.004531 0.024700 0.088355 0.995772
53.561129 406.785713 35.030195 -5.716398 0.004698 0.025035 0.088901 0.995715
53.665270 407.874520 35.233158 -5.757443 0.005384 0.025346 0.088863 0.995707
53.765174 408.908258 35.428816 -5.796270 0.005488 0.025171 0.089294 0.995672
53.865270 409.955164 35.626722 -5.836539 0.005597 0.024949 0.089459 0.995662
53.965222 410.969816 35.826133 -5.875223 0.005576 0.025015 0.089792 0.995631
54.065296 412.001048 36.025264 -5.914259 0.005634 0.024906 0.090554 0.995564
54.147672 412.867950 36.190812 -5.948188 0.005595 0.024532 0.090693 0.995561
54.265195 414.163525 36.444325 -5.996417 0.005161 0.024775 0.091681 0.995467
54.365494 415.191261 36.635733 -6.032272 0.004961 0.024755 0.091931 0.995445
54.466815 416.249964 36.850035 -6.072239 0.005172 0.024919 0.092462 0.995391
54.567068 417.287876 37.035339 -6.105177 0.004881 0.024723 0.093292 0.995320
54.666193 418.338908 37.247361 -6.147701 0.005100 0.024815 0.093491 0.995298
54.765196 419.384589 37.467996 -6.185194 0.005251 0.024968 0.093671 0.995276
54.865172 420.440291 37.681404 -6.222449 0.005530 0.025587 0.094061 0.995222
54.946699 421.312010 37.853457 -6.257869 0.005703 0.025828 0.094569 0.995167
55.047096 422.428142 38.083201 -6.294386 0.005614 0.026294 0.095062 0.995108
55.147049 423.490767 38.278842 -6.339792 0.005618 0.026327 0.095448 0.995070
55.265221 424.717072 38.531256 -6.381333 0.005468 0.025876 0.096245 0.995006
55.365869 425.676663 38.723373 -6.419965 0.005163 0.025392 0.096515 0.994994
55.466423 426.648216 38.926962 -6.454696 0.005387 0.025147 0.097050 0.994947
55.566420 427.627184 39.125436 -6.491415 0.005185 0.025595 0.097292 0.994913
55.666395 428.591080 39.323239 -6.526704 0.005273 0.025789 0.097401 0.994897
55.710829 429.022925 39.415578 -6.544311 0.005097 0.025606 0.097475 0.994895
55.865520 430.763071 39.768169 -6.612077 0.004011 0.025944 0.098172 0.994823
55.965620 431.748155 39.974119 -6.657694 0.003864 0.025520 0.098235 0.994828
56.065942 432.741986 40.173976 -6.691792 0.003263 0.025392 0.098307 0.994827
56.166241 433.680405 40.371994 -6.733647 0.002756 0.025736 0.098070 0.994843
56.266241 434.611760 40.571047 -6.767138 0.002627 0.026233 0.098129 0.994824
56.348195 435.358655 40.728934 -6.798162 0.002217 0.026525 0.097902 0.994840
56.465272 436.441815 40.964669 -6.841209 0.001732 0.027226 0.097498 0.994862
56.565221 437.286697 41.124471 -6.873933 0.001283 0.027206 0.097333 0.994879
56.602987 437.612607 41.200353 -6.888110 0.001112 0.027109 0.097384 0.994877
56.702886 438.584399 41.392311 -6.926131 0.000381 0.026187 0.097728 0.994869
56.900371 440.445941 41.773786 -6.999677 0.000092 0.025927 0.097375 0.994910
56.999798 441.210259 41.913184 -7.037368 -0.000196 0.025278 0.097158 0.994948
57.099723 442.040336 42.106690 -7.062421 -0.000015 0.025378 0.097159 0.994945
57.199847 442.864748 42.265272 -7.102238 -0.000260 0.025709 0.097224 0.994930
57.300022 443.684933 42.440748 -7.129495 -0.000111 0.025858 0.097275 0.994922
57.365671 444.222738 42.550873 -7.158430 -0.000184 0.025542 0.097287 0.994929
57.467638 445.103073 42.738860 -7.185489 -0.000075 0.025653 0.097270 0.994927
57.567092 445.958412 42.916523 -7.229947 -0.000263 0.025970 0.097851 0.994862
57.666568 446.828924 43.098741 -7.257133 -0.000133 0.026322 0.098157 0.994823
57.767115 447.707434 43.275108 -7.299728 -0.000457 0.026245 0.098365 0.994804
57.865148 448.557754 43.454668 -7.335687 -0.000287 0.026105 0.098322 0.994812
57.966819 449.441492 43.636446 -7.372840 -0.000166 0.026263 0.098741 0.994767
58.065194 450.295413 43.808782 -7.409683 -0.000293 0.026815 0.098861 0.994740
58.165097 451.193174 43.990968 -7.446516 -0.000277 0.026906 0.099337 0.994690
58.266442 452.089498 44.183856 -7.483866 -0.000302 0.027016 0.099349 0.994686
58.366020 452.962665 44.373519 -7.522997 -0.000579 0.027079 0.099596 0.994659
58.466272 453.847287 44.548157 -7.563300 -0.000171 0.027115 0.099554 0.994663
58.565568 454.715750 44.734298 -7.597475 -0.000067 0.027488 0.099479 0.994660
58.648069 455.453528 44.895091 -7.634488 0.000244 0.027971 0.099119 0.994682
58.765172 456.545352 45.109927 -7.679906 0.000936 0.028632 0.098741 0.994701
58.811021 456.922184 45.191791 -7.701804 0.001440 0.028320 0.098664 0.994717
58.911022 457.943268 45.412679 -7.745426 0.002678 0.028509 0.097821 0.994792
59.069038 459.517032 45.727150 -7.820515 0.003462 0.028525 0.097086 0.994861
59.110479 459.820507 45.772796 -7.835629 0.003647 0.027814 0.097276 0.994862
59.266493 461.313163 46.076367 -7.906861 0.005122 0.028353 0.095306 0.995031
59.366768 462.228422 46.250684 -7.949416 0.005325 0.027980 0.094529 0.995115
59.466395 463.120116 46.430065 -7.993309 0.006732 0.027844 0.093520 0.995205
59.540118 463.748977 46.535941 -8.021323 0.007469 0.027400 0.092136 0.995341
59.634780 464.621979 46.709604 -8.064229 0.009042 0.027635 0.090612 0.995462
59.720295 465.419645 46.857383 -8.098868 0.009752 0.027933 0.089315 0.995564
59.837550 466.560829 47.053327 -8.154162 0.010939 0.028465 0.087452 0.995702
59.936404 467.441699 47.215005 -8.191899 0.012360 0.028373 0.085758 0.995835
60.033759 468.354087 47.371744 -8.241269 0.013468 0.027976 0.084082 0.995975
60.131315 469.297979 47.532717 -8.284661 0.014195 0.028175 0.082527 0.996089
60.231043 470.248838 47.695735 -8.332884 0.014744 0.028881 0.081220 0.996169
60.327679 471.182776 47.848494 -8.373090 0.015689 0.029173 0.079359 0.996296
60.429425 472.203911 48.026529 -8.424549 0.016440 0.028740 0.077897 0.996411
60.528776 473.197004 48.190378 -8.475963 0.016833 0.027953 0.075959 0.996577
60.627329 474.196635 48.345216 -8.529458 0.016797 0.027423 0.074371 0.996712
60.726654 475.220633 48.499773 -8.577258 0.017361 0.027472 0.072457 0.996842
60.816881 476.150362 48.646385 -8.625589 0.018209 0.027485 0.070257 0.996984
60.917104 477.279345 48.800073 -8.680757 0.020194 0.027906 0.067929 0.997095
61.025284 478.449056 48.960737 -8.741934 0.020452 0.028284 0.066011 0.997208
61.117105 479.403474 49.084715 -8.784442 0.022534 0.028732 0.064140 0.997273
61.223915 480.630943 49.253325 -8.849130 0.024858 0.029394 0.060466 0.997428
61.325036 481.699258 49.367801 -8.905861 0.025520 0.029847 0.057954 0.997547
61.423513 482.805930 49.490318 -8.963735 0.026778 0.030257 0.054963 0.997671
61.523267 483.942759 49.608270 -9.023483 0.027832 0.030342 0.052243 0.997785
61.624212 485.099489 49.731393 -9.086472 0.028320 0.030602 0.048748 0.997940
61.725533 486.285228 49.841224 -9.151532 0.028535 0.031419 0.044866 0.998091
61.826258 487.452620 49.936763 -9.215618 0.028913 0.031798 0.040889 0.998239
61.928477 488.670336 50.043220 -9.281555 0.028867 0.031409 0.036820 0.998411
62.031515 489.906468 50.137660 -9.356763 0.028131 0.030692 0.032471 0.998605
62.141891 491.227614 50.225278 -9.427754 0.027953 0.031351 0.027513 0.998739
62.208866 491.997628 50.271916 -9.474768 0.027112 0.031272 0.024739 0.998837
62.309318 493.359584 50.318503 -9.557300 0.026712 0.030694 0.018335 0.999004
62.409541 494.665724 50.373582 -9.633002 0.026909 0.029913 0.012605 0.999111
62.509893 495.995412 50.397610 -9.709184 0.027949 0.030147 0.007470 0.999127
62.609719 497.312340 50.417278 -9.787566 0.028667 0.030505 0.002250 0.999121
62.709570 498.617447 50.408276 -9.854649 0.030945 0.030383 -0.003286 0.999054
62.810917 499.950093 50.397025 -9.935654 0.032799 0.030646 -0.008772 0.998954
62.909896 501.260034 50.370183 -10.001803 0.033582 0.031840 -0.014472 0.998824
63.031614 502.898141 50.320294 -10.112172 0.035966 0.032371 -0.021571 0.998596
63.136401 504.220535 50.264077 -10.177487 0.035954 0.030721 -0.026616 0.998526
63.239843 505.516898 50.188358 -10.280178 0.036409 0.029893 -0.032775 0.998352
63.333934 506.722184 50.105260 -10.334912 0.036800 0.030595 -0.038551 0.998110
63.426254 507.974229 50.001945 -10.429604 0.037373 0.032041 -0.044719 0.997786
63.529671 509.407963 49.860332 -10.498391 0.038036 0.033186 -0.051786 0.997382
63.674325 511.426577 49.643283 -10.641898 0.038121 0.034417 -0.061835 0.996764
63.768963 512.619431 49.523158 -10.708263 0.037667 0.035033 -0.066946 0.996430
63.829441 513.401280 49.404841 -10.776245 0.038615 0.035866 -0.070642 0.996109
63.969263 515.371087 49.095605 -10.907088 0.038661 0.036845 -0.081048 0.995278
64.068916 516.743183 48.904865 -11.008334 0.037936 0.036302 -0.087720 0.994760
64.169015 518.103460 48.652825 -11.103715 0.037786 0.035882 -0.095350 0.994079
64.268968 519.458268 48.376389 -11.201206 0.037413 0.035931 -0.102256 0.993405
64.369017 520.827419 48.096844 -11.298844 0.037640 0.036300 -0.109516 0.992609
64.469017 522.201719 47.789959 -11.401826 0.037513 0.036676 -0.116979 0.991748
64.569163 523.632131 47.453914 -11.505031 0.037469 0.037171 -0.124454 0.990821
64.632687 524.511619 47.222078 -11.573270 0.037425 0.037065 -0.129209 0.990217
64.732766 526.026461 46.796599 -11.686068 0.038382 0.037165 -0.137897 0.989004
64.834609 527.552719 46.352186 -11.803217 0.037691 0.036950 -0.146037 0.987870
64.928251 528.956177 45.940555 -11.914542 0.038148 0.036201 -0.153443 0.986757
65.025806 530.385094 45.488240 -12.021193 0.038137 0.035925 -0.160446 0.985653
65.125010 531.831028 45.010633 -12.137269 0.038329 0.035907 -0.167675 0.984442
65.225958 533.282025 44.497731 -12.245128 0.037653 0.036006 -0.174802 0.983224
65.327153 534.725420 43.963413 -12.363269 0.037386 0.036257 -0.182187 0.981884
65.423169 536.059386 43.465057 -12.466417 0.036960 0.036370 -0.188542 0.980695
65.524512 537.475698 42.905877 -12.589109 0.036356 0.036864 -0.194989 0.979438
65.624663 538.842803 42.329545 -12.694428 0.036433 0.037446 -0.201625 0.978068
65.725510 540.208774 41.733766 -12.821483 0.036274 0.038114 -0.208238 0.976662
65.826005 541.581014 41.139210 -12.932098 0.036847 0.038532 -0.214451 0.975279
65.925584 542.925495 40.525677 -13.061130 0.036431 0.038815 -0.220947 0.973832
66.027302 544.302553 39.865263 -13.174356 0.036308 0.038575 -0.227378 0.972365
66.122839 545.590749 39.239948 -13.300191 0.035093 0.038830 -0.233977 0.970832
66.227877 547.008252 38.522507 -13.420422 0.034832 0.039319 -0.240803 0.969151
66.328973 548.335949 37.818246 -13.549286 0.032660 0.039518 -0.246678 0.967740
66.431441 549.640257 37.097465 -13.665367 0.031556 0.039441 -0.252977 0.966153
66.533584 550.944848 36.374168 -13.792512 0.030382 0.039798 -0.259754 0.964376
66.628951 552.151528 35.673927 -13.901043 0.030364 0.039740 -0.265428 0.962833
66.726282 553.381754 34.940839 -14.020936 0.030028 0.040122 -0.271034 0.961264
66.825954 554.653394 34.183399 -14.142164 0.029822 0.041481 -0.276690 0.959600
66.929270 555.944766 33.378340 -14.267138 0.028925 0.042984 -0.280944 0.958325
67.021196 557.081898 32.647410 -14.392918 0.027894 0.043580 -0.284780 0.957196
67.122140 558.368210 31.825194 -14.518610 0.027578 0.043547 -0.288084 0.956217
67.221316 559.609222 31.002706 -14.659185 0.026417 0.044009 -0.290773 0.955414
67.322040 560.870959 30.167514 -14.781893 0.025586 0.043928 -0.293033 0.954750
67.423563 562.120284 29.327028 -14.926004 0.023951 0.043538 -0.295340 0.954099
67.524385 563.355142 28.483099 -15.046609 0.022853 0.043436 -0.297185 0.953558
67.625454 564.576737 27.652435 -15.182261 0.022279 0.043865 -0.298478 0.953148
67.724163 565.764086 26.847350 -15.294775 0.022919 0.043081 -0.299469 0.952857
67.823787 566.960007 26.017875 -15.427309 0.021419 0.042740 -0.300172 0.952686
67.923836 568.159786 25.174540 -15.539691 0.021167 0.042821 -0.300908 0.952456
68.024185 569.379429 24.347459 -15.672689 0.019533 0.043974 -0.301474 0.952260
68.122891 570.568136 23.513017 -15.788207 0.018826 0.044775 -0.301467 0.952239
68.223691 571.794321 22.671611 -15.923140 0.017197 0.045915 -0.301322 0.952261
68.323088 572.980075 21.867009 -16.043187 0.017227 0.046300 -0.301121 0.952306
68.421743 574.170785 21.029034 -16.179504 0.015774 0.047071 -0.300686 0.952430
68.521965 575.400701 20.187119 -16.301534 0.015981 0.046893 -0.300312 0.952554
68.622293 576.613235 19.352197 -16.441255 0.013977 0.047470 -0.298677 0.953071
68.708109 577.650952 18.650431 -16.540968 0.014338 0.047145 -0.297429 0.953471
68.807961 578.913245 17.783290 -16.684433 0.012972 0.048008 -0.295603 0.954016
68.907637 580.131261 16.955980 -16.806951 0.012938 0.048384 -0.293433 0.954667
69.007313 581.372019 16.140140 -16.946267 0.011683 0.049579 -0.290651 0.955472
69.120148 582.764674 15.233805 -17.090214 0.012025 0.049967 -0.286817 0.956606
69.221193 583.939978 14.476704 -17.217870 0.011200 0.049223 -0.283094 0.957763
69.321394 585.125097 13.739935 -17.347366 0.010225 0.048972 -0.279260 0.958911
69.421767 586.329869 12.990053 -17.473770 0.009962 0.049812 -0.275822 0.959866
69.521369 587.548039 12.255032 -17.606029 0.009992 0.051276 -0.271162 0.961115
69.622215 588.792796 11.495408 -17.736004 0.008950 0.052046 -0.266390 0.962418
69.719670 590.005670 10.800493 -17.872509 0.008768 0.051423 -0.261688 0.963742
69.819476 591.266824 10.092347 -18.003277 0.007916 0.051334 -0.256965 0.965024
69.918927 592.529442 9.396070 -18.143269 0.007214 0.051488 -0.252167 0.966286
70.018877 593.796050 8.703771 -18.269274 0.005279 0.052126 -0.246475 0.967732
70.119074 595.076596 8.013123 -18.409777 0.003815 0.052667 -0.240556 0.969198
70.220697 596.393631 7.348025 -18.542384 0.003011 0.052942 -0.234650 0.970632
70.318100 597.653100 6.742480 -18.684292 0.002989 0.053164 -0.228598 0.972064
70.417631 598.947323 6.094851 -18.811598 0.002964 0.053094 -0.221896 0.973619
70.517556 600.246881 5.487741 -18.947378 0.003212 0.052485 -0.214695 0.975265
70.700322 602.642140 4.424736 -19.188334 0.001674 0.053827 -0.202013 0.977901
70.798824 603.841845 3.937738 -19.310673 0.001938 0.053199 -0.196983 0.978961
70.898774 605.110583 3.429189 -19.436296 0.001095 0.053246 -0.190183 0.980303
70.998625 606.380356 2.938594 -19.564679 0.000150 0.052983 -0.182951 0.981693
71.098600 607.655844 2.457686 -19.692442 -0.000969 0.053722 -0.175711 0.982974
71.198525 608.956938 2.010187 -19.820303 -0.001783 0.054030 -0.169078 0.984119
71.298875 610.281806 1.566868 -19.956115 -0.003208 0.053976 -0.161736 0.985352
71.399449 611.620467 1.142867 -20.090126 -0.003732 0.053598 -0.154603 0.986515
71.499998 612.970616 0.735430 -20.224238 -0.004586 0.053384 -0.146990 0.987686
71.600171 614.320955 0.338726 -20.355326 -0.005023 0.053430 -0.139876 0.988714
71.600673 614.321802 0.338739 -20.354554 -0.005064 0.053439 -0.139814 0.988722
71.718377 616.059437 -0.082480 -20.527882 -0.004515 0.051762 -0.128985 0.990284
71.817653 617.513037 -0.457009 -20.656593 -0.003876 0.050477 -0.120372 0.991437
71.917577 618.986133 -0.793550 -20.794335 -0.003654 0.049811 -0.111190 0.992543
72.017577 620.450030 -1.099880 -20.922154 -0.003652 0.049234 -0.102133 0.993545
72.118148 621.896131 -1.383045 -21.048476 -0.003979 0.049134 -0.093067 0.994439
72.217903 623.331870 -1.631326 -21.171003 -0.004037 0.048887 -0.084502 0.995215
72.317578 624.770260 -1.851294 -21.298739 -0.003998 0.048517 -0.074935 0.995999
72.418673 626.207840 -2.066160 -21.420946 -0.004124 0.048331 -0.065518 0.996672
72.518502 627.598338 -2.217663 -21.542392 -0.004165 0.048467 -0.056034 0.997243
72.617525 628.975234 -2.346710 -21.659552 -0.003782 0.048655 -0.046500 0.997725
72.718126 630.360218 -2.449455 -21.773210 -0.003618 0.049010 -0.037098 0.998103
72.818849 631.711618 -2.527085 -21.887468 -0.003527 0.049069 -0.027753 0.998404
72.910266 632.933577 -2.578156 -21.984354 -0.002967 0.048742 -0.019330 0.998620
73.010320 634.268599 -2.590641 -22.094745 -0.003016 0.048200 -0.010056 0.998783
73.110398 635.574358 -2.610527 -22.199180 -0.003063 0.047769 -0.000956 0.998853
73.210596 636.859118 -2.569722 -22.301667 -0.003186 0.047148 0.007981 0.998851
73.310679 638.126419 -2.532760 -22.401131 -0.003977 0.046745 0.016997 0.998754
73.411132 639.377681 -2.466438 -22.494539 -0.004899 0.046814 0.025085 0.998577
73.540544 640.965257 -2.360284 -22.616293 -0.005869 0.046753 0.035345 0.998264
73.641786 642.115177 -2.295829 -22.705395 -0.006529 0.046176 0.043036 0.997984
73.746727 643.265243 -2.161500 -22.789529 -0.007497 0.045446 0.049493 0.997712
73.848294 644.354527 -2.036646 -22.880202 -0.008391 0.044757 0.055281 0.997432
73.912095 645.030102 -1.960418 -22.924762 -0.008565 0.044302 0.058577 0.997263
74.012016 646.134643 -1.775286 -23.014670 -0.008386 0.043217 0.061927 0.997109
74.112065 647.245194 -1.631680 -23.093495 -0.007453 0.041821 0.065097 0.996974
74.212067 648.346100 -1.486008 -23.177176 -0.006150 0.041346 0.068342 0.996786
74.312065 649.430734 -1.332313 -23.247250 -0.004443 0.041449 0.071245 0.996587
74.412019 650.484306 -1.174931 -23.317569 -0.003069 0.041791 0.074019 0.996376
74.512067 651.516909 -1.026292 -23.387131 -0.002143 0.042346 0.076688 0.996153
74.612165 652.505154 -0.873394 -23.451721 -0.001403 0.042849 0.078714 0.995975
74.712021 653.447533 -0.734123 -23.516488 -0.000628 0.043277 0.080407 0.995822
74.865150 654.815506 -0.495598 -23.605135 0.000064 0.044072 0.081964 0.995660
74.912017 655.124421 -0.470006 -23.629508 -0.000142 0.043221 0.084170 0.995514
75.012048 655.961308 -0.291843 -23.679974 0.000582 0.043240 0.082123 0.995684
75.112145 656.790089 -0.143240 -23.746450 0.000730 0.042675 0.083151 0.995623
75.212068 657.612114 0.001432 -23.794087 0.001431 0.041974 0.083548 0.995618
75.312144 658.449900 0.151462 -23.858682 0.001539 0.040873 0.084331 0.995598
75.412068 659.254689 0.296232 -23.909594 0.001952 0.039760 0.084464 0.995631
75.511996 660.046968 0.429286 -23.964566 0.002143 0.039242 0.084435 0.995654
75.612071 660.827055 0.579817 -24.017873 0.002276 0.039431 0.085030 0.995595
75.712069 661.584414 0.713732 -24.068021 0.002370 0.040057 0.085355 0.995542
75.812043 662.342474 0.849837 -24.117180 0.001943 0.040447 0.085231 0.995538
75.965170 663.475933 1.036970 -24.192076 0.002059 0.040990 0.084824 0.995550
76.065122 664.098999 1.140819 -24.235497 0.001922 0.040480 0.085750 0.995492
76.112122 664.372991 1.196444 -24.253708 0.002129 0.040015 0.085452 0.995536
76.265149 665.382495 1.389319 -24.320689 0.002810 0.041292 0.083801 0.995623
76.312170 665.664852 1.431087 -24.342246 0.003001 0.040295 0.084797 0.995579
76.465147 666.659077 1.619457 -24.405247 0.003529 0.041688 0.084103 0.995578
76.512168 666.933358 1.655960 -24.428932 0.003511 0.040727 0.085162 0.995528
76.600673 666.929077 1.652019 -24.429097 0.003543 0.040751 0.085240 0.995520
76.800247 668.695596 1.963606 -24.546779 0.004605 0.042568 0.084398 0.995512
76.900022 669.156966 2.038638 -24.576923 0.004548 0.041528 0.086201 0.995401
76.999997 669.599723 2.122617 -24.604095 0.004653 0.042001 0.085493 0.995442
77.099922 670.036895 2.210286 -24.636625 0.004723 0.042238 0.085418 0.995438
77.200121 670.474836 2.293266 -24.664399 0.004961 0.042335 0.084813 0.995485
77.299897 670.902743 2.364856 -24.693320 0.005603 0.042545 0.084856 0.995469
77.399798 671.311401 2.435703 -24.720241 0.005889 0.042833 0.084589 0.995477
77.500321 671.723713 2.523372 -24.746692 0.005806 0.043114 0.084632 0.995462
77.600347 672.104266 2.583175 -24.773690 0.005780 0.042994 0.083954 0.995525
77.665247 672.343628 2.624898 -24.788627 0.005682 0.042664 0.083757 0.995556
77.765097 672.730903 2.687227 -24.818167 0.005722 0.043145 0.082885 0.995608
77.865149 673.122837 2.768094 -24.842339 0.005881 0.043176 0.082803 0.995613
77.965174 673.483035 2.822303 -24.868294 0.005492 0.043249 0.082396 0.995646
78.065123 673.825709 2.886911 -24.893559 0.005531 0.043537 0.082523 0.995622
78.166244 674.109862 2.928624 -24.911569 0.005752 0.043488 0.082536 0.995622
78.211969 674.214669 2.950257 -24.918256 0.005978 0.042836 0.082229 0.995675
78.365174 674.619776 3.024816 -24.945549 0.006082 0.043727 0.081499 0.995695
78.466418 674.819264 3.058706 -24.957448 0.006128 0.043264 0.081924 0.995680
78.565122 674.962089 3.079040 -24.968315 0.005786 0.043047 0.081682 0.995712
78.665220 675.103086 3.105636 -24.981102 0.005610 0.043079 0.081320 0.995741
78.712119 675.158963 3.116467 -24.981497 0.005755 0.042808 0.081188 0.995762
78.812171 675.285643 3.142940 -24.993808 0.005838 0.043109 0.080862 0.995776
78.912116 675.399672 3.163699 -24.999246 0.005739 0.043056 0.080700 0.995792
79.012165 675.506432 3.185809 -25.008404 0.005698 0.042633 0.080966 0.995788
79.112018 675.610360 3.203955 -25.014700 0.005762 0.041961 0.080819 0.995828
79.212143 675.703432 3.211567 -25.022611 0.005909 0.041274 0.080471 0.995884
79.312069 675.785973 3.228794 -25.027157 0.005976 0.040818 0.080297 0.995917
79.412067 675.853963 3.240722 -25.034958 0.005996 0.040878 0.080301 0.995914
79.511970 675.913818 3.255750 -25.036463 0.005906 0.040855 0.080110 0.995931
79.612017 675.967502 3.267081 -25.043109 0.005783 0.040789 0.080082 0.995937
79.712066 676.023823 3.276804 -25.045461 0.005864 0.040968 0.080230 0.995917
79.812093 676.080125 3.276660 -25.050134 0.005843 0.041002 0.080144 0.995923
79.912118 676.114094 3.286711 -25.050359 0.005886 0.040952 0.080103 0.995928
80.012017 676.159828 3.289988 -25.055867 0.005751 0.041008 0.079930 0.995940
80.112118 676.186421 3.298121 -25.055857 0.005849 0.041006 0.079844 0.995946
80.212068 676.198049 3.296417 -25.056769 0.005816 0.040908 0.079998 0.995938
80.312067 676.220007 3.301954 -25.059169 0.005924 0.040880 0.079931 0.995944
80.412167 676.222278 3.305353 -25.058510 0.005891 0.040636 0.079695 0.995973
80.512168 676.238449 3.313051 -25.061376 0.005832 0.040430 0.079608 0.995989
80.612070 676.263182 3.316787 -25.063739 0.005754 0.040410 0.079832 0.995972
80.712167 676.286282 3.313626 -25.063771 0.005762 0.040395 0.079937 0.995964
80.812071 676.306011 3.319462 -25.066360 0.005763 0.040417 0.079875 0.995968
80.912118 676.300656 3.322590 -25.063960 0.005776 0.040522 0.079959 0.995957
81.012142 676.299995 3.322874 -25.066094 0.005685 0.040549 0.080010 0.995953
81.111969 676.299745 3.317506 -25.063399 0.005851 0.040334 0.079857 0.995973
81.212168 676.295305 3.323591 -25.063981 0.005761 0.040150 0.079746 0.995990
81.312145 676.295070 3.325819 -25.063860 0.005762 0.040344 0.079746 0.995982
81.412166 676.305047 3.325354 -25.063421 0.005777 0.040321 0.079893 0.995971
81.512043 676.300732 3.322681 -25.064790 0.005824 0.040126 0.079908 0.995977
81.612167 676.294748 3.321282 -25.063940 0.005776 0.040260 0.079801 0.995981
81.712066 676.298336 3.322237 -25.063485 0.005754 0.040284 0.079839 0.995977
81.812043 676.299204 3.326171 -25.065324 0.005812 0.040205 0.080034 0.995964
81.912118 676.305555 3.325456 -25.063934 0.005761 0.040211 0.079796 0.995983
82.012017 676.303021 3.329279 -25.065762 0.005786 0.040278 0.079918 0.995971
82.112019 676.307490 3.326298 -25.063724 0.005770 0.040256 0.079912 0.995972
82.212021 676.303631 3.320218 -25.065480 0.005791 0.040206 0.079917 0.995973
82.311968 676.309658 3.322345 -25.064341 0.005749 0.040228 0.079962 0.995969
82.411995 676.320970 3.321727 -25.066887 0.005737 0.040258 0.079913 0.995972
82.512041 676.321725 3.323847 -25.065194 0.005754 0.040250 0.079882 0.995975
82.612195 676.320545 3.324757 -25.066193 0.005751 0.040250 0.079885 0.995975
82.712095 676.325309 3.320055 -25.064747 0.005716 0.040252 0.079931 0.995971
82.812142 676.311866 3.319862 -25.065410 0.005761 0.040228 0.079748 0.995986
82.912092 676.300689 3.315402 -25.063875 0.005743 0.040259 0.079906 0.995973
83.012166 676.292073 3.318685 -25.064358 0.005739 0.040255 0.079853 0.995977
83.112119 676.291698 3.318211 -25.063829 0.005779 0.040253 0.079790 0.995982
83.265148 676.285556 3.315059 -25.063001 0.005664 0.040611 0.079845 0.995964
83.312020 676.288081 3.315174 -25.064216 0.005852 0.039896 0.079738 0.996000
83.412064 676.300862 3.314500 -25.063712 0.005775 0.040280 0.079872 0.995974
