1.437230 0.047635 -0.000595 0.003339 -0.000322 0.001018 0.001954 0.999998
1.538174 0.073137 -0.008417 -0.000119 -0.000132 0.001339 0.003221 0.999994
1.610619 0.080843 -0.001333 0.002923 0.000534 0.001346 0.004769 0.999988
1.739897 0.144499 0.000912 0.001074 0.001524 0.000441 0.006770 0.999976
1.810676 0.166483 0.009951 0.008811 0.001384 0.000468 0.008001 0.999967
1.910625 0.259672 0.014695 0.002133 0.001112 0.000512 0.010859 0.999940
2.045868 0.347088 0.027379 0.010551 0.000571 0.000962 0.014313 0.999897
2.110727 0.380373 0.028968 0.005316 0.000212 0.001349 0.015667 0.999876
2.210776 0.484372 0.039288 0.011531 -0.000786 0.002301 0.019402 0.999809
2.310853 0.549311 0.052558 0.009283 -0.001630 0.002924 0.022346 0.999745
2.410953 0.660657 0.060124 0.010716 -0.002383 0.002940 0.025202 0.999675
2.510885 0.747898 0.071449 0.009676 -0.003279 0.002645 0.028380 0.999588
2.611056 0.866863 0.090192 0.010191 -0.004097 0.002403 0.031368 0.999497
2.711261 0.963919 0.097567 0.009810 -0.004729 0.002220 0.034114 0.999404
2.865254 1.167496 0.117331 0.012472 -0.004883 0.001656 0.037222 0.999294
2.965201 1.232831 0.130530 0.015240 -0.005091 0.001842 0.038669 0.999237
3.065254 1.408997 0.145642 0.013315 -0.004897 0.001861 0.040905 0.999149
3.138223 1.498477 0.152803 0.023457 -0.004420 0.002408 0.043081 0.999059
3.237674 1.726537 0.184402 0.022922 -0.003682 0.002924 0.045706 0.998944
3.337325 1.908809 0.203369 0.035811 -0.003314 0.002914 0.048129 0.998831
3.438423 2.127980 0.222212 0.032790 -0.003251 0.001902 0.050573 0.998713
3.537847 2.345704 0.252340 0.035448 -0.003143 0.001487 0.052885 0.998595
3.638845 2.589630 0.286343 0.033783 -0.002399 0.001042 0.055416 0.998460
3.739490 2.837821 0.315025 0.036466 -0.000872 0.000487 0.058935 0.998261
3.839965 3.092372 0.349396 0.037585 0.000424 -0.000587 0.062297 0.998057
3.911992 3.285821 0.384990 0.036024 0.000744 -0.002124 0.064904 0.997889
4.012066 3.628670 0.449727 0.032722 -0.001506 -0.005127 0.068534 0.997634
4.112043 3.904442 0.488526 0.028260 -0.002027 -0.005480 0.072302 0.997366
4.212039 4.228638 0.540894 0.035461 -0.000780 -0.003982 0.075504 0.997137
4.312143 4.524861 0.585519 0.040983 0.001092 -0.002859 0.078895 0.996878
4.428722 4.896901 0.655181 0.055831 0.002638 -0.002033 0.081776 0.996645
4.529641 5.159004 0.691376 0.055978 0.003674 -0.001942 0.084044 0.996453
4.628643 5.483838 0.753757 0.071262 0.004552 -0.002239 0.085269 0.996345
4.732054 5.810102 0.805264 0.077069 0.004373 -0.002851 0.086234 0.996261
4.840467 6.147868 0.875625 0.093819 0.003849 -0.002951 0.086520 0.996238
4.944752 6.454293 0.929324 0.089787 0.003398 -0.003044 0.085611 0.996318
5.046801 6.779683 0.975688 0.104115 0.003769 -0.003935 0.083231 0.996515
5.112117 6.999603 1.024302 0.093707 0.002280 -0.004818 0.081726 0.996641
5.212190 7.429183 1.085185 0.108964 0.000781 -0.005491 0.077193 0.997001
5.312168 7.775306 1.137743 0.104252 -0.000211 -0.006183 0.073890 0.997247
5.412089 8.150882 1.173230 0.116671 0.001737 -0.005873 0.070760 0.997475
5.512142 8.499992 1.207931 0.129367 0.004477 -0.005360 0.067263 0.997711
5.612062 8.852201 1.248743 0.143789 0.005711 -0.005102 0.064337 0.997899
5.734879 9.295156 1.306837 0.160220 0.004810 -0.005353 0.059546 0.998200
5.812042 9.509069 1.329037 0.160611 0.003534 -0.005405 0.058096 0.998290
5.945343 10.037401 1.396529 0.170838 0.002368 -0.005621 0.053238 0.998563
6.040303 10.285379 1.415811 0.178673 0.002085 -0.005288 0.051856 0.998638
6.140073 10.660339 1.457596 0.181033 0.002587 -0.004917 0.048866 0.998790
6.212066 10.921703 1.468103 0.194383 0.003590 -0.004610 0.047513 0.998854
6.312041 11.361539 1.501623 0.198743 0.005826 -0.004718 0.044999 0.998959
6.412139 11.728047 1.526179 0.215743 0.007421 -0.004102 0.043218 0.999030
6.546820 12.238504 1.570166 0.231769 0.008165 -0.004213 0.041617 0.999091
6.646919 12.493757 1.586264 0.242779 0.008337 -0.003988 0.040393 0.999141
6.731889 12.770001 1.613866 0.247623 0.006664 -0.004541 0.039007 0.999206
6.833184 13.106836 1.649794 0.260277 0.005357 -0.005366 0.036852 0.999292
6.933010 13.396168 1.657537 0.260975 0.004984 -0.005748 0.034475 0.999377
7.029968 13.675497 1.674726 0.272046 0.006171 -0.006250 0.031604 0.999462
7.128520 13.943512 1.682583 0.278271 0.006929 -0.006582 0.029086 0.999531
7.226177 14.196675 1.696303 0.285677 0.008316 -0.007031 0.026789 0.999582
7.326127 14.445515 1.693441 0.292254 0.009156 -0.008046 0.024632 0.999622
7.428362 14.669314 1.709347 0.298856 0.008529 -0.008477 0.022293 0.999679
7.530802 14.861739 1.711754 0.307695 0.007689 -0.008915 0.020884 0.999713
7.628931 15.017464 1.720368 0.314530 0.007598 -0.009163 0.019251 0.999744
7.731001 15.186419 1.725167 0.321554 0.007629 -0.009442 0.017474 0.999774
7.830095 15.308438 1.726236 0.326159 0.007301 -0.009093 0.016076 0.999803
7.930719 15.413462 1.737243 0.331105 0.007213 -0.008831 0.014969 0.999823
8.032485 15.505506 1.734036 0.336993 0.006953 -0.009772 0.014115 0.999828
8.111296 15.567363 1.739261 0.333013 0.006840 -0.010675 0.013971 0.999822
8.211221 15.664199 1.740455 0.340409 0.006998 -0.012408 0.012997 0.999814
8.311440 15.754757 1.737962 0.345807 0.006885 -0.013316 0.013073 0.999802
8.411294 15.854063 1.740542 0.345694 0.007055 -0.013369 0.012598 0.999806
8.511318 15.942073 1.742925 0.352749 0.007276 -0.013440 0.012774 0.999802
8.611265 16.029913 1.755350 0.355845 0.007078 -0.013600 0.013589 0.999790
8.711336 16.138173 1.754590 0.360657 0.006865 -0.013526 0.015134 0.999770
8.811385 16.225191 1.766838 0.363685 0.006909 -0.013633 0.017311 0.999733
8.935859 16.361769 1.776956 0.367095 0.007003 -0.013860 0.019833 0.999683
9.036896 16.431280 1.781774 0.371618 0.006995 -0.013929 0.022052 0.999635
9.112087 16.505514 1.793416 0.374748 0.006989 -0.013849 0.024434 0.999581
9.211990 16.627727 1.805549 0.378205 0.006804 -0.014189 0.027720 0.999492
9.312062 16.747022 1.818620 0.383751 0.006749 -0.014513 0.030682 0.999401
9.412068 16.874444 1.836345 0.388788 0.006426 -0.015010 0.034268 0.999279
9.512088 17.004236 1.848769 0.394308 0.006404 -0.015417 0.037218 0.999168
9.612013 17.146074 1.865100 0.402255 0.006557 -0.015559 0.040713 0.999028
9.712112 17.289007 1.886219 0.406028 0.006052 -0.015695 0.044783 0.998855
9.812090 17.459280 1.907581 0.416340 0.005482 -0.015886 0.048884 0.998663
9.912141 17.626635 1.926961 0.420312 0.005462 -0.016063 0.053305 0.998434
10.012042 17.800114 1.959661 0.426946 0.005112 -0.015812 0.057673 0.998197
10.112018 17.990885 1.982505 0.436929 0.004788 -0.015425 0.061550 0.997973
10.212091 18.185663 2.012732 0.442058 0.004778 -0.014868 0.065783 0.997712
10.312190 18.401234 2.054873 0.453545 0.004918 -0.014476 0.069084 0.997494
10.412042 18.626493 2.091664 0.460657 0.004814 -0.014144 0.072482 0.997258
10.512016 18.867919 2.131655 0.473530 0.004910 -0.014130 0.076327 0.996971
10.612140 19.101505 2.175115 0.480049 0.004012 -0.014213 0.078840 0.996778
10.712117 19.359996 2.227465 0.491479 0.003572 -0.014268 0.081365 0.996576
10.811992 19.623724 2.267785 0.502410 0.002874 -0.014243 0.082193 0.996511
10.912093 19.891992 2.322984 0.516581 0.002066 -0.014306 0.082510 0.996485
11.036925 20.279151 2.382384 0.529657 0.002357 -0.014659 0.081231 0.996585
11.112195 20.451393 2.407181 0.535936 0.002953 -0.014909 0.081388 0.996567
11.212092 20.832094 2.471968 0.549590 0.003174 -0.015578 0.080456 0.996631
11.312217 21.182911 2.527084 0.558098 0.003354 -0.015371 0.080132 0.996660
11.412142 21.565441 2.587735 0.570652 0.002836 -0.014538 0.079667 0.996711
11.511992 21.939164 2.654474 0.581416 0.002374 -0.013041 0.079371 0.996757
11.611993 22.329329 2.705063 0.597914 0.002733 -0.011442 0.078425 0.996851
11.702088 22.668819 2.770547 0.605366 0.002185 -0.009433 0.077742 0.996927
11.801842 23.062712 2.821579 0.626132 0.001992 -0.007482 0.077115 0.996992
12.000295 23.866683 2.948708 0.653933 0.003529 -0.006002 0.075021 0.997158
12.100295 23.956515 2.965219 0.661452 0.004500 -0.005445 0.075754 0.997101
12.200121 24.328692 3.033407 0.672221 0.003296 -0.005991 0.075200 0.997145
12.300172 24.686744 3.082321 0.678180 0.003546 -0.006572 0.074691 0.997179
12.400296 25.080885 3.141880 0.688582 0.003651 -0.007063 0.074137 0.997216
12.500072 25.479148 3.197913 0.696248 0.003440 -0.007560 0.073652 0.997249
12.533286 25.606233 3.225329 0.701616 0.003473 -0.007632 0.074303 0.997200
12.634657 26.188077 3.307286 0.717714 0.003358 -0.007726 0.071747 0.997387
12.731511 26.626020 3.372212 0.731012 0.004347 -0.007122 0.070129 0.997503
12.836876 27.110175 3.443562 0.747928 0.003851 -0.006572 0.068531 0.997620
12.932881 27.489318 3.497093 0.757588 0.004478 -0.006586 0.067224 0.997706
13.025295 27.877278 3.552386 0.770298 0.004557 -0.006758 0.065614 0.997812
13.140144 28.373028 3.619646 0.787133 0.003852 -0.007152 0.063283 0.997963
13.203603 28.603785 3.643102 0.793888 0.003943 -0.007169 0.062933 0.997984
13.303627 29.087678 3.704454 0.812704 0.002296 -0.007110 0.060300 0.998152
13.403579 29.511181 3.742219 0.824420 0.003245 -0.007336 0.058353 0.998264
13.503776 29.919819 3.796915 0.842818 0.002942 -0.007947 0.056658 0.998358
13.603777 30.324624 3.843736 0.852446 0.002927 -0.009114 0.054708 0.998457
13.703825 30.703254 3.880974 0.865197 0.003548 -0.009309 0.052569 0.998568
13.803728 31.107871 3.933434 0.879143 0.003331 -0.009585 0.050456 0.998675
13.903873 31.498386 3.963745 0.900880 0.003488 -0.009865 0.048333 0.998776
14.012116 31.916503 4.001632 0.909145 0.002779 -0.010401 0.045699 0.998897
14.112093 32.286528 4.038799 0.916228 0.002202 -0.010560 0.044254 0.998962
14.212141 32.672246 4.067260 0.934705 0.002844 -0.010137 0.043000 0.999020
14.312066 33.051033 4.098434 0.945119 0.002883 -0.009744 0.041598 0.999083
14.412139 33.433048 4.125790 0.960428 0.003958 -0.009616 0.040347 0.999132
14.512143 33.807395 4.149890 0.975755 0.003954 -0.009758 0.039518 0.999163
14.612090 34.189903 4.191978 0.992861 0.003059 -0.009789 0.038705 0.999198
14.712144 34.584605 4.225417 1.011727 0.001779 -0.009956 0.037772 0.999235
14.804359 34.935280 4.262812 1.026719 0.000450 -0.010691 0.036933 0.999260
14.904412 35.346973 4.281458 1.034190 -0.000993 -0.011488 0.035645 0.999298
15.046447 35.924324 4.323697 1.049575 -0.001096 -0.013380 0.034641 0.999310
15.146173 36.191454 4.334285 1.052930 -0.001224 -0.013557 0.034580 0.999309
15.298503 36.750875 4.369619 1.071227 0.000575 -0.011837 0.033751 0.999360
15.345871 36.842345 4.373653 1.066615 0.000197 -0.011856 0.034331 0.999340
15.500371 37.523776 4.418637 1.089323 0.000364 -0.006105 0.032876 0.999441
15.600098 37.794006 4.434976 1.098807 -0.000475 -0.004929 0.033497 0.999427
15.700222 38.182186 4.463477 1.124579 -0.000676 -0.003202 0.033383 0.999437
15.800122 38.550533 4.501781 1.137520 -0.001807 -0.001839 0.033095 0.999449
15.900123 38.969409 4.520257 1.148369 -0.001773 -0.000369 0.032661 0.999465
16.000072 39.346732 4.554698 1.156657 -0.000464 0.000083 0.032060 0.999486
16.100172 39.730495 4.571436 1.160090 0.001855 -0.000341 0.031369 0.999506
16.200048 40.118174 4.590433 1.164094 0.003715 -0.001728 0.030870 0.999515
16.300072 40.513877 4.611663 1.166671 0.004228 -0.002362 0.029687 0.999548
16.400073 40.895263 4.638040 1.180723 0.003555 -0.001712 0.028160 0.999596
16.500122 41.275067 4.665820 1.191786 0.002666 -0.001221 0.026967 0.999632
16.600123 41.653099 4.690663 1.196793 0.002638 -0.001721 0.025366 0.999673
16.700296 42.042582 4.699269 1.206892 0.004050 -0.002434 0.024076 0.999699
16.712142 42.086228 4.706143 1.203763 0.004258 -0.002555 0.024290 0.999693
16.812190 42.724469 4.732123 1.221234 0.004254 -0.003005 0.021422 0.999757
16.912041 43.121745 4.750096 1.223454 0.005041 -0.003248 0.019240 0.999797
17.012045 43.533614 4.765363 1.239814 0.006308 -0.003606 0.017616 0.999818
17.112069 43.917671 4.777386 1.245704 0.007244 -0.004126 0.015823 0.999840
17.212140 44.296588 4.780117 1.259754 0.006686 -0.004456 0.014297 0.999865
17.312145 44.665081 4.796564 1.270844 0.006344 -0.005169 0.013297 0.999878
17.412037 45.029762 4.805626 1.280055 0.006562 -0.005601 0.012631 0.999883
17.512142 45.410295 4.811925 1.290375 0.006277 -0.006457 0.011897 0.999889
17.603015 45.725238 4.822733 1.297850 0.006156 -0.007188 0.011720 0.999887
17.739647 46.227253 4.840060 1.309563 0.006146 -0.008198 0.010823 0.999889
17.811993 46.404521 4.833564 1.314471 0.008228 -0.008186 0.010964 0.999873
17.912192 46.814163 4.834891 1.328240 0.007616 -0.007611 0.010604 0.999886
18.002277 47.122016 4.837468 1.338893 0.008055 -0.007483 0.010646 0.999883
18.139616 47.620826 4.861163 1.360321 0.007752 -0.007256 0.010235 0.999891
18.234906 47.852229 4.865073 1.364559 0.007173 -0.007111 0.010501 0.999894
18.337123 48.189135 4.874821 1.378782 0.006393 -0.007057 0.010972 0.999894
18.437248 48.495690 4.882700 1.386977 0.006254 -0.007291 0.011379 0.999889
18.512141 48.723717 4.891476 1.397028 0.006280 -0.007453 0.012020 0.999880
18.612091 49.073254 4.913560 1.406628 0.006726 -0.008150 0.012604 0.999865
18.712089 49.392230 4.921660 1.413743 0.006334 -0.009017 0.013257 0.999851
18.812115 49.707147 4.924634 1.426437 0.007061 -0.010176 0.013869 0.999827
18.912142 50.016533 4.931718 1.432850 0.007101 -0.010070 0.015412 0.999805
19.012192 50.307936 4.944823 1.447926 0.007511 -0.010112 0.015939 0.999794
19.112141 50.598124 4.957416 1.450700 0.005561 -0.010011 0.016803 0.999793
19.211324 50.884226 4.967312 1.468603 0.006500 -0.010102 0.017258 0.999779
19.312043 51.171249 4.983516 1.475480 0.005549 -0.010261 0.018087 0.999768
19.412113 51.451655 4.991495 1.486206 0.005022 -0.010111 0.018842 0.999759
19.512042 51.736495 5.004295 1.494677 0.005340 -0.009420 0.019715 0.999747
19.611993 52.007612 5.003420 1.503149 0.004729 -0.008711 0.020430 0.999742
19.746771 52.374034 5.028860 1.513407 0.006587 -0.007354 0.021835 0.999713
19.846823 52.560198 5.034619 1.527071 0.006733 -0.006986 0.022812 0.999693
19.946699 52.829281 5.054232 1.534105 0.007251 -0.006388 0.024646 0.999650
20.046798 53.086109 5.070798 1.540094 0.006738 -0.005972 0.026462 0.999609
20.146800 53.346282 5.092649 1.548969 0.006455 -0.005668 0.028725 0.999550
20.244680 53.599736 5.106334 1.554059 0.005350 -0.004890 0.030781 0.999500
20.400220 54.005764 5.142438 1.566707 0.004942 -0.003967 0.033688 0.999412
20.500272 54.159953 5.152512 1.576408 0.005197 -0.003706 0.035186 0.999360
20.500674 54.151107 5.149345 1.576919 0.005174 -0.003631 0.035182 0.999361
20.644730 54.696866 5.189044 1.586535 0.005994 -0.003792 0.039076 0.999211
20.744704 54.883713 5.220487 1.590011 0.005508 -0.004124 0.041394 0.999119
20.844901 55.151704 5.235325 1.595743 0.005681 -0.004244 0.042517 0.999071
20.946770 55.403866 5.269180 1.603126 0.005603 -0.004157 0.044552 0.998983
21.046750 55.657085 5.291496 1.611150 0.006263 -0.004006 0.045782 0.998924
21.147696 55.908139 5.318027 1.616395 0.005785 -0.003715 0.046249 0.998906
21.246851 56.157638 5.343452 1.618952 0.005841 -0.003544 0.046461 0.998897
21.346847 56.405963 5.368768 1.628748 0.006123 -0.003632 0.046674 0.998885
21.446924 56.654061 5.394125 1.631268 0.007317 -0.003502 0.046444 0.998888
21.546674 56.906742 5.422961 1.634611 0.006614 -0.003287 0.047125 0.998862
21.646722 57.163343 5.436496 1.644902 0.008052 -0.002858 0.047771 0.998822
21.746797 57.408743 5.468058 1.654203 0.008192 -0.002717 0.049079 0.998758
21.846822 57.662830 5.494205 1.662006 0.007575 -0.002766 0.050194 0.998707
21.931194 57.863467 5.526621 1.668034 0.007423 -0.002772 0.051462 0.998644
22.031486 58.137122 5.549771 1.675256 0.007038 -0.002937 0.052511 0.998591
22.131833 58.391994 5.586422 1.682835 0.006994 -0.003158 0.053899 0.998517
22.234972 58.652073 5.611423 1.687420 0.006723 -0.002913 0.055073 0.998455
22.332629 58.895042 5.647394 1.691867 0.006421 -0.002873 0.056446 0.998381
22.436437 59.138605 5.676926 1.699292 0.006679 -0.003056 0.057201 0.998336
22.531776 59.371072 5.707295 1.700915 0.006571 -0.003491 0.057754 0.998303
22.646875 59.661340 5.744375 1.712559 0.008445 -0.003690 0.058238 0.998260
22.746795 59.885481 5.776412 1.712852 0.007548 -0.004010 0.058960 0.998224
22.846872 60.126389 5.804181 1.720983 0.007656 -0.004006 0.058736 0.998236
22.947419 60.366062 5.830973 1.727176 0.008057 -0.003792 0.058825 0.998229
23.044753 60.612297 5.857536 1.733309 0.008314 -0.003506 0.058139 0.998268
23.111467 60.770730 5.870012 1.742687 0.008311 -0.003085 0.057791 0.998289
23.211535 61.077411 5.918490 1.751492 0.008003 -0.002873 0.056760 0.998352
23.311486 61.338665 5.935820 1.758428 0.008348 -0.003336 0.055615 0.998412
23.411364 61.598758 5.960851 1.757441 0.007197 -0.003970 0.053605 0.998528
23.512043 61.838609 5.994753 1.770297 0.007459 -0.004650 0.051826 0.998617
23.612164 62.082308 6.014106 1.769532 0.007213 -0.005035 0.049632 0.998729
23.712093 62.327636 6.036060 1.783689 0.006862 -0.005608 0.047371 0.998838
23.812142 62.583232 6.057485 1.784369 0.007961 -0.006078 0.045665 0.998907
23.912140 62.819952 6.083717 1.794256 0.007647 -0.006782 0.043798 0.998988
24.001564 63.045300 6.102197 1.794866 0.008144 -0.007431 0.042438 0.999038
24.101490 63.312643 6.116051 1.804545 0.008980 -0.008291 0.040927 0.999087
24.212093 63.592426 6.138302 1.812368 0.009067 -0.009274 0.040376 0.999100
24.335044 63.885521 6.164395 1.821118 0.008170 -0.009819 0.040329 0.999105
24.412140 64.038895 6.175939 1.824677 0.008120 -0.010236 0.040546 0.999092
24.512138 64.319296 6.192283 1.838535 0.008055 -0.010762 0.041286 0.999057
24.612039 64.570144 6.221360 1.845095 0.007894 -0.010528 0.042518 0.999009
24.712092 64.830192 6.249292 1.846302 0.008611 -0.009749 0.043560 0.998966
24.812092 65.085684 6.268567 1.862823 0.009862 -0.009471 0.045499 0.998871
24.912114 65.318566 6.304274 1.875679 0.010230 -0.009705 0.048120 0.998742
25.012164 65.565097 6.338430 1.885761 0.008826 -0.010020 0.050651 0.998627
25.112118 65.806450 6.363443 1.892015 0.008186 -0.010482 0.053108 0.998500
25.212165 66.055319 6.396687 1.904870 0.006516 -0.010646 0.055815 0.998363
25.312065 66.290662 6.425269 1.916941 0.004420 -0.011174 0.058212 0.998232
25.412142 66.540073 6.473212 1.924653 0.002513 -0.011527 0.059758 0.998143
25.512019 66.774719 6.515388 1.929082 0.001708 -0.011079 0.060749 0.998090
25.612091 67.024301 6.539970 1.941107 0.002575 -0.010791 0.061507 0.998045
25.711990 67.272279 6.560365 1.945970 0.003819 -0.010761 0.061837 0.998021
25.812040 67.518919 6.594950 1.950249 0.005798 -0.011151 0.061646 0.998019
25.912139 67.777169 6.627632 1.965083 0.006310 -0.010513 0.061629 0.998024
26.012090 68.021646 6.657609 1.971790 0.004326 -0.009451 0.060995 0.998084
26.112143 68.262930 6.699013 1.979114 0.003549 -0.009557 0.060648 0.998107
26.212015 68.515548 6.716946 1.995443 0.003781 -0.009739 0.060294 0.998126
26.341141 68.833297 6.754022 2.007450 0.005402 -0.009613 0.059595 0.998162
26.412089 68.973350 6.772551 2.014993 0.005115 -0.009067 0.059416 0.998179
26.538446 69.342614 6.817674 2.024633 0.001794 -0.008413 0.058530 0.998249
26.640089 69.563419 6.842516 2.026954 0.001426 -0.007889 0.058600 0.998249
26.712167 69.740839 6.867673 2.034000 0.001207 -0.007523 0.058657 0.998249
26.812192 70.042343 6.907791 2.044035 -0.000193 -0.008057 0.057884 0.998291
26.912044 70.310146 6.938057 2.043760 -0.001486 -0.008567 0.058021 0.998278
27.012119 70.566838 6.978969 2.054904 -0.002105 -0.009933 0.057694 0.998283
27.112120 70.839058 7.012798 2.058155 -0.002067 -0.011665 0.057532 0.998273
27.212144 71.091050 7.038892 2.075019 -0.000844 -0.011411 0.057931 0.998255
27.312041 71.352324 7.063865 2.085411 0.001156 -0.011295 0.057375 0.998288
27.435929 71.695123 7.092976 2.096584 0.004088 -0.012543 0.056991 0.998288
27.537151 71.904394 7.113887 2.107601 0.005795 -0.012585 0.057278 0.998262
27.612665 72.105877 7.143107 2.110537 0.007466 -0.012104 0.057147 0.998265
27.737826 72.469948 7.196720 2.122146 0.006527 -0.012108 0.056339 0.998317
27.812141 72.637194 7.214084 2.126478 0.004548 -0.011945 0.056241 0.998335
27.912069 72.951780 7.263237 2.133150 -0.000216 -0.011979 0.056340 0.998340
28.012192 73.251968 7.293412 2.144189 -0.001288 -0.011186 0.056500 0.998339
28.139119 73.621914 7.335405 2.149423 0.001443 -0.007934 0.056150 0.998390
28.244857 73.869266 7.351559 2.164664 0.002797 -0.006142 0.056432 0.998384
28.341611 74.123901 7.384899 2.165457 0.001537 -0.003738 0.057206 0.998354
28.439668 74.404213 7.426611 2.176518 0.000612 -0.001196 0.057380 0.998352
28.600344 74.855000 7.478879 2.183438 0.002208 0.000535 0.056444 0.998403
28.700297 75.012292 7.478677 2.186317 0.003506 0.000573 0.056684 0.998386
28.800296 75.296425 7.527471 2.188358 0.004017 0.002161 0.055954 0.998423
28.900271 75.552717 7.559503 2.200335 0.002405 0.003043 0.055514 0.998450
29.000322 75.835021 7.599450 2.202229 0.000476 0.004396 0.054959 0.998479
29.100223 76.104298 7.628388 2.207362 -0.000247 0.005291 0.054668 0.998491
29.200248 76.365037 7.647094 2.209231 -0.000084 0.005195 0.054299 0.998511
29.228923 76.438608 7.661036 2.209652 0.000500 0.005353 0.054449 0.998502
29.329695 76.822179 7.704082 2.217667 0.001488 0.004779 0.052926 0.998586
29.439617 77.120898 7.733707 2.216696 0.000960 0.003715 0.053261 0.998573
29.540538 77.364839 7.759221 2.223174 0.000864 0.002851 0.053025 0.998589
29.700322 77.759525 7.799642 2.239868 0.001544 0.000868 0.052745 0.998606
29.800320 77.894610 7.816239 2.234070 0.000999 -0.000429 0.053060 0.998591
29.800672 77.883409 7.815288 2.234190 0.000915 -0.000390 0.053058 0.998591
29.912042 78.349075 7.869981 2.244274 -0.000708 -0.002632 0.053674 0.998555
30.000674 78.362580 7.874561 2.245441 -0.000769 -0.002573 0.053660 0.998556
30.112019 78.851579 7.938368 2.250662 0.002622 -0.005668 0.057511 0.998325
30.212018 79.094198 7.965321 2.261834 0.002614 -0.006516 0.058361 0.998271
30.312066 79.320976 7.982177 2.258361 0.002594 -0.007811 0.060591 0.998129
30.411990 79.560919 8.018651 2.265104 0.003558 -0.008779 0.062379 0.998008
30.512144 79.779484 8.054049 2.265197 0.004145 -0.010132 0.063859 0.997899
30.612067 80.027276 8.084007 2.270585 0.004530 -0.009977 0.065276 0.997807
30.712043 80.247797 8.116922 2.278047 0.004463 -0.009304 0.065946 0.997770
30.812143 80.479390 8.151294 2.289518 0.003576 -0.008411 0.065277 0.997825
30.912145 80.703031 8.187834 2.295102 0.001974 -0.006953 0.064127 0.997916
31.012070 80.911048 8.208287 2.292532 0.001581 -0.006037 0.063440 0.997966
31.112066 81.099550 8.220416 2.300352 0.003460 -0.005213 0.062543 0.998023
31.244727 81.303909 8.242893 2.309132 0.004900 -0.004519 0.060483 0.998147
31.344580 81.425153 8.267542 2.320343 0.004914 -0.004027 0.060186 0.998167
31.422185 81.522729 8.280710 2.323238 0.004382 -0.003948 0.059145 0.998232
31.546799 81.699724 8.300617 2.328360 0.004302 -0.003687 0.056959 0.998360
31.644680 81.793014 8.307929 2.327283 0.004174 -0.003504 0.055967 0.998418
31.746899 81.907138 8.309127 2.331374 0.004235 -0.003272 0.054698 0.998489
31.844705 82.000449 8.323145 2.334994 0.004698 -0.003123 0.053599 0.998547
31.944706 82.090036 8.334243 2.335391 0.004597 -0.003089 0.052512 0.998605
32.044780 82.159875 8.339795 2.337269 0.004754 -0.003180 0.051461 0.998659
32.144903 82.233776 8.348248 2.342992 0.004819 -0.003062 0.050083 0.998729
32.244780 82.304626 8.348745 2.343848 0.005043 -0.003092 0.048698 0.998796
32.344731 82.383772 8.345656 2.347945 0.005349 -0.002984 0.047424 0.998856
32.444758 82.447312 8.354249 2.349782 0.005773 -0.002924 0.046212 0.998911
32.544730 82.521098 8.352545 2.351649 0.006052 -0.002945 0.044837 0.998972
32.644706 82.590997 8.362374 2.351245 0.006202 -0.003118 0.043614 0.999024
32.744778 82.654029 8.356712 2.353767 0.006398 -0.002957 0.042343 0.999078
32.844755 82.722066 8.364579 2.354785 0.006908 -0.002867 0.040962 0.999133
32.944853 82.784772 8.366740 2.358475 0.006761 -0.002898 0.039609 0.999188
33.044779 82.850665 8.365579 2.360640 0.006478 -0.002679 0.038161 0.999247
33.144657 82.924872 8.377803 2.358360 0.006867 -0.002749 0.036821 0.999294
33.244876 82.999678 8.378160 2.361047 0.007133 -0.002633 0.035797 0.999330
33.344605 83.070264 8.381858 2.361684 0.007079 -0.002543 0.034567 0.999374
33.500321 83.191006 8.374585 2.365980 0.006984 -0.002116 0.031853 0.999466
33.600347 83.230866 8.381120 2.366001 0.007034 -0.002173 0.031837 0.999466
33.600671 83.225678 8.382116 2.366144 0.007033 -0.002139 0.031793 0.999467
33.744629 83.355894 8.389378 2.369783 0.006998 -0.002004 0.028519 0.999567
33.832360 83.404390 8.404800 2.369980 0.006760 -0.001973 0.028587 0.999567
33.932909 83.482755 8.391171 2.371274 0.006874 -0.001782 0.026791 0.999616
34.031940 83.551221 8.395841 2.375158 0.007330 -0.001693 0.025553 0.999645
34.132014 83.621896 8.396286 2.373066 0.007491 -0.001370 0.024187 0.999678
34.232466 83.691418 8.401003 2.376382 0.007591 -0.001101 0.022967 0.999707
34.332340 83.755608 8.410232 2.377834 0.007644 -0.000953 0.022030 0.999728
34.444756 83.831258 8.403762 2.381942 0.007745 -0.001092 0.020643 0.999756
34.544707 83.891952 8.404951 2.383567 0.007620 -0.001182 0.019510 0.999780
34.644583 83.956012 8.403756 2.385140 0.007755 -0.001575 0.018128 0.999804
34.744704 84.010903 8.408411 2.386732 0.007798 -0.001404 0.016799 0.999828
34.844653 84.090344 8.408798 2.384858 0.007516 -0.001270 0.015404 0.999852
34.944707 84.154690 8.413386 2.389582 0.007581 -0.001245 0.013955 0.999873
35.044680 84.241966 8.413655 2.389978 0.007432 -0.001317 0.012384 0.999895
35.144731 84.332739 8.417085 2.391759 0.007622 -0.001340 0.010939 0.999910
35.244729 84.421953 8.415644 2.391652 0.007742 -0.001511 0.009156 0.999927
35.344655 84.508334 8.414300 2.392361 0.007873 -0.001528 0.007297 0.999941
35.444978 84.597777 8.413959 2.395084 0.007956 -0.001469 0.005372 0.999953
35.544605 84.698949 8.413364 2.396639 0.008109 -0.001586 0.003495 0.999960
35.644729 84.802922 8.410065 2.399858 0.008488 -0.001598 0.001366 0.999962
35.744603 84.910364 8.399564 2.401989 0.008717 -0.001640 -0.000504 0.999961
35.844702 85.022086 8.402009 2.402188 0.009512 -0.002043 -0.002531 0.999949
35.944754 85.136871 8.403170 2.404601 0.009820 -0.002336 -0.004806 0.999938
36.044752 85.258096 8.399015 2.407567 0.010076 -0.002407 -0.006791 0.999923
36.144779 85.392504 8.385904 2.410929 0.009971 -0.002596 -0.008667 0.999909
36.246824 85.532491 8.383187 2.412309 0.010488 -0.003185 -0.010428 0.999886
36.344703 85.671233 8.379025 2.413978 0.011072 -0.003725 -0.011789 0.999862
36.446822 85.823776 8.375872 2.421416 0.011409 -0.003889 -0.012997 0.999843
36.546874 85.984611 8.372360 2.419327 0.011058 -0.003856 -0.013924 0.999834
36.644603 86.134715 8.373540 2.426181 0.011323 -0.003803 -0.014782 0.999819
36.746849 86.297707 8.369942 2.425019 0.010838 -0.004009 -0.015011 0.999821
36.846876 86.463022 8.370501 2.425478 0.011178 -0.004169 -0.015932 0.999802
36.944904 86.633015 8.362951 2.430088 0.011906 -0.004283 -0.016181 0.999789
37.046851 86.821763 8.357634 2.436250 0.012074 -0.004546 -0.016392 0.999782
37.146873 87.008197 8.350472 2.437438 0.011465 -0.004703 -0.016398 0.999789
37.246747 87.200591 8.347074 2.441195 0.011555 -0.004734 -0.016328 0.999789
37.344754 87.396042 8.339873 2.442789 0.011405 -0.004865 -0.016089 0.999794
37.444800 87.601245 8.334776 2.446720 0.011466 -0.004922 -0.015674 0.999799
37.511441 87.743609 8.335086 2.449557 0.011238 -0.004425 -0.015115 0.999813
37.611489 88.013772 8.324204 2.452587 0.011617 -0.004393 -0.014597 0.999816
37.711566 88.225640 8.318995 2.455538 0.012212 -0.004530 -0.013805 0.999820
37.841462 88.527747 8.314901 2.466359 0.013326 -0.004166 -0.012890 0.999819
37.940817 88.689286 8.309335 2.469135 0.013835 -0.003944 -0.012046 0.999824
38.040917 88.917660 8.301910 2.478776 0.013983 -0.003433 -0.011720 0.999828
38.144704 89.140944 8.301299 2.486088 0.013212 -0.003681 -0.011548 0.999839
38.244558 89.359768 8.302783 2.488395 0.013190 -0.004382 -0.011336 0.999839
38.344704 89.589775 8.297488 2.493301 0.012787 -0.004427 -0.012136 0.999835
38.444682 89.827791 8.300423 2.496304 0.013206 -0.003881 -0.013480 0.999814
38.544605 90.053746 8.286016 2.502578 0.013721 -0.003787 -0.015566 0.999778
38.644607 90.284595 8.275640 2.505955 0.013744 -0.003751 -0.018343 0.999730
38.741688 90.516087 8.262781 2.509196 0.013664 -0.003761 -0.021258 0.999674
38.844605 90.759931 8.249873 2.509625 0.014406 -0.003466 -0.024639 0.999587
38.939145 90.979756 8.231565 2.515817 0.015243 -0.003188 -0.028213 0.999481
39.038445 91.216017 8.219879 2.518180 0.016325 -0.002637 -0.031717 0.999360
39.137971 91.459702 8.202931 2.522086 0.017352 -0.002526 -0.035814 0.999205
39.235876 91.696271 8.177399 2.526899 0.017805 -0.002280 -0.039632 0.999053
39.335901 91.936437 8.146325 2.528645 0.017643 -0.001481 -0.043042 0.998916
39.435178 92.177166 8.115603 2.534568 0.018291 -0.000661 -0.045936 0.998777
39.533655 92.422748 8.086698 2.536122 0.019608 -0.000027 -0.048113 0.998649
39.632459 92.659809 8.044944 2.541803 0.020962 0.000195 -0.049297 0.998564
39.732160 92.914582 8.029476 2.547994 0.021712 0.000504 -0.050606 0.998483
39.832810 93.151019 7.996336 2.556456 0.021934 0.000352 -0.050195 0.998498
39.933682 93.398290 7.981367 2.556704 0.021929 0.000612 -0.048809 0.998567
40.034478 93.641629 7.954788 2.559259 0.022253 0.000678 -0.046733 0.998659
40.135198 93.886432 7.934115 2.568126 0.022452 0.000025 -0.043643 0.998795
40.231261 94.119055 7.912354 2.573979 0.021669 -0.000558 -0.039804 0.998972
40.336572 94.366474 7.913110 2.582295 0.020583 -0.001612 -0.034480 0.999192
40.434802 94.594359 7.906036 2.577506 0.020342 -0.002198 -0.029950 0.999342
40.534456 94.832836 7.899959 2.581135 0.021202 -0.002895 -0.024086 0.999481
40.631710 95.067942 7.893645 2.585866 0.022347 -0.003487 -0.018046 0.999581
40.730214 95.295913 7.896924 2.597606 0.022712 -0.004356 -0.011423 0.999667
40.832437 95.542617 7.906512 2.601510 0.021613 -0.004727 -0.004352 0.999746
40.933010 95.772184 7.908208 2.606612 0.021288 -0.004725 0.002972 0.999758
41.022142 95.969195 7.935139 2.606709 0.021999 -0.005250 0.009827 0.999696
41.127224 96.234053 7.960430 2.608587 0.024088 -0.006621 0.018808 0.999511
41.223312 96.451697 7.977588 2.615693 0.024789 -0.008148 0.026201 0.999316
41.324157 96.704374 7.992299 2.632351 0.023679 -0.009382 0.034632 0.999076
41.431941 96.982422 8.035604 2.642158 0.021634 -0.009848 0.043438 0.998773
41.535155 97.235198 8.082643 2.653558 0.019898 -0.009956 0.051882 0.998405
41.612111 97.432212 8.123920 2.659248 0.019095 -0.009726 0.058304 0.998069
41.738222 97.818543 8.194498 2.669959 0.017636 -0.009449 0.069719 0.997366
41.839666 98.024784 8.240888 2.680133 0.016926 -0.009427 0.075445 0.996962
41.939470 98.299822 8.289209 2.691824 0.015676 -0.009521 0.081420 0.996511
42.100296 98.734368 8.397050 2.705163 0.013905 -0.008806 0.088204 0.995966
42.200323 98.868849 8.438213 2.708959 0.013467 -0.008927 0.089218 0.995881
42.300271 99.168908 8.492157 2.718815 0.012857 -0.008543 0.091340 0.995700
42.400271 99.447909 8.550020 2.726892 0.012395 -0.008063 0.092699 0.995584
42.500372 99.738773 8.599600 2.738546 0.011819 -0.007789 0.094091 0.995463
42.501471 99.746235 8.609666 2.737119 0.011960 -0.007581 0.094994 0.995377
42.612166 100.333269 8.721522 2.757819 0.011245 -0.008275 0.094038 0.995471
42.712111 100.612504 8.797729 2.762812 0.010860 -0.008215 0.093091 0.995564
42.812169 100.989863 8.855040 2.780660 0.010037 -0.008274 0.091128 0.995754
42.912013 101.348905 8.927128 2.792782 0.009539 -0.008644 0.089024 0.995946
43.012117 101.692638 8.972352 2.805397 0.008996 -0.008838 0.088001 0.996041
43.112064 102.063376 9.036372 2.813886 0.008483 -0.008815 0.085739 0.996242
43.212041 102.426812 9.078805 2.820734 0.007758 -0.009107 0.084086 0.996387
43.312068 102.803829 9.141063 2.836465 0.007484 -0.009379 0.082369 0.996530
43.412165 103.181188 9.192552 2.840825 0.007168 -0.009357 0.080195 0.996710
43.512144 103.577496 9.258191 2.858711 0.006916 -0.009103 0.077798 0.996904
43.612142 103.976485 9.331116 2.868172 0.005460 -0.008954 0.075496 0.997091
43.712041 104.368961 9.378439 2.887230 0.005393 -0.008200 0.073842 0.997222
43.846095 104.935871 9.456440 2.900561 0.005400 -0.007845 0.070367 0.997476
43.965264 105.328610 9.524773 2.905588 0.004223 -0.007678 0.068400 0.997620
44.098277 105.812366 9.595160 2.914666 0.005636 -0.007175 0.066426 0.997750
44.133527 105.906942 9.604761 2.917855 0.005672 -0.007720 0.066358 0.997750
44.200625 105.899799 9.602901 2.918887 0.005664 -0.007710 0.066479 0.997742
44.336774 107.019248 9.737557 2.953475 0.007475 -0.005574 0.060804 0.998106
44.411994 107.256310 9.772773 2.950562 0.007009 -0.005413 0.061609 0.998061
44.548492 108.009059 9.854886 2.969608 0.009396 -0.003524 0.058354 0.998246
44.610576 108.174613 9.881412 2.973427 0.009700 -0.003484 0.058932 0.998209
44.710927 108.762569 9.934393 2.987881 0.011250 -0.002650 0.055992 0.998364
44.832756 109.349780 9.994472 2.997356 0.012629 -0.002189 0.055098 0.998399
44.941438 109.786541 10.040553 3.007283 0.014566 -0.002543 0.054917 0.998381
45.041712 110.214106 10.086278 3.016375 0.015141 -0.003618 0.054701 0.998381
45.132136 110.620301 10.137149 3.024574 0.016934 -0.003591 0.054823 0.998346
45.232802 111.120912 10.185787 3.034585 0.016858 -0.002382 0.055331 0.998323
45.332670 111.575754 10.226756 3.044607 0.017337 -0.001349 0.055263 0.998320
45.439962 112.060823 10.286681 3.051748 0.019867 0.000156 0.055126 0.998282
45.539341 112.491995 10.344759 3.073068 0.019338 0.000723 0.055398 0.998277
45.636070 112.926229 10.404195 3.088261 0.017086 -0.000077 0.055389 0.998319
45.744651 113.405129 10.455476 3.089865 0.016231 -0.001393 0.055572 0.998322
45.837573 113.798444 10.496191 3.093976 0.017125 -0.002134 0.055985 0.998282
45.900673 113.797389 10.497323 3.094238 0.017170 -0.002086 0.056058 0.998278
46.000673 114.834962 10.619108 3.115736 0.018645 -0.004347 0.056591 0.998214
46.112167 115.190100 10.679737 3.129188 0.017415 -0.004796 0.057507 0.998182
46.212140 115.599423 10.730193 3.140310 0.015145 -0.005361 0.056905 0.998250
46.311994 116.013608 10.771682 3.144088 0.014540 -0.005277 0.056768 0.998268
46.412138 116.438202 10.817017 3.156498 0.015488 -0.004610 0.056313 0.998282
46.512140 116.859296 10.852516 3.166433 0.016874 -0.004434 0.055327 0.998316
46.612190 117.279328 10.910252 3.182230 0.015917 -0.004506 0.053789 0.998415
46.712089 117.700880 10.957225 3.194081 0.013579 -0.004186 0.051899 0.998551
46.848314 118.252498 11.010661 3.206671 0.012771 -0.004024 0.048210 0.998747
46.910797 118.420688 11.032174 3.210677 0.012458 -0.003729 0.047587 0.998782
47.010898 118.910761 11.075846 3.221504 0.013372 -0.004184 0.042002 0.999019
47.112114 119.322221 11.099558 3.228245 0.014692 -0.004778 0.038891 0.999124
47.212192 119.730521 11.123797 3.239229 0.014559 -0.004190 0.035759 0.999246
47.365148 120.340985 11.173385 3.253698 0.014410 -0.003418 0.030756 0.999417
47.448244 120.515291 11.176028 3.254860 0.014486 -0.003111 0.030424 0.999427
47.512165 120.803334 11.183147 3.267152 0.013916 -0.002450 0.026156 0.999558
47.612145 121.246850 11.204471 3.274988 0.014410 -0.002178 0.021945 0.999653
47.747570 121.784659 11.225896 3.290332 0.015136 -0.001601 0.018862 0.999706
47.846798 122.058981 11.229843 3.295478 0.015668 -0.001372 0.017071 0.999731
47.946896 122.393952 11.236951 3.302969 0.015725 -0.001396 0.013618 0.999783
48.047095 122.750096 11.243820 3.307205 0.015391 -0.001153 0.011093 0.999819
48.146872 123.097209 11.242214 3.315030 0.015180 -0.001146 0.009008 0.999844
48.246996 123.442862 11.249087 3.322594 0.015901 -0.001418 0.006946 0.999848
48.346749 123.776749 11.255022 3.332163 0.015985 -0.001280 0.005569 0.999856
48.446871 124.108421 11.253485 3.336891 0.015782 -0.001089 0.004053 0.999867
48.546846 124.435471 11.251587 3.346156 0.015660 -0.000969 0.003197 0.999872
48.646796 124.753405 11.251907 3.352146 0.015595 -0.000865 0.003136 0.999873
48.746873 125.063056 11.257975 3.358291 0.015524 -0.001462 0.002539 0.999875
48.812090 125.263720 11.256390 3.360329 0.015313 -0.001609 0.002160 0.999879
48.912166 125.614314 11.262729 3.364790 0.014692 -0.002138 0.002689 0.999886
49.046846 126.034581 11.268266 3.376346 0.015090 -0.002787 0.003814 0.999875
49.112093 126.149540 11.280940 3.381645 0.015229 -0.003043 0.004416 0.999870
49.248544 126.565105 11.291848 3.394093 0.015023 -0.003563 0.005583 0.999865
49.312141 126.676964 11.297401 3.392178 0.015216 -0.003737 0.006917 0.999853
49.400698 126.663680 11.295378 3.392437 0.015059 -0.003714 0.006770 0.999857
49.511992 127.278954 11.319226 3.405254 0.015301 -0.004389 0.011466 0.999808
49.647744 127.603780 11.341945 3.411634 0.015071 -0.004124 0.014812 0.999768
49.747995 127.799895 11.344390 3.419003 0.014745 -0.004233 0.016878 0.999740
49.812189 127.955012 11.354056 3.420200 0.013830 -0.004153 0.017748 0.999738
49.948445 128.333046 11.377843 3.432234 0.013305 -0.003944 0.022175 0.999658
50.048468 128.524005 11.387764 3.432748 0.013266 -0.004395 0.024600 0.999600
50.112017 128.667425 11.396625 3.440391 0.013692 -0.004497 0.025679 0.999566
50.247748 129.041025 11.427216 3.448202 0.013401 -0.003231 0.029573 0.999468
50.347698 129.222023 11.452688 3.453051 0.013221 -0.002646 0.031840 0.999402
50.447522 129.468282 11.469121 3.461261 0.013334 -0.001973 0.034031 0.999330
50.546823 129.689735 11.490534 3.462407 0.013901 -0.001879 0.036365 0.999240
50.646876 129.911573 11.512067 3.472673 0.013969 -0.001667 0.038692 0.999152
50.746821 130.137425 11.525207 3.476467 0.013780 -0.001589 0.040888 0.999067
50.846747 130.363969 11.559568 3.483693 0.013485 -0.001680 0.043064 0.998980
50.946724 130.591053 11.579707 3.487200 0.013095 -0.001709 0.045406 0.998881
51.047697 130.815578 11.607777 3.491954 0.013307 -0.001725 0.047541 0.998779
51.146672 131.030929 11.620991 3.498417 0.013241 -0.002123 0.049469 0.998686
51.246774 131.250347 11.641506 3.503407 0.012984 -0.001919 0.051569 0.998583
51.346796 131.460883 11.661419 3.508844 0.012855 -0.001824 0.053754 0.998470
51.446848 131.671638 11.690477 3.517912 0.012937 -0.002042 0.055574 0.998369
51.546826 131.875673 11.727678 3.518144 0.012691 -0.002502 0.057355 0.998270
51.646773 132.083958 11.756463 3.521642 0.012977 -0.002808 0.058947 0.998173
51.710217 132.206482 11.764587 3.522363 0.012687 -0.003311 0.059847 0.998121
51.812089 132.467707 11.795498 3.526256 0.012563 -0.003642 0.061418 0.998026
51.947393 132.753602 11.842669 3.531782 0.013244 -0.004014 0.062907 0.997923
52.010194 132.825368 11.864282 3.536921 0.013328 -0.004185 0.063427 0.997889
52.109784 133.070565 11.891229 3.541879 0.013017 -0.004169 0.063749 0.997872
52.300172 133.453458 11.948975 3.549709 0.012072 -0.004348 0.063958 0.997870
52.400221 133.485795 11.951138 3.550088 0.012043 -0.004699 0.064122 0.997858
52.500171 133.661957 11.967564 3.554328 0.011501 -0.004492 0.062199 0.997987
52.600198 133.838506 11.990722 3.560302 0.012221 -0.004556 0.061535 0.998020
52.700147 134.026613 12.007256 3.570235 0.012197 -0.004548 0.060002 0.998113
52.800221 134.205972 12.020077 3.573573 0.012118 -0.004742 0.058359 0.998211
52.900273 134.379733 12.037395 3.578939 0.012102 -0.004839 0.055938 0.998349
53.000245 134.563680 12.055644 3.582143 0.012049 -0.005105 0.053917 0.998460
53.100271 134.745663 12.077004 3.587908 0.012697 -0.005397 0.052132 0.998545
53.200270 134.930268 12.098813 3.588121 0.012895 -0.005589 0.050065 0.998647
53.210524 134.949924 12.100376 3.590830 0.012671 -0.005669 0.050027 0.998651
53.310699 135.243584 12.115486 3.594322 0.012984 -0.005587 0.046200 0.998832
53.410798 135.424625 12.137563 3.597631 0.013451 -0.005381 0.044994 0.998882
53.511072 135.613209 12.151000 3.604372 0.014156 -0.004908 0.043239 0.998952
53.700347 135.961359 12.183099 3.616017 0.014111 -0.004500 0.039961 0.999091
53.800199 135.989701 12.194994 3.613514 0.014166 -0.004585 0.039950 0.999091
53.900246 136.152564 12.201757 3.617813 0.013899 -0.004271 0.037640 0.999186
54.000272 136.288428 12.205270 3.618227 0.014019 -0.004196 0.036370 0.999231
54.100346 136.439394 12.224326 3.621801 0.014080 -0.004010 0.034769 0.999288
54.200170 136.582967 12.229287 3.626576 0.014255 -0.003760 0.033319 0.999336
54.300323 136.739588 12.237728 3.630191 0.014751 -0.003443 0.031993 0.999373
54.400296 136.860515 12.233491 3.634878 0.014531 -0.003218 0.030501 0.999424
54.500272 137.017057 12.244445 3.640567 0.014370 -0.002896 0.029199 0.999466
54.600347 137.147215 12.252735 3.642799 0.013831 -0.002734 0.028041 0.999507
54.600675 137.144890 12.251902 3.643121 0.013808 -0.002722 0.028057 0.999507
54.800345 137.533215 12.263038 3.651281 0.014024 -0.001842 0.024250 0.999606
54.900371 137.556906 12.277328 3.654720 0.014294 -0.001862 0.024511 0.999596
55.000272 137.702131 12.270855 3.656331 0.013767 -0.001701 0.022827 0.999643
55.100222 137.821157 12.287124 3.659675 0.013557 -0.001427 0.022218 0.999660
55.200345 137.961801 12.294853 3.659728 0.013597 -0.001251 0.021298 0.999680
55.300270 138.077719 12.287028 3.663210 0.014213 -0.001047 0.020585 0.999687
55.400346 138.215211 12.290854 3.665255 0.014482 -0.001108 0.020413 0.999686
55.500272 138.344387 12.294436 3.669598 0.014559 -0.001041 0.020158 0.999690
55.600199 138.472971 12.301648 3.671944 0.014655 -0.001253 0.019832 0.999695
55.700322 138.616383 12.305943 3.672943 0.014598 -0.001146 0.019989 0.999693
55.800347 138.739749 12.310976 3.674250 0.014644 -0.000856 0.019974 0.999693
55.900297 138.872065 12.320948 3.676232 0.014917 -0.000682 0.019813 0.999692
56.000345 138.998783 12.314898 3.678796 0.015158 -0.000585 0.019901 0.999687
56.100323 139.140514 12.325429 3.684259 0.015154 -0.000346 0.020134 0.999682
56.200322 139.265368 12.334867 3.685258 0.015126 -0.000297 0.020206 0.999681
56.200699 139.265494 12.337276 3.685182 0.015161 -0.000307 0.020265 0.999680
56.344782 139.565513 12.328904 3.687999 0.014581 0.000697 0.019992 0.999694
56.500297 139.764527 12.346861 3.695905 0.014754 0.001165 0.020781 0.999675
56.544579 139.758860 12.354460 3.693284 0.014522 0.001010 0.020830 0.999677
56.644706 139.942418 12.353377 3.700391 0.013677 0.001527 0.019909 0.999707
56.744680 140.064232 12.363063 3.697369 0.013265 0.001494 0.020110 0.999709
56.844758 140.198346 12.369312 3.701128 0.013291 0.001572 0.019967 0.999711
56.900672 140.196873 12.369432 3.701459 0.013281 0.001606 0.019995 0.999711
57.044601 140.508601 12.385000 3.706733 0.012815 0.002121 0.019585 0.999724
57.144682 140.600364 12.393879 3.704997 0.012560 0.001892 0.020077 0.999718
57.244677 140.734091 12.393278 3.710340 0.012558 0.001727 0.019704 0.999726
57.344979 140.860337 12.404020 3.710280 0.012333 0.001682 0.019756 0.999727
57.444780 141.003415 12.413328 3.711950 0.012054 0.002078 0.019936 0.999726
57.544730 141.130807 12.414504 3.714078 0.011640 0.002305 0.019865 0.999732
57.644732 141.245068 12.415326 3.715207 0.011850 0.002337 0.019443 0.999738
57.744854 141.372653 12.415578 3.714723 0.012620 0.002320 0.019288 0.999732
57.844601 141.487173 12.426048 3.716070 0.013600 0.002267 0.018678 0.999730
57.944604 141.606284 12.425320 3.717668 0.014395 0.002530 0.017564 0.999739
58.044604 141.725571 12.422811 3.721919 0.014947 0.002776 0.016253 0.999752
58.144705 141.836244 12.428205 3.725479 0.014717 0.002749 0.015126 0.999774
58.200672 141.836431 12.431383 3.724969 0.014736 0.002735 0.015131 0.999773
58.400322 142.180534 12.439621 3.729333 0.012839 0.002578 0.010813 0.999856
58.400697 142.181387 12.438973 3.729585 0.012806 0.002587 0.010823 0.999856
58.500673 142.288368 12.438452 3.728377 0.012818 0.001985 0.009550 0.999870
58.647221 142.462268 12.444975 3.725588 0.013081 0.002008 0.007618 0.999883
58.744928 142.528971 12.444340 3.726021 0.013715 0.001950 0.006941 0.999880
58.900346 142.683709 12.436374 3.734472 0.013507 0.002070 0.004825 0.999895
58.900672 142.688097 12.437640 3.734634 0.013531 0.002071 0.004885 0.999894
59.065221 142.920896 12.444746 3.739666 0.010429 0.001564 0.002702 0.999941
59.112039 142.920981 12.452722 3.731885 0.010032 0.001314 0.003060 0.999944
59.211992 143.086910 12.445189 3.735227 0.010285 0.001390 0.001238 0.999945
59.312092 143.205324 12.444792 3.732628 0.010555 0.001498 0.000670 0.999943
59.465173 143.399098 12.440973 3.741505 0.010836 0.001820 -0.000500 0.999940
59.565171 143.475049 12.443116 3.742691 0.010131 0.001747 -0.001027 0.999947
59.665572 143.597596 12.455998 3.742382 0.009321 0.002486 -0.001794 0.999952
59.765124 143.728993 12.464046 3.740344 0.008075 0.003020 -0.002126 0.999961
59.865122 143.867354 12.462584 3.732166 0.007804 0.004018 -0.002883 0.999957
59.965319 144.006811 12.450537 3.735613 0.009060 0.004900 -0.003120 0.999942
60.044878 144.113473 12.447448 3.736160 0.010972 0.005323 -0.002819 0.999922
60.144880 144.274824 12.435854 3.748030 0.011870 0.005658 -0.002908 0.999909
60.247195 144.425042 12.452250 3.744459 0.010900 0.005415 -0.001969 0.999924
60.346997 144.557614 12.448491 3.748301 0.009638 0.005073 -0.000896 0.999940
60.448418 144.695049 12.449798 3.744041 0.008665 0.004722 -0.000138 0.999951
60.565198 144.852818 12.461886 3.746442 0.008415 0.004924 0.001118 0.999952
60.648294 144.936072 12.456265 3.748732 0.008243 0.005179 0.001970 0.999951
60.747793 145.092526 12.460897 3.750766 0.008122 0.005515 0.002673 0.999948
60.846921 145.219490 12.464474 3.747500 0.008544 0.005236 0.003114 0.999945
60.946897 145.348921 12.464583 3.752666 0.009225 0.005178 0.002739 0.999940
61.046746 145.479971 12.463817 3.753823 0.008433 0.005781 0.002007 0.999946
61.144954 145.593801 12.463907 3.755296 0.008409 0.006432 0.001638 0.999943
61.238698 145.693402 12.468584 3.754559 0.008731 0.006677 0.001015 0.999939
61.344928 145.804009 12.464142 3.752573 0.009701 0.006614 -0.000115 0.999931
61.444999 145.884694 12.456316 3.752887 0.010526 0.006470 -0.000598 0.999923
61.544679 145.957794 12.451460 3.753469 0.011174 0.006233 -0.001308 0.999917
61.644679 146.021776 12.456462 3.752053 0.011902 0.006597 -0.002131 0.999905
61.744653 146.076866 12.447935 3.753326 0.012418 0.007143 -0.002150 0.999895
61.844625 146.103105 12.448567 3.756906 0.012917 0.007276 -0.002678 0.999887
61.944702 146.118266 12.446804 3.758717 0.012803 0.007537 -0.003236 0.999884
62.044751 146.106795 12.449811 3.759243 0.012641 0.007577 -0.002767 0.999888
62.144679 146.095257 12.447603 3.762025 0.012391 0.006675 -0.002906 0.999897
62.244752 146.111359 12.447796 3.764710 0.012393 0.005604 -0.003175 0.999902
62.344678 146.106825 12.447466 3.761677 0.012365 0.005738 -0.003055 0.999902
62.444605 146.100416 12.448500 3.761210 0.012444 0.006075 -0.003068 0.999899
62.544875 146.101608 12.445366 3.763044 0.012560 0.005866 -0.003035 0.999899
62.644700 146.106814 12.447805 3.760521 0.012363 0.006099 -0.002954 0.999901
62.744654 146.108059 12.443853 3.761091 0.012486 0.006259 -0.003009 0.999898
62.844681 146.106339 12.448647 3.761614 0.012542 0.006117 -0.002926 0.999898
62.944674 146.106657 12.447726 3.759818 0.012459 0.006204 -0.002968 0.999899
63.044599 146.101284 12.447389 3.761033 0.012502 0.006224 -0.003010 0.999898
63.144677 146.110183 12.454053 3.759607 0.012543 0.006198 -0.003010 0.999898
63.244903 146.107580 12.453673 3.760349 0.012431 0.006153 -0.002976 0.999899
63.344674 146.106111 12.451983 3.760508 0.012488 0.006169 -0.002993 0.999899
63.444653 146.100211 12.457987 3.760702 0.012469 0.006212 -0.003016 0.999898
63.544653 146.101226 12.452407 3.760325 0.012517 0.006140 -0.003090 0.999898
63.644705 146.106499 12.451995 3.760709 0.012545 0.006129 -0.002925 0.999898
63.744727 146.105598 12.451337 3.759762 0.012414 0.006128 -0.002909 0.999900
63.844651 146.107803 12.449317 3.761306 0.012518 0.006154 -0.003010 0.999898
63.944678 146.106170 12.444471 3.759342 0.012468 0.006129 -0.002994 0.999899
64.044579 146.099524 12.442192 3.760990 0.012464 0.006239 -0.002872 0.999899
64.144728 146.102445 12.442216 3.760925 0.012412 0.006119 -0.002875 0.999900
64.244751 146.103467 12.446385 3.760888 0.012459 0.006178 -0.003050 0.999899
64.344778 146.109600 12.444439 3.760703 0.012517 0.006200 -0.002894 0.999898
64.444754 146.108057 12.446743 3.760746 0.012464 0.006225 -0.003044 0.999898
64.544725 146.106339 12.450559 3.759521 0.012463 0.006093 -0.003085 0.999899
64.644575 146.105851 12.451127 3.759156 0.012444 0.006117 -0.002928 0.999900
64.744725 146.106618 12.450638 3.759191 0.012522 0.006128 -0.002962 0.999898
64.844728 146.111117 12.446590 3.759210 0.012466 0.006162 -0.003068 0.999899
64.944650 146.110554 12.444598 3.760492 0.012425 0.006030 -0.002906 0.999900
65.044603 146.110106 12.447800 3.759114 0.012472 0.006159 -0.002949 0.999899
65.144851 146.111358 12.454028 3.761786 0.012516 0.006137 -0.002954 0.999898
65.244623 146.118495 12.446444 3.761237 0.012432 0.006193 -0.002903 0.999899
65.344652 146.113704 12.450409 3.761093 0.012471 0.006208 -0.002930 0.999899
65.400671 146.111658 12.450737 3.761518 0.012492 0.006215 -0.002928 0.999898
65.544649 146.105358 12.448042 3.761993 0.012552 0.006319 -0.002993 0.999897
65.644701 146.110521 12.448439 3.760574 0.012464 0.006190 -0.003030 0.999899
65.744729 146.113513 12.450688 3.761802 0.012479 0.006196 -0.002941 0.999899
65.844699 146.110974 12.453617 3.760012 0.012458 0.006240 -0.002867 0.999899
65.944649 146.110496 12.449899 3.762460 0.012546 0.006197 -0.003019 0.999898
66.044650 146.109418 12.456455 3.761489 0.012507 0.006197 -0.002962 0.999898
66.144701 146.105670 12.454780 3.761941 0.012502 0.006132 -0.003034 0.999898
66.244598 146.104078 12.454828 3.760977 0.012504 0.006227 -0.002864 0.999898
66.344726 146.106802 12.451760 3.761600 0.012476 0.006210 -0.002943 0.999899
66.444650 146.104942 12.448950 3.760242 0.012459 0.006252 -0.002990 0.999898
66.544648 146.101788 12.451274 3.762811 0.012535 0.006280 -0.002962 0.999897
66.644777 146.102984 12.451457 3.761060 0.012508 0.006231 -0.003038 0.999898
66.744627 146.100787 12.451370 3.761590 0.012455 0.006214 -0.002866 0.999899
66.844804 146.108206 12.449689 3.761466 0.012479 0.006161 -0.003034 0.999899
66.944702 146.110915 12.446632 3.761585 0.012524 0.006205 -0.003023 0.999898
67.044703 146.102168 12.448677 3.762457 0.012492 0.006274 -0.002903 0.999898
67.144697 146.104713 12.446897 3.761291 0.012431 0.006182 -0.002917 0.999899
67.244701 146.105476 12.450064 3.762626 0.012458 0.006226 -0.002990 0.999899
67.344652 146.102164 12.444529 3.762195 0.012455 0.006186 -0.002971 0.999899
67.444752 146.102236 12.446215 3.762418 0.012537 0.006269 -0.002951 0.999897
67.544848 146.101878 12.442414 3.761640 0.012443 0.006109 -0.002904 0.999900
67.644701 146.102074 12.446047 3.762686 0.012480 0.006188 -0.002893 0.999899
67.744679 146.102043 12.447486 3.761341 0.012434 0.006209 -0.002858 0.999899
67.844604 146.108228 12.446058 3.762290 0.012479 0.006160 -0.002940 0.999899
67.944599 146.108437 12.446979 3.761237 0.012463 0.006148 -0.003056 0.999899
68.044655 146.111287 12.451845 3.763024 0.012498 0.006179 -0.003134 0.999898
68.144726 146.108312 12.451702 3.761169 0.012503 0.006120 -0.003006 0.999899
68.244652 146.105178 12.443445 3.761737 0.012393 0.006112 -0.002919 0.999900
68.344776 146.109895 12.449688 3.761815 0.012507 0.006127 -0.002996 0.999899
68.444827 146.106572 12.454648 3.761839 0.012458 0.006177 -0.003080 0.999899
68.544730 146.107020 12.455608 3.761532 0.012509 0.006228 -0.002988 0.999898
68.644652 146.112811 12.451682 3.761801 0.012457 0.006137 -0.002968 0.999899
68.744702 146.112383 12.447899 3.761536 0.012440 0.006174 -0.002963 0.999899
68.844626 146.108974 12.444617 3.762227 0.012472 0.006176 -0.002938 0.999899
68.944600 146.108243 12.446262 3.763610 0.012473 0.006117 -0.003068 0.999899
69.044625 146.101980 12.444056 3.760562 0.012489 0.006222 -0.003021 0.999898
69.144751 146.106765 12.448820 3.762526 0.012500 0.006258 -0.003151 0.999897
69.244702 146.108298 12.447138 3.761575 0.012430 0.006155 -0.002963 0.999899
69.344753 146.108198 12.443014 3.763404 0.012453 0.006063 -0.002867 0.999900
69.444701 146.106850 12.445956 3.762744 0.012429 0.006175 -0.002975 0.999899
69.544853 146.102484 12.447981 3.762634 0.012444 0.006243 -0.002961 0.999899
69.644652 146.104560 12.449760 3.762774 0.012434 0.006140 -0.002926 0.999900
69.744703 146.101259 12.448661 3.763970 0.012469 0.006164 -0.002896 0.999899
69.844725 146.100912 12.448142 3.762414 0.012319 0.006149 -0.002880 0.999901
69.944779 146.104030 12.447897 3.763873 0.012412 0.006084 -0.002992 0.999900
70.044601 146.103963 12.447394 3.763741 0.012485 0.006169 -0.002887 0.999899
70.144877 146.104449 12.442496 3.763336 0.012397 0.006134 -0.002888 0.999900
70.244723 146.101831 12.443937 3.765154 0.012411 0.006046 -0.003051 0.999900
70.344750 146.100788 12.441834 3.763874 0.012359 0.006169 -0.002916 0.999900
70.444701 146.095474 12.447252 3.764788 0.012361 0.006084 -0.002991 0.999901
70.545028 146.095065 12.447413 3.763179 0.012403 0.005732 -0.003081 0.999902
70.644678 146.107869 12.446475 3.762141 0.012440 0.005274 -0.003154 0.999904
70.744654 146.126994 12.445779 3.762191 0.012517 0.005115 -0.003250 0.999903
70.844928 146.148388 12.444938 3.762152 0.012471 0.004882 -0.003420 0.999904
70.944755 146.171294 12.444947 3.764926 0.012260 0.004721 -0.003662 0.999907
71.044676 146.204220 12.441405 3.764937 0.012013 0.004554 -0.003760 0.999910
71.147592 146.251730 12.444561 3.762759 0.011725 0.003674 -0.003812 0.999917
71.212118 146.279906 12.441018 3.766947 0.011780 0.002380 -0.004035 0.999920
71.312170 146.372362 12.454600 3.768238 0.010270 0.000090 -0.004401 0.999938
71.445822 146.503986 12.451661 3.763779 0.008363 -0.002282 -0.003990 0.999954
71.565270 146.619149 12.455470 3.754743 0.008054 -0.003820 -0.003891 0.999953
71.665322 146.736799 12.451658 3.760173 0.008561 -0.005056 -0.003770 0.999943
71.765221 146.885724 12.449132 3.770568 0.007863 -0.006060 -0.003481 0.999945
71.865272 147.063506 12.454565 3.778869 0.006503 -0.006942 -0.002878 0.999951
71.965274 147.259715 12.457745 3.779277 0.004330 -0.007214 -0.001556 0.999963
72.065172 147.459336 12.476144 3.771178 0.003554 -0.007360 0.000270 0.999967
72.113392 147.556622 12.470141 3.765395 0.003970 -0.007154 0.001051 0.999966
72.212290 147.875802 12.468998 3.765071 0.007012 -0.006598 0.003133 0.999949
72.312042 148.118145 12.474949 3.768593 0.009608 -0.006036 0.005179 0.999922
72.412741 148.374733 12.474677 3.778072 0.011559 -0.005145 0.007621 0.999891
72.512191 148.619584 12.487582 3.772694 0.013492 -0.004660 0.009057 0.999857
72.612117 148.875191 12.472714 3.785396 0.016498 -0.004456 0.011086 0.999793
72.712143 149.107475 12.484598 3.806481 0.017190 -0.003905 0.012873 0.999762
72.844648 149.403680 12.495995 3.834305 0.014726 0.001268 0.014459 0.999786
72.945024 149.546745 12.512524 3.831771 0.012642 0.003871 0.015417 0.999794
73.046724 149.704986 12.530849 3.838857 0.009314 0.005910 0.016177 0.999808
73.146846 149.841587 12.539287 3.820723 0.006974 0.007051 0.016960 0.999807
73.247420 149.939585 12.539729 3.819183 0.006347 0.007270 0.018092 0.999790
73.347920 150.047299 12.545344 3.817007 0.007212 0.005652 0.019107 0.999775
73.465197 150.192762 12.557301 3.824762 0.007793 0.003885 0.019921 0.999764
73.565101 150.296734 12.559014 3.823717 0.007747 0.002966 0.021146 0.999742
73.665196 150.407366 12.572701 3.825035 0.008329 0.002551 0.023067 0.999696
73.765097 150.520524 12.571792 3.826863 0.009020 0.002301 0.024781 0.999650
73.865297 150.641560 12.577802 3.831334 0.009667 0.002420 0.026637 0.999595
73.965246 150.766471 12.591666 3.839645 0.009260 0.002451 0.028796 0.999539
74.065199 150.890745 12.602953 3.826537 0.008746 0.002260 0.030829 0.999484
74.165151 151.020123 12.611850 3.828557 0.009723 0.001563 0.033554 0.999388
74.266122 151.136397 12.617102 3.835159 0.010788 0.000080 0.036213 0.999286
74.366293 151.278841 12.636721 3.844147 0.011006 -0.001139 0.038435 0.999200
74.466122 151.428395 12.652369 3.836808 0.010144 -0.002085 0.041476 0.999086
74.502071 151.490397 12.658669 3.840267 0.010146 -0.002436 0.043008 0.999020
74.601969 151.746036 12.689014 3.837561 0.010570 -0.003121 0.048497 0.998763
74.701893 151.950702 12.709004 3.844603 0.011543 -0.003951 0.052408 0.998551
74.801541 152.166770 12.745033 3.842833 0.011207 -0.005020 0.055953 0.998358
74.901441 152.396277 12.773712 3.852576 0.010588 -0.005827 0.059386 0.998162
75.100246 152.885456 12.837474 3.854118 0.009966 -0.005813 0.066843 0.997697
75.100673 152.884726 12.837095 3.853282 0.009946 -0.005786 0.066829 0.997698
75.265323 153.299340 12.917413 3.861511 0.011197 -0.000755 0.073457 0.997235
75.339592 153.360059 12.933087 3.879764 0.012012 -0.000001 0.073952 0.997189
75.438993 153.638979 12.982133 3.890447 0.010678 0.003234 0.076243 0.997027
75.540538 153.881468 13.037120 3.911501 0.007703 0.004351 0.077630 0.996943
75.646894 154.138802 13.096188 3.891628 0.003409 0.004615 0.078176 0.996923
75.747150 154.376384 13.141733 3.892701 0.001734 0.004457 0.077931 0.996947
75.865303 154.662605 13.181653 3.885469 0.001926 0.004611 0.077240 0.997000
75.925679 154.786085 13.201641 3.881216 0.001805 0.004346 0.076473 0.997061
76.023984 155.117510 13.237037 3.887247 0.004523 0.005437 0.075294 0.997136
76.122663 155.362120 13.273215 3.886151 0.006583 0.005857 0.074719 0.997166
76.222014 155.635847 13.307409 3.898922 0.008313 0.005961 0.073475 0.997245
76.321869 155.886717 13.345499 3.885365 0.008915 0.004001 0.072354 0.997331
76.421339 156.157030 13.383232 3.904870 0.009179 0.002942 0.070820 0.997443
76.523538 156.432174 13.430805 3.893387 0.007681 0.003416 0.068993 0.997582
76.646925 156.766719 13.477796 3.884732 0.006837 0.004617 0.066765 0.997735
76.739644 157.003678 13.503955 3.875681 0.007437 0.006185 0.065472 0.997808
76.831167 157.284661 13.526412 3.881314 0.010647 0.008899 0.064072 0.997849
76.929944 157.589680 13.559661 3.906732 0.013638 0.009945 0.062980 0.997872
77.031938 157.883698 13.594909 3.914260 0.012015 0.009165 0.061247 0.998008
77.134333 158.206590 13.644119 3.906989 0.008996 0.008926 0.060203 0.998106
77.228523 158.487902 13.686023 3.893944 0.007571 0.009199 0.059669 0.998147
77.335603 158.846807 13.731272 3.889704 0.008693 0.009415 0.058658 0.998196
77.434479 159.162326 13.756827 3.901332 0.010770 0.009642 0.057773 0.998225
77.511458 159.423960 13.777286 3.885836 0.011714 0.009160 0.057099 0.998258
77.639964 159.930536 13.829694 3.883428 0.012708 0.005464 0.056696 0.998296
77.712143 160.112245 13.865321 3.886007 0.013427 0.004251 0.056664 0.998294
77.812018 160.539546 13.908538 3.901056 0.012522 0.002140 0.054455 0.998435
77.912090 160.924426 13.943635 3.901372 0.011529 -0.002214 0.053698 0.998488
78.014884 161.305236 13.984256 3.903660 0.011960 -0.006756 0.052666 0.998518
78.112041 161.672871 14.018746 3.910128 0.014232 -0.009238 0.051462 0.998531
78.211995 162.064368 14.058553 3.916178 0.013796 -0.011408 0.050111 0.998583
78.312194 162.469760 14.111823 3.913285 0.011559 -0.012163 0.049003 0.998658
78.414712 162.886223 14.152997 3.911718 0.008923 -0.011455 0.047924 0.998745
78.512040 163.287096 14.201330 3.924040 0.008287 -0.008983 0.047081 0.998816
78.612116 163.713924 14.241524 3.947242 0.010240 -0.005377 0.046015 0.998874
78.712190 164.168077 14.277506 3.970682 0.012066 -0.003236 0.044863 0.998915
78.812044 164.595238 14.320829 3.984917 0.012704 -0.002668 0.043983 0.998948
78.944930 165.199124 14.380766 3.992404 0.012074 -0.002979 0.042140 0.999034
79.012093 165.420135 14.399364 3.992588 0.011557 -0.003323 0.041830 0.999052
79.111994 165.957357 14.435412 3.995701 0.010923 -0.003126 0.040528 0.999114
79.212044 166.455026 14.475909 4.007486 0.010966 -0.002927 0.038887 0.999179
79.312167 166.965496 14.516370 4.015535 0.010588 -0.002566 0.037441 0.999239
79.412118 167.467012 14.560033 4.025732 0.009430 -0.001846 0.036126 0.999301
79.512068 167.995663 14.612733 4.027289 0.008688 -0.001538 0.034665 0.999360
79.646823 168.697653 14.671413 4.033841 0.008895 -0.000801 0.032811 0.999422
79.712120 168.949196 14.678397 4.041684 0.009830 -0.001158 0.032130 0.999435
79.812190 169.563119 14.711902 4.043684 0.009758 -0.000744 0.031510 0.999456
79.946898 170.323567 14.769978 4.049446 0.009061 0.000173 0.031358 0.999467
80.046847 170.759751 14.797022 4.054768 0.008826 0.000527 0.030707 0.999489
80.126008 171.184396 14.822804 4.059479 0.009265 0.001360 0.031183 0.999470
80.228524 171.817944 14.854505 4.068250 0.010044 0.001867 0.032662 0.999414
80.331147 172.399662 14.905041 4.075815 0.010370 0.001995 0.033883 0.999370
80.439195 173.007542 14.948108 4.085206 0.010356 0.001843 0.036036 0.999295
80.500699 173.004673 14.948567 4.085052 0.010352 0.001930 0.036138 0.999291
80.700070 174.663786 15.100132 4.094127 0.010895 0.001983 0.042351 0.999041
80.799999 174.877125 15.121576 4.089548 0.010980 0.001465 0.041396 0.999081
80.846825 175.158965 15.137448 4.103907 0.010730 0.002315 0.044169 0.998964
80.947621 175.836586 15.208224 4.103651 0.011232 0.003164 0.047008 0.998826
81.012092 176.221969 15.250911 4.114350 0.011391 0.002949 0.047469 0.998803
81.147669 177.200055 15.337978 4.120637 0.011716 0.002722 0.049568 0.998698
81.200675 177.212341 15.339243 4.119562 0.011695 0.002790 0.049635 0.998695
81.336703 178.475371 15.469933 4.119806 0.011897 0.002412 0.050083 0.998671
81.436949 178.902565 15.524964 4.142608 0.012472 0.001658 0.049705 0.998685
81.541387 179.465343 15.592764 4.152174 0.011754 0.000145 0.050081 0.998676
81.611993 179.855521 15.631767 4.155425 0.009778 -0.001494 0.049799 0.998710
81.712142 180.527495 15.698857 4.153419 0.008854 -0.002190 0.049531 0.998731
81.812088 181.156992 15.765638 4.164034 0.009967 -0.002294 0.049111 0.998741
81.912016 181.777065 15.819771 4.179420 0.008672 -0.000925 0.048318 0.998794
82.047496 182.576233 15.903505 4.195490 0.007912 0.001423 0.047296 0.998849
82.141389 182.974480 15.950273 4.205583 0.006291 0.001420 0.046719 0.998887
82.265198 183.700886 16.019002 4.208310 0.005514 0.001125 0.046306 0.998911
82.340639 184.062338 16.051331 4.211673 0.005044 0.001001 0.045661 0.998944
82.447095 184.763268 16.119720 4.214778 0.004382 0.001351 0.045028 0.998975
82.512040 185.128143 16.150360 4.222898 0.004611 0.000899 0.044583 0.998995
82.612016 185.868422 16.223001 4.234873 0.004990 0.000852 0.043760 0.999029
82.746874 186.729173 16.299819 4.246586 0.004738 0.000594 0.042431 0.999088
82.865323 187.290500 16.354229 4.249115 0.003895 0.000825 0.041528 0.999129
82.947770 187.699452 16.391581 4.251847 0.003371 0.000909 0.041210 0.999144
83.065270 188.420535 16.450881 4.262106 0.003376 0.001823 0.040022 0.999191
83.144703 188.838658 16.495472 4.270615 0.004550 0.002007 0.039605 0.999203
83.244580 189.506723 16.543232 4.276636 0.004840 0.002351 0.038669 0.999238
83.344630 190.129018 16.592803 4.282479 0.004820 0.002149 0.038194 0.999256
83.401880 190.469919 16.615206 4.283502 0.004002 0.002308 0.037575 0.999283
83.501911 191.235093 16.669829 4.293301 0.004886 0.003115 0.036913 0.999302
83.641786 192.170252 16.733584 4.304631 0.005866 0.003245 0.035735 0.999339
83.740765 192.612881 16.769631 4.310138 0.006162 0.003114 0.035251 0.999355
83.844679 193.191160 16.808260 4.316250 0.006426 0.003361 0.035722 0.999335
83.941186 193.729514 16.845529 4.317386 0.007301 0.003507 0.035505 0.999337
84.041040 194.310578 16.898772 4.324440 0.007045 0.004406 0.036613 0.999295
84.144604 194.927920 16.950109 4.327302 0.006306 0.005168 0.036961 0.999283
84.240990 195.476849 16.991371 4.333323 0.005849 0.005647 0.037440 0.999266
84.341512 196.065993 17.037387 4.336861 0.006051 0.005895 0.037963 0.999243
84.440115 196.634338 17.078919 4.340579 0.007444 0.005580 0.038427 0.999218
84.539519 197.194615 17.118482 4.345549 0.007695 0.004885 0.039045 0.999196
84.640539 197.744701 17.165548 4.347406 0.006428 0.004710 0.039709 0.999179
84.741489 198.266357 17.217022 4.352503 0.006523 0.004663 0.040213 0.999159
84.841710 198.759071 17.263560 4.351984 0.006090 0.004409 0.040702 0.999143
84.941661 199.251090 17.299382 4.359182 0.006202 0.004845 0.041161 0.999122
85.041188 199.725919 17.343996 4.363848 0.007353 0.005804 0.041659 0.999088
85.111516 200.059506 17.370482 4.375564 0.007631 0.005415 0.041574 0.999092
85.248418 200.793357 17.449180 4.381457 0.006548 0.003131 0.041881 0.999096
85.311989 200.983854 17.451658 4.380525 0.005792 0.002451 0.041956 0.999100
85.446895 201.695280 17.519476 4.384392 0.005952 0.003171 0.042756 0.999063
85.512093 201.894302 17.541245 4.390079 0.006133 0.002909 0.042487 0.999074
85.612118 202.432147 17.597604 4.393365 0.006490 0.002508 0.043010 0.999050
85.746796 203.049778 17.657899 4.395319 0.005241 0.002633 0.043198 0.999049
85.812018 203.253695 17.660723 4.403576 0.005793 0.003013 0.042841 0.999061
85.912041 203.750075 17.715237 4.406909 0.004395 0.003019 0.043430 0.999042
86.012093 204.227268 17.760211 4.409780 0.004505 0.002380 0.043688 0.999032
86.165272 204.906203 17.813773 4.417664 0.005507 0.002103 0.044482 0.998993
86.246796 205.088291 17.832607 4.415392 0.006552 0.002108 0.043843 0.999015
86.344754 205.523283 17.862226 4.425913 0.007402 0.002703 0.044169 0.998993
86.444677 205.935072 17.907055 4.430161 0.005708 0.002857 0.043826 0.999019
86.565223 206.423839 17.968465 4.435210 0.004773 0.002656 0.043956 0.999019
86.665125 206.797496 18.014214 4.438750 0.003773 0.002613 0.043633 0.999037
86.712041 206.993109 18.020174 4.441291 0.002288 0.002539 0.043424 0.999051
86.844856 207.657989 18.076937 4.452260 0.004528 0.002578 0.043489 0.999040
86.944755 207.986949 18.101252 4.454035 0.006770 0.002634 0.042940 0.999051
87.047147 208.408663 18.142932 4.461004 0.007466 0.002808 0.042211 0.999077
87.147372 208.791607 18.178181 4.464880 0.005398 0.002857 0.042265 0.999088
87.265100 209.258530 18.219912 4.468321 0.004547 0.002658 0.041907 0.999108
87.312042 209.406340 18.233517 4.467279 0.005019 0.001919 0.041411 0.999128
87.446824 210.058068 18.287184 4.473058 0.005114 0.003270 0.040935 0.999143
87.546976 210.360641 18.310117 4.478110 0.005424 0.003908 0.040939 0.999139
87.646801 210.749003 18.347097 4.484618 0.005498 0.004657 0.040416 0.999157
87.747152 211.120319 18.374186 4.483995 0.006492 0.004372 0.040428 0.999152
87.839045 211.455847 18.404634 4.487576 0.006677 0.004284 0.040232 0.999159
87.937700 211.855161 18.441671 4.491631 0.008147 0.005107 0.039728 0.999164
88.034483 212.217211 18.463363 4.496897 0.008115 0.005887 0.039286 0.999178
88.137696 212.605468 18.495946 4.502924 0.007406 0.006164 0.039276 0.999182
88.237699 212.984751 18.523790 4.502147 0.006224 0.005873 0.038844 0.999209
88.339593 213.352442 18.558658 4.503119 0.005862 0.005410 0.038235 0.999237
88.439320 213.711884 18.576103 4.502112 0.006374 0.004966 0.037676 0.999257
88.509851 213.980498 18.589314 4.504986 0.007098 0.004806 0.037529 0.999259
88.609850 214.420583 18.627832 4.506061 0.007565 0.004829 0.037578 0.999253
88.709726 214.797911 18.655309 4.503527 0.008826 0.004683 0.037517 0.999246
88.809628 215.178212 18.690446 4.512341 0.007271 0.005146 0.036744 0.999285
88.909681 215.551283 18.720197 4.507957 0.005419 0.006034 0.036581 0.999298
89.009756 215.930233 18.752645 4.512565 0.004581 0.006532 0.036264 0.999310
89.109907 216.291066 18.771924 4.512051 0.006234 0.006865 0.035886 0.999313
89.209957 216.665225 18.811144 4.518100 0.006416 0.006760 0.035809 0.999315
89.310033 217.026229 18.830677 4.517296 0.006365 0.006321 0.035318 0.999336
89.410256 217.405672 18.868696 4.522591 0.006276 0.006189 0.035022 0.999348
89.510456 217.780557 18.898150 4.520593 0.006402 0.006246 0.034492 0.999365
89.610637 218.147188 18.918848 4.521834 0.006089 0.006024 0.034066 0.999383
89.710961 218.518423 18.946043 4.524235 0.005409 0.005401 0.034241 0.999384
89.811062 218.893096 18.980975 4.521953 0.005435 0.004712 0.033959 0.999397
89.902800 219.244920 19.002140 4.525662 0.005623 0.004548 0.034088 0.999393
90.002700 219.646193 19.029991 4.526354 0.005927 0.005171 0.034314 0.999380
90.102679 220.022933 19.063631 4.534164 0.005794 0.005430 0.034879 0.999360
90.202707 220.388080 19.082101 4.534751 0.005348 0.004784 0.034853 0.999367
90.302507 220.768471 19.112785 4.532215 0.004710 0.003954 0.035300 0.999358
90.500171 221.506281 19.168826 4.538744 0.004415 0.003978 0.035992 0.999334
90.599771 221.596587 19.160532 4.535841 0.004812 0.003517 0.035651 0.999347
90.699897 221.928246 19.200915 4.540040 0.004740 0.004767 0.036025 0.999328
90.799746 222.242162 19.236751 4.538179 0.005452 0.006249 0.036906 0.999284
90.899706 222.547921 19.260706 4.543567 0.005928 0.006303 0.037270 0.999268
90.999807 222.852823 19.286758 4.550696 0.005872 0.005286 0.037024 0.999283
91.099906 223.131473 19.303959 4.554022 0.004642 0.004844 0.036670 0.999305
91.200122 223.406548 19.325060 4.557347 0.003605 0.004766 0.037260 0.999288
91.201188 223.398988 19.321292 4.551228 0.002916 0.004718 0.036891 0.999304
91.344779 223.940598 19.354000 4.552305 0.001846 0.007762 0.036851 0.999289
91.444948 224.087567 19.367658 4.560267 0.002409 0.007187 0.037412 0.999271
91.544704 224.289477 19.385743 4.560716 0.002145 0.005907 0.036870 0.999300
91.612190 224.401579 19.389311 4.564667 0.002357 0.004730 0.036862 0.999306
91.712116 224.595007 19.405518 4.559650 0.001761 0.003580 0.037198 0.999300
91.812095 224.746816 19.427237 4.560714 0.002081 0.002719 0.037419 0.999294
91.912040 224.889123 19.438521 4.558251 0.002442 0.002368 0.037074 0.999307
92.065170 225.119905 19.457088 4.565483 0.003260 0.003381 0.036782 0.999312
92.165270 225.199196 19.460026 4.566103 0.003229 0.003197 0.037066 0.999302
92.244801 225.311271 19.463466 4.569147 0.003638 0.003577 0.036628 0.999316
92.340885 225.420952 19.475641 4.572233 0.003880 0.004108 0.037332 0.999287
92.441809 225.543821 19.480682 4.578126 0.004170 0.004163 0.037065 0.999295
92.565295 225.684394 19.499857 4.580303 0.003721 0.003675 0.037024 0.999301
92.665198 225.780360 19.504664 4.575475 0.002905 0.003033 0.036791 0.999314
92.712016 225.843726 19.517683 4.575331 0.002288 0.002356 0.036891 0.999314
92.812044 225.995983 19.524097 4.577246 0.002038 0.003180 0.036758 0.999317
92.912139 226.102675 19.519506 4.581441 0.002107 0.003428 0.036759 0.999316
93.012018 226.208758 19.532310 4.580851 0.001716 0.002950 0.036576 0.999325
93.112187 226.319901 19.540127 4.574345 0.001174 0.001794 0.036645 0.999326
93.212061 226.413199 19.544618 4.568213 0.001573 0.001303 0.036333 0.999338
93.312188 226.501647 19.554155 4.572805 0.001928 0.001887 0.036098 0.999345
93.412093 226.578721 19.554821 4.577322 0.001612 0.002409 0.035843 0.999353
93.565147 226.692627 19.569436 4.579398 0.000865 0.003224 0.036079 0.999343
93.665222 226.730247 19.565033 4.579037 0.000669 0.003039 0.036066 0.999345
93.712141 226.774470 19.568896 4.576606 0.000771 0.002730 0.035848 0.999353
93.865124 226.868896 19.576563 4.577605 0.000514 0.003411 0.035716 0.999356
93.965149 226.904577 19.576349 4.578551 0.000153 0.003159 0.035745 0.999356
94.065222 226.957119 19.580055 4.579205 -0.000216 0.003311 0.035497 0.999364
94.165197 226.991576 19.580902 4.580602 -0.000354 0.003442 0.035587 0.999361
94.265294 227.029013 19.588636 4.582362 -0.000536 0.003435 0.035598 0.999360
94.365270 227.058512 19.587067 4.583120 -0.000681 0.003458 0.035428 0.999366
94.465222 227.087749 19.590337 4.583886 -0.000885 0.003415 0.035452 0.999365
94.565219 227.106740 19.600905 4.582278 -0.000876 0.003533 0.035244 0.999372
94.665248 227.123823 19.597842 4.584163 -0.001116 0.003466 0.035202 0.999374
94.765247 227.143636 19.603223 4.583697 -0.001431 0.003553 0.035204 0.999373
94.865299 227.165187 19.599203 4.581893 -0.001632 0.003420 0.035244 0.999372
94.965274 227.173179 19.602713 4.584338 -0.001792 0.003471 0.035149 0.999374
95.010257 227.183185 19.605854 4.581682 -0.001750 0.003257 0.035429 0.999365
95.165197 227.218312 19.608885 4.583498 -0.001859 0.003405 0.035173 0.999374
95.265170 227.231547 19.600484 4.583306 -0.001715 0.002921 0.035122 0.999377
95.365200 227.252117 19.610138 4.582853 -0.001546 0.002874 0.035127 0.999378
95.465224 227.286434 19.598795 4.585954 -0.001645 0.002959 0.035127 0.999377
95.565195 227.313745 19.610839 4.585020 -0.001828 0.002860 0.035149 0.999376
95.665201 227.347052 19.618496 4.584777 -0.001684 0.003102 0.035251 0.999372
95.765200 227.392829 19.611500 4.584192 -0.001938 0.003159 0.035260 0.999371
95.865244 227.432574 19.610424 4.584570 -0.001227 0.003063 0.035334 0.999370
95.912142 227.444721 19.617490 4.584838 -0.000967 0.002639 0.035371 0.999370
96.065246 227.534314 19.629850 4.586976 0.000242 0.003059 0.035129 0.999378
96.200345 227.573307 19.630683 4.591086 0.000346 0.002739 0.035257 0.999374
96.300298 227.617534 19.631651 4.591019 0.000388 0.002282 0.035287 0.999375
96.365298 227.650421 19.640095 4.590553 0.000181 0.002366 0.035421 0.999370
96.412066 227.694544 19.638789 4.589133 -0.000493 0.002675 0.035208 0.999376
96.512139 227.793229 19.650831 4.585760 -0.000476 0.003762 0.035237 0.999372
96.612139 227.864004 19.650468 4.586685 0.000657 0.004241 0.035216 0.999371
96.712114 227.943984 19.650598 4.591689 0.001102 0.004075 0.034673 0.999390
96.865173 228.071456 19.654213 4.595838 0.000979 0.003893 0.034893 0.999383
96.965170 228.105608 19.655733 4.597152 0.001162 0.003457 0.034783 0.999388
97.065169 228.190211 19.668308 4.594751 0.000548 0.003567 0.034687 0.999392
97.165246 228.256681 19.676891 4.591486 0.000614 0.003844 0.034286 0.999404
97.265244 228.353932 19.692059 4.592416 0.001098 0.004229 0.034106 0.999409
97.312140 228.395772 19.687793 4.595614 0.001542 0.004107 0.034154 0.999407
97.465269 228.587144 19.705439 4.599059 -0.000177 0.004523 0.033963 0.999413
97.535031 228.608125 19.704957 4.593427 -0.000371 0.004104 0.033984 0.999414
97.635552 228.741846 19.710478 4.598253 0.000239 0.003770 0.033456 0.999433
97.738122 228.844124 19.709031 4.599362 0.001576 0.003200 0.033478 0.999433
97.812139 228.920773 19.719881 4.602909 0.002618 0.002727 0.033218 0.999441
97.938419 229.070707 19.739548 4.605481 0.001472 0.003371 0.032755 0.999457
98.040613 229.161121 19.743713 4.602365 0.000212 0.003288 0.032160 0.999477
98.165122 229.274587 19.746548 4.599375 -0.001285 0.003643 0.031692 0.999490
98.211507 229.293984 19.754588 4.600776 -0.001571 0.003356 0.031774 0.999488
98.365295 229.415142 19.768814 4.601036 -0.001713 0.004086 0.030962 0.999511
98.440413 229.425750 19.760467 4.600288 -0.001630 0.003460 0.030899 0.999515
98.540567 229.469602 19.774373 4.599366 -0.001397 0.003644 0.030367 0.999531
98.665122 229.482100 19.773070 4.599964 -0.001530 0.003952 0.030482 0.999526
98.765172 229.468856 19.769585 4.600963 -0.001653 0.003832 0.030424 0.999528
98.865295 229.455861 19.773286 4.605903 -0.001893 0.002926 0.030503 0.999529
98.912090 229.468685 19.775912 4.604310 -0.001492 0.001661 0.030494 0.999532
99.040643 229.472421 19.767592 4.603752 -0.001299 0.002245 0.030498 0.999531
99.140591 229.462099 19.772019 4.603656 -0.001374 0.002322 0.030553 0.999530
99.240613 229.469668 19.766895 4.604261 -0.001383 0.002237 0.030504 0.999531
99.365197 229.474913 19.766283 4.605360 -0.001468 0.002640 0.030463 0.999531
99.440618 229.468520 19.768273 4.604727 -0.001659 0.002388 0.030636 0.999526
99.565274 229.465284 19.767369 4.606542 -0.001571 0.002479 0.030368 0.999534
99.640742 229.467418 19.768110 4.605180 -0.001653 0.002243 0.030562 0.999529
99.740742 229.471337 19.766071 4.604954 -0.001669 0.002440 0.030574 0.999528
99.865197 229.472761 19.766467 4.605278 -0.001527 0.002504 0.030587 0.999528
99.965343 229.473384 19.763341 4.603344 -0.001452 0.002298 0.030552 0.999529
100.012041 229.470785 19.764010 4.604889 -0.001394 0.002106 0.030584 0.999529
100.140690 229.471061 19.767005 4.605047 -0.001581 0.002597 0.030577 0.999528
100.212063 229.465312 19.764241 4.604603 -0.001349 0.002288 0.030479 0.999532
100.312167 229.469706 19.762212 4.603656 -0.001455 0.002406 0.030513 0.999530
100.440668 229.465054 19.765639 4.604247 -0.001512 0.002619 0.030470 0.999531
100.540593 229.469033 19.767545 4.605182 -0.001587 0.002438 0.030474 0.999531
100.665247 229.469402 19.766403 4.604457 -0.001587 0.002543 0.030371 0.999534
100.765270 229.476413 19.764380 4.605315 -0.001550 0.002445 0.030536 0.999529
100.840717 229.476098 19.757447 4.605344 -0.001624 0.002282 0.030570 0.999529
100.965247 229.475579 19.763765 4.605493 -0.001643 0.002560 0.030528 0.999529
101.065171 229.475605 19.763695 4.603014 -0.001359 0.002551 0.030438 0.999532
101.165294 229.470207 19.768551 4.605468 -0.001565 0.002471 0.030567 0.999528
101.265169 229.475486 19.764437 4.604406 -0.001579 0.002513 0.030504 0.999530
101.312189 229.477665 19.763710 4.604949 -0.001359 0.002111 0.030617 0.999528
101.465295 229.485480 19.763010 4.605802 -0.001670 0.002708 0.030669 0.999525
101.516783 229.475198 19.766958 4.605514 -0.001580 0.002205 0.030755 0.999523
101.616734 229.477094 19.760437 4.604811 -0.001485 0.002433 0.030384 0.999534
101.711990 229.482099 19.760939 4.606454 -0.001702 0.002336 0.030688 0.999525
101.840567 229.480878 19.758881 4.605760 -0.001671 0.002619 0.030608 0.999527
101.912141 229.476704 19.762462 4.605251 -0.001478 0.002278 0.030568 0.999529
102.040566 229.478538 19.760843 4.605671 -0.001625 0.002573 0.030510 0.999530
102.140665 229.475235 19.759950 4.604693 -0.001635 0.002356 0.030558 0.999529
102.211991 229.476913 19.761100 4.604816 -0.001594 0.002238 0.030564 0.999529
102.312094 229.473693 19.770296 4.605038 -0.001603 0.002485 0.030562 0.999529
102.412042 229.474625 19.764179 4.604289 -0.001561 0.002430 0.030518 0.999530
102.512114 229.474210 19.763868 4.604509 -0.001530 0.002482 0.030524 0.999530
102.612018 229.474220 19.772385 4.604214 -0.001536 0.002440 0.030526 0.999530
102.712015 229.477093 19.767325 4.605198 -0.001610 0.002534 0.030557 0.999529
102.865296 229.472828 19.762921 4.604160 -0.001608 0.002801 0.030375 0.999533
102.965197 229.472530 19.768404 4.606473 -0.001653 0.002481 0.030513 0.999530
103.040664 229.475435 19.763783 4.602877 -0.001555 0.002300 0.030589 0.999528
103.140568 229.474265 19.769640 4.606823 -0.001513 0.002526 0.030519 0.999530
103.265198 229.476503 19.770327 4.604376 -0.001566 0.002596 0.030480 0.999531
103.365298 229.471867 19.770980 4.605874 -0.001586 0.002523 0.030506 0.999530
103.465297 229.472183 19.769657 4.602343 -0.001512 0.002529 0.030551 0.999529
103.565245 229.473227 19.767111 4.606929 -0.001604 0.002491 0.030495 0.999531
103.665222 229.472338 19.764979 4.604462 -0.001694 0.002440 0.030510 0.999530
103.765294 229.470040 19.774366 4.605232 -0.001520 0.002538 0.030380 0.999534
103.840738 229.469406 19.770622 4.605411 -0.001590 0.002407 0.030569 0.999528
103.965171 229.473137 19.772848 4.604549 -0.001548 0.002662 0.030484 0.999531
104.065395 229.469099 19.769778 4.605902 -0.001534 0.002591 0.030485 0.999531
104.111556 229.470171 19.768131 4.605288 -0.001583 0.002234 0.030395 0.999534
104.265245 229.480692 19.763549 4.605301 -0.001624 0.002727 0.030457 0.999531
104.365272 229.476675 19.764163 4.604840 -0.001510 0.002453 0.030582 0.999528
104.465297 229.478431 19.761308 4.606950 -0.001680 0.002489 0.030542 0.999529
104.540742 229.475647 19.758503 4.604859 -0.001606 0.002374 0.030579 0.999528
104.665172 229.479130 19.758100 4.605153 -0.001615 0.002581 0.030570 0.999528
104.765293 229.475034 19.770120 4.605968 -0.001603 0.002390 0.030505 0.999530
104.812141 229.475239 19.766858 4.604833 -0.001576 0.002150 0.030570 0.999529
104.912091 229.473114 19.770839 4.604862 -0.001735 0.002131 0.030427 0.999533
105.012141 229.477314 19.771983 4.605024 -0.001777 0.001758 0.030458 0.999533
105.141441 229.489285 19.774392 4.601301 -0.001613 0.001662 0.030423 0.999534
105.212019 229.497844 19.770167 4.604622 -0.001767 0.001344 0.030594 0.999529
105.365248 229.535028 19.770878 4.603417 -0.001864 0.001848 0.030277 0.999538
105.412063 229.532619 19.766758 4.604719 -0.001683 0.001268 0.030518 0.999532
105.512092 229.566746 19.773206 4.602780 -0.002147 0.001469 0.030022 0.999546
105.612140 229.594051 19.772743 4.605253 -0.002379 0.001324 0.030043 0.999545
