1.301000 0.048258 0.010567 0.005069 -0.000150 0.000950 0.002294 0.999997
1.437230 0.093815 0.005793 0.005748 -0.000428 0.001171 0.002868 0.999995
1.500710 0.093837 0.007776 0.005195 -0.000401 0.001222 0.002923 0.999995
1.600547 0.208878 0.006301 -0.002443 0.001773 -0.000064 0.007202 0.999972
1.701000 0.254315 0.010426 -0.004010 0.001476 -0.000275 0.008529 0.999963
1.800510 0.253610 0.011401 -0.003555 0.001488 -0.000258 0.008536 0.999962
1.900838 0.448664 0.031815 0.001688 0.000708 0.000360 0.014990 0.999887
2.001000 0.494590 0.048372 0.009564 -0.000075 0.001301 0.016773 0.999858
2.100848 0.486441 0.047789 0.009404 -0.000059 0.001353 0.016679 0.999860
2.200853 0.691784 0.084568 0.017595 -0.002597 0.003107 0.024704 0.999687
2.300721 0.743869 0.096317 0.012198 -0.002826 0.003094 0.025747 0.999660
2.400726 0.813764 0.094724 0.004646 -0.003510 0.002529 0.028540 0.999583
2.501000 0.902364 0.106690 0.001725 -0.004345 0.001959 0.031644 0.999488
2.600872 0.902600 0.106952 0.001937 -0.004349 0.001958 0.031627 0.999488
2.700876 1.224678 0.145922 -0.003687 -0.005680 0.001290 0.038953 0.999224
2.800756 1.334396 0.159992 0.005173 -0.005245 0.001492 0.039266 0.999214
2.900757 1.454584 0.172072 0.016223 -0.005004 0.001370 0.041188 0.999138
3.000758 1.605734 0.198352 0.020806 -0.004552 0.001901 0.043410 0.999045
3.100879 1.780584 0.216716 0.026029 -0.003603 0.002816 0.045877 0.998937
3.200879 1.977590 0.242340 0.026549 -0.003123 0.003208 0.048370 0.998819
3.300759 2.196215 0.265236 0.028596 -0.003009 0.002298 0.050718 0.998706
3.400748 2.427460 0.286775 0.029945 -0.003253 0.000968 0.053049 0.998586
3.500732 2.664401 0.323748 0.023747 -0.002792 0.000667 0.055662 0.998446
3.638845 2.783321 0.343699 0.029603 -0.002209 0.001080 0.057468 0.998344
3.739490 2.941281 0.359231 0.029328 -0.001060 0.000756 0.059703 0.998215
3.801000 3.188593 0.386800 0.023860 0.000424 -0.002211 0.064495 0.997916
3.901000 3.566906 0.449289 0.017637 -0.000685 -0.005125 0.067866 0.997681
4.000895 3.589199 0.454759 0.019925 -0.000747 -0.005280 0.067898 0.997678
4.112043 4.027469 0.541548 0.019937 -0.002128 -0.004807 0.073432 0.997286
4.212039 4.289990 0.582639 0.028673 -0.000978 -0.003448 0.076470 0.997065
4.300763 4.289790 0.583071 0.028705 -0.000972 -0.003450 0.076461 0.997066
4.400257 5.205633 0.749613 0.051690 0.005462 -0.000872 0.084287 0.996426
4.500565 5.622989 0.805853 0.059421 0.004751 -0.002204 0.085329 0.996339
4.599485 5.977129 0.859231 0.068355 0.005241 -0.003183 0.085992 0.996277
4.700237 6.313007 0.914590 0.077212 0.004508 -0.003447 0.086054 0.996274
4.800770 6.630890 0.979679 0.088565 0.003032 -0.003301 0.085586 0.996321
4.900657 6.948446 1.043503 0.091900 0.002621 -0.003704 0.083243 0.996519
5.000888 7.266129 1.094971 0.094636 0.002918 -0.005516 0.079817 0.996790
5.100896 7.594382 1.145068 0.093746 0.000661 -0.006411 0.076115 0.997078
5.200681 7.917968 1.191468 0.097987 -0.000404 -0.006509 0.072441 0.997351
5.300696 8.266788 1.242813 0.106125 0.000436 -0.006264 0.069450 0.997566
5.400904 8.620025 1.271215 0.116920 0.004223 -0.005846 0.066024 0.997792
5.512142 8.754544 1.278297 0.121360 0.003699 -0.005165 0.067848 0.997675
5.600898 8.729995 1.268828 0.123198 0.003798 -0.005139 0.067773 0.997680
5.695118 9.511575 1.345371 0.151330 0.003668 -0.005999 0.052053 0.998620
5.801000 9.953453 1.411501 0.162855 0.001654 -0.005759 0.053169 0.998568
5.891000 9.963258 1.414788 0.162113 0.001643 -0.005797 0.053269 0.998562
5.992176 10.969923 1.539062 0.182217 0.001843 -0.005391 0.043941 0.999018
6.101000 11.366167 1.575807 0.190484 0.004048 -0.005026 0.045470 0.998945
6.201000 11.712431 1.594574 0.197686 0.006067 -0.005039 0.044192 0.998992
6.300867 11.684846 1.590027 0.197543 0.006122 -0.004978 0.044128 0.998995
6.400716 12.546720 1.627178 0.219200 0.009839 -0.004496 0.038174 0.999213
6.500608 12.771283 1.647299 0.229193 0.007981 -0.004449 0.039561 0.999175
6.600633 13.039349 1.664838 0.240433 0.007200 -0.004640 0.037092 0.999275
6.701000 13.309351 1.688259 0.250706 0.004506 -0.005852 0.035000 0.999360
6.801000 13.577954 1.728023 0.256569 0.004720 -0.006256 0.033300 0.999415
6.900065 13.569867 1.729826 0.255253 0.004699 -0.006241 0.033306 0.999415
7.000419 14.203275 1.777924 0.267332 0.007581 -0.008325 0.024014 0.999648
7.099745 14.396870 1.780639 0.269088 0.008107 -0.007645 0.025466 0.999614
7.200621 14.617562 1.773681 0.274632 0.009880 -0.008473 0.023982 0.999628
7.300618 14.816133 1.766043 0.280760 0.009775 -0.009243 0.021691 0.999674
7.401000 14.976510 1.769197 0.284946 0.007114 -0.009086 0.019780 0.999738
7.501000 15.127840 1.776327 0.296084 0.006840 -0.009568 0.018663 0.999757
7.599624 15.125173 1.781607 0.297491 0.006901 -0.009544 0.018652 0.999757
7.699492 15.447167 1.793844 0.316062 0.008253 -0.010563 0.012909 0.999827
7.801000 15.529496 1.800871 0.318705 0.006069 -0.009194 0.014605 0.999833
7.901000 15.611858 1.807082 0.320614 0.006146 -0.010054 0.013878 0.999834
7.999726 15.607605 1.805559 0.320484 0.006251 -0.010025 0.013958 0.999833
8.100875 15.775109 1.812220 0.318917 0.006755 -0.014491 0.011148 0.999810
8.201000 15.836093 1.824437 0.318970 0.007481 -0.013608 0.012752 0.999798
8.300531 15.837414 1.822544 0.320042 0.007555 -0.013588 0.012862 0.999796
8.401000 15.992661 1.817915 0.330150 0.007094 -0.013588 0.012631 0.999803
8.500433 15.989840 1.814992 0.332522 0.006916 -0.013639 0.012580 0.999804
8.601000 16.152600 1.821385 0.345777 0.006679 -0.013863 0.015576 0.999760
8.701000 16.269495 1.827055 0.349895 0.006287 -0.013607 0.018051 0.999725
8.800768 16.274622 1.824866 0.349498 0.006168 -0.013649 0.017906 0.999727
8.900760 16.550306 1.849431 0.353223 0.007151 -0.014510 0.023987 0.999581
9.000336 16.624259 1.865897 0.353447 0.006268 -0.014112 0.024784 0.999574
9.201000 16.810548 1.893625 0.361149 0.006171 -0.014615 0.031363 0.999382
9.400859 17.128613 1.929479 0.374780 0.006298 -0.016250 0.040272 0.999037
9.700780 17.564552 1.987523 0.389146 0.005006 -0.015891 0.049538 0.998633
9.800784 17.722094 2.007765 0.397031 0.005257 -0.016057 0.054211 0.998387
10.000885 18.073613 2.068069 0.414153 0.005131 -0.015684 0.062326 0.997919
10.300656 18.719047 2.171316 0.436927 0.004496 -0.013941 0.073366 0.997197
10.501000 19.229904 2.264447 0.455477 0.003922 -0.014268 0.079346 0.996737
10.600662 19.230062 2.262709 0.456286 0.003821 -0.014221 0.079407 0.996733
10.900781 20.400470 2.464615 0.495350 0.001859 -0.014309 0.081463 0.996572
11.001000 20.722131 2.522253 0.514663 0.002586 -0.015171 0.080604 0.996627
11.297078 21.737018 2.682468 0.545691 0.002992 -0.015034 0.078756 0.996776
11.501000 22.497830 2.810617 0.573274 0.000957 -0.010795 0.078160 0.996882
11.601000 22.898547 2.864859 0.591157 0.000096 -0.008728 0.077523 0.996952
11.801000 23.686402 2.991162 0.616299 0.001144 -0.005824 0.076685 0.997038
11.876000 23.679686 2.986940 0.617634 0.001307 -0.005636 0.076575 0.997047
12.101000 24.866406 3.186464 0.646933 0.002270 -0.006919 0.074428 0.997200
12.261000 25.765986 3.315707 0.663624 0.004166 -0.008718 0.071939 0.997362
12.499765 26.677623 3.435956 0.691303 0.001362 -0.008558 0.071431 0.997408
12.699214 27.388735 3.542352 0.721137 0.001627 -0.007010 0.068072 0.997654
12.901000 28.112290 3.636639 0.738491 0.002221 -0.006893 0.064959 0.997862
13.101000 28.898599 3.745149 0.762396 0.001192 -0.007695 0.061223 0.998094
13.201000 29.292121 3.794597 0.773605 0.001287 -0.007655 0.059287 0.998211
13.401000 30.107831 3.880781 0.799034 0.001200 -0.008288 0.055269 0.998436
13.597078 31.180084 4.003080 0.841281 0.002270 -0.011546 0.048984 0.998730
13.696455 31.525523 4.028522 0.849013 0.000455 -0.010021 0.049699 0.998714
13.898590 32.234302 4.101253 0.870659 0.002550 -0.010588 0.045629 0.998899
14.000843 32.569699 4.136512 0.882768 0.001724 -0.011301 0.043183 0.999002
14.300828 33.599261 4.220241 0.915516 0.003225 -0.009478 0.039353 0.999175
14.600664 34.750348 4.338997 0.965221 0.000827 -0.009950 0.036470 0.999285
14.796455 35.531228 4.406711 0.993155 -0.003201 -0.011902 0.034710 0.999321
14.897429 35.958475 4.423283 1.004901 -0.003063 -0.012951 0.033650 0.999345
15.193593 37.140563 4.487897 1.040994 -0.000503 -0.011398 0.032992 0.999391
15.301000 37.576485 4.514147 1.059250 -0.002262 -0.006380 0.032859 0.999437
15.501000 38.398773 4.571363 1.082197 -0.003091 -0.002168 0.032714 0.999458
15.701000 39.187366 4.638521 1.102104 -0.005132 -0.000215 0.031615 0.999487
15.778778 39.179808 4.635671 1.102141 -0.005408 -0.000117 0.031523 0.999488
15.889889 40.194370 4.687795 1.113294 0.002538 -0.000273 0.030265 0.999539
16.091000 40.880397 4.714775 1.112089 0.003421 -0.003460 0.028447 0.999583
16.281000 41.516981 4.762011 1.123267 0.000608 -0.001773 0.025557 0.999672
16.601000 42.665291 4.829568 1.153081 0.002338 -0.003598 0.021207 0.999766
16.800677 43.725547 4.877621 1.179547 0.002058 -0.003850 0.017124 0.999844
17.001000 44.396805 4.896049 1.189252 0.004199 -0.004636 0.014377 0.999877
17.300640 45.401509 4.925692 1.224953 0.004775 -0.006120 0.010430 0.999915
17.500656 46.059550 4.943791 1.240675 0.005524 -0.008809 0.010904 0.999886
17.801000 47.060715 4.953917 1.271686 0.006579 -0.008084 0.011263 0.999882
18.001000 47.727322 4.970179 1.303976 0.005710 -0.007613 0.010768 0.999897
18.399765 48.985896 5.038841 1.338295 0.005417 -0.007888 0.011794 0.999885
18.500807 49.304366 5.046532 1.346812 0.005066 -0.008478 0.012881 0.999868
18.800904 50.207207 5.053699 1.370829 0.005817 -0.011178 0.015668 0.999798
19.000708 50.799028 5.078768 1.398713 0.005137 -0.010551 0.017286 0.999782
19.300901 51.672219 5.147244 1.428091 0.005653 -0.012408 0.019416 0.999719
19.501000 52.230582 5.171250 1.443772 0.004399 -0.008605 0.021137 0.999730
19.700867 52.977370 5.193295 1.474179 0.006193 -0.006561 0.023508 0.999683
20.000735 53.704391 5.220672 1.490547 0.005789 -0.005895 0.029468 0.999532
20.100879 53.878844 5.247292 1.497597 0.004757 -0.005120 0.032263 0.999455
20.358143 54.469939 5.294800 1.521278 0.004754 -0.003605 0.037464 0.999280
20.600780 55.092028 5.345649 1.538729 0.004625 -0.004967 0.042344 0.999080
20.901000 55.850070 5.421996 1.552966 0.004352 -0.004425 0.046207 0.998913
21.100796 56.549542 5.514088 1.572717 0.004663 -0.004210 0.047347 0.998859
21.400775 57.240152 5.579635 1.569934 0.006601 -0.003788 0.046998 0.998866
21.601000 57.637100 5.621315 1.583754 0.007428 -0.003091 0.049326 0.998750
21.901000 58.305550 5.709447 1.612460 0.006533 -0.003205 0.052904 0.998573
22.099837 58.977155 5.811679 1.642760 0.006696 -0.003755 0.056055 0.998398
22.300180 59.430038 5.847776 1.642413 0.006195 -0.003408 0.057456 0.998323
22.499387 59.851271 5.892158 1.645808 0.006639 -0.004434 0.058645 0.998247
22.800771 60.528134 5.966230 1.657313 0.007280 -0.004086 0.058876 0.998230
23.000768 61.021388 6.007937 1.682402 0.005636 -0.003312 0.057783 0.998308
23.300629 61.789705 6.089056 1.695653 0.005713 -0.004321 0.053189 0.998559
23.501000 62.293117 6.146369 1.699963 0.005524 -0.005731 0.048507 0.998791
23.800568 63.024303 6.227434 1.722198 0.005482 -0.007668 0.042546 0.999050
24.101000 63.766671 6.282440 1.748080 0.009224 -0.009699 0.040043 0.999108
24.200702 63.761130 6.289814 1.748925 0.009130 -0.009647 0.040079 0.999108
24.400550 64.508551 6.352638 1.771154 0.008189 -0.010976 0.041395 0.999049
24.700844 65.253574 6.429656 1.797854 0.008298 -0.009077 0.046052 0.998863
24.900854 65.753654 6.490685 1.822835 0.009012 -0.010153 0.051922 0.998559
25.200755 66.492558 6.577877 1.843665 0.003296 -0.011257 0.059282 0.998172
25.400667 66.971177 6.652210 1.860311 0.000518 -0.011683 0.062042 0.998005
25.701000 67.725138 6.753944 1.878193 0.003695 -0.011840 0.062004 0.997999
25.900615 68.442294 6.838560 1.905141 0.003311 -0.010168 0.060396 0.998117
26.100623 68.850223 6.888881 1.921868 0.001401 -0.009561 0.060506 0.998121
26.300593 69.238255 6.937364 1.946683 0.003222 -0.009858 0.059404 0.998180
26.600637 69.938932 7.039641 1.966029 -0.001221 -0.007539 0.058153 0.998278
26.800655 70.482380 7.121986 1.979099 -0.002298 -0.008604 0.057852 0.998285
27.100789 71.300892 7.222689 1.999659 -0.001378 -0.012899 0.057489 0.998262
27.300859 71.833202 7.271097 2.032463 0.003390 -0.011613 0.057630 0.998265
27.601000 72.640566 7.358429 2.049717 0.004440 -0.012372 0.056820 0.998298
27.901000 73.439235 7.466947 2.072724 -0.003017 -0.011156 0.056719 0.998323
28.100790 74.229755 7.549546 2.102110 0.002363 -0.004236 0.055687 0.998437
28.200475 74.452047 7.578640 2.102381 0.002242 -0.003813 0.057330 0.998345
28.467667 75.126864 7.661797 2.106621 0.001420 0.000423 0.057322 0.998355
28.661000 75.633918 7.716870 2.111946 0.001755 0.002559 0.055630 0.998447
28.851000 76.154496 7.796468 2.110485 -0.001191 0.004606 0.054881 0.998482
29.201000 77.060848 7.885769 2.125631 0.000806 0.004147 0.053134 0.998578
29.401000 77.555685 7.944444 2.134277 0.000313 0.002338 0.053194 0.998581
29.601000 78.041989 7.996981 2.151250 0.001218 -0.000541 0.053068 0.998590
29.799675 78.724093 8.073744 2.168417 -0.001216 -0.006354 0.054110 0.998514
30.101000 79.394109 8.158935 2.167078 0.002866 -0.007673 0.059542 0.998192
30.401000 79.956837 8.221374 2.170744 0.004103 -0.010884 0.064463 0.997852
30.500718 79.956095 8.225795 2.173253 0.004202 -0.010810 0.064596 0.997844
30.700904 80.610077 8.316705 2.203526 0.002799 -0.008906 0.066468 0.997745
30.900806 81.061098 8.386071 2.223450 0.000636 -0.005946 0.063523 0.997962
31.244727 81.486029 8.423526 2.215156 0.004121 -0.005529 0.061630 0.998075
31.400798 81.789848 8.472356 2.225691 0.004180 -0.004281 0.056924 0.998361
31.600899 82.076634 8.510246 2.237243 0.004820 -0.004180 0.055042 0.998464
31.901000 82.358971 8.525135 2.246563 0.005338 -0.003624 0.051400 0.998657
32.000797 82.350109 8.526543 2.246841 0.005379 -0.003605 0.051269 0.998664
32.101000 82.481969 8.535494 2.248881 0.005998 -0.004067 0.048796 0.998782
32.300901 82.646132 8.546524 2.248640 0.007238 -0.003793 0.044973 0.998955
32.600798 82.822680 8.559061 2.263313 0.007272 -0.003568 0.042489 0.999064
32.700799 82.872613 8.562713 2.266078 0.007234 -0.003692 0.041268 0.999115
33.000792 83.062108 8.564378 2.271028 0.007538 -0.003592 0.037189 0.999273
33.200785 83.212438 8.568500 2.266800 0.007668 -0.002983 0.034690 0.999364
33.467667 83.402534 8.578843 2.272544 0.007994 -0.002346 0.030947 0.999486
33.551000 83.477637 8.585106 2.279419 0.007720 -0.002312 0.029627 0.999529
33.901000 83.726965 8.594146 2.288726 0.008043 -0.001975 0.025723 0.999635
34.100537 83.897240 8.581486 2.295259 0.008484 -0.001535 0.021828 0.999725
34.399599 84.064997 8.589699 2.286360 0.009132 -0.002001 0.019598 0.999764
34.601000 84.157533 8.605196 2.287910 0.008576 -0.002070 0.016996 0.999817
34.900885 84.364169 8.613501 2.295304 0.009064 -0.001872 0.012857 0.999875
35.100667 84.553581 8.614377 2.300184 0.008776 -0.001849 0.009324 0.999916
35.300890 84.753210 8.606873 2.309575 0.008889 -0.001815 0.005644 0.999943
35.400673 84.853263 8.606733 2.314248 0.009182 -0.001931 0.003900 0.999948
35.600781 85.072163 8.610580 2.314411 0.010200 -0.002038 -0.000549 0.999946
35.701000 85.195242 8.604530 2.318964 0.010732 -0.002181 -0.002489 0.999937
35.901000 85.426248 8.605513 2.316850 0.010981 -0.003015 -0.006864 0.999912
36.200887 85.812993 8.564573 2.320656 0.012040 -0.004169 -0.012054 0.999846
36.400886 86.131474 8.557572 2.335664 0.012123 -0.004384 -0.013851 0.999821
36.600886 86.454985 8.549068 2.345914 0.011684 -0.004194 -0.015203 0.999807
36.800658 86.803647 8.545140 2.350232 0.012147 -0.004655 -0.016494 0.999779
36.900771 86.981820 8.539406 2.349823 0.012853 -0.004963 -0.016090 0.999776
37.100677 87.363990 8.523633 2.358614 0.011890 -0.005070 -0.015799 0.999792
37.401000 87.975114 8.509948 2.367138 0.011654 -0.004591 -0.014436 0.999817
37.700664 88.616928 8.484124 2.380790 0.013329 -0.004783 -0.012407 0.999823
37.900885 89.047573 8.478703 2.393697 0.014780 -0.003861 -0.010951 0.999823
38.100773 89.508104 8.480531 2.404770 0.013368 -0.004148 -0.010797 0.999844
38.201000 89.753159 8.479928 2.408368 0.012960 -0.004803 -0.011853 0.999834
38.400772 90.421642 8.460182 2.419180 0.013629 -0.003993 -0.016486 0.999763
38.601000 90.810983 8.438830 2.423876 0.013804 -0.004160 -0.022017 0.999654
38.701000 90.975274 8.418608 2.427046 0.013914 -0.003668 -0.025587 0.999569
39.000728 91.614215 8.385079 2.441491 0.017312 -0.002507 -0.036382 0.999185
39.300874 92.342227 8.311525 2.452644 0.017673 -0.000744 -0.046795 0.998748
39.533655 92.676490 8.259735 2.452040 0.019831 -0.000342 -0.047095 0.998693
39.801000 93.434969 8.176139 2.470236 0.021807 0.000461 -0.048913 0.998565
40.000891 94.249739 8.103154 2.484720 0.022764 -0.000477 -0.042813 0.998824
40.200886 94.662774 8.100307 2.488598 0.021097 -0.001864 -0.035125 0.999158
40.400750 95.006386 8.089337 2.488925 0.019557 -0.003695 -0.024689 0.999497
40.600879 95.389558 8.095741 2.508832 0.023319 -0.004334 -0.010786 0.999661
40.801000 95.848860 8.116497 2.525189 0.020957 -0.005050 0.003695 0.999761
41.000624 96.504903 8.177476 2.533493 0.023112 -0.007176 0.025819 0.999374
41.301000 97.174097 8.236641 2.545729 0.021508 -0.009957 0.043720 0.998763
41.501000 97.594553 8.307197 2.567800 0.018167 -0.009609 0.060809 0.997938
41.700656 98.299444 8.455125 2.598501 0.015735 -0.009004 0.083291 0.996360
41.976000 98.977595 8.601700 2.610342 0.013542 -0.009013 0.090059 0.995804
42.258143 99.766911 8.768647 2.640241 0.011933 -0.008185 0.094132 0.995455
42.500844 100.520531 8.904399 2.669433 0.011168 -0.008309 0.094884 0.995391
42.600517 100.855165 8.963898 2.679949 0.010858 -0.008619 0.093299 0.995542
42.800436 101.541980 9.100216 2.695978 0.009097 -0.008468 0.089382 0.995920
43.100546 102.663200 9.281855 2.730051 0.007506 -0.009289 0.082865 0.996489
43.300519 103.437467 9.415040 2.752250 0.006784 -0.009742 0.079080 0.996798
43.600445 104.627948 9.594644 2.788326 0.004865 -0.008538 0.072523 0.997318
43.799039 105.454957 9.720913 2.821026 0.004892 -0.008178 0.068857 0.997581
44.001000 106.327212 9.845085 2.838995 0.006561 -0.007520 0.065634 0.997794
44.151000 107.327519 9.965032 2.857614 0.007737 -0.005749 0.061428 0.998065
44.500664 108.982591 10.159318 2.894895 0.008967 -0.003073 0.056749 0.998343
44.700798 109.705374 10.224249 2.913468 0.011840 -0.002841 0.054001 0.998467
45.000888 110.905807 10.338481 2.944161 0.016704 -0.004583 0.054277 0.998376
45.199936 111.823292 10.441377 2.961194 0.017175 -0.001685 0.054388 0.998371
45.501000 113.209848 10.603066 2.990811 0.017562 -0.000083 0.054974 0.998333
45.700857 114.456975 10.769818 3.010573 0.016262 -0.004292 0.056096 0.998284
45.799592 114.804050 10.818126 3.006849 0.019664 -0.003742 0.056459 0.998204
46.100718 116.010936 10.969366 3.040992 0.015069 -0.006371 0.057034 0.998238
46.400625 117.166793 11.091453 3.083489 0.016324 -0.004877 0.056130 0.998278
46.700764 118.370814 11.216949 3.111252 0.012433 -0.004678 0.048834 0.998719
47.001000 119.586329 11.314854 3.142316 0.015080 -0.005228 0.037648 0.999164
47.200644 120.697360 11.387713 3.171839 0.015069 -0.004602 0.027589 0.999495
47.500662 121.803603 11.452415 3.186377 0.015064 -0.002883 0.021524 0.999651
47.800900 122.721660 11.459717 3.209240 0.016377 -0.001877 0.013636 0.999771
48.000687 123.324912 11.480024 3.221161 0.015890 -0.001822 0.008387 0.999837
48.100703 123.648973 11.474854 3.229673 0.015824 -0.001649 0.006546 0.999852
48.301000 124.311706 11.467730 3.245094 0.016183 -0.001634 0.003730 0.999861
48.400724 124.317163 11.466152 3.245750 0.016167 -0.001597 0.003803 0.999861
48.700907 125.577995 11.475684 3.268103 0.015861 -0.002210 0.002149 0.999869
48.900816 126.160936 11.482286 3.279433 0.014739 -0.003280 0.003689 0.999879
49.248544 126.801762 11.509688 3.296313 0.015720 -0.004030 0.007858 0.999837
49.351000 127.214967 11.539050 3.306594 0.015047 -0.004820 0.010599 0.999819
49.701000 128.203739 11.581920 3.332094 0.013869 -0.004507 0.020185 0.999690
50.000811 128.937021 11.617668 3.346077 0.013274 -0.004973 0.027753 0.999514
50.101000 129.154870 11.640815 3.353096 0.013224 -0.004062 0.030488 0.999439
50.300901 129.783529 11.693045 3.367090 0.013110 -0.001900 0.036487 0.999246
50.700907 130.622101 11.803104 3.382113 0.014280 -0.002245 0.044265 0.998915
50.901000 130.957322 11.829559 3.393173 0.013337 -0.002532 0.048669 0.998723
51.101000 131.357531 11.875376 3.410626 0.013355 -0.002566 0.052687 0.998518
51.300803 131.938614 11.932036 3.429858 0.012948 -0.002396 0.058222 0.998217
51.601000 132.506712 12.005573 3.431265 0.012902 -0.004142 0.061636 0.998007
51.800898 132.988925 12.084712 3.438552 0.012894 -0.005171 0.064035 0.997851
52.099618 133.462778 12.149474 3.457973 0.012806 -0.004860 0.065089 0.997785
52.267667 133.722743 12.176171 3.461474 0.011586 -0.005082 0.064223 0.997855
52.601000 134.318063 12.244870 3.483605 0.012463 -0.005140 0.058019 0.998224
52.684333 134.325434 12.245128 3.483624 0.012429 -0.005166 0.058055 0.998223
52.958143 135.003446 12.308474 3.498733 0.013094 -0.006045 0.051134 0.998588
53.189889 135.408759 12.349712 3.511574 0.012845 -0.006171 0.046610 0.998811
53.478778 135.910045 12.385495 3.521058 0.014107 -0.005199 0.041742 0.999015
53.781000 136.388255 12.427260 3.531058 0.013391 -0.004502 0.036623 0.999229
53.999147 136.715103 12.442423 3.542224 0.013821 -0.004174 0.033560 0.999332
54.301000 137.159678 12.462785 3.555499 0.014262 -0.003325 0.029558 0.999456
54.451000 137.463636 12.458585 3.568081 0.013380 -0.002650 0.026432 0.999558
54.798988 137.869338 12.493457 3.572354 0.014370 -0.002038 0.022922 0.999632
54.881000 137.927943 12.497708 3.569729 0.013858 -0.001848 0.022584 0.999647
55.181000 138.295439 12.513096 3.576369 0.014675 -0.001378 0.020756 0.999676
55.381000 138.571821 12.519081 3.583527 0.014871 -0.001458 0.020549 0.999677
55.698805 138.995538 12.532073 3.590800 0.014937 -0.000902 0.020667 0.999674
55.898805 139.257022 12.532371 3.595027 0.015232 -0.000776 0.020843 0.999666
56.076000 139.500748 12.541514 3.601202 0.014726 -0.000544 0.021329 0.999664
56.298728 139.803974 12.561199 3.609127 0.014299 0.000569 0.021388 0.999669
56.401000 139.935567 12.575510 3.610337 0.014400 0.001078 0.021187 0.999671
56.600888 140.302324 12.599496 3.614728 0.012594 0.001453 0.020480 0.999710
56.798743 140.517674 12.611586 3.617387 0.013188 0.001362 0.020624 0.999699
57.000891 140.723775 12.625403 3.621929 0.012618 0.001723 0.020721 0.999704
57.300678 141.091425 12.636352 3.627835 0.012101 0.001516 0.020673 0.999712
57.500794 141.359421 12.645083 3.630313 0.011358 0.002212 0.020769 0.999717
57.700898 141.628996 12.653095 3.631637 0.013180 0.001768 0.019863 0.999714
58.000894 141.986075 12.655102 3.632565 0.014577 0.002508 0.015613 0.999769
58.144705 142.032255 12.644411 3.640122 0.013986 0.002618 0.016231 0.999767
58.351000 142.305732 12.639482 3.640447 0.012262 0.002023 0.010703 0.999865
58.701000 142.747352 12.643777 3.639088 0.013657 0.001542 0.006160 0.999887
58.901000 143.003749 12.662008 3.647838 0.010822 0.001217 0.003854 0.999933
59.201000 143.358748 12.680254 3.650838 0.010333 0.001225 0.000947 0.999945
59.401000 143.597307 12.679282 3.652952 0.009962 0.001615 -0.000432 0.999949
59.701000 143.967914 12.693230 3.654461 0.007354 0.003906 -0.001887 0.999964
59.900715 144.345787 12.675254 3.647228 0.010932 0.006562 -0.002782 0.999915
60.100706 144.577714 12.651721 3.656567 0.011397 0.005476 -0.001285 0.999919
60.300807 144.800823 12.665685 3.661582 0.007714 0.004488 0.001206 0.999959
60.400712 144.911638 12.679676 3.663716 0.007180 0.004279 0.001825 0.999963
60.600708 145.175709 12.693334 3.665857 0.007591 0.005415 0.003712 0.999950
60.700805 145.320450 12.697080 3.668717 0.007792 0.005321 0.004244 0.999946
60.900805 145.600634 12.689742 3.669222 0.008928 0.005411 0.003502 0.999939
61.100906 145.828613 12.686697 3.668120 0.007941 0.006857 0.002295 0.999942
61.300718 146.020968 12.681059 3.667711 0.009933 0.006213 -0.000004 0.999931
61.501000 146.140199 12.680079 3.670936 0.011540 0.006332 -0.000927 0.999913
61.600905 146.137108 12.680715 3.671833 0.011520 0.006326 -0.000932 0.999913
61.701000 146.207621 12.677111 3.671831 0.012569 0.007096 -0.001292 0.999895
61.900809 146.216461 12.665032 3.671398 0.012601 0.007266 -0.002568 0.999891
62.100808 146.169986 12.664549 3.672098 0.012006 0.005597 -0.001488 0.999911
62.401000 146.173458 12.669296 3.673012 0.012129 0.005700 -0.001795 0.999909
62.600809 146.203319 12.683589 3.675566 0.012086 0.005839 -0.001798 0.999908
62.801000 146.207229 12.687563 3.678059 0.012135 0.005766 -0.001612 0.999908
62.900808 146.206285 12.687654 3.678206 0.012136 0.005777 -0.001621 0.999908
63.200808 146.204350 12.688463 3.674692 0.012122 0.005953 -0.001635 0.999907
63.400904 146.172335 12.664154 3.672061 0.012082 0.005845 -0.001711 0.999908
63.601000 146.174638 12.665846 3.676377 0.012141 0.005994 -0.001571 0.999907
63.900904 146.191304 12.676644 3.675280 0.012130 0.005920 -0.001778 0.999907
64.144728 146.187989 12.667209 3.676705 0.012058 0.006111 -0.001572 0.999907
64.400712 146.187730 12.664308 3.674889 0.012176 0.006004 -0.001647 0.999906
64.601000 146.187532 12.672445 3.673504 0.012042 0.005967 -0.001633 0.999908
65.001000 146.207036 12.681546 3.673306 0.012108 0.005986 -0.001632 0.999907
65.100713 146.205583 12.680590 3.675591 0.012134 0.005921 -0.001666 0.999907
65.300809 146.204126 12.685844 3.676646 0.011988 0.005934 -0.001545 0.999909
65.600808 146.193497 12.688337 3.678058 0.012196 0.005842 -0.001686 0.999907
65.800904 146.194234 12.677317 3.677386 0.012023 0.005853 -0.001770 0.999909
66.100904 146.189432 12.672094 3.677946 0.011970 0.005765 -0.001625 0.999910
66.301000 146.188632 12.669690 3.677889 0.012010 0.005867 -0.001527 0.999910
66.600807 146.191116 12.674069 3.679045 0.012069 0.005951 -0.001812 0.999908
66.801000 146.198455 12.666351 3.679728 0.012132 0.005796 -0.001684 0.999908
67.000712 146.205868 12.670524 3.680157 0.012089 0.005617 -0.001831 0.999909
67.200809 146.201409 12.675964 3.678664 0.012088 0.005962 -0.001753 0.999908
67.400807 146.193701 12.672084 3.674913 0.012119 0.005996 -0.001664 0.999907
67.600809 146.192847 12.673525 3.673885 0.012150 0.005918 -0.001635 0.999907
67.700901 146.190916 12.677041 3.673748 0.012096 0.005978 -0.001623 0.999908
67.901000 146.200118 12.682761 3.678449 0.012046 0.005659 -0.001656 0.999910
68.100696 146.199929 12.681206 3.681749 0.012126 0.005773 -0.001823 0.999908
68.200897 146.192158 12.675514 3.682159 0.012159 0.005792 -0.001588 0.999908
68.400689 146.195368 12.671502 3.680397 0.011980 0.005744 -0.001579 0.999910
68.700686 146.202789 12.668047 3.676564 0.012090 0.005878 -0.001528 0.999908
68.901000 146.198853 12.667037 3.676607 0.012068 0.005942 -0.001735 0.999908
69.001000 146.187085 12.674119 3.676111 0.012087 0.005897 -0.001603 0.999908
69.301000 146.180714 12.678912 3.676829 0.012062 0.005913 -0.001419 0.999909
69.500896 146.197216 12.678059 3.678346 0.011969 0.005646 -0.001562 0.999911
69.800792 146.213339 12.679831 3.678258 0.012047 0.005941 -0.001710 0.999908
70.044601 146.200528 12.676895 3.680628 0.012031 0.005966 -0.001656 0.999908
70.300682 146.199271 12.679323 3.677938 0.012011 0.005820 -0.001570 0.999910
70.500797 146.199211 12.672965 3.678123 0.012108 0.004975 -0.001750 0.999913
70.701000 146.241491 12.674746 3.675328 0.011841 0.004660 -0.001809 0.999917
70.900815 146.332270 12.677930 3.673838 0.011637 0.003930 -0.002662 0.999921
71.101000 146.429323 12.676959 3.676310 0.011002 0.001436 -0.003048 0.999934
71.401000 146.694036 12.678453 3.680899 0.007449 -0.004054 -0.002844 0.999960
71.701000 147.158252 12.687736 3.692378 0.006376 -0.006838 -0.001680 0.999955
71.800707 147.155781 12.691245 3.691095 0.006363 -0.006862 -0.001794 0.999955
72.001000 147.768426 12.692562 3.694537 0.003923 -0.007062 0.002910 0.999963
72.100706 147.769109 12.699633 3.695053 0.003961 -0.007073 0.002870 0.999963
72.301000 148.481714 12.700687 3.697670 0.011581 -0.005317 0.008391 0.999884
72.601000 149.211141 12.728594 3.696820 0.017685 -0.003252 0.013888 0.999742
72.800804 149.832374 12.769303 3.732996 0.012774 0.007190 0.017236 0.999744
73.001000 150.067263 12.800837 3.744447 0.005423 0.007358 0.017816 0.999799
73.201000 150.177554 12.808705 3.730457 0.006390 0.005396 0.020425 0.999756
73.301000 150.226231 12.798181 3.726078 0.007479 0.003585 0.021127 0.999742
73.400598 150.221969 12.796897 3.726439 0.007456 0.003582 0.021133 0.999742
73.600839 150.547132 12.803083 3.738328 0.008694 0.001957 0.026375 0.999612
73.800568 150.832278 12.818247 3.749194 0.009533 0.002424 0.030222 0.999495
73.900712 150.978264 12.830953 3.755585 0.008622 0.002566 0.032551 0.999430
74.100813 151.239388 12.863181 3.749637 0.009944 0.000331 0.037359 0.999252
74.300511 151.495522 12.895061 3.757236 0.010753 -0.002444 0.042657 0.999029
74.476000 151.785555 12.923819 3.752347 0.009976 -0.002935 0.049055 0.998742
74.663500 152.157469 12.967919 3.759805 0.011588 -0.004540 0.055856 0.998361
74.789889 152.496607 13.014836 3.756696 0.010668 -0.006072 0.061848 0.998010
74.981000 152.922377 13.084932 3.756661 0.009352 -0.006176 0.067374 0.997665
75.301000 153.723254 13.222177 3.791931 0.009682 0.003538 0.077282 0.996956
75.499200 154.439537 13.372484 3.826334 0.000754 0.006602 0.080588 0.996725
75.646894 154.546047 13.406834 3.805076 0.001421 0.004319 0.080162 0.996772
75.800778 154.928475 13.479126 3.784451 0.001469 0.004873 0.076829 0.997031
75.900504 155.192070 13.506617 3.781942 0.004129 0.005355 0.075336 0.997135
76.101000 155.745743 13.557142 3.794743 0.007888 0.005751 0.073437 0.997252
76.300364 156.516127 13.655827 3.793753 0.010279 0.001452 0.069431 0.997533
76.501000 157.013701 13.725374 3.802894 0.006472 0.004473 0.067001 0.997722
76.700877 157.702867 13.835133 3.804307 0.010166 0.010690 0.061789 0.997980
76.901000 158.177842 13.874988 3.814580 0.012458 0.009458 0.061591 0.997979
77.100783 158.878927 13.963872 3.810156 0.003544 0.008540 0.058138 0.998266
77.301000 159.401451 14.017334 3.799043 0.010102 0.009277 0.057631 0.998244
77.400786 159.384621 14.013399 3.799261 0.010085 0.009354 0.057556 0.998248
77.600882 160.345284 14.102743 3.771643 0.013210 0.003737 0.056362 0.998316
77.800876 161.075588 14.193821 3.783299 0.011182 -0.000338 0.052897 0.998537
78.001000 161.836158 14.282640 3.813341 0.013542 -0.009765 0.051128 0.998553
78.201000 162.657692 14.381001 3.830470 0.011893 -0.012775 0.048349 0.998678
78.399361 163.795537 14.484478 3.857581 0.006209 -0.009863 0.045310 0.998905
78.501000 164.153344 14.518416 3.870549 0.009793 -0.005294 0.045724 0.998892
78.700389 165.231781 14.593344 3.913535 0.014707 0.001635 0.042300 0.998995
79.000791 166.437650 14.702396 3.910566 0.011024 -0.003563 0.039743 0.999143
79.201000 167.222151 14.780750 3.913290 0.009787 -0.002328 0.036828 0.999271
79.400668 168.417645 14.866208 3.929369 0.007602 -0.001039 0.033128 0.999422
79.700730 169.934161 14.966558 3.957512 0.009919 -0.000360 0.030095 0.999498
79.800609 170.405395 14.991271 3.959104 0.009819 -0.000196 0.029848 0.999506
80.000698 171.465782 15.044693 3.964405 0.008533 0.002093 0.030297 0.999502
80.300845 173.164093 15.151863 3.971386 0.010301 0.001673 0.035257 0.999324
80.451000 174.065684 15.215536 3.989038 0.010064 0.000984 0.039454 0.999170
80.800695 176.143616 15.416270 4.009930 0.011056 0.002908 0.046400 0.998858
80.901000 176.736904 15.485747 4.018709 0.011328 0.002936 0.047687 0.998794
81.099297 178.329423 15.655749 4.034058 0.011552 0.001880 0.052876 0.998532
81.401000 180.340187 15.871394 4.039025 0.012015 -0.000717 0.049140 0.998719
81.601000 181.451319 15.979672 4.062505 0.009281 -0.003236 0.048234 0.998788
81.901000 183.130141 16.141518 4.100909 0.007441 0.000985 0.046269 0.998901
82.001000 183.664151 16.203013 4.113062 0.006147 0.001775 0.045999 0.998921
82.200884 184.960174 16.323460 4.125342 0.004447 0.000564 0.045224 0.998967
82.400749 186.077910 16.422233 4.126413 0.006626 0.001178 0.043067 0.999050
82.700768 187.782646 16.572839 4.151220 0.004829 0.000353 0.040889 0.999152
82.900669 188.946824 16.680887 4.168712 0.003248 0.001174 0.039035 0.999232
83.201000 190.746132 16.815482 4.193828 0.005560 0.002195 0.036817 0.999304
83.501000 192.499259 16.937358 4.210079 0.005246 0.003042 0.035403 0.999355
83.800759 194.244872 17.057068 4.231647 0.006879 0.003177 0.034483 0.999377
83.901000 194.867264 17.104019 4.230605 0.005806 0.004145 0.035682 0.999338
84.201000 196.653564 17.243442 4.251097 0.008995 0.006055 0.037432 0.999240
84.400625 198.127804 17.365208 4.255133 0.009869 0.005252 0.038890 0.999181
84.700881 199.715642 17.508035 4.260551 0.007264 0.004072 0.039491 0.999185
84.900888 200.579401 17.575642 4.273842 0.006459 0.005254 0.040508 0.999145
85.200875 201.837321 17.692765 4.292634 0.005952 0.001923 0.041115 0.999135
85.400720 202.679939 17.768316 4.295586 0.005966 0.003219 0.041829 0.999102
85.600655 203.566370 17.836189 4.308728 0.005870 0.002259 0.042678 0.999069
85.801000 204.456980 17.928743 4.314868 0.004097 0.003430 0.043061 0.999058
85.901000 204.888711 17.971789 4.319836 0.004583 0.002399 0.043164 0.999055
86.101000 205.751265 18.062413 4.330444 0.005495 0.002084 0.043630 0.999030
86.300782 206.870216 18.161952 4.351652 0.006121 0.003609 0.044363 0.998990
86.401000 207.175456 18.190500 4.350337 0.004714 0.002805 0.043370 0.999044
86.701000 208.264192 18.281973 4.361373 0.006264 0.002882 0.042662 0.999066
87.000575 209.339391 18.352511 4.372850 0.006214 0.003254 0.041366 0.999119
87.300877 210.487293 18.450317 4.386525 0.003888 0.002964 0.040027 0.999187
87.500604 211.272106 18.547131 4.394231 0.005612 0.005535 0.040214 0.999160
87.600725 211.670083 18.582892 4.394542 0.006597 0.005577 0.039660 0.999176
87.800570 212.431663 18.645359 4.396383 0.006853 0.004970 0.038540 0.999221
88.000562 213.185086 18.697590 4.399462 0.005911 0.006993 0.038197 0.999228
88.300711 214.303140 18.788895 4.408595 0.006790 0.005061 0.037189 0.999272
88.500680 215.032032 18.836658 4.411657 0.008264 0.005185 0.036536 0.999285
88.700832 215.768653 18.894807 4.411166 0.008677 0.005217 0.036024 0.999300
88.901000 216.531417 18.957408 4.407390 0.004426 0.006972 0.035004 0.999353
89.001000 216.907940 18.982384 4.414268 0.005173 0.007370 0.034975 0.999348
89.100859 216.903116 18.981642 4.415474 0.005436 0.007450 0.034970 0.999346
89.400854 218.381994 19.072678 4.433373 0.003564 0.006156 0.033431 0.999416
89.601000 219.107052 19.143199 4.427354 0.004514 0.005680 0.033704 0.999406
89.800785 220.112746 19.237163 4.424724 0.004273 0.004011 0.033456 0.999423
90.101000 221.161594 19.291149 4.433299 0.004346 0.005025 0.033391 0.999420
90.301000 221.782216 19.336963 4.435883 0.002522 0.003571 0.034504 0.999395
90.386714 221.766822 19.331325 4.436945 0.002646 0.003590 0.034592 0.999392
90.701000 223.049399 19.437940 4.450601 0.001829 0.006023 0.035933 0.999334
90.881000 223.838118 19.523370 4.461548 0.002555 0.004366 0.036953 0.999304
91.201000 224.600032 19.587237 4.460896 -0.000569 0.008030 0.036646 0.999296
91.400588 225.005881 19.592885 4.453004 0.000584 0.006544 0.036903 0.999297
91.700741 225.313068 19.588674 4.455271 0.000330 0.002522 0.036395 0.999334
92.000863 225.638208 19.618108 4.470516 0.001156 0.003187 0.036893 0.999313
92.100561 225.782062 19.630302 4.481176 0.000588 0.003900 0.036958 0.999309
92.300672 226.041930 19.662308 4.482101 0.002263 0.004521 0.036709 0.999313
92.400669 226.165986 19.690333 4.476671 0.002067 0.004041 0.036516 0.999323
92.600718 226.385298 19.718121 4.476026 -0.000461 0.002523 0.036363 0.999335
92.900584 226.725961 19.733716 4.478195 -0.000028 0.003285 0.035983 0.999347
93.100647 226.923268 19.743473 4.472845 -0.000848 0.000935 0.036342 0.999339
93.400764 227.158645 19.751714 4.474014 -0.001121 0.003169 0.035366 0.999369
93.700779 227.340598 19.760127 4.482007 -0.001996 0.003015 0.035678 0.999357
94.000797 227.475005 19.772520 4.479980 -0.002712 0.003485 0.035326 0.999366
94.200799 227.522754 19.784595 4.479479 -0.002866 0.003469 0.035339 0.999365
94.500904 227.585984 19.797002 4.478817 -0.003490 0.003436 0.035200 0.999368
94.800709 227.641647 19.802165 4.477923 -0.003668 0.003434 0.034950 0.999376
95.001000 227.674011 19.808217 4.477239 -0.003546 0.003277 0.035121 0.999371
