1.447095 0.684752 0.012258 0.014216 -0.002092 -0.000825 0.000844 0.999997
1.553967 1.373133 0.015497 0.019295 -0.002556 -0.001968 0.001079 0.999994
1.654043 1.775534 0.003420 0.025898 -0.001985 -0.003611 0.002736 0.999988
1.712063 2.187080 0.020926 0.032240 -0.001432 -0.004713 0.001689 0.999986
1.812137 2.955541 0.030402 0.043240 -0.005189 -0.005543 0.002927 0.999967
1.912117 3.676195 0.044875 0.055936 -0.005963 -0.004870 0.003668 0.999964
2.012139 4.388678 0.053305 0.070705 -0.005784 -0.003499 0.004263 0.999968
2.146794 5.360590 0.068552 0.080577 -0.005014 -0.001078 0.005275 0.999973
2.246870 5.914779 0.083424 0.082554 -0.004666 0.000459 0.005060 0.999976
2.334505 6.491470 0.095789 0.102731 -0.003670 0.001072 0.004550 0.999982
2.412067 7.061015 0.098485 0.112737 -0.002334 -0.000596 0.004223 0.999988
2.512012 7.843032 0.114085 0.111316 -0.003198 -0.004408 0.004740 0.999974
2.612114 8.598478 0.121779 0.114673 -0.002152 -0.006766 0.005360 0.999960
2.712114 9.329497 0.125140 0.128507 -0.001022 -0.007140 0.005870 0.999957
2.812041 10.060654 0.141914 0.146255 0.001541 -0.004881 0.005823 0.999970
2.939067 10.987504 0.151899 0.169100 0.002304 -0.002707 0.006320 0.999974
3.046895 11.652804 0.168277 0.189910 0.000994 -0.002796 0.006476 0.999975
3.112115 12.063940 0.181870 0.191172 -0.001616 -0.003411 0.005755 0.999976
3.212038 12.882734 0.199550 0.197578 -0.002413 -0.005521 0.005687 0.999966
3.312039 13.645478 0.199329 0.209374 -0.000641 -0.005711 0.005935 0.999966
3.404339 14.339618 0.215926 0.221174 -0.000670 -0.003621 0.005780 0.999977
3.546892 15.451002 0.243489 0.244947 -0.002809 -0.000854 0.006072 0.999977
3.647123 15.995960 0.249734 0.254029 -0.003086 -0.000265 0.006305 0.999975
3.746994 16.669347 0.263834 0.262695 -0.002640 -0.000662 0.006040 0.999978
3.812038 17.147175 0.273913 0.271081 -0.001865 -0.001209 0.005639 0.999982
3.947097 18.255528 0.294669 0.291927 -0.001838 -0.002697 0.006094 0.999976
4.047020 18.894211 0.309656 0.297105 -0.002237 -0.002890 0.006338 0.999973
4.112090 19.338586 0.322183 0.304263 -0.002990 -0.002408 0.005603 0.999977
4.212141 20.173412 0.337906 0.316504 -0.005008 -0.002202 0.004833 0.999973
4.347244 21.223321 0.352490 0.336457 -0.004374 -0.002363 0.004657 0.999977
4.412066 21.550972 0.353934 0.342146 -0.003339 -0.002475 0.003867 0.999984
4.512091 22.363753 0.369480 0.353137 -0.004494 -0.003350 0.002597 0.999981
4.600673 22.389642 0.368856 0.353209 -0.004489 -0.003380 0.002619 0.999981
4.712036 23.928787 0.380375 0.385676 -0.004205 -0.004437 0.001351 0.999980
4.812043 24.603954 0.383498 0.399421 -0.003788 -0.004391 0.000721 0.999983
4.912044 25.318933 0.386542 0.412191 -0.004898 -0.003861 -0.000326 0.999980
5.012118 26.030732 0.392397 0.424439 -0.005924 -0.003535 -0.001352 0.999975
5.112093 26.736504 0.381452 0.435708 -0.005629 -0.003933 -0.002204 0.999974
5.212041 27.451506 0.386705 0.456549 -0.005097 -0.004503 -0.003306 0.999971
5.312115 28.158491 0.395123 0.460648 -0.005929 -0.005398 -0.004264 0.999959
5.412092 28.872281 0.388279 0.476014 -0.006605 -0.005560 -0.005166 0.999949
5.512142 29.579185 0.386103 0.489635 -0.005657 -0.005614 -0.005973 0.999950
5.612042 30.289662 0.378624 0.514826 -0.004006 -0.004680 -0.006908 0.999957
5.747871 31.251728 0.368502 0.529209 -0.003553 -0.004912 -0.008023 0.999949
5.812191 31.571046 0.363639 0.536009 -0.003183 -0.004942 -0.008873 0.999943
5.911995 32.352685 0.355219 0.551226 -0.003512 -0.004637 -0.010812 0.999925
6.012196 33.100121 0.340242 0.570062 -0.003233 -0.004937 -0.012131 0.999909
6.112069 33.828346 0.327390 0.585737 -0.004311 -0.005039 -0.013586 0.999886
6.212093 34.547085 0.310316 0.596552 -0.004560 -0.004950 -0.015262 0.999861
6.315008 35.286391 0.289292 0.614995 -0.004919 -0.005295 -0.016971 0.999830
6.412117 35.963246 0.271204 0.630494 -0.004226 -0.005324 -0.018763 0.999801
6.512044 36.677847 0.247218 0.645753 -0.005249 -0.004757 -0.020447 0.999766
6.612044 37.392983 0.219468 0.660066 -0.006042 -0.003787 -0.022250 0.999727
6.709857 38.075921 0.194254 0.670246 -0.007123 -0.002294 -0.023900 0.999686
6.809855 38.788150 0.159059 0.692107 -0.005092 -0.001450 -0.025651 0.999657
6.910028 39.503399 0.119565 0.704398 -0.004444 -0.002217 -0.027352 0.999614
7.010028 40.196390 0.083681 0.715531 -0.003694 -0.003510 -0.029190 0.999561
7.110230 40.889524 0.047927 0.723118 -0.003983 -0.005130 -0.031215 0.999492
7.203651 41.538365 0.008684 0.737368 -0.003868 -0.005931 -0.032715 0.999440
7.312090 42.317318 -0.035765 0.753365 -0.003181 -0.005326 -0.034408 0.999389
7.412047 42.975122 -0.087763 0.764151 -0.003478 -0.005376 -0.036296 0.999321
7.512093 43.653636 -0.136366 0.784417 -0.001642 -0.004830 -0.038043 0.999263
7.641238 44.537557 -0.201077 0.813528 -0.001799 -0.004538 -0.039504 0.999207
7.712093 44.914457 -0.227271 0.816648 -0.002957 -0.003981 -0.040817 0.999154
7.803578 45.603547 -0.281136 0.826791 -0.005077 -0.004067 -0.042980 0.999055
7.912217 46.402526 -0.352764 0.843902 -0.003407 -0.005132 -0.043921 0.999016
8.003580 47.004173 -0.401256 0.861165 -0.001953 -0.006100 -0.045125 0.998961
8.103579 47.712180 -0.452214 0.868303 -0.002895 -0.007101 -0.047169 0.998858
8.202925 48.391508 -0.520056 0.882950 -0.002583 -0.006720 -0.048378 0.998803
8.302874 49.068286 -0.585178 0.898798 -0.002700 -0.005561 -0.049817 0.998739
8.446876 50.045672 -0.673777 0.928773 -0.002092 -0.004681 -0.051021 0.998684
8.540892 50.492766 -0.716000 0.937779 -0.001850 -0.004497 -0.052048 0.998633
8.646823 51.151249 -0.788367 0.955505 -0.001254 -0.005257 -0.053717 0.998542
8.712194 51.565230 -0.834886 0.962893 -0.001588 -0.005454 -0.055016 0.998469
8.899872 52.892841 -0.980479 0.991140 -0.002319 -0.005386 -0.056836 0.998366
8.999798 53.282687 -1.026508 0.997323 -0.001981 -0.004881 -0.057427 0.998336
9.099698 53.832693 -1.088011 1.012376 -0.001777 -0.004382 -0.059185 0.998236
9.199723 54.441453 -1.156576 1.029395 -0.003330 -0.004472 -0.060610 0.998146
9.299598 55.069853 -1.232912 1.032216 -0.003663 -0.004982 -0.061954 0.998060
9.399573 55.712116 -1.314295 1.043802 -0.001798 -0.005705 -0.063233 0.997981
9.499524 56.367612 -1.396858 1.065951 -0.000660 -0.006836 -0.064543 0.997891
9.599548 57.008187 -1.475961 1.082070 -0.001593 -0.006857 -0.066126 0.997786
9.699947 57.651666 -1.563628 1.098230 -0.000780 -0.006672 -0.067500 0.997697
9.800122 58.283357 -1.649297 1.109806 -0.000898 -0.006828 -0.068755 0.997610
9.812119 58.356532 -1.654692 1.113573 -0.000852 -0.006826 -0.069871 0.997532
9.912042 59.229386 -1.769435 1.135542 -0.002789 -0.006508 -0.071820 0.997393
10.046874 60.304384 -1.933462 1.164503 -0.000649 -0.006476 -0.072672 0.997335
10.146752 60.887258 -2.022382 1.175289 0.000258 -0.006513 -0.073583 0.997268
10.212041 61.278709 -2.080029 1.187499 -0.000423 -0.006213 -0.075351 0.997138
10.312095 61.980134 -2.171524 1.202668 -0.002908 -0.004589 -0.076685 0.997041
10.447646 62.886466 -2.305660 1.217925 -0.003472 -0.003362 -0.077954 0.996945
10.544801 63.390491 -2.390080 1.228751 -0.001612 -0.003074 -0.079083 0.996862
10.639419 63.944842 -2.485009 1.249111 -0.000008 -0.003511 -0.080610 0.996740
10.747846 64.594303 -2.587100 1.268967 0.000030 -0.004652 -0.082337 0.996594
10.823685 65.021483 -2.649029 1.275070 -0.001820 -0.005158 -0.083584 0.996486
10.911994 65.588061 -2.736532 1.277867 -0.003148 -0.004991 -0.085210 0.996346
11.047669 66.458558 -2.888145 1.296244 -0.002310 -0.004064 -0.086734 0.996221
11.144704 66.979109 -2.984248 1.312416 -0.001241 -0.003518 -0.087830 0.996128
11.246848 67.554576 -3.083725 1.326298 -0.001834 -0.002500 -0.089880 0.995948
11.322988 67.989963 -3.163960 1.334739 -0.002335 -0.002219 -0.091584 0.995792
11.447772 68.775431 -3.304133 1.343173 -0.002769 -0.003569 -0.093624 0.995597
11.512216 69.114684 -3.374999 1.353174 -0.001102 -0.004526 -0.094946 0.995472
11.612043 69.767659 -3.497915 1.371075 -0.000986 -0.004857 -0.097363 0.995237
11.710221 70.387925 -3.620916 1.377501 -0.000526 -0.004216 -0.099595 0.995019
11.810323 71.001902 -3.739362 1.391164 -0.000492 -0.003049 -0.101564 0.994824
11.910695 71.610525 -3.861568 1.405167 -0.000382 -0.002221 -0.104135 0.994561
12.010923 72.203274 -3.985587 1.424971 -0.000538 -0.001409 -0.106572 0.994304
12.112092 72.801887 -4.116859 1.422977 -0.001493 -0.002412 -0.109097 0.994027
12.212115 73.370552 -4.247082 1.429142 -0.000192 -0.004027 -0.111887 0.993713
12.312117 73.939986 -4.388722 1.442944 0.000765 -0.005126 -0.114396 0.993422
12.412119 74.503431 -4.516765 1.459801 0.000437 -0.005021 -0.117486 0.993062
12.512040 75.068979 -4.650987 1.471956 -0.001593 -0.004251 -0.120127 0.992748
12.612041 75.634927 -4.782891 1.474765 -0.003498 -0.003447 -0.122358 0.992474
12.712092 76.189894 -4.927290 1.484065 -0.002985 -0.002902 -0.124745 0.992180
12.810115 76.745522 -5.072081 1.503524 -0.000954 -0.002131 -0.127132 0.991883
12.910366 77.302087 -5.216912 1.516515 -0.000287 -0.001761 -0.129757 0.991544
13.010467 77.851419 -5.359882 1.525391 -0.001935 -0.001376 -0.132441 0.991188
13.112043 78.413265 -5.508188 1.531590 -0.004165 -0.001351 -0.134742 0.990871
13.211070 78.947463 -5.655023 1.534522 -0.004635 -0.001571 -0.137010 0.990558
13.312044 79.481446 -5.815810 1.550037 -0.003808 -0.001977 -0.139821 0.990167
13.412214 80.016313 -5.965350 1.556432 -0.003668 -0.002293 -0.142028 0.989853
13.512163 80.551922 -6.109716 1.566272 -0.005374 -0.002429 -0.144178 0.989534
13.612113 81.066910 -6.271266 1.571574 -0.006212 -0.003131 -0.146592 0.989173
13.712136 81.598538 -6.428496 1.587570 -0.005692 -0.004437 -0.148586 0.988873
13.812115 82.108015 -6.579191 1.596706 -0.005831 -0.004696 -0.150155 0.988634
13.912165 82.627874 -6.743118 1.614414 -0.004993 -0.003989 -0.151945 0.988368
14.003484 83.089557 -6.879124 1.615774 -0.008025 -0.003273 -0.153418 0.988123
14.103311 83.598287 -7.029414 1.628119 -0.008816 -0.003330 -0.154457 0.987955
14.203461 84.086741 -7.191084 1.646209 -0.006627 -0.002654 -0.154633 0.987946
14.312137 84.596106 -7.351546 1.660382 -0.006027 -0.001611 -0.154980 0.987898
14.500322 85.428987 -7.610109 1.673530 -0.007408 -0.001725 -0.154696 0.987933
14.600172 85.633811 -7.664957 1.673484 -0.007529 -0.001841 -0.155240 0.987846
14.700122 85.987925 -7.769927 1.689079 -0.008608 -0.001209 -0.155613 0.987780
14.799947 86.373620 -7.893179 1.697268 -0.009918 -0.000569 -0.155443 0.987795
14.899897 86.774342 -8.023236 1.707730 -0.010753 -0.001292 -0.154972 0.987860
14.999973 87.190288 -8.152275 1.712605 -0.011948 -0.002135 -0.154954 0.987847
15.100171 87.619972 -8.281170 1.713398 -0.013596 -0.002249 -0.154971 0.987823
15.110248 87.665338 -8.300376 1.711297 -0.013416 -0.002397 -0.155221 0.987786
15.210200 88.229948 -8.484938 1.722578 -0.010771 -0.001945 -0.153988 0.988012
15.310324 88.742319 -8.636426 1.735272 -0.010369 -0.001413 -0.154075 0.988004
15.412167 89.212240 -8.780115 1.738966 -0.010743 0.000419 -0.154591 0.987920
15.600346 90.043852 -9.040021 1.755751 -0.011986 0.001687 -0.154230 0.987961
15.609414 89.900354 -8.990229 1.755322 -0.010795 0.002238 -0.155023 0.987849
15.712040 90.347112 -9.116246 1.765042 -0.013468 0.001087 -0.154609 0.987883
15.812091 90.788432 -9.241510 1.766745 -0.012747 -0.000141 -0.154208 0.987956
15.911989 91.199844 -9.380803 1.772782 -0.010990 -0.000298 -0.154464 0.987937
16.012142 91.582356 -9.510286 1.779130 -0.008790 -0.000729 -0.155151 0.987851
16.111856 91.971666 -9.640248 1.787745 -0.007840 -0.001727 -0.155073 0.987870
16.212042 92.346026 -9.764248 1.799851 -0.008110 -0.001895 -0.155119 0.987861
16.312119 92.738276 -9.888651 1.824784 -0.010822 -0.001630 -0.155199 0.987823
16.412093 93.110793 -9.990112 1.820510 -0.015452 -0.001648 -0.155696 0.987683
16.565225 93.670888 -10.161183 1.818805 -0.015931 -0.002931 -0.155533 0.987698
16.612071 93.767686 -10.192226 1.813292 -0.015436 -0.003525 -0.156114 0.987612
16.712013 94.158172 -10.335318 1.821449 -0.010345 -0.001729 -0.155968 0.987706
16.812095 94.541433 -10.455480 1.840568 -0.008819 -0.000714 -0.156026 0.987713
16.911995 94.897296 -10.558128 1.854503 -0.010457 -0.000439 -0.156530 0.987618
17.012120 95.271597 -10.652533 1.860163 -0.014046 -0.000048 -0.156491 0.987580
17.165124 95.791294 -10.816233 1.873887 -0.018415 0.001961 -0.157589 0.987331
17.265101 96.040769 -10.893964 1.875922 -0.019069 0.003173 -0.158644 0.987147
17.311996 96.160919 -10.941386 1.878435 -0.018515 0.003500 -0.159322 0.987047
17.412119 96.494251 -11.067250 1.868273 -0.014096 0.000354 -0.161262 0.986811
17.512116 96.810319 -11.195550 1.870125 -0.009818 -0.000422 -0.163814 0.986442
17.612117 97.097207 -11.292858 1.888621 -0.009862 0.000497 -0.166759 0.985948
17.712117 97.392379 -11.390830 1.906132 -0.013653 0.000985 -0.169804 0.985383
17.812045 97.659413 -11.482604 1.908619 -0.017126 0.000130 -0.173562 0.984674
17.912095 97.909549 -11.578132 1.903442 -0.018563 -0.000375 -0.177533 0.983940
18.012167 98.148157 -11.668781 1.908994 -0.018158 -0.000296 -0.182330 0.983070
18.111993 98.385414 -11.762685 1.914512 -0.017219 0.000128 -0.187144 0.982181
18.268940 98.742332 -11.910655 1.923161 -0.017036 0.000403 -0.194681 0.980719
18.312095 98.790483 -11.940235 1.923480 -0.017690 0.000796 -0.195857 0.980473
18.412217 99.053366 -12.068855 1.925241 -0.016825 0.000185 -0.202848 0.979066
18.512087 99.316685 -12.191326 1.925152 -0.014859 -0.001080 -0.208060 0.978003
18.612112 99.574899 -12.318560 1.931399 -0.012291 -0.002809 -0.211788 0.977234
18.712114 99.827758 -12.435689 1.952211 -0.012507 -0.002519 -0.213316 0.976900
18.812092 100.077687 -12.533859 1.965516 -0.015184 -0.001423 -0.213450 0.976835
18.965195 100.454638 -12.694147 1.972270 -0.019559 -0.001360 -0.211104 0.977267
19.012040 100.508160 -12.698243 1.963318 -0.019555 -0.002370 -0.213088 0.976834
19.112140 100.777733 -12.824464 1.967176 -0.018119 -0.002201 -0.207979 0.977963
19.212065 101.033943 -12.924582 1.977505 -0.017265 -0.001981 -0.204464 0.978720
19.312170 101.269653 -13.022786 1.981845 -0.017636 -0.001717 -0.199284 0.979782
19.412092 101.510779 -13.116021 1.988115 -0.017608 -0.002033 -0.193929 0.980856
19.512091 101.756941 -13.183632 1.990135 -0.018406 -0.002398 -0.188012 0.981991
19.612091 101.988644 -13.264676 1.989277 -0.019034 -0.002032 -0.182337 0.983050
19.712090 102.230223 -13.344427 1.992093 -0.019223 -0.002228 -0.176441 0.984121
19.812140 102.480923 -13.419359 1.997702 -0.018983 -0.002889 -0.170443 0.985181
19.912194 102.737830 -13.499345 2.007337 -0.019134 -0.002796 -0.163920 0.986284
20.012140 103.004752 -13.581917 2.015350 -0.019660 -0.001748 -0.157420 0.987335
20.112145 103.294411 -13.665625 2.019297 -0.019316 -0.000916 -0.151086 0.988331
20.212066 103.572420 -13.736562 2.022325 -0.019608 -0.000569 -0.145102 0.989222
20.312093 103.854814 -13.812095 2.026301 -0.020182 -0.000495 -0.138751 0.990122
20.412043 104.146084 -13.882415 2.035170 -0.021008 -0.000549 -0.131954 0.991033
20.512048 104.435816 -13.961520 2.036624 -0.021443 -0.001306 -0.126295 0.991760
20.612193 104.747530 -14.027578 2.036796 -0.021754 -0.002093 -0.120829 0.992433
20.712146 105.076990 -14.094628 2.040911 -0.021603 -0.003449 -0.115440 0.993074
20.865295 105.607864 -14.179658 2.047823 -0.021472 -0.004996 -0.109085 0.993788
20.965818 105.853703 -14.238374 2.046024 -0.020788 -0.005857 -0.108697 0.993840
21.065967 106.173570 -14.299878 2.053750 -0.021011 -0.005695 -0.105806 0.994149
21.165269 106.541001 -14.364299 2.067401 -0.021137 -0.005664 -0.103908 0.994346
21.265320 106.919793 -14.438047 2.074469 -0.023291 -0.006210 -0.102675 0.994423
21.365973 107.344615 -14.518988 2.077840 -0.024016 -0.007031 -0.102137 0.994456
21.473496 107.821807 -14.609410 2.076675 -0.021581 -0.008049 -0.101604 0.994558
21.578934 108.264274 -14.721515 2.083897 -0.016622 -0.007927 -0.102563 0.994556
21.679905 108.709329 -14.814928 2.094709 -0.013065 -0.007883 -0.102805 0.994584
21.745973 109.014802 -14.886398 2.106806 -0.011174 -0.007040 -0.103726 0.994518
21.811450 109.385546 -14.965115 2.119951 -0.011578 -0.004662 -0.104469 0.994450
21.912169 109.965522 -15.082264 2.128509 -0.011723 -0.002608 -0.104985 0.994401
22.012145 110.525206 -15.213234 2.134068 -0.009838 -0.002397 -0.107626 0.994140
22.112019 111.063439 -15.347539 2.148506 -0.006009 -0.003007 -0.110213 0.993885
22.212120 111.606971 -15.484721 2.168272 -0.003317 -0.005167 -0.111753 0.993717
22.312119 112.139358 -15.586104 2.173712 -0.002515 -0.007576 -0.113715 0.993481
22.411995 112.663942 -15.711129 2.190399 -0.001263 -0.009179 -0.116443 0.993154
22.512116 113.192920 -15.830465 2.199469 -0.002073 -0.009183 -0.117350 0.993046
22.612166 113.716425 -15.939563 2.214245 -0.002656 -0.008479 -0.118328 0.992935
22.709022 114.210534 -16.064664 2.232283 -0.003171 -0.006912 -0.120195 0.992721
22.809224 114.718998 -16.183538 2.243370 -0.004404 -0.006234 -0.121849 0.992519
22.912068 115.250702 -16.322599 2.260489 -0.004530 -0.007057 -0.122699 0.992408
23.012073 115.762749 -16.449657 2.270456 -0.004020 -0.007956 -0.123839 0.992262
23.110227 116.262717 -16.575178 2.282811 -0.004327 -0.008688 -0.125565 0.992038
23.209936 116.791679 -16.712701 2.293305 -0.004550 -0.008702 -0.128383 0.991676
23.400371 117.796306 -16.969702 2.321278 -0.004731 -0.008463 -0.133539 0.990996
23.411733 117.698087 -16.960328 2.316740 -0.004944 -0.008438 -0.132452 0.991141
23.512044 118.236476 -17.112730 2.334376 -0.002390 -0.008920 -0.135087 0.990791
23.612168 118.789792 -17.274670 2.351052 -0.002099 -0.009398 -0.138040 0.990380
23.712046 119.344835 -17.445798 2.367272 -0.003013 -0.009778 -0.140839 0.989980
23.812098 119.916537 -17.615541 2.379724 -0.003503 -0.009125 -0.144513 0.989455
23.912070 120.455103 -17.788423 2.393849 -0.002366 -0.008605 -0.147839 0.988971
24.011996 120.997389 -17.957580 2.410912 -0.001657 -0.008131 -0.151923 0.988357
24.112094 121.545485 -18.131171 2.427760 -0.000339 -0.008071 -0.155994 0.987725
24.212119 122.082676 -18.298802 2.444639 -0.000535 -0.007855 -0.159667 0.987140
24.312168 122.627654 -18.477079 2.463682 -0.001367 -0.008180 -0.164413 0.986357
24.412171 123.158256 -18.653730 2.471916 -0.002447 -0.007738 -0.167871 0.985776
24.512092 123.698974 -18.854760 2.486772 -0.002677 -0.007727 -0.171952 0.985071
24.612044 124.221703 -19.050312 2.497983 -0.002610 -0.008035 -0.175890 0.984374
24.711997 124.754410 -19.242972 2.512068 -0.002927 -0.007774 -0.179682 0.983690
24.812117 125.294217 -19.459162 2.525662 -0.003133 -0.007646 -0.183760 0.982936
24.912168 125.849455 -19.668746 2.540288 -0.004074 -0.007408 -0.187427 0.982242
25.012142 126.396325 -19.874327 2.552179 -0.005169 -0.007159 -0.190072 0.981730
25.112095 126.957115 -20.092059 2.568024 -0.005310 -0.007138 -0.193489 0.981062
25.251999 127.729333 -20.422178 2.590317 -0.005397 -0.007879 -0.196630 0.980431
25.352328 128.163940 -20.596179 2.601692 -0.004764 -0.008480 -0.199283 0.979894
25.412044 128.453654 -20.713716 2.609867 -0.005055 -0.009371 -0.199628 0.979814
25.512143 129.079930 -20.971923 2.626802 -0.006428 -0.009592 -0.197917 0.980151
25.612015 129.670131 -21.216459 2.648208 -0.006442 -0.009927 -0.198715 0.979986
25.765150 130.570430 -21.577039 2.673877 -0.006071 -0.009878 -0.197694 0.980195
25.812064 130.688960 -21.628261 2.679941 -0.004732 -0.010431 -0.201543 0.979413
25.912044 131.314238 -21.883041 2.701542 -0.004636 -0.010007 -0.194109 0.980918
26.012139 131.943599 -22.128373 2.721952 -0.003841 -0.009775 -0.192195 0.981301
26.112066 132.532427 -22.376018 2.736435 -0.001917 -0.009753 -0.190027 0.981729
26.212039 133.130683 -22.605817 2.754217 -0.001017 -0.008155 -0.186362 0.982447
26.312067 133.723937 -22.821185 2.774661 -0.002660 -0.006821 -0.182830 0.983117
26.412067 134.318161 -23.044831 2.791822 -0.002435 -0.006981 -0.179718 0.983690
26.512092 134.902630 -23.241177 2.807850 -0.002959 -0.007051 -0.176073 0.984347
26.612140 135.476939 -23.448966 2.819326 -0.003523 -0.007426 -0.173359 0.984824
26.712042 136.047112 -23.652330 2.834571 -0.003483 -0.007232 -0.170879 0.985259
26.812139 136.643781 -23.862556 2.846634 -0.002953 -0.006578 -0.167747 0.985804
26.912119 137.237876 -24.062447 2.861915 -0.003038 -0.005804 -0.165066 0.986261
27.012190 137.837440 -24.260747 2.875894 -0.002948 -0.005603 -0.163041 0.986599
27.112042 138.433304 -24.461138 2.894951 -0.002965 -0.005117 -0.160695 0.986986
27.212092 139.039235 -24.632707 2.907345 -0.002822 -0.004863 -0.158048 0.987415
27.312191 139.650078 -24.819969 2.917850 -0.002659 -0.005658 -0.155656 0.987792
27.412092 140.248126 -25.018518 2.928728 -0.002862 -0.006893 -0.152917 0.988211
27.576144 141.246673 -25.318441 2.954181 -0.003697 -0.008732 -0.148545 0.988860
27.612091 141.315363 -25.329610 2.959786 -0.003188 -0.009861 -0.150507 0.988555
27.712041 141.950547 -25.535983 2.973379 -0.005793 -0.009865 -0.143891 0.989527
27.812018 142.616414 -25.722801 2.992110 -0.006570 -0.009209 -0.141774 0.989834
27.912041 143.283948 -25.896213 3.003046 -0.006730 -0.007164 -0.138981 0.990246
28.012165 143.958851 -26.088931 3.028755 -0.004669 -0.005681 -0.136923 0.990554
28.112037 144.606770 -26.266250 3.041726 -0.005266 -0.005214 -0.134507 0.990885
28.265348 145.621747 -26.542840 3.065429 -0.006086 -0.006808 -0.130206 0.991445
28.312141 145.818849 -26.592037 3.062849 -0.006494 -0.007417 -0.131608 0.991253
28.412044 146.518243 -26.772735 3.072177 -0.006117 -0.007826 -0.126250 0.991949
28.512117 147.216244 -26.956198 3.087344 -0.005258 -0.007204 -0.123951 0.992248
28.612042 147.944301 -27.126660 3.107145 -0.006902 -0.006155 -0.121879 0.992502
28.712145 148.648777 -27.292782 3.120238 -0.008264 -0.006136 -0.119986 0.992722
28.812140 149.363726 -27.459263 3.135076 -0.009003 -0.006656 -0.119061 0.992824
28.912092 150.091979 -27.639572 3.150772 -0.008398 -0.006269 -0.117309 0.993040
29.012144 150.812787 -27.799894 3.167709 -0.008454 -0.005526 -0.115605 0.993244
29.112093 151.520376 -27.969665 3.180722 -0.008300 -0.004746 -0.114146 0.993418
29.212043 152.212113 -28.120106 3.191053 -0.009311 -0.003474 -0.111953 0.993664
29.311994 152.928846 -28.262195 3.205860 -0.007926 -0.003465 -0.110086 0.993884
29.465070 154.019539 -28.512450 3.227000 -0.008946 -0.003223 -0.106700 0.994246
29.512092 154.200729 -28.553627 3.227241 -0.007568 -0.003935 -0.109399 0.993961
29.612119 154.970034 -28.715995 3.239927 -0.008781 -0.002728 -0.102964 0.994643
29.712020 155.702268 -28.883485 3.258037 -0.007776 -0.002517 -0.102557 0.994694
29.812195 156.439508 -29.016883 3.272122 -0.008492 -0.002120 -0.101204 0.994827
29.911996 157.158064 -29.146030 3.282877 -0.008487 -0.001908 -0.100286 0.994921
30.100348 158.506114 -29.394386 3.310502 -0.009725 -0.003015 -0.098362 0.995099
30.111997 158.470830 -29.374209 3.301645 -0.009622 -0.003537 -0.101752 0.994757
30.212045 159.236100 -29.521223 3.317221 -0.009112 -0.003645 -0.098893 0.995050
30.312043 159.974935 -29.661597 3.328795 -0.009622 -0.003907 -0.097866 0.995145
30.412023 160.692756 -29.806952 3.339924 -0.009239 -0.003977 -0.097012 0.995232
30.512117 161.435369 -29.940233 3.360536 -0.009213 -0.003575 -0.096746 0.995260
30.612144 162.152213 -30.091826 3.374476 -0.008685 -0.003421 -0.096202 0.995318
30.712119 162.872593 -30.226717 3.388288 -0.008648 -0.003379 -0.095591 0.995377
30.812145 163.591903 -30.360765 3.395972 -0.009198 -0.003032 -0.094893 0.995440
30.912145 164.318280 -30.493705 3.411267 -0.007694 -0.002850 -0.094096 0.995529
31.012145 165.026100 -30.628018 3.427833 -0.007661 -0.003185 -0.093791 0.995557
31.112140 165.737804 -30.761267 3.443223 -0.007763 -0.003531 -0.092542 0.995672
31.212092 166.433453 -30.891507 3.451353 -0.007577 -0.004201 -0.092344 0.995689
31.312042 167.141710 -31.022387 3.464097 -0.006167 -0.004238 -0.091701 0.995759
31.412094 167.857656 -31.142938 3.479015 -0.007034 -0.003498 -0.090532 0.995863
31.512143 168.567147 -31.259960 3.487845 -0.006678 -0.002223 -0.090031 0.995914
31.612094 169.267262 -31.375010 3.500891 -0.006864 -0.001023 -0.089803 0.995935
31.712116 169.967373 -31.500295 3.510777 -0.005873 0.000128 -0.089286 0.995989
31.812117 170.662781 -31.620025 3.522654 -0.006305 0.000594 -0.089326 0.995982
31.911995 171.358138 -31.747418 3.534916 -0.004280 -0.000452 -0.088135 0.996099
32.012014 172.055656 -31.862851 3.544337 -0.004416 -0.002071 -0.088116 0.996098
32.112044 172.735035 -31.973637 3.555171 -0.004269 -0.003059 -0.086881 0.996205
32.212065 173.422719 -32.084533 3.564142 -0.002985 -0.002671 -0.086646 0.996231
32.312015 174.118240 -32.213713 3.577313 -0.002559 -0.001965 -0.085645 0.996321
32.412068 174.797335 -32.326302 3.591144 -0.002042 -0.001079 -0.085071 0.996372
32.512040 175.473189 -32.432654 3.602924 -0.003303 -0.001208 -0.083750 0.996481
32.700371 176.740037 -32.640023 3.619973 -0.003943 -0.002295 -0.082495 0.996581
32.800222 177.142014 -32.709527 3.619576 -0.006167 -0.002033 -0.083155 0.996515
32.900122 177.686103 -32.807361 3.626363 -0.004446 -0.002365 -0.082622 0.996568
33.000047 178.264506 -32.902714 3.638291 -0.003596 -0.002559 -0.082271 0.996600
33.100121 178.861084 -32.996248 3.651737 -0.003465 -0.002570 -0.082097 0.996615
33.111990 178.941304 -33.008880 3.653684 -0.002804 -0.002144 -0.082472 0.996587
33.212115 179.732747 -33.152780 3.661924 -0.003863 -0.002295 -0.082942 0.996544
33.301722 180.380619 -33.254220 3.678907 -0.003764 -0.002660 -0.084470 0.996415
33.411992 181.164876 -33.383079 3.692536 -0.003708 -0.003396 -0.086519 0.996238
33.510419 181.784437 -33.477937 3.701243 -0.003160 -0.003667 -0.087204 0.996179
33.610545 182.418513 -33.573431 3.719074 -0.002331 -0.003679 -0.088539 0.996063
33.712065 183.034334 -33.681914 3.728819 -0.001620 -0.003009 -0.089733 0.995960
