1.447095 0.665477 0.001137 0.012736 -0.002003 -0.000752 0.000770 0.999997
1.553967 1.362178 0.005242 0.017740 -0.002479 -0.001995 0.001046 0.999994
1.654043 1.734039 -0.006101 0.025840 -0.001859 -0.003525 0.002394 0.999989
1.712063 2.220865 0.010527 0.030538 -0.001377 -0.004692 0.001579 0.999987
1.812137 2.998118 0.019742 0.043676 -0.005088 -0.005683 0.003409 0.999965
1.912117 3.674046 0.033014 0.057572 -0.005992 -0.004940 0.003871 0.999962
2.012139 4.405872 0.035238 0.075418 -0.005883 -0.003472 0.004333 0.999967
2.146794 5.357365 0.054465 0.080582 -0.004977 -0.001097 0.005142 0.999974
2.246870 5.870085 0.066738 0.086367 -0.004687 0.000447 0.004860 0.999977
2.334505 6.527906 0.079914 0.107710 -0.003890 0.000978 0.004145 0.999983
2.412067 7.083705 0.081094 0.111604 -0.002563 -0.000619 0.004346 0.999987
2.512012 7.903556 0.099470 0.115436 -0.003172 -0.004465 0.004964 0.999973
2.612114 8.602357 0.106330 0.116213 -0.002225 -0.006812 0.005500 0.999959
2.712114 9.358891 0.119867 0.134964 -0.001037 -0.007174 0.005807 0.999957
2.812041 10.081173 0.128578 0.149552 0.001470 -0.004891 0.005946 0.999969
2.939067 10.999356 0.135980 0.178095 0.002163 -0.002538 0.006179 0.999975
3.046895 11.614696 0.165385 0.196058 0.000881 -0.002620 0.006097 0.999978
3.112115 12.085238 0.169667 0.193955 -0.001674 -0.003448 0.005344 0.999978
3.212038 12.951410 0.189592 0.203874 -0.002407 -0.005605 0.005928 0.999964
3.312039 13.658311 0.192478 0.214443 -0.000672 -0.005715 0.006202 0.999964
3.404339 14.357704 0.217089 0.230185 -0.000676 -0.003357 0.005801 0.999977
3.546892 15.464204 0.248133 0.251322 -0.002857 -0.000779 0.006070 0.999977
3.647123 15.937029 0.247234 0.259779 -0.003193 -0.000132 0.005893 0.999978
3.746994 16.695004 0.268860 0.265765 -0.002671 -0.000703 0.005598 0.999981
3.812038 17.145889 0.270968 0.278048 -0.001887 -0.001250 0.005566 0.999982
3.947097 18.324948 0.294037 0.294511 -0.001824 -0.002739 0.006148 0.999976
4.047020 18.839473 0.308043 0.300770 -0.002219 -0.002935 0.006439 0.999973
4.112090 19.368663 0.326451 0.307937 -0.003008 -0.002536 0.005180 0.999979
4.212141 20.231333 0.342086 0.321399 -0.004996 -0.002196 0.004784 0.999974
4.347244 21.247266 0.351520 0.340975 -0.004465 -0.002413 0.004571 0.999977
4.412066 21.525643 0.358722 0.346211 -0.003486 -0.002602 0.003682 0.999984
4.512091 22.445831 0.374101 0.359196 -0.004604 -0.003577 0.002216 0.999981
4.600673 22.469740 0.373491 0.358214 -0.004581 -0.003554 0.002261 0.999981
4.712036 23.935537 0.387599 0.387838 -0.004138 -0.004377 0.001641 0.999981
4.812043 24.607556 0.389660 0.401415 -0.003789 -0.004408 0.000655 0.999983
4.912044 25.330485 0.399943 0.414753 -0.004894 -0.003909 -0.000349 0.999980
5.012118 26.029102 0.401241 0.427420 -0.005958 -0.003551 -0.001421 0.999975
5.112093 26.739310 0.401025 0.441448 -0.005824 -0.004002 -0.002325 0.999972
5.212041 27.452455 0.397515 0.459827 -0.005146 -0.004562 -0.003409 0.999971
5.312115 28.154046 0.403578 0.460172 -0.005936 -0.005416 -0.004316 0.999958
5.412092 28.872191 0.394806 0.484014 -0.006673 -0.005624 -0.005314 0.999948
5.512142 29.575429 0.396576 0.487716 -0.005819 -0.005514 -0.006130 0.999949
5.612042 30.283651 0.378885 0.524824 -0.004085 -0.004734 -0.007003 0.999956
5.747871 31.256638 0.380725 0.527950 -0.003697 -0.004875 -0.008117 0.999948
5.812191 31.515837 0.368555 0.549214 -0.003193 -0.004898 -0.009107 0.999941
5.911995 32.413292 0.358168 0.546580 -0.003732 -0.004701 -0.011250 0.999919
6.012196 33.089998 0.342249 0.585501 -0.003284 -0.004978 -0.012138 0.999909
6.112069 33.826688 0.330940 0.576222 -0.004477 -0.005017 -0.013898 0.999881
6.212093 34.536482 0.315701 0.612009 -0.004469 -0.005015 -0.015541 0.999857
6.315008 35.272500 0.293913 0.610839 -0.005143 -0.005271 -0.017241 0.999824
6.412117 35.940028 0.280774 0.643988 -0.004221 -0.005334 -0.018929 0.999798
6.512044 36.666390 0.249663 0.640196 -0.005370 -0.004797 -0.020680 0.999760
6.612044 37.362681 0.228122 0.670033 -0.006021 -0.003803 -0.022665 0.999718
6.709857 38.055386 0.197888 0.665941 -0.007274 -0.002341 -0.024135 0.999680
6.809855 38.774151 0.163437 0.706379 -0.005167 -0.001484 -0.025909 0.999650
6.910028 39.486972 0.125203 0.697667 -0.004577 -0.002293 -0.027533 0.999608
7.010028 40.175970 0.087565 0.728898 -0.003714 -0.003552 -0.029509 0.999551
7.110230 40.869357 0.050155 0.716969 -0.004161 -0.005181 -0.031479 0.999482
7.203651 41.518271 0.010973 0.751752 -0.003903 -0.005947 -0.032973 0.999431
7.312090 42.314994 -0.049185 0.751624 -0.003543 -0.005363 -0.034764 0.999375
7.412047 42.957987 -0.081553 0.777651 -0.003643 -0.005374 -0.036246 0.999322
7.512093 43.653728 -0.147097 0.782926 -0.001920 -0.004836 -0.038314 0.999252
7.641238 44.526784 -0.203180 0.821251 -0.001880 -0.004575 -0.039811 0.999195
7.712093 44.870622 -0.222748 0.811212 -0.003176 -0.004028 -0.041139 0.999140
7.803578 45.626395 -0.288514 0.839806 -0.005052 -0.004150 -0.043582 0.999028
7.912217 46.401390 -0.352823 0.845076 -0.003692 -0.005230 -0.043954 0.999013
8.003580 46.962194 -0.401424 0.869569 -0.001988 -0.006180 -0.045218 0.998956
8.103579 47.712041 -0.460858 0.866777 -0.003189 -0.007094 -0.047313 0.998850
8.202925 48.373329 -0.522648 0.892465 -0.002793 -0.006708 -0.048502 0.998797
8.302874 49.051650 -0.586033 0.900578 -0.003107 -0.005563 -0.049966 0.998731
8.446876 50.032828 -0.680519 0.933426 -0.002283 -0.004646 -0.051511 0.998659
8.540892 50.414307 -0.718094 0.936966 -0.002043 -0.004472 -0.052550 0.998606
8.646823 51.147708 -0.801343 0.961459 -0.001383 -0.005323 -0.054350 0.998507
8.712194 51.529429 -0.837329 0.961404 -0.001707 -0.005583 -0.055249 0.998456
8.899872 52.932006 -0.993214 0.991951 -0.002487 -0.005363 -0.057334 0.998338
8.999798 53.123013 -1.017239 0.999057 -0.002153 -0.004955 -0.057738 0.998317
9.099698 53.821381 -1.102414 1.020255 -0.002113 -0.004277 -0.060161 0.998177
9.199723 54.407811 -1.157355 1.033320 -0.003498 -0.004610 -0.061082 0.998116
9.299598 55.061884 -1.242458 1.033588 -0.003640 -0.005095 -0.062518 0.998024
9.399573 55.693943 -1.322037 1.051223 -0.001885 -0.005766 -0.063575 0.997959
9.499524 56.337968 -1.404765 1.068417 -0.001016 -0.006805 -0.065042 0.997859
9.599548 56.986712 -1.486806 1.086382 -0.001781 -0.006967 -0.066584 0.997755
9.699947 57.622707 -1.571811 1.104896 -0.001117 -0.006669 -0.067756 0.997679
9.800122 58.259534 -1.655298 1.114099 -0.001207 -0.006839 -0.069010 0.997592
9.812119 58.329705 -1.663398 1.121236 -0.001153 -0.006843 -0.070083 0.997517
9.912042 59.365621 -1.804246 1.142040 -0.003178 -0.006507 -0.071813 0.997392
10.046874 60.354832 -1.955407 1.167341 -0.000777 -0.006526 -0.072448 0.997351
10.146752 60.805676 -2.019112 1.179102 -0.000003 -0.006484 -0.073882 0.997246
10.212041 61.223871 -2.078607 1.194641 -0.000793 -0.006277 -0.075890 0.997096
10.312095 61.957996 -2.189722 1.205757 -0.003481 -0.004505 -0.077307 0.996991
10.447646 62.855442 -2.324234 1.222232 -0.003848 -0.003295 -0.078494 0.996902
10.544801 63.276083 -2.389954 1.232057 -0.002140 -0.003048 -0.079476 0.996830
10.639419 63.848982 -2.487290 1.254147 -0.000517 -0.003579 -0.081318 0.996682
10.747846 64.519763 -2.589447 1.273384 -0.000386 -0.004720 -0.082805 0.996555
10.823685 64.936115 -2.655101 1.275128 -0.001908 -0.005222 -0.084133 0.996439
10.911994 65.555529 -2.750463 1.280269 -0.003244 -0.005052 -0.085645 0.996308
11.047669 66.476969 -2.914078 1.302469 -0.002759 -0.004044 -0.086947 0.996201
11.144704 66.898608 -2.988556 1.315274 -0.001682 -0.003511 -0.088165 0.996098
11.246848 67.502039 -3.090607 1.329813 -0.002065 -0.002658 -0.090312 0.995908
11.322988 67.942173 -3.173108 1.339418 -0.002547 -0.002365 -0.091922 0.995760
11.447772 68.769395 -3.324450 1.350469 -0.003079 -0.003659 -0.094059 0.995555
11.512216 69.056632 -3.376394 1.359259 -0.001544 -0.004609 -0.095299 0.995437
11.612043 69.768409 -3.516764 1.372855 -0.001297 -0.004966 -0.097898 0.995183
11.710221 70.381105 -3.635180 1.379013 -0.000665 -0.004266 -0.099765 0.995002
11.810323 70.978233 -3.764267 1.394580 -0.000683 -0.003140 -0.102014 0.994778
11.910695 71.576844 -3.881873 1.410030 -0.000825 -0.002395 -0.104614 0.994510
12.010923 72.156486 -4.008824 1.430012 -0.000691 -0.001547 -0.107148 0.994242
12.112092 72.751168 -4.137230 1.423957 -0.001681 -0.002540 -0.109507 0.993981
12.212115 73.310273 -4.264487 1.436928 -0.000427 -0.004068 -0.112146 0.993683
12.312117 73.872786 -4.402906 1.442806 0.000159 -0.005129 -0.114930 0.993360
12.412119 74.432115 -4.525751 1.466991 0.000238 -0.005223 -0.117778 0.993026
12.512040 75.004962 -4.659110 1.469921 -0.001692 -0.004415 -0.120524 0.992699
12.612041 75.557556 -4.800002 1.482268 -0.003816 -0.003562 -0.122793 0.992419
12.712092 76.127659 -4.934194 1.486657 -0.003410 -0.002979 -0.124896 0.992159
12.810115 76.663051 -5.097991 1.511166 -0.001482 -0.002229 -0.127608 0.991821
12.910366 77.242447 -5.231938 1.515854 -0.000531 -0.001805 -0.130050 0.991506
13.010467 77.782596 -5.379204 1.533354 -0.001950 -0.001639 -0.132641 0.991161
13.112043 78.360145 -5.523930 1.532660 -0.004344 -0.001575 -0.135036 0.990830
13.211070 78.880289 -5.679010 1.543131 -0.004886 -0.001624 -0.137474 0.990492
13.312044 79.425938 -5.829424 1.556008 -0.004099 -0.002175 -0.140073 0.990130
13.412214 79.963968 -5.983308 1.561886 -0.004121 -0.002465 -0.142300 0.989812
13.512163 80.492183 -6.131069 1.573983 -0.005639 -0.002559 -0.144490 0.989487
13.612113 81.004741 -6.289186 1.574526 -0.006467 -0.003190 -0.146908 0.989124
13.712136 81.537100 -6.445087 1.598790 -0.005836 -0.004600 -0.148753 0.988846
13.812115 82.052870 -6.608260 1.597859 -0.005882 -0.004840 -0.150546 0.988574
13.912165 82.575792 -6.768705 1.625255 -0.005188 -0.004068 -0.152162 0.988334
14.003484 83.029076 -6.897078 1.607899 -0.007898 -0.003370 -0.153870 0.988054
14.103311 83.559340 -7.054616 1.644758 -0.008913 -0.003492 -0.154681 0.987918
14.203461 84.039483 -7.215406 1.646165 -0.007211 -0.002722 -0.154903 0.987900
14.312137 84.554830 -7.386290 1.672175 -0.006379 -0.001722 -0.155451 0.987822
14.500322 85.390916 -7.648605 1.682932 -0.007973 -0.001637 -0.155065 0.987871
14.600172 85.523115 -7.668236 1.680165 -0.007954 -0.001922 -0.155756 0.987762
14.700122 85.899651 -7.810153 1.698885 -0.009374 -0.001304 -0.155912 0.987726
14.799947 86.315363 -7.929102 1.701668 -0.010541 -0.000604 -0.156053 0.987692
14.899897 86.739230 -8.060173 1.715845 -0.011301 -0.001361 -0.155611 0.987753
14.999973 87.151119 -8.185954 1.715708 -0.012465 -0.002151 -0.155337 0.987781
15.100171 87.575670 -8.312017 1.720469 -0.014022 -0.002323 -0.155357 0.987756
15.110248 87.611721 -8.325347 1.717150 -0.013958 -0.002565 -0.155884 0.987673
15.210200 88.269035 -8.539382 1.736386 -0.011194 -0.002036 -0.154276 0.987962
15.310324 88.733247 -8.678777 1.737203 -0.010742 -0.001540 -0.154662 0.987908
15.412167 89.180493 -8.812242 1.752917 -0.011568 0.000366 -0.155036 0.987841
15.600346 89.972794 -9.065479 1.770309 -0.012803 0.001740 -0.154531 0.987904
15.609414 89.837425 -9.020623 1.770293 -0.011579 0.002262 -0.155819 0.987715
15.712040 90.336467 -9.177149 1.771462 -0.013967 0.001063 -0.155199 0.987784
15.812091 90.775682 -9.312175 1.776257 -0.013161 -0.000177 -0.155093 0.987812
15.911989 91.173631 -9.443971 1.785402 -0.011825 -0.000418 -0.155125 0.987824
16.012142 91.548723 -9.579488 1.785141 -0.009242 -0.000842 -0.155606 0.987776
16.111856 91.928727 -9.694836 1.797794 -0.008238 -0.001908 -0.155591 0.987785
16.212042 92.306284 -9.816706 1.804996 -0.008389 -0.002042 -0.155611 0.987781
16.312119 92.685006 -9.926907 1.834435 -0.010995 -0.001818 -0.155603 0.987757
16.412093 93.032825 -10.029758 1.819514 -0.015887 -0.001794 -0.156002 0.987627
16.565225 93.593349 -10.197160 1.823712 -0.016296 -0.002939 -0.155822 0.987646
16.612071 93.667418 -10.224717 1.817246 -0.016389 -0.003606 -0.156222 0.987579
16.712013 94.096681 -10.384825 1.834074 -0.010773 -0.001913 -0.156247 0.987657
16.812095 94.476597 -10.498799 1.847257 -0.009271 -0.000832 -0.156455 0.987641
16.911995 94.847232 -10.607705 1.860047 -0.010915 -0.000491 -0.157068 0.987527
17.012120 95.196544 -10.711171 1.863920 -0.014549 -0.000135 -0.157429 0.987423
17.165124 95.715481 -10.867558 1.878468 -0.018349 0.001700 -0.158135 0.987245
17.265101 95.920407 -10.928429 1.880518 -0.019130 0.002965 -0.159073 0.987077
17.311996 96.057378 -10.987635 1.885700 -0.018752 0.003287 -0.159740 0.986976
17.412119 96.409817 -11.120310 1.868587 -0.014070 0.000015 -0.161939 0.986700
17.512116 96.721369 -11.236613 1.880681 -0.010201 -0.000440 -0.164545 0.986317
17.612117 97.025996 -11.338471 1.895608 -0.010520 0.000363 -0.167459 0.985823
17.712117 97.317616 -11.438751 1.911960 -0.013646 0.000658 -0.170280 0.985301
17.812045 97.577351 -11.520453 1.913310 -0.017165 -0.000072 -0.174111 0.984576
17.912095 97.826514 -11.614280 1.911245 -0.019253 -0.000384 -0.178447 0.983761
18.012167 98.069868 -11.720432 1.918405 -0.018478 -0.000406 -0.183255 0.982892
18.111993 98.306629 -11.820801 1.922116 -0.018053 0.000085 -0.187810 0.982039
18.268940 98.687055 -11.993314 1.934620 -0.017642 0.000450 -0.195579 0.980529
18.312095 98.708491 -11.990978 1.931642 -0.018162 0.000629 -0.196272 0.980381
18.412217 99.007151 -12.134175 1.934323 -0.016963 -0.000002 -0.203523 0.978923
18.512087 99.248421 -12.244922 1.932593 -0.015184 -0.001358 -0.208868 0.977825
18.612112 99.505927 -12.374115 1.943063 -0.012439 -0.003146 -0.212388 0.977101
18.712114 99.772014 -12.493049 1.964759 -0.012936 -0.002676 -0.214091 0.976724
18.812092 100.036220 -12.592200 1.971604 -0.015216 -0.001787 -0.214094 0.976693
18.965195 100.432830 -12.752058 1.978247 -0.019586 -0.001616 -0.211853 0.977104
19.012040 100.439947 -12.751252 1.967627 -0.020208 -0.002518 -0.213683 0.976691
19.112140 100.767595 -12.886488 1.980224 -0.018425 -0.002431 -0.208862 0.977769
19.212065 100.999354 -12.977828 1.982622 -0.017971 -0.002006 -0.205223 0.978548
19.312170 101.237350 -13.071956 1.993025 -0.017927 -0.001874 -0.200362 0.979556
19.412092 101.465755 -13.163244 1.994009 -0.017841 -0.002237 -0.194557 0.980726
19.512091 101.704070 -13.253433 1.997366 -0.018657 -0.002456 -0.188696 0.981855
19.612091 101.950744 -13.327949 1.997403 -0.019484 -0.002149 -0.183112 0.982897
19.712090 102.196065 -13.411501 2.000645 -0.019241 -0.002384 -0.177503 0.983929
19.812140 102.450464 -13.482471 2.005298 -0.019107 -0.002879 -0.171251 0.985038
19.912194 102.719432 -13.568043 2.015099 -0.019222 -0.002808 -0.165369 0.986040
20.012140 102.970179 -13.642511 2.022791 -0.019551 -0.001957 -0.158439 0.987173
20.112145 103.266548 -13.715772 2.026148 -0.019344 -0.001169 -0.152246 0.988153
20.212066 103.529051 -13.799580 2.031470 -0.019933 -0.000704 -0.145497 0.989158
20.312093 103.837171 -13.888093 2.034861 -0.020516 -0.000605 -0.139533 0.990005
20.412043 104.137063 -13.947960 2.045420 -0.021315 -0.000629 -0.133150 0.990866
20.512048 104.443653 -14.024477 2.043806 -0.021603 -0.001433 -0.127992 0.991539
20.612193 104.756480 -14.090997 2.048203 -0.021838 -0.002156 -0.122161 0.992268
20.712146 105.085118 -14.166553 2.049327 -0.021892 -0.003355 -0.116795 0.992909
20.865295 105.616097 -14.274010 2.059042 -0.021672 -0.005033 -0.110581 0.993618
20.965818 105.821385 -14.314421 2.054176 -0.021297 -0.005752 -0.109926 0.993695
21.065967 106.158013 -14.384236 2.067084 -0.021336 -0.005712 -0.106576 0.994059
21.165269 106.515090 -14.456518 2.077785 -0.021543 -0.005749 -0.104896 0.994233
21.265320 106.900760 -14.526280 2.083811 -0.023715 -0.006273 -0.103769 0.994299
21.365973 107.336073 -14.604686 2.084964 -0.024378 -0.007009 -0.103567 0.994299
21.473496 107.783745 -14.700888 2.082154 -0.022029 -0.007990 -0.102789 0.994427
21.578934 108.224073 -14.806128 2.095777 -0.016916 -0.008244 -0.103280 0.994474
21.679905 108.663721 -14.912328 2.106291 -0.013178 -0.008057 -0.104011 0.994456
21.745973 108.979563 -14.979352 2.115034 -0.011485 -0.007431 -0.104771 0.994402
21.811450 109.405347 -15.062114 2.129097 -0.012053 -0.005017 -0.105731 0.994309
21.912169 110.031528 -15.193493 2.138417 -0.012020 -0.002818 -0.107029 0.994179
22.012145 110.576395 -15.309711 2.143916 -0.010349 -0.002555 -0.109778 0.993899
22.112019 111.097985 -15.444898 2.164721 -0.006376 -0.003346 -0.112187 0.993661
22.212120 111.622847 -15.568004 2.179660 -0.003682 -0.005152 -0.114435 0.993411
22.312119 112.122469 -15.681935 2.184769 -0.002788 -0.007638 -0.116096 0.993205
22.411995 112.646519 -15.787292 2.202070 -0.001556 -0.009114 -0.118124 0.992956
22.512116 113.160644 -15.927878 2.206179 -0.002206 -0.009329 -0.120161 0.992708
22.612166 113.675608 -16.043966 2.221074 -0.002840 -0.008529 -0.120860 0.992629
22.709022 114.179358 -16.161214 2.239512 -0.003557 -0.006972 -0.122067 0.992491
22.809224 114.707551 -16.291820 2.255287 -0.004629 -0.006469 -0.123435 0.992321
22.912068 115.241160 -16.425076 2.270787 -0.004649 -0.007252 -0.124278 0.992210
23.012073 115.738076 -16.563566 2.280342 -0.004051 -0.008282 -0.125191 0.992090
23.110227 116.239217 -16.678765 2.293169 -0.004538 -0.008904 -0.126734 0.991886
23.209936 116.759132 -16.835424 2.299826 -0.005322 -0.008671 -0.129833 0.991484
23.400371 117.758230 -17.098343 2.329494 -0.004517 -0.008258 -0.134587 0.990857
23.411733 117.646634 -17.062925 2.324345 -0.004973 -0.008759 -0.134142 0.990911
23.512044 118.205709 -17.230503 2.353964 -0.002512 -0.009212 -0.137804 0.990414
23.612168 118.791328 -17.385638 2.367561 -0.002353 -0.010023 -0.140953 0.989963
23.712046 119.332580 -17.546320 2.379521 -0.003593 -0.010015 -0.143594 0.989579
23.812098 119.893952 -17.726011 2.390706 -0.003662 -0.009337 -0.146902 0.989100
23.912070 120.450164 -17.894755 2.408636 -0.002489 -0.008805 -0.150039 0.988638
24.011996 120.971575 -18.053875 2.421666 -0.001950 -0.008377 -0.154193 0.988003
24.112094 121.504771 -18.235483 2.437372 -0.001346 -0.008096 -0.157928 0.987416
24.212119 122.043016 -18.413183 2.457485 -0.000706 -0.008051 -0.162455 0.986683
24.312168 122.569742 -18.587174 2.471147 -0.001915 -0.008062 -0.166737 0.985967
24.412171 123.074749 -18.762776 2.482165 -0.003102 -0.007657 -0.169678 0.985465
24.512092 123.597733 -18.964826 2.495469 -0.003771 -0.007626 -0.173556 0.984787
24.612044 124.143166 -19.167777 2.512072 -0.003741 -0.007901 -0.177817 0.984025
24.711997 124.681193 -19.358573 2.524888 -0.003992 -0.007952 -0.181852 0.983286
24.812117 125.245159 -19.584310 2.538179 -0.004207 -0.007753 -0.186061 0.982499
24.912168 125.789854 -19.795146 2.549160 -0.005661 -0.007326 -0.189407 0.981855
25.012142 126.330010 -20.008434 2.568110 -0.006529 -0.007141 -0.191895 0.981368
25.112095 126.880746 -20.245985 2.580138 -0.006879 -0.007153 -0.194949 0.980763
25.251999 127.671136 -20.585556 2.599510 -0.007195 -0.007557 -0.198027 0.980141
25.352328 128.073415 -20.750169 2.608301 -0.007310 -0.008213 -0.200078 0.979718
25.412044 128.375475 -20.868041 2.620815 -0.007566 -0.009128 -0.199755 0.979774
25.512143 129.015615 -21.139914 2.638293 -0.007985 -0.009630 -0.199929 0.979731
25.612015 129.626491 -21.390352 2.663021 -0.007752 -0.009923 -0.201010 0.979508
25.765150 130.532013 -21.773233 2.688133 -0.007307 -0.009764 -0.199746 0.979772
25.812064 130.605865 -21.793492 2.688185 -0.007055 -0.010414 -0.202228 0.979258
25.912044 131.241087 -22.089158 2.712524 -0.006561 -0.009995 -0.196569 0.980417
26.012139 131.856509 -22.313873 2.730660 -0.005013 -0.009832 -0.194074 0.980925
26.112066 132.448887 -22.554241 2.746212 -0.003357 -0.009422 -0.191901 0.981363
26.212039 133.054576 -22.803530 2.768200 -0.002292 -0.008046 -0.188213 0.982093
26.312067 133.651152 -23.026104 2.789814 -0.004041 -0.006794 -0.184907 0.982724
26.412067 134.246123 -23.248065 2.807165 -0.003940 -0.006941 -0.181605 0.983339
26.512092 134.819825 -23.442678 2.817713 -0.004740 -0.006955 -0.177827 0.984026
26.612140 135.387527 -23.644201 2.829388 -0.005726 -0.007240 -0.174873 0.984548
26.712042 135.967767 -23.853333 2.841467 -0.005908 -0.007028 -0.172054 0.985045
26.812139 136.548539 -24.067145 2.858457 -0.004534 -0.006401 -0.169323 0.985529
26.912119 137.151495 -24.247090 2.868739 -0.004936 -0.005615 -0.166639 0.985990
27.012190 137.731561 -24.448123 2.883756 -0.004815 -0.005576 -0.164457 0.986357
27.112042 138.337397 -24.644130 2.902618 -0.004687 -0.004972 -0.161932 0.986778
27.212092 138.938807 -24.840201 2.916791 -0.004368 -0.004799 -0.159337 0.987203
27.312191 139.535686 -25.053584 2.923694 -0.004536 -0.005503 -0.156724 0.987617
27.412092 140.150582 -25.232289 2.937867 -0.004633 -0.006716 -0.154031 0.988032
27.576144 141.164524 -25.514642 2.965512 -0.005035 -0.008388 -0.149414 0.988726
27.612091 141.200663 -25.541736 2.966283 -0.005075 -0.009509 -0.150871 0.988495
27.712041 141.918842 -25.769857 2.984254 -0.007087 -0.009622 -0.146537 0.989133
27.812018 142.582139 -25.951991 2.998217 -0.008351 -0.008856 -0.143642 0.989555
27.912041 143.242639 -26.127710 3.010458 -0.007932 -0.006943 -0.141406 0.989896
28.012165 143.905678 -26.315045 3.039722 -0.007095 -0.005471 -0.138598 0.990308
28.112037 144.546875 -26.494101 3.044788 -0.007230 -0.004982 -0.135586 0.990727
28.265348 145.550848 -26.766555 3.072487 -0.008024 -0.006397 -0.131757 0.991229
28.312141 145.686335 -26.794811 3.062927 -0.008506 -0.007325 -0.132322 0.991143
28.412044 146.412858 -26.981590 3.081188 -0.007938 -0.007588 -0.129239 0.991553
28.512117 147.125018 -27.167341 3.095097 -0.007309 -0.006917 -0.126290 0.991942
28.612042 147.857011 -27.350956 3.122431 -0.007588 -0.005921 -0.123796 0.992261
28.712145 148.564594 -27.503791 3.127210 -0.009442 -0.005742 -0.122040 0.992464
28.812140 149.278595 -27.677849 3.150398 -0.008539 -0.006626 -0.120247 0.992685
28.912092 150.004261 -27.859879 3.158720 -0.008858 -0.006082 -0.118580 0.992886
29.012144 150.722592 -28.030250 3.182129 -0.009270 -0.005163 -0.117196 0.993052
29.112093 151.444611 -28.210999 3.183446 -0.010170 -0.004251 -0.115494 0.993247
29.212043 152.139699 -28.349457 3.209123 -0.009463 -0.003278 -0.113685 0.993466
29.311994 152.856311 -28.499440 3.209499 -0.009720 -0.003078 -0.112125 0.993642
29.465070 153.918043 -28.742619 3.235203 -0.010371 -0.002811 -0.109135 0.993969
29.512092 154.063925 -28.763299 3.227862 -0.009218 -0.003703 -0.110403 0.993837
29.612119 154.839562 -28.946771 3.249868 -0.009725 -0.002595 -0.105297 0.994390
29.712020 155.616451 -29.108128 3.261680 -0.009242 -0.002350 -0.104908 0.994436
29.812195 156.363250 -29.241673 3.274089 -0.010138 -0.001612 -0.103369 0.994590
29.911996 157.064564 -29.393081 3.289101 -0.009985 -0.001502 -0.102541 0.994678
30.100348 158.417491 -29.653689 3.310168 -0.011246 -0.002571 -0.100685 0.994851
30.111997 158.338475 -29.635885 3.304929 -0.011053 -0.003335 -0.102448 0.994671
30.212045 159.193066 -29.819242 3.322612 -0.011693 -0.003097 -0.101017 0.994811
30.312043 159.949360 -29.971398 3.331092 -0.011894 -0.003347 -0.099868 0.994924
30.412023 160.696252 -30.114544 3.348972 -0.011135 -0.003522 -0.099426 0.994976
30.512117 161.404526 -30.255766 3.361226 -0.011518 -0.003232 -0.098678 0.995048
30.612144 162.117560 -30.401380 3.376687 -0.010891 -0.003019 -0.097698 0.995152
30.712119 162.836560 -30.523072 3.381890 -0.010764 -0.002958 -0.097423 0.995180
30.812145 163.571493 -30.669451 3.397447 -0.011060 -0.002519 -0.096509 0.995267
30.912145 164.298130 -30.792784 3.407770 -0.009989 -0.002309 -0.095835 0.995344
31.012145 165.007244 -30.934666 3.427028 -0.010109 -0.002586 -0.095051 0.995418
31.112140 165.729206 -31.069540 3.436493 -0.010245 -0.003049 -0.094468 0.995471
31.212092 166.436361 -31.199148 3.446524 -0.009477 -0.003784 -0.093497 0.995567
31.312042 167.151494 -31.323595 3.461978 -0.008017 -0.003782 -0.092843 0.995641
31.412094 167.856545 -31.460412 3.473389 -0.008250 -0.002983 -0.091720 0.995746
31.512143 168.550581 -31.572259 3.481789 -0.008849 -0.001829 -0.091582 0.995757
31.612094 169.260771 -31.695140 3.493287 -0.009209 -0.000392 -0.090929 0.995815
31.712116 169.956366 -31.817576 3.497839 -0.008630 0.000468 -0.090610 0.995849
31.812117 170.650340 -31.950356 3.518314 -0.007732 0.001043 -0.090590 0.995858
31.911995 171.349944 -32.080129 3.520869 -0.007341 0.000177 -0.089466 0.995963
32.012014 172.032756 -32.196213 3.538331 -0.007459 -0.001466 -0.089158 0.995989
32.112044 172.702853 -32.313897 3.541112 -0.006870 -0.002514 -0.088137 0.996082
32.212065 173.397402 -32.424128 3.556714 -0.005551 -0.002142 -0.087924 0.996109
32.312015 174.082648 -32.553026 3.565724 -0.005146 -0.001468 -0.086870 0.996205
32.412068 174.744499 -32.668007 3.583860 -0.003752 -0.000513 -0.086116 0.996278
32.512040 175.430678 -32.772763 3.591241 -0.005677 -0.000590 -0.085346 0.996335
32.700371 176.703260 -32.979042 3.608900 -0.006636 -0.001318 -0.083780 0.996461
32.800222 176.990673 -33.024160 3.608478 -0.007038 -0.001617 -0.083931 0.996445
32.900122 177.533069 -33.122461 3.616240 -0.006068 -0.001749 -0.083983 0.996447
33.000047 178.111046 -33.215320 3.626771 -0.004651 -0.002082 -0.083801 0.996469
33.100121 178.732355 -33.317156 3.640277 -0.004439 -0.002226 -0.083781 0.996472
33.111990 178.812987 -33.329377 3.640425 -0.004693 -0.001774 -0.083956 0.996457
33.212115 179.765101 -33.483345 3.653412 -0.004957 -0.001962 -0.085570 0.996318
33.301722 180.440365 -33.607212 3.669054 -0.004792 -0.002324 -0.086760 0.996215
33.411992 181.230144 -33.736614 3.684466 -0.005510 -0.002725 -0.088082 0.996094
33.510419 181.807872 -33.829957 3.688446 -0.004775 -0.003086 -0.089336 0.995985
33.610545 182.439064 -33.937257 3.709863 -0.004081 -0.003112 -0.090217 0.995909
33.712065 183.040873 -34.047748 3.717531 -0.003235 -0.002277 -0.091211 0.995824
