1.447095 0.684751956 0.012258318 0.014215894 -0.002092338 -0.000824954 0.000844302 0.999997114
1.553967 1.373132774 0.015497318 0.019294522 -0.002556466 -0.001967576 0.001078981 0.999994214
1.654043 1.775534337 0.003420374 0.025898406 -0.001984678 -0.003611416 0.002736129 0.999987766
1.712063 2.187080369 0.020926166 0.032240052 -0.001432109 -0.004712829 0.001689454 0.999986442
1.812137 2.955541414 0.030402017 0.043239692 -0.005188583 -0.005542970 0.002926952 0.999966893
1.912117 3.676195296 0.044875434 0.055936249 -0.005962741 -0.004870147 0.003668373 0.999963635
2.012139 4.388678490 0.053304912 0.070704505 -0.005783628 -0.003499127 0.004263246 0.999968065
2.146794 5.360589600 0.068551881 0.080577261 -0.005013536 -0.001078434 0.005275170 0.999972937
2.246870 5.914779363 0.083423599 0.082554419 -0.004666421 0.000458584 0.005059964 0.999976205
2.334505 6.491470215 0.095789355 0.102730870 -0.003670468 0.001072364 0.004550377 0.999982336
2.412067 7.061014635 0.098485409 0.112737272 -0.002333561 -0.000596047 0.004222675 0.999988184
2.512012 7.843031628 0.114085036 0.111316488 -0.003198409 -0.004407558 0.004740176 0.999973937
2.612114 8.598478315 0.121779139 0.114672759 -0.002151576 -0.006766300 0.005359889 0.999960429
2.712114 9.329497156 0.125140136 0.128507119 -0.001022371 -0.007140390 0.005869879 0.999956756
2.812041 10.060653893 0.141913670 0.146254954 0.001541344 -0.004881469 0.005822733 0.999969945
2.939067 10.987504422 0.151899444 0.169099698 0.002303709 -0.002706907 0.006320308 0.999973709
3.046895 11.652804043 0.168277155 0.189909871 0.000994008 -0.002796061 0.006475848 0.999974628
3.112115 12.063939658 0.181870259 0.191171883 -0.001616150 -0.003410947 0.005754728 0.999976318
3.212038 12.882733773 0.199549604 0.197577591 -0.002412752 -0.005520630 0.005687184 0.999965678
3.312039 13.645478058 0.199328776 0.209373745 -0.000640810 -0.005710615 0.005934690 0.999965878
3.404339 14.339618316 0.215926167 0.221174441 -0.000670240 -0.003620715 0.005779947 0.999976516
3.546892 15.451002364 0.243488524 0.244947282 -0.002809184 -0.000853864 0.006071841 0.999977256
3.647123 15.995960466 0.249733505 0.254028839 -0.003086448 -0.000264735 0.006304979 0.999975325
3.746994 16.669347049 0.263834273 0.262694584 -0.002640294 -0.000661848 0.006040287 0.999978053
3.812038 17.147174689 0.273912954 0.271080806 -0.001864621 -0.001208712 0.005638868 0.999981633
3.947097 18.255527774 0.294668578 0.291927259 -0.001837727 -0.002696624 0.006093684 0.999976109
4.047020 18.894210502 0.309655934 0.297104660 -0.002237126 -0.002889900 0.006338287 0.999973235
4.112090 19.338586443 0.322183416 0.304263236 -0.002990346 -0.002407699 0.005602978 0.999976933
4.212141 20.173412394 0.337906367 0.316503729 -0.005007569 -0.002202229 0.004832825 0.999973359
4.347244 21.223320807 0.352490383 0.336456844 -0.004374486 -0.002363323 0.004656562 0.999976797
4.412066 21.550972320 0.353933923 0.342146194 -0.003339432 -0.002474664 0.003867157 0.999983885
4.512091 22.363753071 0.369479889 0.353136768 -0.004493603 -0.003350194 0.002597448 0.999980918
4.600673 22.389642435 0.368855613 0.353209161 -0.004488572 -0.003380431 0.002619258 0.999980782
4.712036 23.928787429 0.380374838 0.385675593 -0.004204538 -0.004436595 0.001350815 0.999980407
4.812043 24.603954181 0.383497679 0.399420561 -0.003787811 -0.004390771 0.000721090 0.999982927
4.912044 25.318932748 0.386541606 0.412191103 -0.004897994 -0.003860798 -0.000325885 0.999980499
5.012118 26.030732076 0.392397421 0.424438933 -0.005924110 -0.003534696 -0.001352267 0.999975291
5.112093 26.736503939 0.381451693 0.435708362 -0.005629405 -0.003932720 -0.002204137 0.999973992
5.212041 27.451506308 0.386704642 0.456549118 -0.005096541 -0.004502861 -0.003305713 0.999971410
5.312115 28.158490840 0.395123142 0.460647983 -0.005929362 -0.005397915 -0.004264428 0.999958759
5.412092 28.872280754 0.388279414 0.476013889 -0.006604635 -0.005560381 -0.005166110 0.999949385
5.512142 29.579184995 0.386102757 0.489634593 -0.005656906 -0.005614210 -0.005973373 0.999950398
5.612042 30.289661541 0.378623846 0.514826458 -0.004005827 -0.004680363 -0.006908074 0.999957162
5.747871 31.251727886 0.368502449 0.529209313 -0.003552747 -0.004911835 -0.008023318 0.999949438
5.812191 31.571045502 0.363639445 0.536008500 -0.003183092 -0.004941856 -0.008873281 0.999943354
5.911995 32.352684532 0.355219325 0.551225987 -0.003512120 -0.004636722 -0.010812309 0.999924627
6.012196 33.100120547 0.340242126 0.570062195 -0.003233453 -0.004936606 -0.012130815 0.999909005
6.112069 33.828346094 0.327389573 0.585736561 -0.004311265 -0.005038886 -0.013585590 0.999885721
6.212093 34.547085032 0.310316494 0.596551881 -0.004559996 -0.004950110 -0.015262100 0.999860876
6.315008 35.286390899 0.289291715 0.614995189 -0.004919450 -0.005295490 -0.016970807 0.999829860
6.412117 35.963246300 0.271204334 0.630494125 -0.004226081 -0.005323505 -0.018762970 0.999800856
6.512044 36.677846921 0.247218111 0.645753284 -0.005249180 -0.004756725 -0.020446756 0.999765848
6.612044 37.392982998 0.219467942 0.660065539 -0.006042005 -0.003787279 -0.022250298 0.999727000
6.709857 38.075920569 0.194254390 0.670245981 -0.007123334 -0.002293586 -0.023900446 0.999686334
6.809855 38.788150286 0.159058893 0.692107116 -0.005092248 -0.001450118 -0.025650559 0.999656949
6.910028 39.503399041 0.119564807 0.704397583 -0.004444350 -0.002216503 -0.027351605 0.999613538
7.010028 40.196389549 0.083681260 0.715530592 -0.003693986 -0.003510427 -0.029189907 0.999560894
7.110230 40.889524122 0.047926774 0.723118133 -0.003982579 -0.005130429 -0.031214996 0.999491592
7.203651 41.538364634 0.008684161 0.737368006 -0.003868073 -0.005931349 -0.032714910 0.999439639
7.312090 42.317318277 -0.035765405 0.753365348 -0.003180916 -0.005326174 -0.034408058 0.999388613
7.412047 42.975122154 -0.087762506 0.764150640 -0.003477749 -0.005376085 -0.036295733 0.999320581
7.512093 43.653635587 -0.136366475 0.784416905 -0.001641941 -0.004829864 -0.038043453 0.999263065
7.641238 44.537557026 -0.201076504 0.813527703 -0.001798732 -0.004538003 -0.039504040 0.999207487
7.712093 44.914457122 -0.227270628 0.816647797 -0.002956904 -0.003980808 -0.040817293 0.999154322
7.803578 45.603547373 -0.281135621 0.826791330 -0.005077311 -0.004066783 -0.042979926 0.999054757
7.912217 46.402526217 -0.352764489 0.843902447 -0.003407151 -0.005131925 -0.043921236 0.999016006
8.003580 47.004173437 -0.401256012 0.861165066 -0.001952948 -0.006100236 -0.045124674 0.998960829
8.103579 47.712180178 -0.452214081 0.868303068 -0.002895413 -0.007101008 -0.047168683 0.998857501
8.202925 48.391508324 -0.520055955 0.882949811 -0.002583109 -0.006720209 -0.048378318 0.998803136
8.302874 49.068285897 -0.585178466 0.898797583 -0.002700041 -0.005561123 -0.049816741 0.998739243
8.446876 50.045671779 -0.673776575 0.928773422 -0.002091680 -0.004681133 -0.051021179 0.998684410
8.540892 50.492766304 -0.716000299 0.937778894 -0.001849559 -0.004496683 -0.052047895 0.998632753
8.646823 51.151249471 -0.788366609 0.955505117 -0.001253616 -0.005256691 -0.053717000 0.998541576
8.712194 51.565229602 -0.834886373 0.962893289 -0.001588091 -0.005454213 -0.055015840 0.998469322
8.899872 52.892840914 -0.980479139 0.991139726 -0.002318776 -0.005386077 -0.056836263 0.998366292
8.999798 53.282687246 -1.026508381 0.997322722 -0.001980849 -0.004881320 -0.057427214 0.998335797
9.099698 53.832693071 -1.088011391 1.012376423 -0.001777014 -0.004381530 -0.059185194 0.998235822
9.199723 54.441452856 -1.156575570 1.029395345 -0.003330072 -0.004472200 -0.060610178 0.998145939
9.299598 55.069853275 -1.232912283 1.032215534 -0.003663268 -0.004981520 -0.061953787 0.998059865
9.399573 55.712115951 -1.314294696 1.043801746 -0.001798193 -0.005704584 -0.063233278 0.997980850
9.499524 56.367612116 -1.396857696 1.065951474 -0.000660459 -0.006835809 -0.064543283 0.997891277
9.599548 57.008186644 -1.475961044 1.082070103 -0.001592891 -0.006856588 -0.066125680 0.997786472
9.699947 57.651665770 -1.563628304 1.098229986 -0.000779836 -0.006671710 -0.067499575 0.997696691
9.800122 58.283356810 -1.649297033 1.109806243 -0.000898450 -0.006828172 -0.068754812 0.997609816
9.812119 58.356531928 -1.654691737 1.113573154 -0.000852299 -0.006826408 -0.069871044 0.997532311
9.912042 59.229386161 -1.769434521 1.135541717 -0.002789339 -0.006507672 -0.071819572 0.997392510
10.046874 60.304384396 -1.933462155 1.164503166 -0.000648749 -0.006476364 -0.072671981 0.997334658
10.146752 60.887258218 -2.022381846 1.175289463 0.000257703 -0.006512569 -0.073583265 0.997267779
10.212041 61.278708917 -2.080028909 1.187499244 -0.000423426 -0.006213410 -0.075350720 0.997137645
10.312095 61.980133504 -2.171523923 1.202668239 -0.002907980 -0.004589023 -0.076684730 0.997040589
10.447646 62.886465972 -2.305659948 1.217925347 -0.003472357 -0.003362295 -0.077953801 0.996945256
10.544801 63.390490899 -2.390079732 1.228751443 -0.001612017 -0.003073581 -0.079082558 0.996862028
10.639419 63.944842108 -2.485009099 1.249111339 -0.000008312 -0.003511073 -0.080610391 0.996739503
10.747846 64.594303473 -2.587099692 1.268967179 0.000030155 -0.004652339 -0.082336925 0.996593691
10.823685 65.021482962 -2.649028678 1.275069668 -0.001820112 -0.005158202 -0.083584213 0.996485705
10.911994 65.588061224 -2.736532036 1.277867078 -0.003148156 -0.004991123 -0.085209591 0.996345574
11.047669 66.458558167 -2.888145484 1.296243608 -0.002309723 -0.004064475 -0.086734338 0.996220508
11.144704 66.979109183 -2.984248445 1.312415733 -0.001240702 -0.003518318 -0.087830188 0.996128476
11.246848 67.554575826 -3.083725111 1.326298245 -0.001834215 -0.002499544 -0.089880424 0.995947738
11.322988 67.989962932 -3.163960159 1.334738595 -0.002335057 -0.002219325 -0.091583859 0.995792156
11.447772 68.775430685 -3.304133213 1.343172874 -0.002768528 -0.003569050 -0.093624230 0.995597359
11.512216 69.114684496 -3.374999165 1.353174241 -0.001101530 -0.004525906 -0.094945992 0.995471527
11.612043 69.767659404 -3.497914546 1.371074753 -0.000986249 -0.004857135 -0.097362915 0.995236604
11.710221 70.387925111 -3.620915907 1.377500908 -0.000526136 -0.004216049 -0.099594797 0.995019007
11.810323 71.001901879 -3.739361828 1.391164091 -0.000492101 -0.003049055 -0.101563962 0.994824217
11.910695 71.610525027 -3.861568426 1.405167071 -0.000382466 -0.002220783 -0.104134538 0.994560667
12.010923 72.203274006 -3.985586999 1.424971302 -0.000538485 -0.001409396 -0.106571885 0.994303855
12.112092 72.801886958 -4.116859122 1.422977454 -0.001492606 -0.002412177 -0.109096855 0.994027077
12.212115 73.370551885 -4.247081886 1.429142069 -0.000192287 -0.004027406 -0.111886886 0.993712769
12.312117 73.939986161 -4.388722036 1.442944430 0.000765259 -0.005126188 -0.114395984 0.993421711
12.412119 74.503430856 -4.516764732 1.459800612 0.000436827 -0.005020601 -0.117485731 0.993061783
12.512040 75.068979384 -4.650987111 1.471955793 -0.001592697 -0.004251327 -0.120126816 0.992748174
12.612041 75.634927105 -4.782890586 1.474764874 -0.003497559 -0.003447167 -0.122358057 0.992473874
12.712092 76.189893508 -4.927289815 1.484064729 -0.002985109 -0.002901597 -0.124745391 0.992180053
12.810115 76.745522226 -5.072080633 1.503524228 -0.000954255 -0.002130715 -0.127132369 0.991883012
12.910366 77.302087447 -5.216911731 1.516514501 -0.000287483 -0.001761377 -0.129756986 0.991544220
13.010467 77.851418795 -5.359882078 1.525390725 -0.001935223 -0.001375955 -0.132440855 0.991188066
13.112043 78.413265228 -5.508188080 1.531589761 -0.004165468 -0.001351197 -0.134741805 0.990871066
13.211070 78.947463124 -5.655023056 1.534522245 -0.004634953 -0.001570501 -0.137009655 0.990557623
13.312044 79.481446277 -5.815809986 1.550037404 -0.003808440 -0.001976604 -0.139821128 0.990167481
13.412214 80.016313064 -5.965349898 1.556432292 -0.003668485 -0.002293449 -0.142027923 0.989853197
13.512163 80.551922461 -6.109716164 1.566271819 -0.005373973 -0.002429167 -0.144178169 0.989534171
13.612113 81.066910445 -6.271266039 1.571574034 -0.006211843 -0.003130637 -0.146592167 0.989172558
13.712136 81.598538239 -6.428496133 1.587570101 -0.005692291 -0.004436651 -0.148585743 0.988873192
13.812115 82.108015018 -6.579191180 1.596705903 -0.005831330 -0.004696254 -0.150155338 0.988634065
13.912165 82.627873545 -6.743117725 1.614414179 -0.004992517 -0.003988921 -0.151945232 0.988368256
14.003484 83.089557024 -6.879123851 1.615773824 -0.008025265 -0.003272633 -0.153418079 0.988123362
14.103311 83.598287398 -7.029414383 1.628119498 -0.008816362 -0.003329547 -0.154457271 0.987954522
14.203461 84.086740929 -7.191084108 1.646208633 -0.006627262 -0.002653625 -0.154633084 0.987946176
14.312137 84.596105958 -7.351546123 1.660382244 -0.006026840 -0.001611351 -0.154979880 0.987897929
14.500322 85.428986828 -7.610109286 1.673529562 -0.007407871 -0.001724528 -0.154695736 0.987932882
14.600172 85.633811394 -7.664957128 1.673483989 -0.007528834 -0.001841202 -0.155240194 0.987846349
14.700122 85.987924617 -7.769927247 1.689079302 -0.008608236 -0.001209487 -0.155612850 0.987779872
14.799947 86.373620386 -7.893179407 1.697268153 -0.009917788 -0.000568962 -0.155442906 0.987794926
14.899897 86.774341913 -8.023235988 1.707729541 -0.010753017 -0.001292262 -0.154971770 0.987859531
14.999973 87.190288097 -8.152274773 1.712605185 -0.011947544 -0.002134783 -0.154954231 0.987847096
15.100171 87.619972261 -8.281169817 1.713397654 -0.013596213 -0.002248751 -0.154971495 0.987822819
15.110248 87.665338393 -8.300376351 1.711296553 -0.013415785 -0.002396841 -0.155220946 0.987785771
15.210200 88.229948276 -8.484937749 1.722578324 -0.010770647 -0.001944730 -0.153988165 0.988012073
15.310324 88.742319474 -8.636425679 1.735272231 -0.010369137 -0.001413459 -0.154075260 0.988003693
15.412167 89.212239723 -8.780115137 1.738965825 -0.010742717 0.000419012 -0.154590787 0.987920091
15.600346 90.043851669 -9.040020878 1.755750882 -0.011985863 0.001687365 -0.154230018 0.987960826
15.609414 89.900354126 -8.990229141 1.755321660 -0.010794696 0.002238291 -0.155023470 0.987849274
15.712040 90.347112374 -9.116245754 1.765041851 -0.013468371 0.001086828 -0.154608872 0.987883353
15.812091 90.788431915 -9.241509684 1.766745290 -0.012747228 -0.000140909 -0.154207949 0.987956171
15.911989 91.199844339 -9.380803123 1.772781682 -0.010990320 -0.000297690 -0.154463526 0.987937318
16.012142 91.582355773 -9.510285975 1.779129635 -0.008790250 -0.000729250 -0.155151268 0.987851347
16.111856 91.971665778 -9.640248413 1.787745467 -0.007840212 -0.001726888 -0.155072563 0.987870462
16.212042 92.346026309 -9.764248023 1.799850862 -0.008110418 -0.001895110 -0.155118581 0.987860747
16.312119 92.738276312 -9.888650749 1.824784121 -0.010822104 -0.001630211 -0.155199451 0.987822532
16.412093 93.110792824 -9.990111900 1.820509746 -0.015452189 -0.001647565 -0.155696447 0.987682708
16.565225 93.670887806 -10.161182737 1.818805436 -0.015931357 -0.002931129 -0.155533280 0.987697828
16.612071 93.767685789 -10.192225848 1.813291807 -0.015435819 -0.003524956 -0.156114370 0.987612077
16.712013 94.158172239 -10.335318310 1.821448569 -0.010345147 -0.001728685 -0.155967841 0.987706445
16.812095 94.541433363 -10.455480087 1.840568381 -0.008818542 -0.000713552 -0.156025536 0.987713398
16.911995 94.897296006 -10.558128049 1.854502837 -0.010456736 -0.000438897 -0.156529615 0.987617813
17.012120 95.271596762 -10.652532972 1.860162936 -0.014046123 -0.000048033 -0.156490795 0.987579534
17.165124 95.791294152 -10.816233141 1.873886844 -0.018415196 0.001960928 -0.157589064 0.987331111
17.265101 96.040768875 -10.893963948 1.875921546 -0.019069182 0.003173444 -0.158644003 0.987146583
17.311996 96.160919187 -10.941385896 1.878435078 -0.018515097 0.003499787 -0.159321844 0.987046854
17.412119 96.494250722 -11.067250332 1.868273039 -0.014096249 0.000353683 -0.161261828 0.986810921
17.512116 96.810318823 -11.195550444 1.870124632 -0.009817763 -0.000421988 -0.163813864 0.986442320
17.612117 97.097206673 -11.292857756 1.888620774 -0.009861851 0.000496693 -0.166759020 0.985948237
17.712117 97.392379042 -11.390829781 1.906132297 -0.013653459 0.000985142 -0.169804389 0.985382708
17.812045 97.659413201 -11.482604229 1.908618739 -0.017125734 0.000130400 -0.173562328 0.984673961
17.912095 97.909549052 -11.578131699 1.903442157 -0.018562695 -0.000375248 -0.177532666 0.983939753
18.012167 98.148156746 -11.668781299 1.908994369 -0.018158405 -0.000295883 -0.182329759 0.983069704
18.111993 98.385413622 -11.762684840 1.914511963 -0.017219004 0.000127983 -0.187144488 0.982181465
18.268940 98.742331785 -11.910655330 1.923160604 -0.017035625 0.000402766 -0.194680945 0.980718591
18.312095 98.790482704 -11.940234686 1.923480282 -0.017690330 0.000795515 -0.195856529 0.980472661
18.412217 99.053365562 -12.068854653 1.925241106 -0.016824679 0.000185006 -0.202848084 0.979065652
18.512087 99.316684519 -12.191326192 1.925151956 -0.014858614 -0.001079663 -0.208059638 0.978002680
18.612112 99.574898919 -12.318560066 1.931398772 -0.012291146 -0.002808949 -0.211787568 0.977234395
18.712114 99.827757510 -12.435688596 1.952211462 -0.012507236 -0.002518510 -0.213316356 0.976899871
18.812092 100.077687499 -12.533859214 1.965516003 -0.015183989 -0.001423277 -0.213449670 0.976835021
18.965195 100.454637985 -12.694147041 1.972269572 -0.019558969 -0.001360005 -0.211103524 0.977267056
19.012040 100.508159961 -12.698242804 1.963317906 -0.019554958 -0.002369731 -0.213087838 0.976834459
19.112140 100.777733371 -12.824463962 1.967176006 -0.018119213 -0.002200822 -0.207978921 0.977962995
19.212065 101.033943106 -12.924581504 1.977504762 -0.017265273 -0.001980922 -0.204464193 0.978719766
19.312170 101.269652874 -13.022786371 1.981845416 -0.017636137 -0.001716581 -0.199283697 0.979781623
19.412092 101.510778914 -13.116021130 1.988115359 -0.017607677 -0.002032948 -0.193928512 0.980855529
19.512091 101.756940586 -13.183632481 1.990134552 -0.018406478 -0.002398293 -0.188012418 0.981991232
19.612091 101.988644381 -13.264675540 1.989277334 -0.019034429 -0.002032081 -0.182336848 0.983049762
19.712090 102.230222540 -13.344426694 1.992092853 -0.019223296 -0.002227700 -0.176441002 0.984120966
19.812140 102.480923113 -13.419359181 1.997702447 -0.018983088 -0.002889068 -0.170442579 0.985180503
19.912194 102.737829809 -13.499345076 2.007337265 -0.019134358 -0.002796223 -0.163919688 0.986284134
20.012140 103.004752014 -13.581917041 2.015349919 -0.019659854 -0.001748189 -0.157419753 0.987334521
20.112145 103.294411026 -13.665625318 2.019297233 -0.019316424 -0.000915745 -0.151086493 0.988331376
20.212066 103.572420347 -13.736561844 2.022325416 -0.019608286 -0.000569348 -0.145101669 0.989222269
20.312093 103.854813752 -13.812095466 2.026301485 -0.020181873 -0.000494960 -0.138750847 0.990121533
20.412043 104.146084114 -13.882414613 2.035170175 -0.021007937 -0.000549152 -0.131954115 0.991033035
20.512048 104.435815642 -13.961519854 2.036623927 -0.021443332 -0.001306314 -0.126294926 0.991760086
20.612193 104.747529944 -14.027578100 2.036795554 -0.021754057 -0.002092832 -0.120829021 0.992432733
20.712146 105.076989994 -14.094628455 2.040911189 -0.021603394 -0.003448607 -0.115440102 0.993073503
20.865295 105.607863749 -14.179657883 2.047822677 -0.021472020 -0.004995911 -0.109084749 0.993787961
20.965818 105.853703084 -14.238374388 2.046023601 -0.020787825 -0.005856983 -0.108696872 0.993840305
21.065967 106.173569934 -14.299877894 2.053750438 -0.021010850 -0.005694700 -0.105805674 0.994148517
21.165269 106.541000897 -14.364298622 2.067400644 -0.021136695 -0.005664357 -0.103907707 0.994346189
21.265320 106.919793268 -14.438046636 2.074469058 -0.023290575 -0.006210063 -0.102674701 0.994422893
21.365973 107.344615263 -14.518988007 2.077840242 -0.024015977 -0.007030571 -0.102136860 0.994455562
21.473496 107.821807265 -14.609410106 2.076675282 -0.021580593 -0.008049360 -0.101603597 0.994558291
21.578934 108.264274287 -14.721514802 2.083897291 -0.016622013 -0.007927220 -0.102563494 0.994555980
21.679905 108.709328591 -14.814927618 2.094708885 -0.013065432 -0.007882992 -0.102804796 0.994584500
21.745973 109.014802274 -14.886397504 2.106806434 -0.011173776 -0.007039813 -0.103726137 0.994518213
21.811450 109.385545931 -14.965115221 2.119951196 -0.011578363 -0.004662261 -0.104468814 0.994449834
21.912169 109.965522287 -15.082264045 2.128508906 -0.011723267 -0.002608286 -0.104985102 0.994401272
22.012145 110.525205654 -15.213234223 2.134068235 -0.009837516 -0.002396530 -0.107625941 0.994139898
22.112019 111.063438943 -15.347538515 2.148506245 -0.006008691 -0.003007009 -0.110212793 0.993885302
22.212120 111.606971299 -15.484720720 2.168271985 -0.003316594 -0.005167329 -0.111752917 0.993717055
22.312119 112.139357679 -15.586103898 2.173712433 -0.002515147 -0.007575985 -0.113714821 0.993481363
22.411995 112.663941719 -15.711129358 2.190399104 -0.001262980 -0.009178819 -0.116442661 0.993154198
22.512116 113.192920300 -15.830465399 2.199469233 -0.002072963 -0.009182736 -0.117350288 0.993045966
22.612166 113.716424636 -15.939563063 2.214244946 -0.002655801 -0.008478613 -0.118327520 0.992934871
22.709022 114.210534475 -16.064663758 2.232283191 -0.003171214 -0.006911578 -0.120195385 0.992721130
22.809224 114.718997894 -16.183538027 2.243369711 -0.004404419 -0.006233903 -0.121849037 0.992519295
22.912068 115.250702105 -16.322598578 2.260488526 -0.004529734 -0.007057300 -0.122699167 0.992408480
23.012073 115.762749003 -16.449657470 2.270455703 -0.004019594 -0.007955592 -0.123839088 0.992262280
23.110227 116.262717055 -16.575178150 2.282811144 -0.004326504 -0.008687733 -0.125564972 0.992037924
23.209936 116.791679460 -16.712701329 2.293305350 -0.004550345 -0.008702294 -0.128383072 0.991676031
23.400371 117.796306418 -16.969701510 2.321278274 -0.004730925 -0.008462918 -0.133538538 0.990996194
23.411733 117.698087419 -16.960328140 2.316740443 -0.004944280 -0.008438158 -0.132452088 0.991141158
23.512044 118.236476194 -17.112729721 2.334375982 -0.002390079 -0.008920413 -0.135086746 0.990790737
23.612168 118.789791636 -17.274669982 2.351052490 -0.002099370 -0.009398237 -0.138039515 0.990379906
23.712046 119.344835328 -17.445797532 2.367272244 -0.003012891 -0.009777665 -0.140838533 0.989979711
23.812098 119.916536632 -17.615541480 2.379724410 -0.003503129 -0.009125392 -0.144512853 0.989454643
23.912070 120.455103477 -17.788423470 2.393849428 -0.002365668 -0.008604574 -0.147839246 0.988971143
24.011996 120.997389307 -17.957580143 2.410912011 -0.001657350 -0.008130921 -0.151923054 0.988357489
24.112094 121.545484884 -18.131171463 2.427760309 -0.000338993 -0.008071108 -0.155994051 0.987724961
24.212119 122.082676349 -18.298801611 2.444639000 -0.000534539 -0.007854512 -0.159667171 0.987139512
24.312168 122.627653662 -18.477079459 2.463682406 -0.001367442 -0.008179737 -0.164413249 0.986356683
24.412171 123.158255746 -18.653729831 2.471915860 -0.002446736 -0.007737710 -0.167870668 0.985775624
24.512092 123.698973600 -18.854759675 2.486771519 -0.002677212 -0.007727027 -0.171951669 0.985071444
24.612044 124.221703328 -19.050312322 2.497983117 -0.002609671 -0.008035169 -0.175889946 0.984373584
24.711997 124.754409822 -19.242972196 2.512068440 -0.002927227 -0.007774494 -0.179681787 0.983689709
24.812117 125.294216805 -19.459161621 2.525662193 -0.003133024 -0.007645807 -0.183759705 0.982936466
24.912168 125.849454632 -19.668746371 2.540288153 -0.004074004 -0.007407570 -0.187427314 0.982242095
25.012142 126.396325391 -19.874327192 2.552178752 -0.005168945 -0.007158920 -0.190072190 0.981730408
25.112095 126.957115305 -20.092059458 2.568024012 -0.005310008 -0.007138446 -0.193489152 0.981062075
25.251999 127.729333457 -20.422178318 2.590316618 -0.005397418 -0.007879461 -0.196630458 0.980431153
25.352328 128.163940258 -20.596179316 2.601692368 -0.004763522 -0.008480497 -0.199283254 0.979893655
25.412044 128.453654279 -20.713715820 2.609866997 -0.005054799 -0.009370717 -0.199628363 0.979813837
25.512143 129.079930109 -20.971923165 2.626801755 -0.006427934 -0.009592197 -0.197917202 0.980150729
25.612015 129.670131173 -21.216458856 2.648207520 -0.006442328 -0.009926605 -0.198714705 0.979985931
25.765150 130.570430431 -21.577039317 2.673877126 -0.006071268 -0.009878385 -0.197694226 0.980195159
25.812064 130.688959638 -21.628261127 2.679941083 -0.004731963 -0.010431445 -0.201542815 0.979412726
25.912044 131.314238271 -21.883041067 2.701542470 -0.004635930 -0.010006881 -0.194108982 0.980917975
26.012139 131.943598684 -22.128372991 2.721951935 -0.003840653 -0.009775010 -0.192195041 0.981300548
26.112066 132.532427033 -22.376018046 2.736435184 -0.001916711 -0.009753222 -0.190026891 0.981728568
26.212039 133.130683164 -22.605816731 2.754216578 -0.001017436 -0.008155214 -0.186361615 0.982446846
26.312067 133.723936878 -22.821184793 2.774660708 -0.002659920 -0.006821287 -0.182829627 0.983117349
26.412067 134.318160717 -23.044830601 2.791821968 -0.002434784 -0.006980610 -0.179718390 0.983690319
26.512092 134.902629891 -23.241176702 2.807849554 -0.002959341 -0.007051457 -0.176073314 0.984347351
26.612140 135.476938879 -23.448965778 2.819325744 -0.003523154 -0.007425643 -0.173358683 0.984824459
26.712042 136.047111955 -23.652330226 2.834570524 -0.003483401 -0.007232328 -0.170878570 0.985259394
26.812139 136.643780521 -23.862556127 2.846633879 -0.002953221 -0.006577710 -0.167746809 0.985803743
26.912119 137.237875957 -24.062447492 2.861915373 -0.003037944 -0.005804030 -0.165065741 0.986260810
27.012190 137.837439913 -24.260746897 2.875894053 -0.002947702 -0.005602815 -0.163040656 0.986599039
27.112042 138.433303521 -24.461137573 2.894950908 -0.002965316 -0.005117371 -0.160695195 0.986986360
27.212092 139.039234796 -24.632707186 2.907344795 -0.002822468 -0.004863363 -0.158047785 0.987415454
27.312191 139.650077879 -24.819968518 2.917850024 -0.002659070 -0.005658390 -0.155656200 0.987791506
27.412092 140.248125886 -25.018518341 2.928727773 -0.002861517 -0.006892660 -0.152916964 0.988210861
27.576144 141.246672621 -25.318440765 2.954180744 -0.003697341 -0.008731604 -0.148545064 0.988860178
27.612091 141.315363163 -25.329610013 2.959785865 -0.003188045 -0.009860832 -0.150507306 0.988554577
27.712041 141.950547138 -25.535983445 2.973378613 -0.005792861 -0.009865452 -0.143891160 0.989527387
27.812018 142.616414239 -25.722801175 2.992110402 -0.006570060 -0.009209089 -0.141774144 0.989834390
27.912041 143.283947910 -25.896213105 3.003046423 -0.006730073 -0.007164035 -0.138981206 0.990246236
28.012165 143.958850746 -26.088930942 3.028755377 -0.004668926 -0.005680936 -0.136922702 0.990554442
28.112037 144.606770044 -26.266250417 3.041726151 -0.005265637 -0.005214100 -0.134506640 0.990884983
28.265348 145.621746585 -26.542839530 3.065428924 -0.006086498 -0.006807614 -0.130205677 0.991444952
28.312141 145.818848935 -26.592037218 3.062848831 -0.006494353 -0.007417391 -0.131607822 0.991252837
28.412044 146.518242671 -26.772735307 3.072177441 -0.006117358 -0.007825632 -0.126250395 0.991948676
28.512117 147.216244287 -26.956197712 3.087343568 -0.005257788 -0.007203725 -0.123950880 0.992248276
28.612042 147.944301167 -27.126659580 3.107145234 -0.006902022 -0.006154656 -0.121878906 0.992501896
28.712145 148.648776733 -27.292781721 3.120237556 -0.008263700 -0.006136094 -0.119986375 0.992722181
28.812140 149.363725655 -27.459262811 3.135076171 -0.009002640 -0.006656495 -0.119060793 0.992823837
28.912092 150.091978609 -27.639572172 3.150772331 -0.008398186 -0.006268930 -0.117308507 0.993040223
29.012144 150.812786972 -27.799893756 3.167709403 -0.008454012 -0.005526261 -0.115605369 0.993243872
29.112093 151.520376188 -27.969665173 3.180722264 -0.008299571 -0.004745729 -0.114146169 0.993417962
29.212043 152.212112775 -28.120105873 3.191052511 -0.009310888 -0.003473567 -0.111952879 0.993663824
29.311994 152.928846270 -28.262194900 3.205859827 -0.007925719 -0.003464844 -0.110086010 0.993884424
29.465070 154.019539005 -28.512450243 3.227000342 -0.008946332 -0.003222591 -0.106699691 0.994245822
29.512092 154.200728936 -28.553626660 3.227240653 -0.007568068 -0.003934965 -0.109399001 0.993961317
29.612119 154.970034342 -28.715995472 3.239926831 -0.008780828 -0.002728156 -0.102964330 0.994642549
29.712020 155.702268424 -28.883484793 3.258036561 -0.007776218 -0.002517195 -0.102557398 0.994693508
29.812195 156.439508096 -29.016882684 3.272122487 -0.008491623 -0.002120305 -0.101203849 0.994827210
29.911996 157.158064237 -29.146029680 3.282877326 -0.008486748 -0.001907686 -0.100285893 0.994920638
30.100348 158.506113723 -29.394386403 3.310501652 -0.009725207 -0.003015239 -0.098361778 0.995098633
30.111997 158.470829657 -29.374208796 3.301645482 -0.009622192 -0.003536888 -0.101752058 0.994756967
30.212045 159.236100373 -29.521222889 3.317220757 -0.009111874 -0.003644974 -0.098893410 0.995049638
30.312043 159.974934618 -29.661597041 3.328795449 -0.009621524 -0.003907479 -0.097865723 0.995145446
30.412023 160.692756376 -29.806951718 3.339924277 -0.009238534 -0.003977416 -0.097011816 0.995232404
30.512117 161.435368883 -29.940232843 3.360535943 -0.009212605 -0.003574586 -0.096746003 0.995260047
30.612144 162.152212874 -30.091826440 3.374475505 -0.008684945 -0.003420657 -0.096201835 0.995318079
30.712119 162.872593115 -30.226716510 3.388287913 -0.008648419 -0.003379058 -0.095590881 0.995377401
30.812145 163.591902578 -30.360765308 3.395971937 -0.009198381 -0.003032314 -0.094892596 0.995440400
30.912145 164.318279881 -30.493704594 3.411267279 -0.007694473 -0.002849913 -0.094095626 0.995529350
31.012145 165.026099716 -30.628017649 3.427833065 -0.007660710 -0.003185386 -0.093791094 0.995557330
31.112140 165.737804266 -30.761267001 3.443222833 -0.007763066 -0.003530603 -0.092541625 0.995672294
31.212092 166.433453052 -30.891507032 3.451352698 -0.007577326 -0.004201239 -0.092343724 0.995689495
31.312042 167.141709850 -31.022386929 3.464096771 -0.006167210 -0.004237902 -0.091700652 0.995758503
31.412094 167.857655529 -31.142937720 3.479015268 -0.007033715 -0.003497542 -0.090532049 0.995862562
31.512143 168.567147373 -31.259959600 3.487845002 -0.006677885 -0.002222892 -0.090030575 0.995914133
31.612094 169.267262425 -31.375010361 3.500891062 -0.006863797 -0.001023229 -0.089803480 0.995935327
31.712116 169.967372696 -31.500295372 3.510777267 -0.005872621 0.000128487 -0.089285554 0.995988748
31.812117 170.662780734 -31.620025110 3.522653658 -0.006305098 0.000594443 -0.089326270 0.995982284
31.911995 171.358138025 -31.747417688 3.534915728 -0.004279721 -0.000451730 -0.088135131 0.996099231
32.012014 172.055655501 -31.862850517 3.544336753 -0.004416155 -0.002070842 -0.088116340 0.996098248
32.112044 172.735035156 -31.973637433 3.555170859 -0.004269229 -0.003059027 -0.086880921 0.996204859
32.212065 173.422718812 -32.084533092 3.564142340 -0.002984789 -0.002671004 -0.086645766 0.996231132
32.312015 174.118239914 -32.213713017 3.577313137 -0.002559167 -0.001964595 -0.085644670 0.996320522
32.412068 174.797335413 -32.326302197 3.591144288 -0.002042339 -0.001078749 -0.085070533 0.996372254
32.512040 175.473189017 -32.432653726 3.602923851 -0.003303367 -0.001208199 -0.083749907 0.996480597
32.700371 176.740036996 -32.640022604 3.619972544 -0.003942565 -0.002295383 -0.082494535 0.996581075
32.800222 177.142014216 -32.709526946 3.619576382 -0.006166554 -0.002032714 -0.083155421 0.996515438
32.900122 177.686103066 -32.807360843 3.626363213 -0.004446323 -0.002364993 -0.082622241 0.996568213
33.000047 178.264506125 -32.902714296 3.638291481 -0.003596175 -0.002559011 -0.082270723 0.996600244
33.100121 178.861083914 -32.996248418 3.651737132 -0.003465038 -0.002570417 -0.082096992 0.996615006
33.111990 178.941303515 -33.008880084 3.653684135 -0.002803555 -0.002143909 -0.082472189 0.996587117
33.212115 179.732746975 -33.152779677 3.661924168 -0.003862514 -0.002295059 -0.082941667 0.996544276
33.301722 180.380618884 -33.254220222 3.678906749 -0.003764079 -0.002659509 -0.084470477 0.996415324
33.411992 181.164876154 -33.383079000 3.692536103 -0.003708409 -0.003396049 -0.086518517 0.996237552
33.510419 181.784437458 -33.477937496 3.701242855 -0.003159747 -0.003667179 -0.087203537 0.996178754
33.610545 182.418513096 -33.573431069 3.719074056 -0.002330894 -0.003679271 -0.088538668 0.996063218
33.712065 183.034334336 -33.681913692 3.728818686 -0.001620032 -0.003008515 -0.089732695 0.995960023
