1.417577 0.658179 0.010125 0.002885 0.001528 -0.000261 0.000672 0.999999
1.517629 1.618004 0.014116 0.013108 0.000837 -0.000195 0.000266 1.000000
1.617630 2.393141 0.014800 0.026089 0.000993 0.000443 0.000908 0.999999
1.717730 3.411318 0.022148 0.036850 0.000904 0.000963 0.000780 0.999999
1.817630 4.453565 0.017900 0.052389 0.002131 0.001494 0.000568 0.999996
1.917653 5.499949 0.031320 0.067923 0.002020 0.001712 0.000883 0.999996
2.017630 6.549142 0.027716 0.077970 0.001107 0.000437 0.001080 0.999999
2.115563 7.588352 0.039729 0.086635 0.002438 -0.001079 0.001345 0.999996
2.217729 8.686215 0.043947 0.099808 0.002188 -0.000718 0.001367 0.999996
2.319423 9.745000 0.064387 0.114107 0.000532 0.000348 0.001308 0.999999
2.419845 10.802413 0.063106 0.126580 -0.000686 0.000977 0.001194 0.999999
2.520421 11.870934 0.075801 0.137785 -0.001715 0.001658 0.001056 0.999997
2.620971 12.934398 0.085889 0.154016 -0.003006 0.001818 0.001244 0.999993
2.721021 13.981764 0.086898 0.162764 -0.004338 0.000732 0.001388 0.999989
2.817703 15.006823 0.111067 0.163405 -0.005031 -0.000444 0.001925 0.999985
2.922265 16.142508 0.115625 0.176986 -0.006440 0.000128 0.002074 0.999977
3.023438 17.201862 0.139834 0.182925 -0.007685 0.001395 0.002433 0.999967
3.124358 18.270735 0.146674 0.194449 -0.008963 0.001949 0.002696 0.999954
3.224186 19.327637 0.165632 0.188684 -0.009337 0.001602 0.003179 0.999950
3.323938 20.397918 0.177192 0.199548 -0.009290 0.001469 0.003768 0.999949
3.424287 21.476392 0.196290 0.199147 -0.009201 0.001712 0.004234 0.999947
3.523887 22.539850 0.203728 0.212774 -0.009140 0.001934 0.004746 0.999945
3.623813 23.625356 0.224252 0.216792 -0.009259 0.001927 0.005059 0.999942
3.723936 24.699137 0.237538 0.221251 -0.009691 0.002229 0.004859 0.999939
3.823841 25.799806 0.256634 0.229972 -0.009990 0.003134 0.004181 0.999936
3.915008 26.796676 0.267899 0.232035 -0.010582 0.003569 0.003305 0.999932
4.024185 28.086940 0.277027 0.228123 -0.010364 0.003049 0.001761 0.999940
4.123339 29.082517 0.283240 0.232153 -0.009695 0.002711 0.001004 0.999949
4.222892 30.229827 0.284165 0.226549 -0.009287 0.002792 -0.000449 0.999953
4.322692 31.328074 0.286565 0.239463 -0.008559 0.003419 -0.001574 0.999956
4.422495 32.462767 0.280981 0.241181 -0.007848 0.003824 -0.002702 0.999958
4.522739 33.587725 0.279714 0.247828 -0.008022 0.003314 -0.003772 0.999955
4.621698 34.714486 0.272447 0.237775 -0.007264 0.002873 -0.004666 0.999959
4.721745 35.862445 0.267875 0.245349 -0.006983 0.002787 -0.005455 0.999957
4.821444 37.004212 0.252796 0.238471 -0.005468 0.003337 -0.006277 0.999960
4.921342 38.151555 0.238166 0.268493 -0.003911 0.003788 -0.006832 0.999962
5.020670 39.288409 0.222492 0.261791 -0.003516 0.001943 -0.007131 0.999967
5.119525 40.420289 0.203528 0.276681 -0.002860 -0.000370 -0.007421 0.999968
5.220200 41.597855 0.197308 0.279828 -0.003829 -0.000365 -0.007744 0.999963
5.321018 42.754006 0.183877 0.295633 -0.004633 0.001168 -0.008366 0.999954
5.421868 43.910372 0.178419 0.301311 -0.004707 0.002105 -0.008615 0.999950
5.522319 45.048416 0.153641 0.306708 -0.004189 0.002001 -0.008710 0.999951
5.621792 46.185813 0.137193 0.313543 -0.003270 0.001789 -0.008542 0.999957
5.721841 47.323883 0.119238 0.320987 -0.002706 0.002011 -0.008187 0.999961
5.821765 48.465964 0.105284 0.335173 -0.001974 0.002497 -0.007547 0.999966
5.922140 49.614531 0.093752 0.344251 -0.002405 0.002430 -0.006730 0.999972
6.021621 50.743861 0.086951 0.350310 -0.002839 0.002084 -0.005928 0.999976
6.122141 51.895434 0.078197 0.354662 -0.003888 0.002594 -0.005054 0.999976
6.223388 53.054301 0.078006 0.367750 -0.005077 0.003790 -0.004269 0.999971
6.324511 54.200663 0.081400 0.372099 -0.006321 0.004279 -0.003272 0.999966
6.425759 55.337018 0.073908 0.377401 -0.007683 0.003588 -0.002570 0.999961
6.526379 56.492136 0.081575 0.375025 -0.008950 0.002767 -0.001364 0.999955
6.628050 57.654295 0.081533 0.380041 -0.009801 0.002506 -0.000466 0.999949
6.728899 58.794938 0.098580 0.386073 -0.010620 0.002074 0.000504 0.999941
6.829197 59.935577 0.105426 0.387125 -0.010892 0.001471 0.001567 0.999938
6.934534 61.144618 0.114908 0.394446 -0.011052 0.001572 0.002279 0.999935
7.040789 62.301360 0.125599 0.399032 -0.011407 0.002472 0.002892 0.999928
7.112142 63.086807 0.133577 0.405068 -0.011243 0.003278 0.003399 0.999926
7.230321 64.708334 0.149777 0.414738 -0.011362 0.003779 0.004467 0.999918
7.327476 65.613529 0.173807 0.406526 -0.011274 0.003633 0.005700 0.999914
7.430795 66.913993 0.181830 0.413362 -0.011420 0.004113 0.005427 0.999912
7.536357 68.084019 0.210752 0.407002 -0.011114 0.005103 0.006779 0.999902
7.625084 69.072556 0.225527 0.407774 -0.010432 0.006015 0.007105 0.999902
7.724436 70.331628 0.250167 0.403780 -0.009637 0.006899 0.008412 0.999894
7.824286 71.495503 0.275319 0.404511 -0.009030 0.006850 0.009506 0.999891
7.916807 72.602272 0.305836 0.394993 -0.008990 0.006323 0.010303 0.999887
8.024234 73.936357 0.339530 0.399309 -0.008999 0.006012 0.011423 0.999876
8.124538 75.032279 0.379539 0.386504 -0.009578 0.006112 0.012351 0.999859
8.224510 76.225393 0.406682 0.397475 -0.009925 0.006013 0.012508 0.999854
8.323466 77.372156 0.443572 0.374948 -0.009936 0.005839 0.013067 0.999848
8.422567 78.534688 0.473957 0.387665 -0.009242 0.006275 0.013137 0.999851
8.521517 79.719434 0.505363 0.369933 -0.008177 0.006643 0.012809 0.999862
8.621344 80.879432 0.538579 0.381958 -0.007099 0.006862 0.013081 0.999866
8.720399 82.039777 0.560657 0.364486 -0.006046 0.007050 0.012589 0.999878
8.820148 83.204540 0.594168 0.379385 -0.004919 0.007716 0.011620 0.999891
8.920572 84.362867 0.622593 0.364878 -0.005069 0.007559 0.010715 0.999901
9.017630 85.494174 0.646836 0.374109 -0.004031 0.007076 0.009654 0.999920
9.119102 86.701009 0.663823 0.366359 -0.003767 0.006107 0.008319 0.999940
9.218876 87.832353 0.677660 0.372951 -0.003893 0.004569 0.006947 0.999958
9.317505 88.966959 0.704981 0.366138 -0.003771 0.003419 0.005927 0.999969
9.417631 90.126014 0.720286 0.378711 -0.003697 0.004115 0.004571 0.999974
9.519251 91.288418 0.742472 0.376799 -0.004373 0.005674 0.003455 0.999968
9.619473 92.423803 0.752788 0.378532 -0.004285 0.006341 0.002588 0.999967
9.719150 93.556681 0.767790 0.375637 -0.004018 0.006310 0.002062 0.999970
9.819003 94.695431 0.769882 0.372593 -0.003265 0.006000 0.001709 0.999975
9.915511 95.803750 0.776423 0.374884 -0.003008 0.005806 0.001881 0.999977
10.017580 96.999490 0.784022 0.373956 -0.003068 0.006163 0.002052 0.999974
10.119572 98.150856 0.798136 0.371958 -0.003789 0.006313 0.002385 0.999970
10.219994 99.287975 0.799803 0.375258 -0.004268 0.006313 0.002597 0.999968
10.320869 100.438031 0.814757 0.368127 -0.005899 0.006245 0.003168 0.999958
10.420993 101.589660 0.840034 0.367730 -0.006720 0.006108 0.003542 0.999952
10.521144 102.727465 0.846695 0.364123 -0.007632 0.006029 0.003788 0.999946
10.621843 103.877887 0.869723 0.362305 -0.008854 0.006529 0.004010 0.999931
10.722839 105.029576 0.886780 0.361198 -0.010095 0.006992 0.004076 0.999916
10.802027 105.920947 0.905175 0.362343 -0.010464 0.007128 0.004166 0.999911
10.923785 107.496108 0.924815 0.359231 -0.012475 0.006698 0.004208 0.999891
11.024536 108.462383 0.940726 0.351017 -0.013528 0.006423 0.004142 0.999879
11.126007 109.604780 0.950512 0.351261 -0.014001 0.006011 0.004065 0.999876
11.226052 110.711528 0.975219 0.351314 -0.014516 0.005970 0.004310 0.999868
11.327803 111.844932 0.991635 0.348175 -0.015094 0.006814 0.004235 0.999854
11.427101 112.949213 1.000640 0.353473 -0.015258 0.007688 0.004053 0.999846
11.528623 114.084139 1.019438 0.348362 -0.016026 0.007572 0.003997 0.999835
11.629150 115.186398 1.034143 0.348207 -0.017016 0.007094 0.003727 0.999823
11.728924 116.287883 1.049574 0.338413 -0.017454 0.007350 0.003509 0.999815
11.828525 117.388949 1.067919 0.340896 -0.017702 0.007972 0.003197 0.999806
11.927403 118.476500 1.076033 0.326802 -0.017816 0.008927 0.002866 0.999797
12.026183 119.587553 1.085451 0.325358 -0.016642 0.010298 0.002558 0.999805
12.125157 120.680074 1.096849 0.316552 -0.015475 0.010801 0.002459 0.999819
12.222941 121.757334 1.104698 0.302589 -0.014646 0.009952 0.002323 0.999841
12.322840 122.861301 1.108484 0.295181 -0.014137 0.009450 0.002220 0.999853
12.422191 123.933607 1.111545 0.297461 -0.012754 0.009870 0.001940 0.999868
12.522840 125.038658 1.130753 0.283980 -0.012792 0.011373 0.001607 0.999852
12.621791 126.092845 1.127676 0.273740 -0.012083 0.011807 0.001731 0.999856
12.721042 127.167807 1.147376 0.261620 -0.011555 0.011513 0.001766 0.999865
12.820399 128.219809 1.143328 0.247945 -0.011023 0.011534 0.001856 0.999871
12.920947 129.300501 1.156142 0.242167 -0.010722 0.012080 0.001651 0.999868
13.020843 130.346737 1.161447 0.222463 -0.010718 0.013034 0.001488 0.999856
13.120720 131.398562 1.167657 0.214797 -0.010893 0.013602 0.001294 0.999847
13.221143 132.448582 1.175229 0.195404 -0.010041 0.013653 0.000990 0.999856
13.320771 133.487147 1.176451 0.194966 -0.008616 0.012801 0.000729 0.999881
13.420293 134.513146 1.178641 0.173233 -0.007606 0.011169 0.000542 0.999909
13.501877 135.355549 1.179418 0.175128 -0.005899 0.009565 0.000361 0.999937
13.618927 136.712697 1.181156 0.162463 -0.005158 0.007755 -0.000019 0.999957
13.717656 137.554231 1.174007 0.159451 -0.004705 0.006907 0.000528 0.999965
13.819000 138.630426 1.199257 0.154998 -0.004683 0.007213 -0.000851 0.999963
13.919921 139.613791 1.190165 0.152280 -0.005481 0.008775 -0.000725 0.999946
14.020822 140.615480 1.199896 0.156577 -0.006901 0.010232 -0.001538 0.999923
14.121092 141.590513 1.203025 0.144226 -0.008192 0.010310 -0.002411 0.999910
14.221519 142.589273 1.201373 0.143234 -0.009193 0.009417 -0.003351 0.999908
14.321717 143.546717 1.206685 0.130431 -0.009963 0.008487 -0.004273 0.999905
14.421047 144.514944 1.198935 0.131944 -0.010101 0.007831 -0.005397 0.999904
14.504034 145.300683 1.190214 0.123504 -0.010994 0.007658 -0.006134 0.999891
14.603937 146.379555 1.181636 0.123252 -0.010452 0.008526 -0.007382 0.999882
14.703888 147.292210 1.165148 0.120919 -0.009790 0.009891 -0.007935 0.999872
14.803839 148.248181 1.149888 0.118845 -0.009886 0.011409 -0.009354 0.999842
15.000247 150.033926 1.116947 0.110203 -0.008986 0.011970 -0.011431 0.999823
15.099747 150.244684 1.120451 0.113648 -0.008901 0.012011 -0.010599 0.999832
15.199798 151.046982 1.096139 0.103025 -0.009367 0.011760 -0.014175 0.999786
15.299897 151.828707 1.075570 0.098491 -0.008838 0.010893 -0.013786 0.999807
15.400022 152.649868 1.056300 0.088219 -0.009550 0.010378 -0.014441 0.999796
15.400673 152.656966 1.056434 0.087886 -0.009561 0.010397 -0.014373 0.999797
15.522864 154.219745 1.006858 0.081519 -0.009722 0.010890 -0.016970 0.999749
15.622515 154.967819 0.986787 0.080323 -0.008215 0.011405 -0.014880 0.999790
15.722087 155.796249 0.966996 0.080071 -0.008302 0.011982 -0.016533 0.999757
15.822463 156.585910 0.948713 0.077780 -0.008599 0.011496 -0.016942 0.999753
15.922516 157.330354 0.915002 0.067814 -0.008716 0.010661 -0.017540 0.999751
16.022142 158.052056 0.899371 0.064950 -0.008048 0.009699 -0.017872 0.999761
16.121867 158.753400 0.868993 0.058878 -0.007268 0.009694 -0.018498 0.999755
16.222265 159.433973 0.853698 0.060724 -0.007621 0.010144 -0.019164 0.999736
16.322863 160.084869 0.834132 0.056248 -0.007747 0.010794 -0.019882 0.999714
16.423288 160.714079 0.813040 0.061311 -0.007879 0.011161 -0.020734 0.999692
16.522940 161.324171 0.793852 0.059309 -0.008106 0.011051 -0.021565 0.999674
16.623115 161.910693 0.771830 0.056876 -0.008685 0.010142 -0.023077 0.999645
16.723285 162.496415 0.739954 0.050013 -0.008140 0.009174 -0.024630 0.999621
16.822591 163.047054 0.716583 0.047401 -0.007116 0.008908 -0.026047 0.999596
16.923188 163.610924 0.686199 0.045839 -0.006656 0.009177 -0.027637 0.999554
17.023863 164.143927 0.663232 0.043451 -0.007220 0.009365 -0.029206 0.999503
17.123887 164.662965 0.631683 0.048849 -0.007761 0.009508 -0.030921 0.999446
17.223862 165.162149 0.600103 0.043512 -0.007731 0.010217 -0.032253 0.999398
17.324411 165.659455 0.569361 0.040024 -0.007917 0.010525 -0.033692 0.999345
17.423935 166.130281 0.526600 0.036569 -0.007274 0.010520 -0.035321 0.999294
17.524259 166.597657 0.496632 0.036721 -0.006416 0.011247 -0.036578 0.999247
17.624658 167.047297 0.459170 0.042858 -0.007031 0.011532 -0.037595 0.999202
17.725155 167.492672 0.427039 0.039400 -0.008093 0.010876 -0.038365 0.999172
17.826876 168.474355 0.294794 0.026928 -0.010469 0.010992 -0.037448 0.999183
17.928872 169.435827 0.280503 0.027596 -0.011484 0.011375 -0.031736 0.999366
18.029764 169.888391 0.245181 0.020660 -0.012684 0.012009 -0.028707 0.999435
18.130741 170.296645 0.239087 0.022574 -0.013506 0.012336 -0.026633 0.999478
18.231389 170.601192 0.222139 0.015844 -0.014024 0.012344 -0.023213 0.999556
18.332113 170.891878 0.218805 0.019212 -0.014237 0.012416 -0.019507 0.999631
18.433410 171.141038 0.195600 0.017403 -0.015238 0.012467 -0.015199 0.999691
18.534306 171.363792 0.209749 0.016987 -0.016018 0.012677 -0.010732 0.999734
18.637124 171.562524 0.209563 0.010116 -0.016748 0.012844 -0.006352 0.999757
18.739243 171.747334 0.212182 0.011486 -0.017292 0.012973 -0.001787 0.999765
18.812139 171.860115 0.212460 0.005324 -0.017740 0.013095 0.001102 0.999756
18.965074 172.129312 0.221950 0.006816 -0.018896 0.012932 0.009934 0.999688
19.012044 172.146574 0.219048 0.000655 -0.019257 0.011689 0.010905 0.999687
19.112039 172.345605 0.236895 0.004939 -0.019643 0.011301 0.019056 0.999562
19.212063 172.499851 0.246525 -0.003037 -0.019897 0.011651 0.025573 0.999407
19.365149 172.724926 0.279934 -0.003777 -0.020426 0.012257 0.034860 0.999108
19.465147 172.787871 0.290296 -0.007521 -0.020741 0.012986 0.038406 0.998963
19.565123 172.936883 0.314789 -0.009266 -0.021239 0.013072 0.045153 0.998669
19.665172 173.068730 0.329464 -0.014061 -0.021643 0.013113 0.052325 0.998309
19.765102 173.205899 0.347481 -0.014419 -0.021464 0.013104 0.059787 0.997894
19.865124 173.360631 0.376547 -0.018173 -0.021306 0.012837 0.067781 0.997390
19.965101 173.519447 0.414901 -0.022117 -0.021106 0.012083 0.076894 0.996743
20.065176 173.700277 0.445061 -0.023544 -0.020844 0.011235 0.086819 0.995943
20.165299 173.892636 0.487862 -0.030538 -0.020723 0.010738 0.097981 0.994915
20.265249 174.104533 0.545008 -0.036584 -0.020556 0.010945 0.110149 0.993642
20.312116 174.215272 0.575183 -0.036866 -0.020812 0.011765 0.118604 0.992654
20.412142 174.507682 0.660094 -0.049455 -0.020735 0.011645 0.136706 0.990326
20.512067 174.780332 0.760298 -0.056556 -0.020536 0.011685 0.152966 0.987949
20.612014 175.053485 0.860741 -0.068347 -0.020033 0.012123 0.169671 0.985223
20.712041 175.345677 1.006320 -0.078345 -0.019044 0.012820 0.187257 0.982043
20.812042 175.625909 1.132896 -0.089232 -0.018054 0.013386 0.205538 0.978391
20.912139 175.921612 1.297663 -0.099237 -0.017726 0.013728 0.224998 0.974101
21.012116 176.216297 1.474452 -0.112377 -0.017804 0.014260 0.245308 0.969177
21.112114 176.514870 1.671901 -0.125218 -0.017897 0.015029 0.266112 0.963659
21.212239 176.809751 1.903549 -0.136817 -0.017806 0.015859 0.287427 0.957506
21.312115 177.091339 2.139562 -0.149717 -0.018146 0.016211 0.308212 0.951007
21.412234 177.388828 2.403024 -0.165238 -0.018465 0.016535 0.329629 0.943785
21.512165 177.662992 2.680183 -0.184081 -0.018652 0.016413 0.350647 0.936178
21.612340 177.949620 2.980632 -0.203343 -0.018218 0.016679 0.370908 0.928341
21.712092 178.218302 3.309286 -0.223815 -0.017395 0.017967 0.390435 0.920291
21.811989 178.488202 3.661643 -0.247432 -0.016640 0.020129 0.409459 0.911954
21.937427 178.827338 4.114629 -0.274843 -0.016432 0.022083 0.432938 0.901003
22.012095 178.965680 4.329402 -0.297287 -0.016515 0.022430 0.442512 0.896330
22.126531 179.304780 4.864904 -0.329768 -0.014928 0.024728 0.467445 0.883550
22.225483 179.534391 5.275058 -0.355967 -0.014396 0.026593 0.484322 0.874367
22.325233 179.786307 5.750634 -0.381665 -0.013451 0.029219 0.503027 0.863672
22.425481 180.002205 6.243345 -0.420737 -0.012860 0.029878 0.521138 0.852853
22.525783 180.237542 6.753912 -0.440900 -0.012756 0.029199 0.538118 0.842267
22.626578 180.435642 7.297028 -0.488063 -0.011837 0.027910 0.554331 0.831744
22.726630 180.627322 7.846549 -0.516709 -0.009958 0.027991 0.568863 0.821895
22.825109 180.800764 8.389759 -0.551645 -0.007614 0.027892 0.581794 0.812822
22.917703 180.959530 8.947541 -0.565078 -0.006898 0.027429 0.593015 0.804694
23.023041 181.130310 9.640387 -0.619967 -0.007894 0.026032 0.606382 0.794708
23.121795 181.241620 10.246908 -0.633512 -0.007812 0.025779 0.617210 0.786337
23.220523 181.369871 10.895766 -0.685775 -0.007813 0.026061 0.628202 0.777574
23.319276 181.485338 11.552867 -0.693424 -0.007157 0.027010 0.638743 0.768913
23.420646 181.574013 12.242769 -0.738137 -0.008801 0.026510 0.648352 0.760829
23.521768 181.666541 12.932208 -0.755755 -0.010259 0.025990 0.656661 0.753668
23.624465 181.734199 13.665426 -0.806266 -0.011089 0.025369 0.664024 0.747199
23.723914 181.803112 14.372562 -0.821710 -0.011083 0.025082 0.670344 0.741544
23.812318 181.844520 15.022364 -0.869864 -0.010777 0.024924 0.674916 0.737395
23.921697 181.901364 15.903245 -0.894919 -0.010845 0.024850 0.680755 0.732009
24.012168 181.907267 16.542485 -0.943835 -0.011827 0.024586 0.683191 0.729730
24.112319 181.956812 17.392722 -0.971802 -0.012183 0.025487 0.686368 0.726706
24.203256 181.980504 18.095722 -1.018929 -0.012776 0.025717 0.688699 0.724479
24.320274 182.008256 19.103106 -1.065815 -0.013212 0.026633 0.691570 0.721698
24.421270 182.028624 19.830308 -1.108605 -0.013332 0.027765 0.693178 0.720108
24.521396 182.055475 20.659040 -1.144882 -0.013434 0.028724 0.694513 0.718781
24.621022 182.064637 21.457499 -1.186924 -0.012622 0.028432 0.695885 0.717479
24.721242 182.074502 22.292916 -1.227910 -0.011423 0.026640 0.696699 0.716777
24.820996 182.090585 23.123112 -1.268331 -0.010087 0.025202 0.697026 0.716532
25.000321 182.126674 24.642794 -1.335941 -0.009361 0.024634 0.697902 0.715709
25.100122 182.138940 25.011663 -1.353760 -0.010086 0.023375 0.697866 0.715776
25.199947 182.142655 25.828844 -1.383185 -0.011382 0.023586 0.696399 0.717177
25.299797 182.165384 26.631299 -1.429878 -0.012929 0.024268 0.696165 0.717355
25.313291 182.165770 26.766283 -1.427063 -0.014627 0.026371 0.695675 0.717724
25.425062 182.209538 28.227559 -1.507013 -0.015261 0.025605 0.694801 0.718584
25.525385 182.224918 29.117571 -1.544692 -0.014323 0.025288 0.694867 0.718551
25.624237 182.265503 30.054687 -1.598773 -0.013502 0.024919 0.693952 0.719463
25.722343 182.285391 30.954720 -1.628387 -0.012752 0.025629 0.693167 0.720208
25.814634 182.320580 31.803175 -1.676704 -0.013596 0.025800 0.692522 0.720807
25.922815 182.364151 32.860643 -1.728017 -0.014251 0.026443 0.691688 0.721571
26.022442 182.399746 33.737877 -1.780010 -0.014413 0.026352 0.691156 0.722081
26.122343 182.440713 34.667543 -1.822854 -0.013427 0.026335 0.690319 0.722901
26.222519 182.479987 35.593133 -1.870317 -0.012930 0.025628 0.689628 0.723595
26.312142 182.513544 36.456080 -1.910370 -0.013301 0.025389 0.689014 0.724181
26.422517 182.563197 37.583333 -1.963586 -0.014075 0.026092 0.688303 0.724817
26.523040 182.602802 38.497687 -2.007499 -0.015232 0.026474 0.687826 0.725232
26.623718 182.654456 39.466487 -2.057630 -0.015636 0.026277 0.686977 0.726035
26.723389 182.709192 40.421055 -2.107794 -0.015414 0.025522 0.686472 0.726545
26.823890 182.765408 41.405324 -2.155293 -0.015663 0.025027 0.685870 0.727125
26.913261 182.806233 42.272179 -2.201061 -0.016613 0.025082 0.685230 0.727705
27.024263 182.863983 43.465347 -2.254171 -0.018721 0.025438 0.684352 0.728467
27.129176 182.923295 44.427310 -2.324424 -0.020105 0.025218 0.683479 0.729257
27.216979 182.978499 45.268666 -2.362144 -0.019559 0.026048 0.682350 0.730299
27.316928 183.055229 46.340670 -2.431323 -0.018987 0.026376 0.681258 0.731322
27.429124 183.136575 47.465934 -2.493205 -0.018856 0.026860 0.680111 0.732374
27.526681 183.192781 48.358121 -2.542288 -0.018118 0.026807 0.679304 0.733143
27.626880 183.275373 49.388136 -2.593988 -0.018103 0.025598 0.678189 0.734219
27.715083 183.338472 50.272275 -2.632356 -0.017644 0.022547 0.677385 0.735071
27.814884 183.420243 51.361755 -2.702675 -0.018484 0.019794 0.676109 0.736304
27.912493 183.505894 52.355276 -2.745640 -0.018374 0.021412 0.674732 0.737524
28.029122 183.610412 53.592765 -2.815950 -0.020525 0.024626 0.673310 0.738665
28.126455 183.699121 54.450267 -2.864306 -0.021073 0.029890 0.672327 0.739350
28.226453 183.790159 55.483074 -2.931171 -0.020969 0.031611 0.671488 0.740044
28.323888 183.892846 56.444601 -3.000991 -0.018386 0.030644 0.670495 0.741053
28.423665 183.995364 57.474913 -3.038912 -0.017128 0.028947 0.669359 0.742178
28.525481 184.091654 58.528631 -3.114979 -0.018470 0.027202 0.668190 0.743264
28.626084 184.194489 59.544181 -3.152162 -0.017843 0.027452 0.667148 0.744205
28.725682 184.301019 60.534330 -3.227299 -0.016842 0.026598 0.666417 0.744914
28.825611 184.409545 61.542662 -3.266353 -0.014515 0.025401 0.665498 0.745826
28.926357 184.522284 62.572605 -3.328162 -0.014796 0.023894 0.664568 0.746699
29.014710 184.622489 63.467996 -3.358455 -0.016461 0.024268 0.663516 0.747588
29.113336 184.752858 64.569210 -3.425654 -0.017882 0.024624 0.662354 0.748572
29.214558 184.882551 65.629984 -3.471964 -0.017282 0.025424 0.661432 0.749375
29.314712 185.010160 66.671593 -3.534166 -0.016509 0.025600 0.660589 0.750130
29.425810 185.163215 67.829730 -3.581117 -0.016003 0.026177 0.659502 0.751076
29.525435 185.282490 68.772713 -3.638708 -0.016682 0.026854 0.658584 0.751843
29.625459 185.417230 69.816297 -3.682112 -0.017554 0.027480 0.657470 0.752775
29.726505 185.553395 70.842669 -3.753256 -0.018231 0.027241 0.656497 0.753616
29.826707 185.695516 71.887145 -3.801241 -0.018344 0.026997 0.655427 0.754553
29.930572 185.842933 72.967914 -3.869216 -0.018900 0.026629 0.654348 0.755489
30.032087 185.986377 73.993547 -3.922223 -0.019270 0.026578 0.653291 0.756395
30.133713 186.140150 75.054665 -3.985928 -0.019514 0.026156 0.652225 0.757323
30.234309 186.288123 76.085625 -4.042559 -0.019412 0.026108 0.651244 0.758171
30.333988 186.444975 77.123847 -4.102743 -0.019192 0.026251 0.650262 0.759013
30.433735 186.600005 78.163237 -4.158424 -0.019288 0.026732 0.649307 0.759812
30.533410 186.761728 79.200386 -4.217546 -0.018863 0.027223 0.648419 0.760563
30.632886 186.926456 80.237858 -4.274823 -0.018721 0.027735 0.647520 0.761313
30.730615 187.092647 81.254380 -4.331469 -0.019003 0.028389 0.646736 0.761948
30.828996 187.257505 82.292926 -4.389127 -0.019402 0.028619 0.645885 0.762651
30.926509 187.423903 83.302042 -4.445443 -0.019387 0.028482 0.644955 0.763444
31.028225 187.598712 84.365074 -4.503972 -0.018949 0.028108 0.644043 0.764238
31.131268 187.771315 85.403307 -4.557110 -0.019413 0.027340 0.643214 0.764952
31.233863 187.942198 86.433548 -4.618876 -0.020151 0.026604 0.642433 0.765615
31.335230 188.113022 87.434195 -4.668096 -0.020500 0.026065 0.641710 0.766230
31.439143 188.293849 88.471183 -4.730433 -0.020815 0.025741 0.640731 0.767051
31.539492 188.467305 89.450858 -4.787656 -0.021261 0.026388 0.639909 0.767703
31.633160 188.633263 90.372478 -4.837897 -0.021273 0.027497 0.638935 0.768475
31.733735 188.822309 91.416875 -4.899980 -0.021056 0.028255 0.638034 0.769202
31.831838 189.009234 92.377152 -4.956066 -0.020291 0.028200 0.637340 0.769799
31.930515 189.186712 93.363295 -5.012970 -0.020535 0.028000 0.636534 0.770467
32.031317 189.382235 94.362757 -5.065545 -0.020947 0.028250 0.635667 0.771162
32.133733 189.571735 95.373265 -5.126160 -0.022359 0.027912 0.634847 0.771809
32.234435 189.757083 96.326549 -5.177847 -0.022791 0.027915 0.633909 0.772568
32.338222 189.945960 97.321787 -5.244521 -0.023569 0.027529 0.633123 0.773202
32.437773 190.133686 98.260777 -5.297230 -0.023524 0.028212 0.632145 0.773979
32.539345 190.326490 99.237204 -5.363548 -0.023784 0.028585 0.631149 0.774770
32.637849 190.517421 100.167014 -5.419840 -0.023781 0.029551 0.630248 0.775466
32.737222 190.706500 101.117805 -5.485207 -0.023745 0.029950 0.629234 0.776276
32.836501 190.905205 102.044656 -5.543569 -0.022645 0.030234 0.628420 0.776957
32.933935 191.100133 102.970190 -5.603854 -0.021929 0.030135 0.627182 0.777981
33.038096 191.308591 103.972859 -5.665939 -0.022257 0.029060 0.625475 0.779385
33.135928 191.507006 104.847305 -5.728001 -0.021981 0.029515 0.623626 0.780856
33.233932 191.707861 105.768899 -5.776139 -0.021858 0.029917 0.621723 0.782360
33.334732 191.929082 106.698012 -5.841637 -0.021316 0.030002 0.619932 0.783792
33.434831 192.143643 107.615168 -5.891969 -0.020182 0.029558 0.617977 0.785381
33.538421 192.365664 108.550546 -5.957493 -0.020421 0.028803 0.615953 0.786992
33.637825 192.590389 109.421682 -6.006849 -0.020597 0.029937 0.613938 0.788517
33.737546 192.816396 110.316672 -6.060385 -0.021573 0.031163 0.611773 0.790125
33.836776 193.045501 111.201769 -6.118841 -0.021538 0.031912 0.610212 0.791302
33.936650 193.277271 112.086516 -6.183942 -0.020463 0.031904 0.608683 0.792508
34.037970 193.520668 112.976631 -6.238421 -0.019024 0.031536 0.606917 0.793911
34.139943 193.756126 113.848822 -6.290974 -0.018066 0.030960 0.605671 0.794907
34.241634 193.985158 114.711260 -6.340688 -0.018237 0.029846 0.604634 0.795735
34.311990 194.151805 115.311686 -6.376500 -0.019091 0.029401 0.604136 0.796110
34.412146 194.436012 116.342930 -6.434735 -0.020278 0.029515 0.602565 0.797266
34.512040 194.667262 117.178211 -6.488815 -0.020856 0.030091 0.602192 0.797511
34.612191 194.912516 118.038580 -6.537740 -0.020897 0.030228 0.601250 0.798216
34.711990 195.140808 118.852041 -6.592498 -0.020434 0.030288 0.600633 0.798690
34.812092 195.370718 119.650622 -6.640436 -0.019993 0.030531 0.600289 0.798950
34.912142 195.601610 120.436661 -6.686318 -0.019692 0.030814 0.600109 0.799082
35.041237 195.888253 121.435292 -6.747774 -0.019906 0.031610 0.600356 0.798860
35.140066 196.041616 121.998365 -6.780862 -0.019209 0.031665 0.600878 0.798482
35.239793 196.254202 122.739659 -6.825482 -0.019575 0.031485 0.600662 0.798643
35.347196 196.462926 123.490900 -6.870183 -0.019770 0.031067 0.601276 0.798192
35.412140 196.585177 123.922113 -6.897922 -0.020226 0.030468 0.601591 0.797967
35.600197 196.996365 125.392503 -6.986375 -0.019677 0.030897 0.602416 0.797342
35.699848 197.054648 125.594067 -6.998990 -0.019457 0.030493 0.603206 0.796765
35.799748 197.247459 126.321517 -7.040182 -0.018968 0.030647 0.603106 0.796847
35.899649 197.411677 126.887268 -7.078075 -0.017549 0.030494 0.605149 0.795335
35.999723 197.580478 127.547395 -7.108068 -0.017225 0.030875 0.606364 0.794401
36.100047 197.744930 128.161043 -7.154286 -0.017964 0.031449 0.608050 0.793072
36.100698 197.743452 128.162973 -7.154290 -0.017943 0.031480 0.608059 0.793064
36.239463 198.091774 129.539361 -7.240440 -0.018772 0.032819 0.610883 0.790818
36.336949 198.215374 130.004890 -7.264144 -0.017373 0.033132 0.612719 0.789415
36.402337 198.318828 130.386528 -7.289023 -0.016954 0.033345 0.612542 0.789553
36.502139 198.483895 131.108732 -7.324641 -0.017527 0.033275 0.614235 0.788227
36.639918 198.682848 131.924280 -7.379786 -0.018396 0.033496 0.615839 0.786944
36.739715 198.782740 132.302366 -7.395606 -0.018332 0.033539 0.616521 0.786410
36.800673 198.778989 132.284762 -7.393836 -0.018363 0.033586 0.616467 0.786450
37.000347 199.096442 133.681975 -7.477192 -0.018470 0.034325 0.619281 0.784201
37.100372 199.136023 133.818330 -7.491709 -0.018093 0.034014 0.619435 0.784102
37.138417 199.211268 134.122792 -7.499439 -0.019087 0.033686 0.617898 0.785305
37.240691 199.318782 134.612294 -7.544660 -0.019422 0.033055 0.619075 0.784396
37.344729 199.414499 135.041686 -7.558621 -0.019416 0.032479 0.618631 0.784770
37.446921 199.512818 135.422017 -7.594272 -0.019058 0.032203 0.617543 0.785646
37.544730 199.596628 135.782059 -7.606430 -0.017958 0.032751 0.616149 0.786744
37.635330 199.678612 136.087379 -7.631038 -0.017245 0.033456 0.614908 0.787700
37.708961 199.746377 136.350902 -7.638382 -0.017487 0.033987 0.613612 0.788682
37.809087 199.831501 136.726464 -7.671570 -0.018762 0.033789 0.612032 0.789888
37.909137 199.919524 137.019608 -7.687371 -0.019243 0.033969 0.610806 0.790817
38.009091 199.995534 137.290889 -7.709885 -0.018098 0.034492 0.609653 0.791711
38.109240 200.058930 137.546058 -7.714407 -0.016930 0.035244 0.608318 0.792730
38.209192 200.121384 137.768584 -7.732407 -0.017334 0.035599 0.607245 0.793527
38.309417 200.167804 137.981926 -7.736044 -0.018372 0.035263 0.606341 0.794210
38.409518 200.232811 138.186820 -7.752807 -0.019830 0.034850 0.605241 0.795032
38.509566 200.273982 138.346336 -7.764640 -0.020096 0.034300 0.604591 0.795543
38.609669 200.323778 138.497418 -7.772886 -0.018854 0.034089 0.603444 0.796454
38.709669 200.367351 138.652927 -7.782809 -0.017350 0.034536 0.602808 0.796950
38.809845 200.401956 138.785322 -7.784026 -0.016814 0.035340 0.602200 0.797386
38.909844 200.441038 138.898331 -7.795735 -0.018142 0.035321 0.601599 0.797811
39.009946 200.470531 139.004954 -7.804419 -0.019103 0.034494 0.601053 0.798236
39.109894 200.505763 139.099439 -7.813973 -0.018612 0.033686 0.600590 0.798630
39.210074 200.521221 139.191731 -7.817109 -0.017441 0.033810 0.600087 0.799029
39.310672 200.552431 139.273929 -7.822490 -0.017008 0.033994 0.599760 0.799276
39.430716 200.582973 139.356997 -7.826416 -0.017206 0.033667 0.599157 0.799738
39.530170 200.600571 139.406948 -7.833226 -0.017265 0.033437 0.598984 0.799877
39.630516 200.612448 139.459026 -7.835667 -0.017074 0.033618 0.598839 0.799981
39.730195 200.625342 139.510423 -7.839444 -0.017165 0.033605 0.598466 0.800259
39.830992 200.642150 139.553996 -7.841594 -0.017285 0.033575 0.598171 0.800478
39.929917 200.647744 139.582074 -7.846492 -0.017288 0.033683 0.598120 0.800512
40.030391 200.660445 139.606368 -7.846030 -0.016959 0.033959 0.597853 0.800707
40.129372 200.663385 139.621759 -7.847372 -0.016863 0.034066 0.597929 0.800648
40.229771 200.667635 139.621324 -7.846313 -0.016985 0.033936 0.597810 0.800739
40.330246 200.663062 139.625957 -7.846759 -0.016851 0.033211 0.597946 0.800671
40.429369 200.660913 139.620249 -7.842229 -0.016532 0.032538 0.597984 0.800676
40.529020 200.666172 139.619729 -7.845185 -0.016436 0.032622 0.597740 0.800858
40.629473 200.659390 139.612873 -7.840685 -0.016431 0.033067 0.597739 0.800840
40.729643 200.658568 139.607550 -7.841200 -0.016457 0.033036 0.597798 0.800797
40.829048 200.656680 139.610118 -7.841665 -0.016504 0.032929 0.597758 0.800830
40.929844 200.655248 139.607156 -7.844346 -0.016462 0.032843 0.597788 0.800812
41.028399 200.650045 139.608816 -7.842346 -0.016379 0.032823 0.597833 0.800781
41.128026 200.657952 139.615323 -7.844955 -0.016368 0.032848 0.597792 0.800810
41.229272 200.662681 139.611686 -7.842075 -0.016336 0.032856 0.597822 0.800788
41.329644 200.655511 139.614214 -7.845335 -0.016380 0.032802 0.597752 0.800842
41.430942 200.661251 139.607998 -7.842062 -0.016389 0.032865 0.597741 0.800848
41.529971 200.659395 139.610393 -7.844861 -0.016387 0.032834 0.597801 0.800804
41.629322 200.653200 139.607128 -7.841387 -0.016397 0.032884 0.597735 0.800851
41.730344 200.653185 139.613404 -7.844947 -0.016413 0.032800 0.597722 0.800864
41.829970 200.648378 139.615241 -7.842871 -0.016337 0.032853 0.597733 0.800855
41.929322 200.658845 139.613462 -7.844764 -0.016378 0.032838 0.597755 0.800839
42.029171 200.653165 139.613393 -7.842011 -0.016315 0.032841 0.597779 0.800822
42.129922 200.651467 139.614734 -7.844284 -0.016374 0.032848 0.597801 0.800804
42.229318 200.658832 139.613257 -7.842943 -0.016407 0.032837 0.597788 0.800814
42.329372 200.661593 139.609898 -7.845082 -0.016351 0.032837 0.597695 0.800884
42.429596 200.658278 139.607050 -7.841843 -0.016334 0.032900 0.597677 0.800895
42.529975 200.655856 139.616061 -7.845858 -0.016360 0.032825 0.597690 0.800888
42.630670 200.660076 139.612972 -7.842777 -0.016362 0.032879 0.597731 0.800855
42.729171 200.660766 139.614275 -7.844427 -0.016408 0.032855 0.597731 0.800855
42.829124 200.657410 139.614214 -7.842070 -0.016382 0.032858 0.597779 0.800820
42.928898 200.661318 139.613661 -7.844135 -0.016389 0.032836 0.597695 0.800883
43.029272 200.659961 139.612313 -7.842987 -0.016405 0.032861 0.597718 0.800865
43.130517 200.661649 139.616958 -7.844038 -0.016348 0.032856 0.597685 0.800890
43.230544 200.655284 139.609191 -7.843155 -0.016358 0.032846 0.597744 0.800847
43.330120 200.652919 139.607081 -7.843248 -0.016374 0.032857 0.597693 0.800884
43.430295 200.659195 139.611737 -7.843062 -0.016368 0.032857 0.597794 0.800809
43.529317 200.660301 139.610167 -7.843803 -0.016370 0.032861 0.597645 0.800920
43.629097 200.656646 139.607707 -7.842813 -0.016402 0.032857 0.597698 0.800880
43.729624 200.658010 139.604676 -7.843376 -0.016380 0.032838 0.597671 0.800901
43.828948 200.651753 139.608038 -7.843135 -0.016366 0.032843 0.597699 0.800880
43.928843 200.656707 139.607065 -7.843777 -0.016365 0.032832 0.597656 0.800913
44.029548 200.652712 139.609366 -7.842884 -0.016354 0.032870 0.597583 0.800966
