1.417577 0.830136022 -0.000173170 0.008965724 0.001104120 -0.000535347 -0.000267965 0.999999211
1.517629 1.800394072 0.001628028 0.017629530 0.000929819 -0.000484280 -0.000206638 0.999999429
1.617630 2.558995571 0.005355280 0.028419593 0.001532089 0.000378405 0.000620146 0.999998562
1.717730 3.582580385 0.010631680 0.039759675 0.001044562 0.000958942 0.000435974 0.999998900
1.817630 4.600680015 0.011735963 0.051845818 0.002403365 0.001506037 0.000298778 0.999995933
1.917653 5.639348349 0.016546868 0.068947717 0.002451161 0.001758518 0.000462677 0.999995343
2.017630 6.688065565 0.017905607 0.078838402 0.001521843 0.000419367 0.000637859 0.999998551
2.115563 7.723764484 0.022184412 0.088673421 0.002412938 -0.001108945 0.000932040 0.999996040
2.217729 8.810626579 0.027971629 0.100827359 0.002273883 -0.000644128 0.000997575 0.999996710
2.319423 7.835762102 -0.116861009 0.115897750 0.000851044 0.000338997 0.004265216 0.999990484
2.419845 8.083037147 -0.136363803 0.128206691 -0.000425512 0.000993876 0.004518756 0.999989206
2.520421 9.151808017 -0.127633761 0.139971960 -0.001498273 0.001751336 0.004510272 0.999987173
2.620971 8.765369611 -0.127725679 0.154109099 -0.002768574 0.001811850 0.004359958 0.999985021
2.721021 7.837125145 -0.113518063 0.164735952 -0.004171971 0.000753291 0.004088763 0.999982654
2.817703 8.867075225 -0.097842956 0.165851679 -0.004886045 -0.000315708 0.004557850 0.999977626
2.922265 10.036917034 -0.296142035 0.176873191 -0.006298516 0.000101536 0.009935459 0.999930800
3.023438 11.099087143 -0.286810609 0.186457777 -0.007561311 0.001379937 0.010270802 0.999917713
3.124358 18.179700929 0.127471329 0.195732597 -0.008801876 0.002037560 0.001962338 0.999957261
3.224186 19.247362313 0.128903700 0.194449379 -0.009134329 0.001719991 0.002628548 0.999953347
3.323938 20.320202207 0.136102394 0.197371111 -0.009097375 0.001526241 0.003223571 0.999952257
3.424287 21.403316151 0.147809445 0.204845681 -0.008970607 0.001868835 0.003788710 0.999950839
3.523887 22.469583139 0.154872996 0.210555041 -0.008975540 0.002122344 0.004380396 0.999947872
3.623813 23.547048192 0.170572438 0.221833205 -0.008995762 0.002066522 0.004705313 0.999946331
3.723936 24.630306261 0.191825166 0.222886986 -0.009576437 0.002430729 0.004531871 0.999940921
3.823841 25.716929753 0.202544448 0.231038394 -0.009784832 0.003374884 0.003813019 0.999939162
3.915008 26.711925067 0.210467740 0.234788238 -0.010324594 0.003678692 0.003076374 0.999935201
4.024185 27.993453733 0.218217844 0.229717486 -0.010253706 0.003115603 0.001427376 0.999941557
4.123339 29.034327992 0.223621179 0.232107142 -0.009475010 0.002782323 0.000740315 0.999950966
4.222892 30.158227433 0.222815214 0.229679916 -0.009100295 0.003029328 -0.000434861 0.999953908
4.322692 31.272436262 0.228219515 0.233980682 -0.008386557 0.003712395 -0.001581418 0.999956691
4.422495 32.395204828 0.226010879 0.244780462 -0.007623770 0.003932375 -0.002597260 0.999959834
4.522739 33.518646409 0.225779386 0.247111554 -0.007854254 0.003487270 -0.003680770 0.999956300
4.621698 34.636491170 0.216233308 0.242346567 -0.007118559 0.003042767 -0.004641316 0.999959262
4.721745 35.785158139 0.209065980 0.243332010 -0.006814206 0.002932663 -0.005395619 0.999957926
4.821444 36.923278830 0.198234097 0.245826044 -0.005337027 0.003561363 -0.006253753 0.999959861
4.921342 38.056442118 0.182607616 0.262005327 -0.003700783 0.003878884 -0.006832394 0.999962288
5.020670 39.196927607 0.170868825 0.269044396 -0.003161917 0.002003576 -0.007270085 0.999966566
5.119525 40.325687868 0.154665818 0.270831494 -0.002790620 -0.000337694 -0.007426484 0.999968472
5.220200 41.494599262 0.140772308 0.283803617 -0.003547620 -0.000248759 -0.007839628 0.999962946
5.321018 42.661271618 0.132899974 0.291299189 -0.004596380 0.001320014 -0.008458499 0.999952791
5.421868 43.817869415 0.120885534 0.302288951 -0.004498237 0.002225996 -0.008825159 0.999948462
5.522319 44.960026594 0.103438731 0.306008166 -0.004028466 0.002097746 -0.008848638 0.999950535
5.621792 46.092706924 0.084821455 0.311512420 -0.003076218 0.001983825 -0.008868463 0.999953975
5.721841 47.235738261 0.065292034 0.320108644 -0.002519005 0.002159230 -0.008489920 0.999958456
5.821765 48.383445718 0.042632666 0.333855791 -0.001798316 0.002586599 -0.007739844 0.999965085
5.922140 49.530723383 0.036385255 0.343919680 -0.002247462 0.002619695 -0.006886139 0.999970333
6.021621 50.660890044 0.025889354 0.349540266 -0.002704672 0.002271486 -0.006007895 0.999975715
6.122141 51.801989177 0.013289207 0.354030709 -0.003631902 0.002788578 -0.005110714 0.999976457
6.223388 52.958476353 0.006114751 0.365098165 -0.004942790 0.003958413 -0.004274044 0.999970816
6.324511 54.109645138 0.005478201 0.372986318 -0.006018564 0.004408188 -0.003339906 0.999966594
6.425759 55.242903594 0.003795795 0.375465089 -0.007376469 0.003679908 -0.002486383 0.999962931
6.526379 56.388425532 0.007133408 0.377620392 -0.008558560 0.002914228 -0.001286358 0.999958301
6.628050 57.541599869 0.008155814 0.380162240 -0.009514452 0.002599925 -0.000399607 0.999951277
6.728899 58.677292008 0.015098535 0.386026083 -0.010398351 0.002184515 0.000383995 0.999943476
6.829197 59.812480414 0.021004834 0.386138500 -0.010689069 0.001659718 0.001483887 0.999940392
6.934534 61.008583714 0.029396602 0.393107663 -0.010864879 0.001817620 0.002232217 0.999936832
7.040789 62.175159837 0.037054671 0.400825326 -0.010992065 0.002727140 0.002772715 0.999932022
7.112142 62.931514787 0.041550865 0.403116211 -0.010943959 0.003485926 0.003396094 0.999928270
7.230321 64.469452287 0.051673694 0.411936674 -0.011130429 0.004061413 0.004173799 0.999921096
7.327476 65.521902064 0.073173572 0.407014815 -0.011026732 0.003831680 0.005471939 0.999916890
7.430795 66.726096230 0.090764127 0.407364851 -0.011094184 0.004334091 0.005518902 0.999913835
7.536357 67.938189292 0.108518156 0.407836023 -0.010754224 0.005396247 0.006302145 0.999907751
7.625084 68.916695797 0.127066294 0.401982755 -0.010159174 0.006292758 0.006957280 0.999904390
7.724436 70.127777947 0.143794421 0.401406546 -0.009286719 0.007079321 0.007961876 0.999900119
7.824286 71.333239732 0.170429955 0.398951579 -0.008729371 0.007047337 0.009015324 0.999896423
7.916807 72.426344958 0.197555737 0.392184912 -0.008735339 0.006423872 0.010096252 0.999890241
8.024234 73.774970390 0.234862263 0.390742698 -0.008841679 0.006219851 0.010956320 0.999881542
8.124538 74.911568254 0.272523124 0.384138556 -0.009275048 0.006371880 0.012208525 0.999862153
8.224510 76.077162672 0.317009577 0.384864602 -0.009770250 0.006231104 0.012550620 0.999854088
8.323466 77.238355254 0.348823550 0.376015966 -0.009634733 0.006001468 0.012678946 0.999855189
8.422567 78.419884152 0.379017915 0.371017939 -0.009176285 0.006414828 0.012780027 0.999855648
8.521517 79.606799963 0.407617847 0.370033556 -0.007875293 0.006928267 0.012491857 0.999866957
8.621344 80.785927862 0.435502754 0.368084910 -0.006815199 0.007109424 0.012861894 0.999868782
8.720399 81.948971477 0.464047216 0.364189278 -0.005595458 0.007277399 0.012440269 0.999880478
8.820148 83.108661133 0.492375256 0.364138141 -0.004774259 0.007814343 0.011767041 0.999888833
8.920572 84.275197534 0.528443084 0.364470094 -0.004593711 0.007846708 0.010804953 0.999900285
9.017630 85.409053665 0.547609080 0.360931095 -0.003538229 0.007168370 0.009756896 0.999920446
9.119102 86.611564705 0.570844936 0.363427527 -0.003290858 0.006389238 0.008246792 0.999940167
9.218876 87.767060473 0.591787182 0.362338643 -0.003561081 0.004834750 0.007305911 0.999955283
9.317505 88.900633979 0.612853532 0.361605057 -0.003277390 0.003749496 0.006108131 0.999968945
9.417631 90.057468246 0.630627146 0.366671221 -0.003339898 0.004362076 0.004820910 0.999973288
9.519251 91.232928470 0.652862540 0.370611026 -0.003900171 0.005930824 0.003635005 0.999968200
9.619473 92.384816698 0.676822507 0.367153290 -0.003917630 0.006630338 0.002917967 0.999966088
9.719150 93.518526210 0.679233162 0.366918166 -0.003637370 0.006591174 0.002376381 0.999968839
9.819003 94.650112479 0.691695968 0.362321273 -0.002888465 0.006264601 0.001948911 0.999974306
9.915511 95.759542996 0.700223901 0.363047256 -0.002622136 0.006218465 0.002127643 0.999974964
10.017580 96.953738372 0.710541382 0.363768621 -0.002608457 0.006552083 0.002269022 0.999972558
10.119572 98.129536746 0.722992085 0.362226069 -0.003404968 0.006627753 0.002391500 0.999969379
10.219994 99.279217173 0.735447298 0.363783431 -0.003796445 0.006597900 0.002562274 0.999967744
10.320869 100.417930561 0.746537937 0.358427946 -0.005429864 0.006652993 0.003025505 0.999958549
10.420993 101.554553022 0.762955931 0.355108438 -0.006198660 0.006398008 0.003232512 0.999955095
10.521144 102.697886438 0.778581101 0.353793766 -0.007097761 0.006381370 0.003602086 0.999947961
10.621843 103.844596091 0.792860378 0.351539634 -0.008167573 0.006753938 0.003676308 0.999937078
10.722839 104.991564249 0.804253628 0.347458003 -0.009633065 0.007280221 0.003463780 0.999921099
10.802027 105.877054450 0.810489867 0.344541160 -0.010182814 0.007491944 0.003704550 0.999913225
10.923785 107.375516874 0.829200819 0.343045326 -0.011994886 0.007171550 0.004221226 0.999893431
11.024536 108.464191309 0.843815648 0.337586901 -0.012955627 0.006753216 0.003506456 0.999887119
11.126007 109.570073056 0.852478848 0.335077370 -0.013442371 0.006288429 0.003519820 0.999883678
11.226052 110.660176806 0.861684476 0.334151202 -0.013978778 0.006333488 0.003555772 0.999875911
11.327803 111.791625095 0.868024985 0.332026176 -0.014347260 0.007278438 0.003558305 0.999864250
11.427101 112.883922721 0.880133158 0.332806751 -0.014783676 0.008032195 0.003307129 0.999852984
11.528623 114.002802757 0.901285539 0.331264679 -0.015527141 0.007988530 0.003409983 0.999841719
11.629150 115.099373466 0.911068121 0.325354791 -0.016478253 0.007479299 0.003068820 0.999831541
11.728924 116.189768954 0.920131352 0.320927336 -0.016963991 0.007741115 0.002777724 0.999822275
11.828525 117.263732380 0.931811307 0.317016283 -0.017238636 0.008328952 0.002771832 0.999812870
11.927403 118.351502133 0.941209164 0.307902703 -0.017343307 0.009307787 0.002317233 0.999803583
12.026183 119.436120412 0.950855207 0.300558076 -0.016199924 0.010651923 0.002019889 0.999809991
12.125157 120.534831753 0.952437619 0.296391762 -0.015122761 0.011152312 0.001710766 0.999821985
12.222941 121.609477725 0.959429474 0.279948440 -0.014216719 0.010291962 0.001749330 0.999844438
12.322840 122.716642487 0.962602180 0.269660977 -0.013470394 0.009844107 0.001824627 0.999859146
12.422191 123.805226949 0.963131706 0.268737493 -0.011953326 0.010367679 0.001487667 0.999873700
12.522840 124.915860830 0.972140595 0.259917271 -0.012072033 0.011801148 0.001361784 0.999856562
12.621791 125.985155252 0.974869986 0.244033778 -0.011448293 0.012138635 0.001353260 0.999859870
12.721042 127.062619036 0.989118439 0.233897418 -0.010879221 0.011836055 0.001584213 0.999869512
12.820399 128.131141206 0.995011261 0.219695955 -0.010533284 0.011882744 0.001642819 0.999872568
12.920947 129.212918309 0.999385138 0.210254452 -0.010325883 0.012504365 0.001487658 0.999867393
13.020843 130.271326060 1.010398042 0.195686958 -0.010283798 0.013319257 0.001286652 0.999857583
13.120720 131.322939192 1.015112504 0.182325389 -0.010436526 0.013881202 0.001120177 0.999848557
13.221143 132.381776787 1.024084536 0.167985807 -0.009430185 0.013966405 0.001013519 0.999857482
13.320771 133.427409842 1.028725335 0.160175227 -0.008027136 0.013091101 0.000546956 0.999881938
13.420293 134.454207675 1.031196585 0.147723865 -0.007066400 0.011475198 0.000438908 0.999909092
13.501877 135.297226014 1.031085331 0.137176233 -0.005565261 0.009811413 -0.000010434 0.999936380
13.618927 136.610680297 1.033080451 0.131353943 -0.004842925 0.008060148 -0.000613529 0.999955601
13.717656 137.582531947 1.036266046 0.122212636 -0.004528919 0.007284863 0.000291603 0.999963167
13.819000 138.600942063 1.045617081 0.120102801 -0.004510071 0.007638450 -0.000574278 0.999960491
13.919921 139.604168512 1.052507568 0.118619321 -0.005050763 0.009174555 -0.001153598 0.999944492
14.020822 140.606003171 1.064489055 0.119847260 -0.006233700 0.010521316 -0.001892067 0.999923429
14.121092 141.594410283 1.069806295 0.111947549 -0.007976952 0.010667626 -0.002752418 0.999907493
14.221519 142.593106819 1.075572781 0.103482752 -0.008703114 0.009801217 -0.003743964 0.999907083
14.321717 143.567696491 1.075161426 0.096268909 -0.009474821 0.008867649 -0.004827018 0.999904142
14.421047 144.528610310 1.072873094 0.090753190 -0.009762091 0.008150847 -0.005928109 0.999901557
14.504034 145.287276509 1.066006840 0.085986468 -0.010279389 0.008000876 -0.006757202 0.999892324
14.603937 146.321363730 1.053956595 0.082491417 -0.010071034 0.008938930 -0.008343631 0.999874519
14.703888 147.304048055 1.028756559 0.081180001 -0.009284000 0.010234717 -0.008789388 0.999865893
14.803839 148.248139032 1.014445994 0.078819148 -0.009298506 0.011810078 -0.009848505 0.999838520
15.000247 150.099376418 0.985723487 0.068855502 -0.008175761 0.012360461 -0.012391705 0.999813393
15.099747 150.585869297 0.960779543 0.063978235 -0.008429422 0.012050875 -0.009903580 0.999842808
15.199798 151.174314822 0.940699464 0.060426708 -0.008419510 0.012083536 -0.011348914 0.999827136
15.299897 151.977556232 0.936460860 0.055002453 -0.008420784 0.011257345 -0.014044554 0.999802537
15.400022 152.732457791 0.913913929 0.045799020 -0.008837259 0.010739750 -0.014246166 0.999801784
15.400673 152.765055301 0.918425587 0.044618740 -0.008801021 0.010729395 -0.014595383 0.999797178
15.522864 153.920660824 0.886502844 0.037911727 -0.009265160 0.011423151 -0.019345894 0.999704659
15.622515 155.007899534 0.833978903 0.038656582 -0.007868364 0.011925635 -0.017745059 0.999740457
15.722087 155.847026405 0.816789600 0.038450209 -0.007589998 0.012388928 -0.017396351 0.999743104
15.822463 156.676313700 0.792481031 0.032702211 -0.007822895 0.011922401 -0.017665181 0.999742267
15.922516 157.434562764 0.765411424 0.022797488 -0.008267137 0.011006227 -0.017987372 0.999743453
16.022142 158.160875529 0.742014118 0.014511353 -0.007392042 0.010034355 -0.017874539 0.999762557
16.121867 158.857024248 0.709195439 0.012722435 -0.006836879 0.010090353 -0.018597135 0.999752764
16.222265 159.520516558 0.693300854 0.010335348 -0.007103147 0.010512655 -0.019262593 0.999733956
16.322863 160.161474128 0.673162362 0.010744950 -0.007089057 0.011271234 -0.019799810 0.999715296
16.423288 160.766284384 0.653253244 0.008677676 -0.007171387 0.011586819 -0.020837879 0.999690002
16.522940 161.387998957 0.628541222 0.009646784 -0.007350580 0.011515013 -0.021791341 0.999669201
16.623115 161.988414553 0.604021533 0.003739439 -0.007902254 0.010543472 -0.023022216 0.999648122
16.723285 162.572284445 0.575959839 0.000245418 -0.007356013 0.009621166 -0.024487568 0.999626771
16.822591 163.139002270 0.545590394 -0.005177959 -0.006672696 0.009369227 -0.025812245 0.999600631
16.923188 163.698297246 0.512499143 -0.004406120 -0.006054002 0.009735959 -0.027425688 0.999558098
17.023863 164.234938558 0.481502934 -0.005922499 -0.006731775 0.009869305 -0.029020352 0.999507428
17.123887 164.760636571 0.455255561 -0.003597786 -0.007283774 0.010016945 -0.030583700 0.999455474
17.223862 165.269105514 0.424244914 -0.006884819 -0.007182584 0.010657056 -0.031910794 0.999408094
17.324411 165.758542720 0.388381224 -0.012964576 -0.007414462 0.010922400 -0.033315746 0.999357688
17.423935 166.227020629 0.350092130 -0.015073540 -0.006680892 0.010993058 -0.035076658 0.999301830
17.524259 166.697386446 0.312524763 -0.016384975 -0.005930128 0.011656864 -0.036316889 0.999254740
17.624658 167.148306839 0.284742543 -0.011377145 -0.006731244 0.011929494 -0.037424096 0.999205592
17.725155 167.591857040 0.262267436 -0.011376435 -0.007718991 0.011329051 -0.037879579 0.999188274
17.826876 168.319705770 0.169430522 -0.026267202 -0.010094657 0.011835470 -0.038516579 0.999136874
17.928872 168.843795957 0.133283150 -0.026821417 -0.010941952 0.011967957 -0.037421021 0.999168008
18.029764 169.300115893 0.088876765 -0.025812961 -0.012102033 0.012646490 -0.035931652 0.999200942
18.130741 169.743607624 0.076911954 -0.030569773 -0.012903671 0.013001516 -0.032145907 0.999315314
18.231389 170.164120200 0.070690232 -0.034713162 -0.013551878 0.013011248 -0.027779185 0.999437527
18.332113 170.556232598 0.060639227 -0.037288654 -0.013812481 0.012882709 -0.023260642 0.999550996
18.433410 170.907523892 0.045179918 -0.037290908 -0.014774988 0.012885679 -0.018179426 0.999642520
18.534306 171.219404949 0.037832611 -0.042192157 -0.015665088 0.013103266 -0.013321650 0.999702677
18.637124 171.485422596 0.046557863 -0.046849141 -0.016246670 0.013242790 -0.008537797 0.999743857
18.739243 171.714196315 0.054246230 -0.049819002 -0.016887661 0.013357276 -0.004221697 0.999759255
18.812139 171.852303724 0.046423722 -0.052098420 -0.017241326 0.013560224 -0.001508803 0.999758261
18.965074 172.147375614 0.063021629 -0.054872060 -0.018416082 0.013261331 0.007059689 0.999717533
19.012044 172.184048477 0.053346412 -0.055136563 -0.018682358 0.012171720 0.008003142 0.999719345
19.112039 172.333541182 0.075736845 -0.057240894 -0.019157522 0.011767984 0.015688335 0.999624119
19.212063 172.494577929 0.088828578 -0.059240694 -0.019406084 0.012103204 0.023052819 0.999472603
19.365149 172.713632196 0.117095865 -0.061173547 -0.019981000 0.012691873 0.032103247 0.999204212
19.465147 172.831254810 0.128685984 -0.063268521 -0.020262838 0.013454641 0.036403008 0.999041146
19.565123 172.963114765 0.145443244 -0.068000743 -0.020778165 0.013474980 0.043021824 0.998767148
19.665172 173.100336714 0.165599021 -0.070476439 -0.021038847 0.013481304 0.049995665 0.998436806
19.765102 173.240430587 0.186702847 -0.072514996 -0.020878689 0.013559073 0.058004019 0.998005895
19.865124 173.393474839 0.216610117 -0.074266462 -0.020811736 0.013267363 0.066636514 0.997472017
19.965101 173.547974359 0.250168965 -0.079170222 -0.020595093 0.012481705 0.075409401 0.996861812
20.065176 173.714877494 0.283614499 -0.082198299 -0.020403126 0.011657857 0.085927011 0.996024275
20.165299 173.911067827 0.325525260 -0.086101526 -0.020239396 0.011209818 0.097514472 0.994965142
20.265249 174.118373243 0.370292239 -0.092828927 -0.020087875 0.011343520 0.109687331 0.993698390
20.312116 174.229024579 0.404631903 -0.094289999 -0.020370703 0.012245223 0.118521198 0.992667021
20.412142 174.474017228 0.486165255 -0.103636484 -0.020246613 0.011940421 0.136597351 0.990347749
20.512067 174.752845536 0.577935449 -0.113856488 -0.020056317 0.012038388 0.153315317 0.987900417
20.612014 175.020432933 0.678680492 -0.122758767 -0.019521903 0.012486557 0.169468230 0.985263163
20.712041 175.300905597 0.803304203 -0.133623737 -0.018646787 0.013192316 0.186065624 0.982271777
20.812042 175.586839252 0.936994830 -0.143935916 -0.017687624 0.013799899 0.204275767 0.978656284
20.912139 175.869752669 1.081258503 -0.155863856 -0.017329531 0.014061457 0.222688645 0.974634152
21.012116 176.149064569 1.238535845 -0.166360223 -0.017399464 0.014599408 0.242211821 0.969957499
21.112114 176.424056895 1.422020609 -0.179988724 -0.017362507 0.015445595 0.262193335 0.964735524
21.212239 176.682091363 1.632180235 -0.193149711 -0.017385666 0.016219362 0.281318179 0.959319943
21.312115 176.968943208 1.856275045 -0.204520891 -0.017599728 0.016666014 0.302191083 0.952939160
21.412234 177.257048802 2.111963002 -0.219570382 -0.018078897 0.016803792 0.323760787 0.945816969
21.512165 177.538309271 2.379604272 -0.238458043 -0.018183289 0.016818241 0.344253247 0.938550061
21.612340 177.814124809 2.676750294 -0.257305849 -0.017695066 0.017052091 0.364748576 0.930781708
21.712092 178.095418201 2.984149723 -0.277690858 -0.016825111 0.018420194 0.384084570 0.922960809
21.811989 178.365920181 3.321230790 -0.302824315 -0.016072967 0.020477513 0.403292605 0.914700719
21.937427 178.709111075 3.771589478 -0.330376686 -0.015814598 0.022437574 0.426823580 0.903918185
22.012095 178.870753073 4.014907957 -0.351328266 -0.015902421 0.022902049 0.436643039 0.899202683
22.126531 179.194331731 4.485548499 -0.388359368 -0.014297483 0.024988786 0.460670528 0.887104170
22.225483 179.452022943 4.892960270 -0.409346303 -0.013810664 0.026919455 0.477863682 0.877912814
22.325233 179.683300640 5.327698453 -0.437310458 -0.012793140 0.029547687 0.496202206 0.867609728
22.425481 179.905826178 5.803953472 -0.470805357 -0.012232224 0.030312147 0.514176913 0.857061053
22.525783 180.124938802 6.304219090 -0.497768639 -0.012294286 0.029315598 0.530949866 0.846806758
22.626578 180.339817952 6.827724839 -0.533947658 -0.011198113 0.028171083 0.547152648 0.836483695
22.726630 180.536559299 7.370359818 -0.573088733 -0.009226067 0.028194656 0.561271009 0.827100233
22.825109 180.718738344 7.910473102 -0.600688193 -0.006894766 0.028230596 0.573800083 0.818479664
22.917703 180.878684116 8.460868947 -0.621176349 -0.006289639 0.027606530 0.585349642 0.810286441
23.023041 181.045131852 9.097496510 -0.658576869 -0.007055430 0.026296519 0.598813682 0.800425442
23.121795 181.178027543 9.731940185 -0.693906736 -0.007256671 0.026048259 0.609575895 0.792266406
23.220523 181.317188566 10.377366412 -0.726685080 -0.007069601 0.026292871 0.620945815 0.783380495
23.319276 181.426707330 11.029568775 -0.752619980 -0.006754045 0.027218293 0.631802968 0.774621558
23.420646 181.535366637 11.717849516 -0.778474338 -0.008072097 0.026689442 0.641744431 0.766411508
23.521768 181.622194229 12.416773146 -0.811069356 -0.009774149 0.025951824 0.650306695 0.759165444
23.624465 181.703491883 13.150114198 -0.849180933 -0.010619696 0.025497889 0.657777425 0.752705745
23.723914 181.771535879 13.851696221 -0.877851581 -0.010654943 0.025161710 0.664170706 0.747081410
23.812318 181.820606718 14.500226205 -0.909080618 -0.010148060 0.025109797 0.668684673 0.743052706
23.921697 181.881403000 15.350587851 -0.947773047 -0.010361100 0.024949842 0.674679611 0.737616144
24.012168 181.925858721 16.017012314 -0.981682750 -0.011115679 0.024864115 0.677292065 0.735209953
24.112319 181.968052238 16.830428813 -1.023120403 -0.011743470 0.025454516 0.680954732 0.731788775
24.203256 182.014779147 17.561102310 -1.056557708 -0.012131957 0.025938124 0.683178367 0.729689899
24.320274 182.052185495 18.547495819 -1.108260357 -0.012621480 0.026781318 0.686343992 0.726674194
24.421270 182.082815787 19.326930073 -1.150486968 -0.012715387 0.028058702 0.688177203 0.724888381
24.521396 182.109668294 20.131947385 -1.186706998 -0.012828265 0.028928113 0.690011240 0.723106554
24.621022 182.127767174 20.943261150 -1.225205224 -0.012041399 0.028744173 0.691394554 0.721804924
24.721242 182.139061065 21.764889628 -1.269099397 -0.010863626 0.026939374 0.692184061 0.721136241
24.820996 182.166069001 22.586677987 -1.307451767 -0.009600353 0.025352842 0.692578181 0.720833219
25.000321 182.202576128 24.102722135 -1.375664083 -0.008621755 0.024688655 0.693798038 0.719694670
25.100122 182.224231379 24.644174776 -1.401307809 -0.009395712 0.023455864 0.694482341 0.719065936
25.199947 182.243761840 25.298837721 -1.424991522 -0.010625289 0.023685169 0.693718664 0.719778113
25.299797 182.278218033 26.065523508 -1.464155892 -0.012290764 0.024376368 0.692755569 0.720655570
25.313291 182.284409027 26.214325729 -1.470115249 -0.014139590 0.026515003 0.692140774 0.721136725
25.425062 182.339212755 27.499313871 -1.527860845 -0.014633649 0.025903122 0.691093174 0.722153107
25.525385 182.385094223 28.578246242 -1.574918338 -0.014070534 0.025455211 0.690803348 0.722457463
25.624237 182.418090598 29.503598478 -1.622589392 -0.013047697 0.025166711 0.690397119 0.722874963
25.722343 182.452015150 30.415863939 -1.663159202 -0.012081172 0.025824418 0.689633322 0.723597281
25.814634 182.493952728 31.267449177 -1.700876718 -0.012890057 0.026209585 0.689116368 0.724061831
25.922815 182.551089407 32.277976160 -1.756604440 -0.013724574 0.026589097 0.688446900 0.724669250
26.022442 182.592851925 33.190558793 -1.806552237 -0.013848848 0.026493237 0.687758357 0.725323900
26.122343 182.642794115 34.081817377 -1.854307405 -0.012921761 0.026339928 0.687122810 0.725948676
26.222519 182.690783755 34.982452419 -1.896952989 -0.012442048 0.025793510 0.686424126 0.726637330
26.312142 182.739900771 35.816885579 -1.936858797 -0.012780212 0.025596712 0.685722335 0.727300731
26.422517 182.803742551 36.925834998 -1.987531302 -0.013637059 0.026363381 0.684957405 0.727978267
26.523040 182.849562769 37.892045872 -2.033803558 -0.014630010 0.026647344 0.684378383 0.728493041
26.623718 182.898478555 38.864188413 -2.081219902 -0.014950212 0.026600847 0.683619789 0.729200158
26.723389 182.954469288 39.818316010 -2.131486574 -0.014897856 0.025749506 0.683065138 0.729751351
26.823890 183.018007861 40.779757732 -2.178708181 -0.015167151 0.025200151 0.682550753 0.730246109
26.913261 183.064810238 41.648533267 -2.222672577 -0.016055509 0.025450732 0.681855138 0.730868012
27.024263 183.145478545 42.796203720 -2.275379457 -0.018210058 0.025740704 0.680922681 0.731676235
27.129176 183.216917301 43.817984438 -2.341376758 -0.019682471 0.025514969 0.680031102 0.732474769
27.216979 183.280877796 44.651106198 -2.389496443 -0.019058174 0.026307297 0.679137009 0.733292326
27.316928 183.360649878 45.661879596 -2.445258470 -0.018449629 0.026657633 0.677851822 0.734483417
27.429124 183.455790643 46.821904438 -2.514595385 -0.018264535 0.027060848 0.676741501 0.735496470
27.526681 183.527999453 47.740540482 -2.560544736 -0.017392887 0.027116616 0.675925859 0.736265177
27.626880 183.604203349 48.737318553 -2.611684013 -0.017448691 0.025823492 0.674834163 0.737311022
27.715083 183.680448723 49.632347406 -2.649977798 -0.017054477 0.022797345 0.673952571 0.738225818
27.814884 183.767444957 50.686714783 -2.715673051 -0.017927632 0.020090144 0.672829671 0.739307257
27.912493 183.866483032 51.696454464 -2.767039411 -0.017810801 0.021577246 0.671520022 0.740458005
28.029122 183.982414873 52.932488765 -2.828806072 -0.019627817 0.024730378 0.670078890 0.741618122
28.126455 184.077441105 53.856176684 -2.880612720 -0.020343519 0.030111699 0.669056628 0.742322474
28.226453 184.176571294 54.831686457 -2.940343732 -0.020308663 0.031956949 0.668404201 0.742833855
28.323888 184.282162515 55.792842883 -3.011595923 -0.017711780 0.030923464 0.667378172 0.743865854
28.423665 184.394434816 56.816924866 -3.055670080 -0.016535481 0.029131824 0.666153155 0.745062339
28.525481 184.501460406 57.863046457 -3.115786351 -0.017782931 0.027589191 0.664916393 0.746196217
28.626084 184.610977867 58.894786204 -3.173970148 -0.017325510 0.027730352 0.663867289 0.747135247
28.725682 184.721275398 59.873267820 -3.232303129 -0.016070870 0.026909239 0.663124921 0.747852231
28.825611 184.834808106 60.861197541 -3.286705239 -0.014008642 0.025632327 0.662190381 0.748766079
28.926357 184.948938114 61.863550691 -3.331387355 -0.014064452 0.024316109 0.661321691 0.749576240
29.014710 185.056174735 62.763874660 -3.372604916 -0.016053031 0.024607464 0.660225545 0.750492507
29.113336 185.195310327 63.835227819 -3.425750561 -0.017237130 0.025358932 0.658982917 0.751532648
29.214558 185.333138053 64.934515280 -3.482958845 -0.016787245 0.025719332 0.658005954 0.752386117
29.314712 185.472524877 65.971395631 -3.534937309 -0.015828521 0.025964660 0.657260711 0.753049569
29.425810 185.630601032 67.147734547 -3.588908336 -0.015361883 0.026578617 0.656118704 0.754033047
29.525435 185.765627541 68.146929576 -3.638899959 -0.015990138 0.027220152 0.655423675 0.754601342
29.625459 185.903526306 69.169246620 -3.688491423 -0.016821770 0.027904846 0.654073264 0.755729127
29.726505 186.051290547 70.194193136 -3.748856158 -0.017632002 0.027622497 0.653033907 0.756619340
29.826707 186.201174351 71.235767399 -3.805803879 -0.017777842 0.027263234 0.651965704 0.757549592
29.930572 186.352575019 72.297706039 -3.865089793 -0.018243498 0.026935884 0.651054053 0.758333867
30.032087 186.500839607 73.320775095 -3.924521613 -0.018663172 0.026779458 0.650125741 0.759125199
30.133713 186.660341600 74.334733550 -3.985306426 -0.018683626 0.026575981 0.649021635 0.760076020
30.234309 186.811697000 75.345246082 -4.043668798 -0.018709453 0.026486469 0.648024691 0.760928658
30.333988 186.973554941 76.347738142 -4.100078515 -0.018495477 0.026629802 0.647102305 0.761713448
30.433735 187.143653693 77.377898369 -4.156998010 -0.018744847 0.027024853 0.646301327 0.762373191
30.533410 187.305434387 78.396021209 -4.214451771 -0.018268811 0.027676925 0.645421748 0.763106156
30.632886 187.485581664 79.429733540 -4.272548101 -0.018197368 0.028003316 0.644630014 0.763764895
30.730615 187.654180290 80.442056752 -4.327006394 -0.018279759 0.028664087 0.643596384 0.764609648
30.828996 187.826210128 81.460074809 -4.383341287 -0.018774935 0.028927892 0.642698559 0.765342564
30.926509 188.003421439 82.473524744 -4.441006279 -0.018790131 0.028743291 0.641835498 0.766073070
31.028225 188.189934962 83.548049865 -4.500564611 -0.018281219 0.028493134 0.640878225 0.766895716
31.131268 188.377785683 84.603157574 -4.551645222 -0.018892485 0.027721147 0.640082963 0.767573066
31.233863 188.559239094 85.641543225 -4.610853437 -0.019518464 0.026927887 0.639261014 0.768270313
31.335230 188.741531970 86.642353545 -4.664407725 -0.019837501 0.026451207 0.638512193 0.768901155
31.439143 188.932542641 87.682601167 -4.723043590 -0.020172671 0.026128125 0.637570080 0.769684856
31.539492 189.114262205 88.661014846 -4.780197269 -0.020433502 0.026754496 0.636642423 0.770423971
31.633160 189.282633865 89.573568805 -4.830405999 -0.020563912 0.027859741 0.635781949 0.771091611
31.733735 189.480722249 90.583083997 -4.888127116 -0.020148771 0.028670993 0.634615452 0.772033179
31.831838 189.673185157 91.557011241 -4.946132014 -0.019557024 0.028553195 0.634055146 0.772512984
31.930515 189.865250315 92.539125835 -5.003756573 -0.019691745 0.028499909 0.633345536 0.773093411
32.031317 190.068689230 93.536191175 -5.056842265 -0.020136202 0.028608164 0.632469619 0.773794732
32.133733 190.269252828 94.541238082 -5.115329496 -0.021301247 0.028408900 0.631758580 0.774351528
32.234435 190.457888976 95.518384519 -5.170073942 -0.021923452 0.028290248 0.630824074 0.775100001
32.338222 190.658286516 96.512594017 -5.229734421 -0.022363031 0.028234291 0.629858447 0.775874382
32.437773 190.852443327 97.456219306 -5.290156169 -0.022671906 0.028605513 0.629021092 0.776530859
32.539345 191.049713265 98.416407567 -5.350030964 -0.022987073 0.029076924 0.627955234 0.777366292
32.637849 191.247054565 99.340129354 -5.411636499 -0.023238884 0.029676074 0.627042085 0.778072946
32.737222 191.450650560 100.280325605 -5.470750111 -0.023114029 0.030311397 0.626121953 0.778792823
32.836501 191.650247862 101.211219601 -5.531578253 -0.021754829 0.030696040 0.625195495 0.779560821
32.933935 191.856370858 102.123009813 -5.587498381 -0.021008446 0.030765254 0.624127981 0.780433474
33.038096 192.071609379 103.120146913 -5.652130103 -0.021432426 0.029536676 0.622332362 0.781901955
33.135928 192.273618166 104.009958335 -5.713004273 -0.021161622 0.030208859 0.620447377 0.783380280
33.233932 192.485768286 104.917476454 -5.764548500 -0.020732242 0.030550029 0.618456214 0.784951452
33.334732 192.706866844 105.839235735 -5.822898316 -0.020239869 0.030605638 0.616720826 0.786326310
33.434831 192.921310906 106.759223198 -5.880701342 -0.019259134 0.030089866 0.614989668 0.787725456
33.538421 193.151944690 107.711089003 -5.939401804 -0.019378900 0.029239679 0.612891884 0.789387761
33.637825 193.378970221 108.597593057 -5.991616396 -0.019675390 0.030361299 0.610902805 0.790878520
33.737546 193.610768928 109.484435051 -6.041027378 -0.020561107 0.031656966 0.608856872 0.792381466
33.836776 193.843047958 110.355509412 -6.100100551 -0.020379931 0.032518004 0.606925099 0.793831948
33.936650 194.079460504 111.225395731 -6.160333851 -0.019369093 0.032543184 0.605096041 0.795251256
34.037970 194.325913645 112.119310415 -6.220327148 -0.018003928 0.032119640 0.603516669 0.796499728
34.139943 194.566134944 112.990626745 -6.271998874 -0.017039550 0.031481526 0.601964045 0.797720412
34.241634 194.806658608 113.835453865 -6.322694176 -0.017107826 0.030385989 0.600909368 0.798556163
34.311990 194.970034472 114.419437690 -6.356162187 -0.017971591 0.030168277 0.600145859 0.799119418
34.412146 195.248696045 115.383898511 -6.414115498 -0.019158608 0.030373005 0.598358640 0.800423242
34.512040 195.506786597 116.300654694 -6.464774798 -0.019683972 0.030743657 0.598055537 0.800622847
34.612191 195.752012363 117.153025679 -6.515243363 -0.019857609 0.030875272 0.597370281 0.801124921
34.711990 195.997279624 118.025472907 -6.566936027 -0.019236518 0.031001070 0.596683250 0.801647048
34.812092 196.233048600 118.844620499 -6.618789703 -0.018806164 0.031292534 0.596214865 0.801994352
34.912142 196.474537711 119.671778203 -6.664158317 -0.018532250 0.031551749 0.595892861 0.802229855
35.041237 196.776183339 120.694859009 -6.724706330 -0.018678892 0.032369710 0.596387154 0.801826455
35.140066 196.966506227 121.341102477 -6.761232116 -0.018087541 0.032356714 0.597002337 0.801382614
35.239793 197.175798677 122.069679319 -6.803394190 -0.018492236 0.032233543 0.596937752 0.801426451
35.347196 197.385715527 122.792612360 -6.847166236 -0.018558768 0.031827742 0.597319230 0.801156854
35.412140 197.487522990 123.186159038 -6.875782738 -0.019035922 0.031217005 0.597573232 0.800980253
35.600197 197.886668293 124.568236833 -6.959261729 -0.018391639 0.031526751 0.598389353 0.800373659
35.699848 197.982782345 124.927415140 -6.985817049 -0.018232080 0.031255419 0.599133648 0.799830958
35.799748 198.156926385 125.486748068 -7.014136396 -0.017481505 0.031309383 0.599772934 0.799366341
35.899649 198.331069087 126.069513130 -7.051373459 -0.016248603 0.031207528 0.601107650 0.798393178
35.999723 198.504965364 126.690321266 -7.084440792 -0.016051018 0.031608913 0.602621990 0.797238972
36.100047 198.686934811 127.346020168 -7.122986286 -0.016629005 0.032264993 0.603958537 0.796188754
36.100698 198.685736863 127.353700557 -7.124398346 -0.016628004 0.032260380 0.604023277 0.796139848
36.239463 199.035749103 128.633938583 -7.200617057 -0.017675774 0.033577826 0.606932409 0.793847055
36.336949 199.202742078 129.274059553 -7.235694146 -0.016312341 0.033914439 0.608437407 0.792709051
36.402337 199.341846956 129.852740999 -7.261039988 -0.015803053 0.034170810 0.609489843 0.791899457
36.502139 199.501544715 130.489621209 -7.298542959 -0.016383194 0.034068405 0.610732223 0.790934313
36.639918 199.704661115 131.328636058 -7.352711200 -0.017119478 0.034193933 0.612152189 0.789814786
36.739715 199.812843945 131.755699070 -7.377677329 -0.017056072 0.034226661 0.612793283 0.789317439
36.800673 199.801665077 131.695294120 -7.374625627 -0.017104306 0.034305985 0.612655086 0.789420223
37.000347 200.130144432 133.047584457 -7.459048542 -0.016980386 0.034973514 0.615635261 0.787071626
37.100372 200.187394246 133.280010311 -7.475433957 -0.016931830 0.034780144 0.615753070 0.786989079
37.138417 200.224691900 133.367750067 -7.480281568 -0.017517896 0.034420451 0.614598847 0.787893783
37.240691 200.373652137 133.940062200 -7.510233306 -0.018217756 0.033807926 0.615409162 0.787271681
37.344729 200.473204581 134.379254776 -7.535956996 -0.018303911 0.033225793 0.615027046 0.787593008
37.446921 200.572070408 134.802382139 -7.563010356 -0.017687227 0.033062737 0.614506349 0.788020282
37.544730 200.668781876 135.139205034 -7.585482811 -0.016702356 0.033492868 0.613491030 0.788814309
37.635330 200.745220520 135.480330452 -7.602301447 -0.015871922 0.034337725 0.611936989 0.790001344
37.708961 200.819650753 135.709483782 -7.617205133 -0.016293630 0.034855940 0.610682919 0.790939918
37.809087 200.926335363 136.039220246 -7.640145136 -0.017482290 0.034723107 0.609300559 0.791985798
37.909137 201.028667957 136.325487643 -7.664697777 -0.018028660 0.034783197 0.608411906 0.792653801
38.009091 201.105204240 136.606087858 -7.681923830 -0.016829276 0.035338570 0.607141768 0.793628903
38.109240 201.189608764 136.920872243 -7.695101972 -0.015731393 0.036075308 0.606083610 0.794426682
38.209192 201.266730011 137.161920916 -7.706466946 -0.015996292 0.036469241 0.605448242 0.794887753
38.309417 201.320751665 137.372955987 -7.716385917 -0.017121733 0.036041409 0.604364862 0.795707846
38.409518 201.390066604 137.576409931 -7.724853684 -0.018593498 0.035666172 0.604061124 0.795922336
38.509566 201.434533964 137.745604015 -7.741653122 -0.018951444 0.035099681 0.603361475 0.796469576
38.609669 201.415839307 137.770187363 -7.749606389 -0.017527943 0.034960157 0.602719103 0.796994506
38.709669 201.460264974 137.919211928 -7.758012167 -0.016034447 0.035394448 0.601940553 0.797594947
38.809845 201.320683134 137.759588305 -7.760967461 -0.015599244 0.036192454 0.600835452 0.798400607
38.909844 201.371717533 137.627885887 -7.769153442 -0.017042956 0.036130922 0.602799138 0.796892272
39.009946 201.395722571 137.590579427 -7.779957071 -0.018009563 0.035221804 0.603248568 0.796571557
39.109894 201.412504514 137.500988075 -7.789196971 -0.017602357 0.034432012 0.604881278 0.795376158
39.210074 201.429326256 137.584391833 -7.793280236 -0.016422540 0.034583888 0.604422016 0.795743854
39.310672 201.326003210 137.384181385 -7.794779571 -0.016018327 0.034768561 0.604352592 0.795796774
39.430716 201.267248705 137.343547835 -7.802655980 -0.016142895 0.034328565 0.604070133 0.796027783
39.530170 201.739101492 139.055234226 -7.808256762 -0.015876678 0.034374607 0.595772324 0.802260341
39.630516 201.758131990 139.109432379 -7.812118322 -0.015698794 0.034497770 0.595716324 0.802300139
39.730195 201.770949114 139.168146557 -7.814315195 -0.015761855 0.034516729 0.595485707 0.802469272
39.830992 201.791501614 139.209891327 -7.817783804 -0.016048460 0.034449093 0.595302879 0.802602136
39.929917 201.799339876 139.236367630 -7.820352883 -0.016051229 0.034557095 0.595346825 0.802564841
40.030391 201.811507639 139.258010204 -7.821703634 -0.015664615 0.034856311 0.594911891 0.802881996
40.129372 201.816060237 139.277905738 -7.821489446 -0.015527615 0.035001534 0.594887404 0.802896483
40.229771 201.815240744 139.280744843 -7.821262833 -0.015587003 0.034846475 0.594827500 0.802946458
40.330246 201.806987720 139.284869171 -7.821294061 -0.015492850 0.034111775 0.594805769 0.802995925
40.429369 201.804636809 139.286070186 -7.820365647 -0.015125789 0.033420621 0.594945897 0.802928173
40.529020 201.804929848 139.278168393 -7.819428169 -0.015094582 0.033525980 0.594768077 0.803056098
40.629473 201.810328007 139.270267240 -7.817602481 -0.015044743 0.033925384 0.594658977 0.803121053
40.729643 201.808882084 139.266251169 -7.815415710 -0.015074482 0.033941837 0.594718137 0.803075992
40.829048 201.806583557 139.275261332 -7.817012916 -0.015204990 0.033785171 0.594781767 0.803033013
40.929844 201.804107210 139.276534559 -7.819597824 -0.015124127 0.033740104 0.594834556 0.802997333
41.028399 201.806678978 139.271876998 -7.818984823 -0.015032755 0.033703620 0.594795605 0.803029433
41.128026 201.802681994 139.279354695 -7.818625391 -0.014905851 0.033781668 0.594581597 0.803186989
41.229272 201.802411272 139.277198890 -7.819119983 -0.015013984 0.033730013 0.594737844 0.803071456
41.329644 201.801678537 139.279275689 -7.821637878 -0.014863925 0.033564026 0.594730078 0.803086953
41.430942 201.803234063 139.280388619 -7.819825762 -0.014997318 0.033717450 0.594697556 0.803102130
41.529971 201.801565548 139.285073462 -7.822474010 -0.014829163 0.033569736 0.594605010 0.803179962
41.629322 201.803045269 139.282089001 -7.819049066 -0.014982506 0.033757346 0.594657618 0.803130303
41.730344 201.801848519 139.282497108 -7.819716940 -0.015030461 0.033709707 0.594640840 0.803143830
41.829970 201.802008595 139.282847706 -7.820561043 -0.014924799 0.033679601 0.594575013 0.803195798
41.929322 201.801937053 139.284365390 -7.819634037 -0.015031365 0.033724134 0.594681200 0.803113324
42.029171 201.798920777 139.283226516 -7.819184114 -0.014998987 0.033718416 0.594825804 0.803007074
42.129922 201.802575580 139.287830133 -7.820068720 -0.015003679 0.033734906 0.594683998 0.803111317
42.229318 201.807933066 139.285038881 -7.819519794 -0.015056778 0.033718609 0.594708576 0.803092808
42.329372 201.814152350 139.282899862 -7.819409524 -0.014982106 0.033708113 0.594733638 0.803076085
42.429596 201.814705458 139.284064652 -7.818672760 -0.014965646 0.033710841 0.594692008 0.803107106
42.529975 201.808091676 139.285964688 -7.819530624 -0.015005546 0.033690047 0.594765676 0.803052679
42.630670 201.804804273 139.287653208 -7.819763908 -0.015012701 0.033736331 0.594645982 0.803139238
42.729171 201.806643723 139.283726105 -7.818993362 -0.015008495 0.033735942 0.594807295 0.803019871
42.829124 201.811022377 139.282823017 -7.819212850 -0.014993340 0.033709036 0.594589659 0.803182444
42.928898 201.806344353 139.274562978 -7.818963923 -0.015004277 0.033730362 0.594607622 0.803168046
43.029272 201.802311701 139.278169027 -7.820400377 -0.015019751 0.033720746 0.594648655 0.803137781
43.130517 201.798825380 139.280852304 -7.819944881 -0.014927854 0.033707236 0.594520377 0.803235024
43.230544 201.799892569 139.285405380 -7.819916936 -0.014984310 0.033715492 0.594655250 0.803133781
43.330120 201.800720530 139.285785938 -7.819901169 -0.014979535 0.033727125 0.594643628 0.803141986
43.430295 201.802958594 139.280352824 -7.819905796 -0.014994543 0.033704336 0.594600109 0.803174882
43.529317 201.801162550 139.281558615 -7.820267939 -0.014966214 0.033726838 0.594641369 0.803143919
43.629097 201.799819793 139.280574026 -7.820101621 -0.014967725 0.033740253 0.594632007 0.803150259
43.729624 201.796396499 139.276410057 -7.819907303 -0.015040326 0.033707285 0.594715120 0.803088745
43.828948 201.803614772 139.277705646 -7.821124863 -0.014937744 0.033739276 0.594677147 0.803117436
43.928843 201.805038568 139.286035367 -7.820679942 -0.014956417 0.033699472 0.594648634 0.803139872
44.029548 201.805268027 139.275360820 -7.819703452 -0.014955875 0.033728927 0.594509679 0.803241510
