1.417577 0.830136 -0.000173 0.008966 0.001104 -0.000535 -0.000268 0.999999
1.517629 1.800394 0.001628 0.017630 0.000930 -0.000484 -0.000207 0.999999
1.617630 2.558996 0.005355 0.028420 0.001532 0.000378 0.000620 0.999999
1.717730 3.582580 0.010632 0.039760 0.001045 0.000959 0.000436 0.999999
1.817630 4.600680 0.011736 0.051846 0.002403 0.001506 0.000299 0.999996
1.917653 5.639348 0.016547 0.068948 0.002451 0.001759 0.000463 0.999995
2.017630 6.688066 0.017906 0.078838 0.001522 0.000419 0.000638 0.999999
2.115563 7.723764 0.022184 0.088673 0.002413 -0.001109 0.000932 0.999996
2.217729 8.810627 0.027972 0.100827 0.002274 -0.000644 0.000998 0.999997
2.319423 9.878636 0.039148 0.115898 0.000852 0.000336 0.000936 0.999999
2.419845 10.928403 0.045316 0.128207 -0.000422 0.000995 0.000798 0.999999
2.520421 11.997174 0.054047 0.139972 -0.001492 0.001757 0.000790 0.999997
2.620971 13.065547 0.063275 0.154109 -0.002762 0.001822 0.000849 0.999994
2.721021 14.125010 0.070965 0.164736 -0.004170 0.000766 0.001151 0.999990
2.817703 15.154960 0.086640 0.165852 -0.004887 -0.000301 0.001620 0.999987
2.922265 16.291773 0.100022 0.176873 -0.006297 0.000153 0.001799 0.999979
3.023438 17.353943 0.109353 0.186458 -0.007550 0.001441 0.002135 0.999968
3.124358 18.424140 0.124189 0.195733 -0.008803 0.002033 0.002479 0.999956
3.224186 19.484862 0.138447 0.194449 -0.009135 0.001717 0.002904 0.999953
3.323938 20.561545 0.151502 0.197371 -0.009098 0.001524 0.003446 0.999952
3.424287 21.645637 0.166797 0.204846 -0.008971 0.001867 0.004008 0.999950
3.523887 22.712644 0.178954 0.210555 -0.008976 0.002121 0.004563 0.999947
3.623813 23.792960 0.198002 0.221833 -0.008996 0.002065 0.004861 0.999946
3.723936 24.876218 0.219255 0.222887 -0.009577 0.002429 0.004688 0.999940
3.823841 25.969943 0.232313 0.231038 -0.009785 0.003374 0.003951 0.999939
3.915008 26.971078 0.244962 0.234788 -0.010324 0.003679 0.003045 0.999935
4.024185 28.252607 0.252712 0.229717 -0.010254 0.003116 0.001396 0.999942
4.123339 29.293687 0.258175 0.232107 -0.009475 0.002783 0.000709 0.999951
4.222892 30.398247 0.260301 0.229680 -0.009100 0.003031 -0.000656 0.999954
4.322692 31.521502 0.262743 0.233981 -0.008386 0.003714 -0.001819 0.999956
4.422495 32.646345 0.258714 0.244780 -0.007623 0.003934 -0.002848 0.999959
4.522739 33.769797 0.257606 0.247112 -0.007853 0.003489 -0.003954 0.999955
4.621698 34.893274 0.244971 0.242347 -0.007118 0.003045 -0.004898 0.999958
4.721745 36.042149 0.236323 0.243332 -0.006813 0.002934 -0.005657 0.999956
4.821444 37.181017 0.223478 0.245826 -0.005336 0.003563 -0.006486 0.999958
4.921342 38.329708 0.206395 0.262005 -0.003700 0.003880 -0.007072 0.999961
5.020670 39.467246 0.191919 0.269044 -0.003162 0.002004 -0.007408 0.999966
5.119525 40.599591 0.173011 0.270831 -0.002791 -0.000337 -0.007523 0.999968
5.220200 41.768914 0.158111 0.283804 -0.003548 -0.000248 -0.007916 0.999962
5.321018 42.927794 0.148255 0.291299 -0.004596 0.001320 -0.008538 0.999952
5.421868 44.080101 0.135113 0.302289 -0.004498 0.002226 -0.008911 0.999948
5.522319 45.220924 0.115256 0.306008 -0.004028 0.002098 -0.008885 0.999950
5.621792 46.356027 0.094195 0.311512 -0.003076 0.001984 -0.008869 0.999954
5.721841 47.499058 0.074666 0.320109 -0.002519 0.002159 -0.008490 0.999958
5.821765 48.646336 0.052809 0.333856 -0.001798 0.002587 -0.007785 0.999965
5.922140 49.793614 0.046562 0.343920 -0.002247 0.002620 -0.006931 0.999970
6.021621 50.925883 0.037304 0.349540 -0.002704 0.002272 -0.006089 0.999975
6.122141 52.075351 0.027920 0.354031 -0.003631 0.002789 -0.005276 0.999976
6.223388 53.233860 0.022094 0.365098 -0.004942 0.003959 -0.004473 0.999970
6.324511 54.387985 0.023275 0.372986 -0.006017 0.004410 -0.003590 0.999966
6.425759 55.525270 0.023783 0.375465 -0.007375 0.003682 -0.002782 0.999962
6.526379 56.670792 0.027121 0.377620 -0.008558 0.002917 -0.001581 0.999958
6.628050 57.830518 0.029654 0.380162 -0.009514 0.002603 -0.000677 0.999951
6.728899 58.971660 0.037400 0.386026 -0.010398 0.002187 0.000192 0.999944
6.829197 60.115173 0.045972 0.386138 -0.010689 0.001662 0.001297 0.999941
6.934534 61.319528 0.057691 0.393108 -0.010865 0.001819 0.002068 0.999937
7.040789 62.495383 0.068799 0.400825 -0.010992 0.002728 0.002649 0.999932
7.112142 63.268481 0.077058 0.403116 -0.010944 0.003487 0.003272 0.999929
7.230321 64.805933 0.089789 0.411937 -0.011130 0.004062 0.004157 0.999921
7.327476 65.867819 0.113791 0.407015 -0.011027 0.003832 0.005440 0.999917
7.430795 67.072013 0.131381 0.407365 -0.011094 0.004334 0.005487 0.999914
7.536357 68.282673 0.149757 0.407836 -0.010754 0.005396 0.006302 0.999908
7.625084 69.271367 0.167951 0.401983 -0.010159 0.006292 0.006990 0.999904
7.724436 70.476871 0.183561 0.401407 -0.009287 0.007079 0.008008 0.999900
7.824286 71.667951 0.209543 0.398952 -0.008730 0.007047 0.009065 0.999896
7.916807 72.761056 0.236669 0.392185 -0.008736 0.006423 0.010146 0.999890
8.024234 74.085013 0.272830 0.390743 -0.008842 0.006219 0.011013 0.999881
8.124538 75.232603 0.309457 0.384139 -0.009276 0.006371 0.012298 0.999861
8.224510 76.380917 0.350016 0.384865 -0.009771 0.006229 0.012724 0.999852
8.323466 77.542110 0.381830 0.376016 -0.009636 0.006000 0.012852 0.999853
8.422567 78.714706 0.412320 0.371018 -0.009177 0.006413 0.012957 0.999853
8.521517 79.886747 0.440839 0.370034 -0.007876 0.006927 0.012614 0.999865
8.621344 81.061081 0.468525 0.368085 -0.006816 0.007109 0.012938 0.999868
8.720399 82.218346 0.496476 0.364189 -0.005595 0.007277 0.012431 0.999881
8.820148 83.378036 0.524804 0.364138 -0.004774 0.007814 0.011758 0.999889
8.920572 84.550874 0.559463 0.364470 -0.004594 0.007847 0.010786 0.999900
9.017630 85.681002 0.578427 0.360931 -0.003538 0.007169 0.009717 0.999921
9.119102 86.873721 0.600146 0.363428 -0.003289 0.006390 0.007984 0.999942
9.218876 88.018802 0.618741 0.362339 -0.003559 0.004836 0.006976 0.999958
9.317505 89.148064 0.637951 0.361605 -0.003276 0.003751 0.005763 0.999971
9.417631 90.294195 0.653561 0.366671 -0.003338 0.004364 0.004377 0.999975
9.519251 91.461504 0.673557 0.370611 -0.003897 0.005933 0.003182 0.999970
9.619473 92.607423 0.694186 0.367153 -0.003915 0.006632 0.002497 0.999967
9.719150 93.739183 0.694288 0.366918 -0.003635 0.006593 0.001989 0.999970
9.819003 94.869159 0.705737 0.362321 -0.002886 0.006266 0.001594 0.999975
9.915511 95.975646 0.713469 0.363047 -0.002620 0.006219 0.001800 0.999976
10.017580 97.170806 0.724228 0.363769 -0.002606 0.006553 0.001953 0.999973
10.119572 98.340410 0.736063 0.362226 -0.003403 0.006629 0.002160 0.999970
10.219994 99.490090 0.748519 0.363783 -0.003795 0.006599 0.002331 0.999968
10.320869 100.630859 0.759324 0.358428 -0.005428 0.006654 0.002817 0.999959
10.420993 101.773338 0.777095 0.355108 -0.006197 0.006399 0.003045 0.999956
10.521144 102.919204 0.792923 0.353794 -0.007097 0.006382 0.003469 0.999948
10.621843 104.068558 0.807610 0.351540 -0.008167 0.006755 0.003589 0.999937
10.722839 105.219244 0.819968 0.347458 -0.009633 0.007281 0.003425 0.999921
10.802027 106.109559 0.827627 0.344541 -0.010183 0.007492 0.003675 0.999913
10.923785 107.618590 0.849260 0.343045 -0.011994 0.007173 0.004138 0.999894
11.024536 108.683183 0.863215 0.337587 -0.012956 0.006753 0.003553 0.999887
11.126007 109.798825 0.873720 0.335077 -0.013443 0.006287 0.003617 0.999883
11.226052 110.893320 0.885616 0.334151 -0.013979 0.006332 0.003638 0.999876
11.327803 112.023776 0.892887 0.332026 -0.014348 0.007277 0.003645 0.999864
11.427101 113.123449 0.907840 0.332807 -0.014784 0.008031 0.003387 0.999853
11.528623 114.257084 0.931783 0.331265 -0.015528 0.007987 0.003485 0.999841
11.629150 115.360489 0.943562 0.325355 -0.016479 0.007478 0.003149 0.999831
11.728924 116.458428 0.955298 0.320927 -0.016965 0.007740 0.002863 0.999822
11.828525 117.563276 0.970193 0.317016 -0.017238 0.008330 0.002739 0.999813
11.927403 118.655851 0.981090 0.307903 -0.017343 0.009309 0.002256 0.999804
12.026183 119.752533 0.992229 0.300558 -0.016200 0.010652 0.002018 0.999810
12.125157 120.855077 0.994740 0.296392 -0.015122 0.011153 0.001675 0.999822
12.222941 121.933158 1.002890 0.279948 -0.014216 0.010293 0.001702 0.999845
12.322840 123.038855 1.007857 0.269661 -0.013469 0.009846 0.001718 0.999859
12.422191 124.123302 1.009651 0.268737 -0.011952 0.010369 0.001355 0.999874
12.522840 125.225027 1.018187 0.259917 -0.012070 0.011803 0.001195 0.999857
12.621791 126.284338 1.020984 0.244034 -0.011446 0.012141 0.001124 0.999860
12.721042 127.353266 1.035096 0.233897 -0.010876 0.011839 0.001297 0.999870
12.820399 128.411221 1.040494 0.219696 -0.010529 0.011886 0.001301 0.999873
12.920947 129.483262 1.044361 0.210254 -0.010321 0.012508 0.001121 0.999868
13.020843 130.533049 1.052376 0.195687 -0.010279 0.013323 0.000956 0.999858
13.120720 131.579174 1.055845 0.182325 -0.010432 0.013885 0.000786 0.999849
13.221143 132.633403 1.062170 0.167986 -0.009425 0.013970 0.000675 0.999858
13.320771 133.676282 1.065567 0.160175 -0.008023 0.013094 0.000196 0.999882
13.420293 134.702512 1.067269 0.147724 -0.007062 0.011478 0.000087 0.999909
13.501877 135.542412 1.066025 0.137176 -0.005562 0.009813 -0.000379 0.999936
13.618927 136.853305 1.066508 0.131354 -0.004840 0.008062 -0.000974 0.999955
13.717656 137.799645 1.067289 0.122213 -0.004526 0.007286 -0.000054 0.999963
13.819000 138.815510 1.074222 0.120103 -0.004508 0.007640 -0.000906 0.999960
13.919921 139.810232 1.078599 0.118619 -0.005048 0.009176 -0.001417 0.999944
14.020822 140.806450 1.088260 0.119847 -0.006231 0.010523 -0.002165 0.999923
14.121092 141.789142 1.091406 0.111948 -0.007974 0.010669 -0.002985 0.999907
14.221519 142.780691 1.094250 0.103483 -0.008701 0.009803 -0.003946 0.999906
14.321717 143.752073 1.093004 0.096269 -0.009473 0.008870 -0.005047 0.999903
14.421047 144.710742 1.086595 0.090753 -0.009762 0.008151 -0.005988 0.999901
14.504034 145.501989 1.081451 0.085986 -0.010279 0.008002 -0.006853 0.999892
14.603937 146.535733 1.070273 0.082491 -0.010070 0.008940 -0.008433 0.999874
14.703888 147.502478 1.045787 0.081180 -0.009284 0.010235 -0.008820 0.999866
14.803839 148.446436 1.033146 0.078819 -0.009298 0.011811 -0.009896 0.999838
15.000247 150.242722 1.003211 0.068856 -0.008180 0.012358 -0.012072 0.999817
15.099747 150.729214 0.978267 0.063978 -0.008433 0.012048 -0.009584 0.999846
15.199798 151.399055 0.971081 0.060427 -0.008410 0.012090 -0.012113 0.999818
15.299897 152.123915 0.960022 0.055002 -0.008424 0.011255 -0.013769 0.999806
15.400022 152.887436 0.943044 0.045799 -0.008828 0.010747 -0.015081 0.999790
15.400673 152.907887 0.943370 0.044619 -0.008797 0.010733 -0.014998 0.999791
15.522864 154.150003 0.902669 0.037912 -0.009264 0.011424 -0.019430 0.999703
15.622515 155.040201 0.860162 0.038657 -0.007867 0.011927 -0.017875 0.999738
15.722087 155.898606 0.840639 0.038450 -0.007588 0.012390 -0.017544 0.999741
15.822463 156.727894 0.816331 0.032702 -0.007821 0.011924 -0.017812 0.999740
15.922516 157.510586 0.788748 0.022797 -0.008266 0.011007 -0.018069 0.999742
16.022142 158.271895 0.766695 0.014511 -0.007390 0.010036 -0.018065 0.999759
16.121867 158.984369 0.734400 0.012722 -0.006835 0.010092 -0.018831 0.999748
16.222265 159.676645 0.719578 0.010335 -0.007100 0.010515 -0.019550 0.999728
16.322863 160.341458 0.697732 0.010745 -0.007086 0.011273 -0.020030 0.999711
16.423288 160.965292 0.674900 0.008678 -0.007169 0.011588 -0.021040 0.999686
16.522940 161.579009 0.652349 0.009647 -0.007348 0.011517 -0.022004 0.999665
16.623115 162.169976 0.630303 0.003739 -0.007898 0.010546 -0.023388 0.999640
16.723285 162.747511 0.603872 0.000245 -0.007352 0.009625 -0.024949 0.999615
16.822591 163.307543 0.574450 -0.005178 -0.006668 0.009373 -0.026355 0.999586
16.923188 163.861484 0.542109 -0.004406 -0.006048 0.009740 -0.028046 0.999541
17.023863 164.395998 0.511326 -0.005922 -0.006725 0.009874 -0.029686 0.999488
17.123887 164.917612 0.486371 -0.003598 -0.007276 0.010022 -0.031316 0.999433
17.223862 165.421318 0.453089 -0.006885 -0.007174 0.010663 -0.032694 0.999383
17.324411 165.909438 0.415127 -0.012965 -0.007406 0.010928 -0.034101 0.999331
17.423935 166.375467 0.375826 -0.015074 -0.006672 0.010998 -0.035870 0.999274
17.524259 166.843143 0.337152 -0.016385 -0.005921 0.011662 -0.037116 0.999225
17.624658 167.291856 0.308011 -0.011377 -0.006722 0.011935 -0.038218 0.999176
17.725155 167.733029 0.284798 -0.011376 -0.007710 0.011335 -0.038703 0.999157
17.826876 168.460535 0.191074 -0.026267 -0.010085 0.011844 -0.039328 0.999105
17.928872 168.983798 0.154532 -0.026821 -0.010933 0.011976 -0.038197 0.999139
18.029764 169.463828 0.105974 -0.025813 -0.012095 0.012653 -0.036508 0.999180
18.130741 169.915771 0.095137 -0.030570 -0.012899 0.013006 -0.032529 0.999303
18.231389 170.340503 0.090921 -0.034713 -0.013549 0.013014 -0.028004 0.999431
18.332113 170.737231 0.081885 -0.037289 -0.013810 0.012885 -0.023452 0.999547
18.433410 171.091839 0.072556 -0.037291 -0.014776 0.012884 -0.018079 0.999644
18.534306 171.403296 0.071942 -0.042192 -0.015670 0.013097 -0.012940 0.999708
18.637124 171.666912 0.085932 -0.046849 -0.016256 0.013231 -0.007841 0.999750
18.739243 171.882773 0.095317 -0.049819 -0.016900 0.013342 -0.003312 0.999763
18.812139 171.996427 0.094905 -0.052098 -0.017256 0.013541 -0.000399 0.999759
18.965074 172.268407 0.117602 -0.054872 -0.018432 0.013239 0.008295 0.999708
19.012044 172.291270 0.111180 -0.055137 -0.018696 0.012151 0.009123 0.999710
19.112039 172.434408 0.137093 -0.057241 -0.019174 0.011740 0.017130 0.999600
19.212063 172.573876 0.151733 -0.059241 -0.019412 0.012093 0.023571 0.999461
19.365149 172.786765 0.181229 -0.061174 -0.019987 0.012683 0.032547 0.999190
19.465147 172.893191 0.195008 -0.063269 -0.020267 0.013448 0.036707 0.999030
19.565123 173.020347 0.212061 -0.068001 -0.020781 0.013471 0.043224 0.998758
19.665172 173.152514 0.234480 -0.070476 -0.021040 0.013480 0.050059 0.998434
19.765102 173.285008 0.255752 -0.072515 -0.020875 0.013564 0.057747 0.998021
19.865124 173.432375 0.285709 -0.074266 -0.020803 0.013280 0.066016 0.997513
19.965101 173.582475 0.317820 -0.079170 -0.020585 0.012499 0.074580 0.996924
20.065176 173.743797 0.352561 -0.082198 -0.020388 0.011684 0.084674 0.996132
20.165299 173.927894 0.395372 -0.086102 -0.020219 0.011246 0.095741 0.995137
20.265249 174.124927 0.439821 -0.092829 -0.020062 0.011389 0.107433 0.993945
20.312116 174.233079 0.472706 -0.094290 -0.020340 0.012297 0.116009 0.992964
20.412142 174.475032 0.552894 -0.103636 -0.020213 0.011997 0.133827 0.990726
20.512067 174.733397 0.637708 -0.113856 -0.020007 0.012120 0.149269 0.988520
20.612014 175.003904 0.742627 -0.122759 -0.019477 0.012557 0.165928 0.985866
20.712041 175.289908 0.871873 -0.133624 -0.018606 0.013250 0.183028 0.982842
20.812042 175.579917 1.011381 -0.143936 -0.017652 0.013846 0.201718 0.979187
20.912139 175.868803 1.162339 -0.155864 -0.017302 0.014095 0.220811 0.975061
21.012116 176.158385 1.326665 -0.166360 -0.017384 0.014618 0.241152 0.970222
21.112114 176.449370 1.517777 -0.179989 -0.017361 0.015447 0.262127 0.964754
21.212239 176.742316 1.731106 -0.193150 -0.017413 0.016190 0.282951 0.958840
21.312115 177.028356 1.958774 -0.204521 -0.017628 0.016636 0.303831 0.952418
21.412234 177.316164 2.217244 -0.219570 -0.018108 0.016772 0.325424 0.945246
21.512165 177.598380 2.487381 -0.238458 -0.018214 0.016784 0.345994 0.937910
21.612340 177.874838 2.787214 -0.257306 -0.017728 0.017018 0.366556 0.930071
21.712092 178.156426 3.097968 -0.277691 -0.016862 0.018386 0.385951 0.922182
21.811989 178.426415 3.439062 -0.302824 -0.016115 0.020444 0.405180 0.913866
21.937427 178.767722 3.894451 -0.330377 -0.015860 0.022406 0.428639 0.903059
22.012095 178.927617 4.142812 -0.351328 -0.015946 0.022871 0.438373 0.898361
22.126531 179.264736 4.631518 -0.388359 -0.014369 0.024947 0.463225 0.885773
22.225483 179.518052 5.044673 -0.409346 -0.013878 0.026885 0.480067 0.876710
22.325233 179.755480 5.489548 -0.437310 -0.012884 0.029508 0.498875 0.866075
22.425481 179.983470 5.975721 -0.470805 -0.012334 0.030271 0.517049 0.855332
22.525783 180.206984 6.486073 -0.497769 -0.012402 0.029270 0.534061 0.844848
22.626578 180.426406 7.023748 -0.533948 -0.011310 0.028126 0.550474 0.834301
22.726630 180.626655 7.580472 -0.573089 -0.009346 0.028155 0.564781 0.824707
22.825109 180.810876 8.135140 -0.600688 -0.007021 0.028199 0.577458 0.815903
22.917703 180.968911 8.683677 -0.621176 -0.006405 0.027580 0.588727 0.807836
23.023041 181.141278 9.335624 -0.658577 -0.007173 0.026265 0.602380 0.797745
23.121795 181.273528 9.966002 -0.693907 -0.007362 0.026019 0.612789 0.789783
23.220523 181.412066 10.614017 -0.726685 -0.007173 0.026265 0.624034 0.780923
23.319276 181.519912 11.265802 -0.752620 -0.006855 0.027193 0.634667 0.772277
23.420646 181.624569 11.950681 -0.778474 -0.008163 0.026662 0.644353 0.764220
23.521768 181.707273 12.644972 -0.811069 -0.009855 0.025921 0.652660 0.757144
23.624465 181.785242 13.374534 -0.849181 -0.010692 0.025468 0.659914 0.750833
23.723914 181.848412 14.074354 -0.877852 -0.010720 0.025134 0.666114 0.745349
23.812318 181.893009 14.720906 -0.909081 -0.010211 0.025084 0.670538 0.741380
23.921697 181.945822 15.585826 -0.947773 -0.010418 0.024926 0.676366 0.736070
24.012168 181.985813 16.245149 -0.981683 -0.011165 0.024842 0.678750 0.733864
24.112319 182.023407 17.062635 -1.023120 -0.011789 0.025433 0.682275 0.730558
24.203256 182.066652 17.788448 -1.056558 -0.012172 0.025920 0.684295 0.728643
24.320274 182.100697 18.772529 -1.108260 -0.012656 0.026765 0.687286 0.725784
24.421270 182.127799 19.538106 -1.150487 -0.012745 0.028045 0.688934 0.724169
24.521396 182.152229 20.344118 -1.186707 -0.012853 0.028917 0.690627 0.722518
24.621022 182.169694 21.151076 -1.225205 -0.012060 0.028736 0.691865 0.721354
24.721242 182.180504 21.971865 -1.269099 -0.010877 0.026934 0.692549 0.720786
24.820996 182.206927 22.805595 -1.307452 -0.009611 0.025349 0.692883 0.720541
25.000321 182.243538 24.321617 -1.375664 -0.008629 0.024686 0.694000 0.719500
25.100122 182.265671 24.882994 -1.401308 -0.009400 0.023454 0.694620 0.718933
25.199947 182.288381 25.596618 -1.424992 -0.010625 0.023685 0.693709 0.719788
25.299797 182.322837 26.363303 -1.464156 -0.012290 0.024377 0.692745 0.720665
25.313291 182.330801 26.514337 -1.470115 -0.014133 0.026518 0.691967 0.721303
25.425062 182.384453 27.789636 -1.527861 -0.014627 0.025907 0.690914 0.722325
25.525385 182.420622 28.743063 -1.574918 -0.014068 0.025457 0.690730 0.722528
25.624237 182.455134 29.688106 -1.622589 -0.013045 0.025168 0.690317 0.722952
25.722343 182.489118 30.610644 -1.663159 -0.012079 0.025825 0.689574 0.723653
25.814634 182.529538 31.472802 -1.700877 -0.012887 0.026211 0.689027 0.724147
25.922815 182.585805 32.509036 -1.756604 -0.013719 0.026592 0.688291 0.724818
26.022442 182.628166 33.437565 -1.806552 -0.013843 0.026497 0.687585 0.725488
26.122343 182.679317 34.354746 -1.854307 -0.012914 0.026344 0.686900 0.726160
26.222519 182.730785 35.281441 -1.896953 -0.012435 0.025797 0.686220 0.726830
26.312142 182.779920 36.122199 -1.936859 -0.012775 0.025599 0.685580 0.727435
26.422517 182.843023 37.219583 -1.987531 -0.013631 0.026366 0.684799 0.728128
26.523040 182.890680 38.171093 -2.033804 -0.014626 0.026649 0.684277 0.728589
26.623718 182.939883 39.141578 -2.081220 -0.014946 0.026603 0.683495 0.729317
26.723389 182.995820 40.097857 -2.131487 -0.014893 0.025752 0.682940 0.729869
26.823890 183.061764 41.072403 -2.178708 -0.015164 0.025202 0.682474 0.730318
26.913261 183.108936 41.942856 -2.222673 -0.016054 0.025452 0.681804 0.730916
27.024263 183.189930 43.093039 -2.275379 -0.018209 0.025742 0.680890 0.731706
27.129176 183.260866 44.107729 -2.341377 -0.019683 0.025515 0.680034 0.732473
27.216979 183.325639 44.947334 -2.389496 -0.019059 0.026306 0.679172 0.733260
27.316928 183.407397 45.982600 -2.445258 -0.018452 0.026656 0.677914 0.734426
27.429124 183.499613 47.132768 -2.514595 -0.018265 0.027060 0.676765 0.735475
27.526681 183.571822 48.051404 -2.560545 -0.017394 0.027116 0.675949 0.736244
27.626880 183.647860 49.058297 -2.611684 -0.017448 0.025824 0.674803 0.737340
27.715083 183.722965 49.952950 -2.649978 -0.017052 0.022799 0.673881 0.738291
27.814884 183.813195 51.019304 -2.715673 -0.017926 0.020091 0.672780 0.739353
27.912493 183.909745 52.032382 -2.767039 -0.017806 0.021581 0.671365 0.740598
28.029122 184.023733 53.255957 -2.828806 -0.019623 0.024734 0.669926 0.741757
28.126455 184.115888 54.160718 -2.880613 -0.020336 0.030117 0.668876 0.742485
28.226453 184.217902 55.152047 -2.940344 -0.020302 0.031961 0.668245 0.742977
28.323888 184.324765 56.122920 -3.011596 -0.017705 0.030927 0.667212 0.744014
28.423665 184.440795 57.144933 -3.055670 -0.016533 0.029133 0.666092 0.745117
28.525481 184.551058 58.191337 -3.115786 -0.017782 0.027590 0.664878 0.746230
28.626084 184.664183 59.219514 -3.173970 -0.017326 0.027730 0.663874 0.747129
28.725682 184.777420 60.211592 -3.232303 -0.016071 0.026909 0.663119 0.747858
28.825611 184.893957 61.215909 -3.286705 -0.014007 0.025633 0.662135 0.748815
28.926357 185.012015 62.236510 -3.331387 -0.014062 0.024317 0.661248 0.749641
29.014710 185.124420 63.133306 -3.372605 -0.016052 0.024608 0.660189 0.750525
29.113336 185.263556 64.204659 -3.425751 -0.017236 0.025360 0.658946 0.751565
29.214558 185.400666 65.282963 -3.482959 -0.016787 0.025719 0.658000 0.752391
29.314712 185.539698 66.317970 -3.534937 -0.015828 0.025965 0.657257 0.753053
29.425810 185.696392 67.478056 -3.588908 -0.015364 0.026577 0.656180 0.753979
29.525435 185.828719 68.452454 -3.638900 -0.015994 0.027218 0.655517 0.754520
29.625459 185.965498 69.465922 -3.688491 -0.016825 0.027903 0.654168 0.755647
29.726505 186.115801 70.498573 -3.748856 -0.017634 0.027621 0.653099 0.756564
29.826707 186.265134 71.532432 -3.805804 -0.017781 0.027261 0.652062 0.757467
29.930572 186.417957 72.612194 -3.865090 -0.018242 0.026937 0.651019 0.758364
30.032087 186.567793 73.655756 -3.924522 -0.018660 0.026782 0.650023 0.759213
30.133713 186.728114 74.694697 -3.985306 -0.018676 0.026581 0.648817 0.760251
30.234309 186.881567 75.729144 -4.043669 -0.018700 0.026493 0.647753 0.761160
30.333988 187.044056 76.757294 -4.100079 -0.018482 0.026639 0.646711 0.762045
30.433735 187.215737 77.799464 -4.156998 -0.018730 0.027035 0.645891 0.762721
30.533410 187.380511 78.829427 -4.214452 -0.018254 0.027687 0.645013 0.763452
30.632886 187.563274 79.873740 -4.272548 -0.018183 0.028013 0.644237 0.764096
30.730615 187.733542 80.893273 -4.327006 -0.018265 0.028674 0.643199 0.764944
30.828996 187.909363 81.920422 -4.383341 -0.018761 0.028937 0.642332 0.765650
30.926509 188.088587 82.937253 -4.441006 -0.018777 0.028752 0.641478 0.766373
31.028225 188.275570 84.002899 -4.500565 -0.018268 0.028501 0.640535 0.767182
31.131268 188.463215 85.047646 -4.551645 -0.018881 0.027729 0.639766 0.767837
31.233863 188.645098 86.076685 -4.610853 -0.019508 0.026935 0.638968 0.768514
31.335230 188.827784 87.072700 -4.664408 -0.019828 0.026458 0.638232 0.769134
31.439143 189.019663 88.109698 -4.723044 -0.020164 0.026135 0.637318 0.769894
31.539492 189.202300 89.087927 -4.780197 -0.020425 0.026761 0.636405 0.770620
31.633160 189.371741 90.006242 -4.830406 -0.020555 0.027866 0.635544 0.771288
31.733735 189.571675 91.024331 -4.888127 -0.020140 0.028677 0.634384 0.772223
31.831838 189.764997 92.001782 -4.946132 -0.019549 0.028559 0.633828 0.772700
31.930515 189.958817 92.992678 -5.003757 -0.019682 0.028507 0.633082 0.773309
32.031317 190.163379 93.993454 -5.056842 -0.020127 0.028615 0.632214 0.774004
32.133733 190.364087 94.998221 -5.115329 -0.021292 0.028416 0.631497 0.774565
32.234435 190.553235 95.971719 -5.170074 -0.021914 0.028298 0.630561 0.775314
32.338222 190.754183 96.963331 -5.229734 -0.022354 0.028242 0.629602 0.776082
32.437773 190.947961 97.899260 -5.290156 -0.022663 0.028613 0.628777 0.776729
32.539345 191.145422 98.856209 -5.350031 -0.022978 0.029084 0.627706 0.777568
32.637849 191.344013 99.782987 -5.411636 -0.023229 0.029684 0.626781 0.778283
32.737222 191.547367 100.726402 -5.470750 -0.023102 0.030320 0.625822 0.779034
32.836501 191.748562 101.662552 -5.531578 -0.021742 0.030705 0.624875 0.779818
32.933935 191.956424 102.579402 -5.587498 -0.020996 0.030774 0.623805 0.780692
33.038096 192.174723 103.582880 -5.652130 -0.021421 0.029545 0.622019 0.782152
33.135928 192.378901 104.476900 -5.713004 -0.021150 0.030217 0.620142 0.783622
33.233932 192.594627 105.384282 -5.764549 -0.020722 0.030557 0.618190 0.785161
33.334732 192.817045 106.305142 -5.822898 -0.020227 0.030614 0.616379 0.786595
33.434831 193.035072 107.216920 -5.880701 -0.019245 0.030099 0.614632 0.788004
33.538421 193.266662 108.159758 -5.939402 -0.019364 0.029250 0.612485 0.789704
33.637825 193.496074 109.039432 -5.991616 -0.019661 0.030371 0.610519 0.791175
33.737546 193.729689 109.922361 -6.041027 -0.020545 0.031668 0.608450 0.792694
33.836776 193.968140 110.796896 -6.100101 -0.020369 0.032525 0.606649 0.794043
33.936650 194.208622 111.672418 -6.160334 -0.019362 0.032547 0.604927 0.795380
34.037970 194.455747 112.562209 -6.220327 -0.017998 0.032123 0.603380 0.796604
34.139943 194.700439 113.442169 -6.271999 -0.017042 0.031480 0.602037 0.797666
34.241634 194.944304 114.294982 -6.322694 -0.017114 0.030383 0.601069 0.798436
34.311990 195.112849 114.891990 -6.356162 -0.017981 0.030162 0.600405 0.798925
34.412146 195.395067 115.867904 -6.414115 -0.019169 0.030367 0.598628 0.800222
34.512040 195.645662 116.754075 -6.464775 -0.019695 0.030737 0.598332 0.800416
34.612191 195.890643 117.605199 -6.515243 -0.019869 0.030868 0.597658 0.800910
34.711990 196.127869 118.425874 -6.566936 -0.019250 0.030992 0.597043 0.801379
34.812092 196.362590 119.234307 -6.618790 -0.018821 0.031284 0.596596 0.801711
34.912142 196.596958 120.028817 -6.664158 -0.018548 0.031543 0.596288 0.801936
35.041237 196.888004 121.016953 -6.724706 -0.018693 0.032361 0.596749 0.801557
35.140066 197.065732 121.623351 -6.761232 -0.018100 0.032350 0.597307 0.801156
35.239793 197.261572 122.317394 -6.803394 -0.018501 0.032229 0.597151 0.801268
35.347196 197.484588 123.075186 -6.847166 -0.018571 0.031820 0.597636 0.800921
35.412140 197.607382 123.515120 -6.875783 -0.019055 0.031206 0.598057 0.800619
35.600197 198.017140 124.931123 -6.959262 -0.018412 0.031515 0.598908 0.799985
35.699848 198.116398 125.304610 -6.985817 -0.018252 0.031244 0.599644 0.799448
35.799748 198.276524 125.853203 -7.014136 -0.017494 0.031303 0.600080 0.799136
35.899649 198.450723 126.456185 -7.051373 -0.016263 0.031200 0.601482 0.798111
35.999723 198.624799 127.095312 -7.084441 -0.016062 0.031603 0.602906 0.797024
36.100047 198.798090 127.714428 -7.122986 -0.016647 0.032256 0.604396 0.795857
36.100698 198.796892 127.722108 -7.124398 -0.016646 0.032251 0.604461 0.795808
36.239463 199.121099 128.919559 -7.200617 -0.017697 0.033567 0.607435 0.793463
36.336949 199.288092 129.559680 -7.235694 -0.016334 0.033904 0.608939 0.792324
36.402337 199.392675 129.966771 -7.261040 -0.015804 0.034170 0.609510 0.791884
36.502139 199.566153 130.659519 -7.298543 -0.016394 0.034063 0.610994 0.790732
36.639918 199.774249 131.525894 -7.352711 -0.017136 0.034186 0.612540 0.789514
36.739715 199.884456 131.960174 -7.377677 -0.017074 0.034218 0.613211 0.788993
36.800673 199.877821 131.932848 -7.374626 -0.017127 0.034295 0.613173 0.789018
37.000347 200.212263 133.362760 -7.459049 -0.017012 0.034958 0.616357 0.786507
37.100372 200.269513 133.595186 -7.475434 -0.016964 0.034765 0.616475 0.786424
37.138417 200.312669 133.728178 -7.480282 -0.017562 0.034398 0.615602 0.787110
37.240691 200.430320 134.202837 -7.510233 -0.018234 0.033799 0.615790 0.786974
37.344729 200.529873 134.642029 -7.535957 -0.018320 0.033217 0.615408 0.787295
37.446921 200.627068 135.047718 -7.563010 -0.017686 0.033063 0.614488 0.788035
37.544730 200.718557 135.415351 -7.585483 -0.016694 0.033497 0.613297 0.788966
37.635330 200.799642 135.735320 -7.602301 -0.015876 0.034336 0.612024 0.789934
37.708961 200.867998 135.994813 -7.617205 -0.016294 0.034856 0.610685 0.790939
37.809087 200.962514 136.352878 -7.640145 -0.017472 0.034728 0.609072 0.792162
37.909137 201.052284 136.674092 -7.664698 -0.018005 0.034795 0.607884 0.793059
38.009091 201.128820 136.954692 -7.681924 -0.016806 0.035350 0.606613 0.794033
38.109240 201.201418 137.218133 -7.695102 -0.015703 0.036088 0.605464 0.794899
38.209192 201.263254 137.447678 -7.706467 -0.015948 0.036490 0.604398 0.795687
38.309417 201.317275 137.658713 -7.716386 -0.017074 0.036064 0.603314 0.796505
38.409518 201.375265 137.840977 -7.724854 -0.018511 0.035709 0.602211 0.797323
38.509566 201.419733 138.010172 -7.741653 -0.018870 0.035144 0.601511 0.797868
38.609669 201.459702 138.161369 -7.749606 -0.017434 0.035007 0.600568 0.798617
38.709669 201.504128 138.310393 -7.758012 -0.015939 0.035438 0.599788 0.799215
38.809845 201.543473 138.448194 -7.760967 -0.015531 0.036222 0.599326 0.799534
38.909844 201.584695 138.559509 -7.769153 -0.016854 0.036219 0.598630 0.800029
39.009946 201.619255 138.657163 -7.779957 -0.017777 0.035340 0.597987 0.800529
39.109894 201.651365 138.749676 -7.789197 -0.017281 0.034594 0.597460 0.800966
39.210074 201.668186 138.833079 -7.793280 -0.016100 0.034735 0.596998 0.801329
39.310672 201.687082 138.913119 -7.794780 -0.015681 0.034922 0.596610 0.801618
39.430716 201.717417 139.005763 -7.802656 -0.015806 0.034485 0.596254 0.801899
39.530170 201.739101 139.055234 -7.808257 -0.015877 0.034375 0.595772 0.802260
39.630516 201.758132 139.109432 -7.812118 -0.015699 0.034498 0.595716 0.802300
39.730195 201.770949 139.168147 -7.814315 -0.015762 0.034517 0.595486 0.802469
39.830992 201.791502 139.209891 -7.817784 -0.016048 0.034449 0.595303 0.802602
39.929917 201.799340 139.236368 -7.820353 -0.016051 0.034557 0.595347 0.802565
40.030391 201.811508 139.258010 -7.821704 -0.015665 0.034856 0.594912 0.802882
40.129372 201.816060 139.277906 -7.821489 -0.015528 0.035002 0.594887 0.802896
40.229771 201.815241 139.280745 -7.821263 -0.015587 0.034846 0.594827 0.802946
40.330246 201.806988 139.284869 -7.821294 -0.015493 0.034112 0.594806 0.802996
40.429369 201.804637 139.286070 -7.820366 -0.015126 0.033421 0.594946 0.802928
40.529020 201.804930 139.278168 -7.819428 -0.015095 0.033526 0.594768 0.803056
40.629473 201.810328 139.270267 -7.817602 -0.015045 0.033925 0.594659 0.803121
40.729643 201.808882 139.266251 -7.815416 -0.015074 0.033942 0.594718 0.803076
40.829048 201.806584 139.275261 -7.817013 -0.015205 0.033785 0.594782 0.803033
40.929844 201.804107 139.276535 -7.819598 -0.015124 0.033740 0.594835 0.802997
41.028399 201.806679 139.271877 -7.818985 -0.015033 0.033704 0.594796 0.803029
41.128026 201.802682 139.279355 -7.818625 -0.014906 0.033782 0.594582 0.803187
41.229272 201.802411 139.277199 -7.819120 -0.015014 0.033730 0.594738 0.803071
41.329644 201.801679 139.279276 -7.821638 -0.014864 0.033564 0.594730 0.803087
41.430942 201.803234 139.280389 -7.819826 -0.014997 0.033717 0.594698 0.803102
41.529971 201.801566 139.285073 -7.822474 -0.014829 0.033570 0.594605 0.803180
41.629322 201.803045 139.282089 -7.819049 -0.014983 0.033757 0.594658 0.803130
41.730344 201.801849 139.282497 -7.819717 -0.015030 0.033710 0.594641 0.803144
41.829970 201.802009 139.282848 -7.820561 -0.014925 0.033680 0.594575 0.803196
41.929322 201.801937 139.284365 -7.819634 -0.015031 0.033724 0.594681 0.803113
42.029171 201.798921 139.283227 -7.819184 -0.014999 0.033718 0.594826 0.803007
42.129922 201.802576 139.287830 -7.820069 -0.015004 0.033735 0.594684 0.803111
42.229318 201.807933 139.285039 -7.819520 -0.015057 0.033719 0.594709 0.803093
42.329372 201.814152 139.282900 -7.819410 -0.014982 0.033708 0.594734 0.803076
42.429596 201.814705 139.284065 -7.818673 -0.014966 0.033711 0.594692 0.803107
42.529975 201.808092 139.285965 -7.819531 -0.015006 0.033690 0.594766 0.803053
42.630670 201.804804 139.287653 -7.819764 -0.015013 0.033736 0.594646 0.803139
42.729171 201.806644 139.283726 -7.818993 -0.015008 0.033736 0.594807 0.803020
42.829124 201.811022 139.282823 -7.819213 -0.014993 0.033709 0.594590 0.803182
42.928898 201.806344 139.274563 -7.818964 -0.015004 0.033730 0.594608 0.803168
43.029272 201.802312 139.278169 -7.820400 -0.015020 0.033721 0.594649 0.803138
43.130517 201.798825 139.280852 -7.819945 -0.014928 0.033707 0.594520 0.803235
43.230544 201.799893 139.285405 -7.819917 -0.014984 0.033715 0.594655 0.803134
43.330120 201.800721 139.285786 -7.819901 -0.014980 0.033727 0.594644 0.803142
43.430295 201.802959 139.280353 -7.819906 -0.014995 0.033704 0.594600 0.803175
43.529317 201.801163 139.281559 -7.820268 -0.014966 0.033727 0.594641 0.803144
43.629097 201.799820 139.280574 -7.820102 -0.014968 0.033740 0.594632 0.803150
43.729624 201.796396 139.276410 -7.819907 -0.015040 0.033707 0.594715 0.803089
43.828948 201.803615 139.277706 -7.821125 -0.014938 0.033739 0.594677 0.803117
43.928843 201.805039 139.286035 -7.820680 -0.014956 0.033699 0.594649 0.803140
44.029548 201.805268 139.275361 -7.819703 -0.014956 0.033729 0.594510 0.803242
