1.600777 0.935457934 -0.007057374 0.015562323 0.000235832 0.001232664 -0.000580672 0.999999044
1.700778 2.019193849 0.003371628 0.028677176 0.000677303 0.001449555 -0.000158737 0.999998707
1.800747 3.877392346 -0.003353365 0.047086100 0.002195055 0.001560670 -0.000900432 0.999995968
1.900595 5.516190774 -0.008003220 0.063678367 0.001771833 0.001071638 -0.000589697 0.999997682
2.000885 6.724450454 -0.001079501 0.080219765 0.000854541 -0.000956408 -0.000064897 0.999999175
2.100687 7.572559696 0.013402459 0.090222071 0.001729418 -0.001857269 0.000273475 0.999996742
2.200816 8.289763882 0.024899972 0.093410681 -0.000011744 -0.000163919 0.000127733 0.999999978
2.300721 9.132644844 0.033357078 0.098090169 -0.002236162 0.001253201 -0.000272090 0.999996678
2.400814 10.184817409 0.034930294 0.111269415 -0.003010616 0.001614163 -0.000348405 0.999994105
2.500719 11.351513322 0.034639759 0.123306390 -0.003964795 0.001921337 -0.000456635 0.999990190
2.600906 12.533574323 0.043232969 0.136213076 -0.004893982 0.001266790 -0.000094385 0.999987218
2.700905 13.641362297 0.054839419 0.151144109 -0.006279660 -0.000406576 0.000352289 0.999980138
2.800706 14.676268266 0.072373320 0.155723167 -0.007239474 -0.000914708 0.000870618 0.999972997
2.900898 15.677228086 0.090191424 0.155703016 -0.008902922 0.000693973 0.001130138 0.999959489
3.001000 16.690054309 0.103429801 0.160049687 -0.009804286 0.001885212 0.001362606 0.999949231
3.100678 16.689341165 0.102387612 0.160666400 -0.009829777 0.001911222 0.001356510 0.999948940
3.201000 18.807554017 0.121050588 0.175125232 -0.010211850 0.001222875 0.002320435 0.999944418
3.300680 18.806069369 0.119559084 0.175553925 -0.010223751 0.001284804 0.002347281 0.999944156
3.400682 21.819012493 0.133792520 0.202075288 -0.009807189 0.001841257 0.003487162 0.999944133
3.500686 22.690532333 0.166695117 0.197746169 -0.010037281 0.001772127 0.003977561 0.999940144
3.600789 23.349083069 0.190001681 0.201905342 -0.010444391 0.001844811 0.003815078 0.999936476
3.700678 24.074030432 0.194359558 0.205107363 -0.011074848 0.002526266 0.002920686 0.999931215
3.800679 25.029798046 0.185184789 0.209797396 -0.011397152 0.003517655 0.001726826 0.999927372
3.901000 26.210641778 0.176474777 0.215382914 -0.011476340 0.003075557 0.000348123 0.999929354
4.001000 27.485041627 0.176907121 0.212195028 -0.010898643 0.002549658 -0.000969409 0.999936888
4.101000 28.747487130 0.183396726 0.215348724 -0.009895108 0.002458712 -0.002188383 0.999945625
4.201000 29.919767954 0.191848935 0.216109846 -0.009558484 0.002926374 -0.003326268 0.999944502
4.300871 29.919006132 0.191032813 0.216594791 -0.009569877 0.002956291 -0.003324465 0.999944311
4.400863 33.076314731 0.167789608 0.229730442 -0.007756234 0.003808519 -0.006780297 0.999939680
4.500611 34.099452645 0.177653434 0.229680852 -0.008403287 0.002428284 -0.006891468 0.999937996
4.600540 34.955233325 0.188140191 0.229919054 -0.007395688 0.002219580 -0.007240957 0.999943971
4.700831 35.795447790 0.174940944 0.232580973 -0.006818497 0.002473943 -0.007919044 0.999942337
4.800589 36.719939838 0.132706236 0.233919782 -0.004958818 0.003116717 -0.008889280 0.999943337
4.900882 37.742688029 0.083426270 0.245068776 -0.003668621 0.002674791 -0.009227828 0.999947116
5.000692 38.872736214 0.059430061 0.262698014 -0.003555177 -0.000156759 -0.009070549 0.999952530
5.100889 40.077877913 0.046931212 0.273915489 -0.003639437 -0.002102178 -0.009355724 0.999947402
5.200751 41.325522705 0.049599476 0.280613963 -0.005266958 -0.000305010 -0.010022533 0.999935855
5.300862 42.550172937 0.043393066 0.283322526 -0.006178021 0.002019532 -0.010674082 0.999921906
5.400880 43.724814734 0.026535607 0.291180257 -0.005621500 0.002369969 -0.010672244 0.999924440
5.500697 44.845297305 0.001392054 0.300065007 -0.004436822 0.001592508 -0.010314136 0.999935696
5.600807 45.962458501 -0.033048740 0.310479820 -0.003381342 0.001361953 -0.009840260 0.999944939
5.701000 47.090652744 -0.060909870 0.320553509 -0.002951677 0.001924935 -0.009018086 0.999953127
5.800904 47.089483808 -0.059633913 0.321005427 -0.002961742 0.001954380 -0.009008560 0.999953126
5.900902 50.092368582 -0.116714263 0.350250170 -0.003393743 0.002297793 -0.006583526 0.999969929
6.000903 51.128267788 -0.099263869 0.344060441 -0.004217991 0.001496905 -0.006642149 0.999967924
6.100800 52.035124233 -0.080115778 0.341091540 -0.005649884 0.002749049 -0.005592865 0.999964620
6.200695 52.950278450 -0.079951266 0.352164822 -0.007266627 0.004229789 -0.004910206 0.999952596
6.300793 53.932793225 -0.090285855 0.363988692 -0.008530777 0.004022902 -0.003901509 0.999947909
6.425759 54.698107824 -0.090559885 0.364793759 -0.008889296 0.002635951 -0.003530603 0.999950782
6.501000 55.490247260 -0.098192968 0.368590376 -0.010374742 0.002091980 -0.001815441 0.999942345
6.601000 56.805682156 -0.102626945 0.372775907 -0.011371079 0.001592432 -0.000627496 0.999933882
6.700764 56.840516767 -0.102957242 0.371560155 -0.011394005 0.001607000 -0.000671819 0.999933569
6.800762 59.794951985 -0.099853664 0.384047200 -0.011932328 -0.000150751 0.001484814 0.999927693
6.900710 61.113724603 -0.073726480 0.386156615 -0.012050497 0.001423279 0.001583424 0.999925123
7.000838 62.336385666 -0.055834430 0.396680602 -0.012378426 0.002961325 0.002156199 0.999916674
7.100630 63.472958373 -0.039244812 0.407641314 -0.012006771 0.003622991 0.002868251 0.999917239
7.200523 64.581671835 -0.031943857 0.416288884 -0.012299634 0.003687361 0.003673670 0.999910809
7.300754 65.668897321 -0.024378993 0.414360952 -0.012107747 0.003537991 0.004301750 0.999911186
7.400668 66.772869733 -0.017753260 0.409467524 -0.012151625 0.004262614 0.004936805 0.999904894
7.501000 67.897335408 0.001607133 0.406846408 -0.011423450 0.005659663 0.005604311 0.999903028
7.600758 67.897740796 0.001752289 0.406446015 -0.011462079 0.005701401 0.005634688 0.999902178
7.700779 70.360761985 0.067168275 0.392502877 -0.008834886 0.007185366 0.008548252 0.999898616
7.800890 71.494385501 0.073657742 0.388556471 -0.009816045 0.005961447 0.008726494 0.999895972
7.901000 72.616244054 0.094015102 0.388720916 -0.010285631 0.005131949 0.009836464 0.999885550
8.000892 72.611906338 0.095403322 0.389498402 -0.010258106 0.005200269 0.009852113 0.999885326
8.101000 74.882314030 0.172846139 0.391127166 -0.010938458 0.005596600 0.011241642 0.999861317
8.200674 74.886645167 0.171155956 0.390214179 -0.010960256 0.005623988 0.011263569 0.999860678
8.301000 77.179108294 0.242437325 0.390548545 -0.010131356 0.005335412 0.011878243 0.999863889
8.400692 77.180444689 0.243570747 0.389347178 -0.010229836 0.005399232 0.011871344 0.999862626
8.500903 79.774616912 0.309263943 0.384093718 -0.006929749 0.006750113 0.011392306 0.999888309
8.600905 80.868583069 0.324181718 0.380051629 -0.006960827 0.006371515 0.011146698 0.999893345
8.701000 81.968874358 0.335043389 0.377217388 -0.006056780 0.006668929 0.010047843 0.999908937
8.801000 83.065839878 0.346154780 0.376632878 -0.005730377 0.006903163 0.009068107 0.999918636
8.900589 83.070723096 0.347511766 0.377825512 -0.005699617 0.006948244 0.009090662 0.999918295
9.000720 85.477302066 0.389851277 0.378392574 -0.003943923 0.004494304 0.005558019 0.999966677
9.100881 86.611080332 0.415848471 0.375869179 -0.004289326 0.004166105 0.005487806 0.999967064
9.200784 87.721098638 0.436380040 0.381720623 -0.004817095 0.002561262 0.004417919 0.999975358
9.301000 88.825398980 0.451394341 0.387666287 -0.005018205 0.003179273 0.003051785 0.999977698
9.400817 88.822021174 0.448575085 0.388687124 -0.004993812 0.003220360 0.003127287 0.999977455
9.501000 91.054605628 0.463019820 0.395007198 -0.005800778 0.005771769 0.001115348 0.999965896
9.600907 91.063353766 0.464919020 0.396454529 -0.005792755 0.005834436 0.001185802 0.999965498
9.700813 93.559261169 0.464891843 0.390883965 -0.004432455 0.005185568 -0.000623872 0.999976537
9.800817 94.657010114 0.476010977 0.385707799 -0.003963846 0.004693596 0.000080175 0.999981126
9.900815 95.722509357 0.493135559 0.391643490 -0.004001280 0.005007594 0.000909695 0.999979043
10.001000 96.795743428 0.502317893 0.392619531 -0.004780740 0.005533002 0.001060147 0.999972703
10.100717 96.798109087 0.501220305 0.393252992 -0.004755617 0.005611813 0.001117929 0.999972321
10.200809 99.191712466 0.525509793 0.392525677 -0.006969011 0.005527104 0.001998336 0.999958444
10.300707 100.304726510 0.549930397 0.385609054 -0.008044076 0.005551984 0.002530553 0.999949031
10.400704 101.407713877 0.560381259 0.379310357 -0.009062230 0.005412951 0.002533872 0.999941076
10.500798 102.502932874 0.567646249 0.383329627 -0.009787438 0.005713396 0.003034832 0.999931174
10.600696 103.612722585 0.569125313 0.387684031 -0.011039293 0.006223889 0.003013904 0.999915153
10.700896 104.737396891 0.590928997 0.385874672 -0.012465253 0.006700645 0.002863380 0.999895755
10.800789 105.847625430 0.617469797 0.382778289 -0.012882481 0.006389479 0.002872671 0.999892476
10.900675 106.990487513 0.642377334 0.383625448 -0.014409564 0.005915663 0.002963146 0.999874287
11.000777 108.139912470 0.648688086 0.384104444 -0.015269039 0.005285951 0.002678554 0.999865861
11.100772 109.269794782 0.658601821 0.384518460 -0.015402068 0.005066080 0.002918069 0.999864289
11.200636 110.406708710 0.667899463 0.387155630 -0.015887179 0.005676784 0.003073967 0.999852950
11.300582 111.535209619 0.682654238 0.385085591 -0.016363163 0.007056635 0.002920542 0.999836947
11.400858 112.649759921 0.690542213 0.384549036 -0.016695586 0.007618386 0.002773904 0.999827747
11.500863 113.755931403 0.712502254 0.384696658 -0.017702595 0.006825052 0.002245168 0.999817481
11.600756 114.859141571 0.727275839 0.384990985 -0.018668514 0.006247366 0.002052898 0.999804102
11.700693 115.957427156 0.736125094 0.379194145 -0.018782903 0.006953799 0.001833919 0.999797722
11.800650 117.053093750 0.742175331 0.374239195 -0.018792136 0.008069910 0.001563023 0.999789622
11.900628 118.141067784 0.754396977 0.366673368 -0.018058921 0.009427472 0.001088873 0.999791885
12.000841 119.225448775 0.761692455 0.354017910 -0.016401659 0.010691458 0.000860236 0.999807951
12.101000 120.306067971 0.761814900 0.349797294 -0.015475300 0.009568723 0.000804463 0.999834140
12.201000 121.396374560 0.760796489 0.340631261 -0.014517908 0.008687891 0.000960486 0.999856404
12.301000 122.484916403 0.762029101 0.335206133 -0.013985055 0.009523589 0.000708716 0.999856598
12.400848 122.486691027 0.762578060 0.334391904 -0.014009873 0.009569242 0.000687971 0.999855829
12.501000 124.639792104 0.775088019 0.312126172 -0.013565299 0.011567529 0.000341825 0.999841016
12.600613 124.638749789 0.774452400 0.313633179 -0.013604409 0.011596552 0.000299881 0.999840162
12.700768 127.382479070 0.793387823 0.275970575 -0.010876267 0.010398975 0.000533572 0.999886635
12.801000 128.314329662 0.780802847 0.274722127 -0.011697675 0.011246105 0.000901854 0.999867929
12.900716 128.279870602 0.782001485 0.276350969 -0.011682228 0.011331746 0.000717245 0.999867293
13.001000 130.036923700 0.769839900 0.269046174 -0.010908475 0.012737784 0.000606937 0.999859183
13.101000 130.882247191 0.786086118 0.254724350 -0.010272649 0.012391318 0.000002917 0.999870456
13.200786 130.877504431 0.785790017 0.254675839 -0.010296709 0.012481066 0.000001155 0.999869092
13.300752 133.052955021 0.808740743 0.220351120 -0.005802228 0.009353785 -0.001840513 0.999937725
13.400870 134.095633904 0.794190300 0.213648461 -0.006129290 0.008160413 -0.000878218 0.999947533
13.501000 135.083169119 0.775543798 0.216090789 -0.004725704 0.006720760 -0.000689420 0.999966011
13.600894 135.078467052 0.775217693 0.216434783 -0.004787244 0.006764115 -0.000738302 0.999965391
13.701000 137.041410449 0.773839144 0.222961557 -0.006058103 0.006823286 -0.001482955 0.999957271
13.801000 138.027115964 0.786383504 0.217785560 -0.006764267 0.008326236 -0.001878766 0.999940693
13.900721 138.028308695 0.787741999 0.216317151 -0.006717322 0.008319926 -0.001902186 0.999941017
14.000858 140.447069596 0.818584939 0.194893475 -0.010069826 0.011104748 -0.005129734 0.999874477
14.100622 141.365215772 0.804632844 0.196763886 -0.010431549 0.009103151 -0.004213283 0.999895276
14.200882 142.164142728 0.790638930 0.198354240 -0.010453912 0.007648518 -0.004709568 0.999905013
14.300686 142.932918215 0.784306719 0.196856157 -0.010911381 0.006709542 -0.005989578 0.999900019
14.401000 143.756202448 0.773863263 0.197755657 -0.011254610 0.007042514 -0.007125887 0.999886473
14.500687 143.758466887 0.772964661 0.197565250 -0.011240886 0.007079931 -0.007125350 0.999886367
14.600771 145.840196976 0.720355208 0.195863148 -0.010624291 0.009854522 -0.011311160 0.999831021
14.700612 146.771213595 0.719141352 0.189837967 -0.009908920 0.010635258 -0.010172354 0.999842602
14.800694 147.634496980 0.711772727 0.182464261 -0.009954535 0.012079310 -0.011472022 0.999811677
14.858143 148.085111618 0.699295071 0.183660386 -0.010047645 0.011770402 -0.011804123 0.999810565
14.989235 149.286486658 0.660862435 0.178206737 -0.009624236 0.010989452 -0.014014243 0.999795083
15.088500 150.132806136 0.642147658 0.168934406 -0.009603981 0.010022830 -0.014327826 0.999800990
15.193308 151.010353342 0.628006823 0.164114910 -0.009547507 0.009380319 -0.014874319 0.999799785
15.301000 151.818231246 0.612330749 0.160824213 -0.010277622 0.009549695 -0.015321389 0.999784191
15.400815 151.811451111 0.611116391 0.160360265 -0.010297471 0.009575507 -0.015339638 0.999783460
15.501000 153.312440236 0.560128172 0.157518511 -0.009726461 0.010568542 -0.016659609 0.999758050
15.601000 154.068491063 0.530896994 0.158498432 -0.008938701 0.011023892 -0.017151837 0.999752163
15.700871 154.071967841 0.530706272 0.157893598 -0.008942121 0.011021911 -0.017188373 0.999751527
15.801000 155.567896511 0.493353095 0.150084884 -0.009077432 0.009551839 -0.018014008 0.999750898
15.900744 155.570263089 0.492518870 0.150185992 -0.009060145 0.009585733 -0.018035437 0.999750344
16.001000 157.001460146 0.446303766 0.145146973 -0.008261631 0.008648954 -0.018994769 0.999748038
16.101000 157.649798264 0.419094384 0.143119309 -0.008361839 0.009404661 -0.019652239 0.999727674
16.201000 158.295430312 0.402910874 0.141552736 -0.008836129 0.009976224 -0.020281671 0.999705482
16.300685 158.293880388 0.400151768 0.141941548 -0.008880133 0.009994424 -0.020277132 0.999705003
16.400571 159.951537558 0.328064050 0.138125445 -0.008535541 0.010606039 -0.023072931 0.999641084
16.501000 160.423361485 0.310167570 0.136963623 -0.008703791 0.009281539 -0.023153502 0.999650945
16.600872 160.395503738 0.311901926 0.137984702 -0.008683040 0.009322560 -0.023237627 0.999648792
16.700639 161.625901105 0.252154158 0.138208909 -0.007639553 0.006389092 -0.027915051 0.999560687
16.800890 161.914401834 0.232158836 0.133900998 -0.007429917 0.007883317 -0.027714143 0.999557190
16.900795 162.202171358 0.208828340 0.134595352 -0.007526906 0.008562531 -0.029426956 0.999501917
17.000797 162.616325671 0.185254978 0.136547327 -0.008327220 0.008848371 -0.031034455 0.999444459
17.100698 163.141064545 0.162192551 0.139402487 -0.008875895 0.009112705 -0.032779499 0.999381650
17.200896 163.731414541 0.124681743 0.138507839 -0.008642995 0.009846871 -0.034055871 0.999334046
17.301000 164.303071383 0.084947573 0.130684657 -0.008307211 0.009784128 -0.035429081 0.999289768
17.400701 164.304192379 0.086114367 0.130788745 -0.008326988 0.009806879 -0.035435371 0.999289158
17.500900 165.736067834 -0.024410710 0.117206703 -0.006546494 0.010875510 -0.039066653 0.999155975
17.600795 165.948465854 -0.033109090 0.126972381 -0.008618379 0.010590108 -0.038386902 0.999169665
17.700684 166.017905675 -0.039201522 0.135542326 -0.009933686 0.009692190 -0.038410532 0.999165659
17.800777 166.821631505 -0.155555174 0.127530176 -0.012326824 0.009793435 -0.036729734 0.999201213
17.900887 167.524465274 -0.233724584 0.118170593 -0.013646456 0.010660395 -0.034884824 0.999241302
18.000885 168.156355218 -0.262418002 0.118490433 -0.014773471 0.011751275 -0.031550042 0.999323895
18.100765 168.722413015 -0.244884211 0.120292041 -0.015491760 0.012308487 -0.026470250 0.999453767
18.201000 169.129150611 -0.194813365 0.119416424 -0.016363224 0.012784296 -0.020543062 0.999573304
18.300754 169.113047412 -0.189305613 0.119353469 -0.016351193 0.012819854 -0.020396311 0.999576050
18.401000 169.574848889 -0.163590533 0.115811665 -0.017420430 0.012550790 -0.010664585 0.999712595
18.500570 169.545423205 -0.163057963 0.116794979 -0.017438167 0.012592615 -0.010570458 0.999712760
18.600546 169.851493075 -0.155695808 0.100393916 -0.019003128 0.012464839 0.002793702 0.999737818
18.701000 169.850550537 -0.152760575 0.099288967 -0.019036685 0.012386730 0.005328847 0.999727851
18.800461 169.838643943 -0.151152665 0.098867629 -0.019063975 0.012408552 0.005308209 0.999727171
18.901000 169.931807868 -0.132836289 0.103636101 -0.020337968 0.012358953 0.015426131 0.999597748
19.000775 169.946814387 -0.133853728 0.103536417 -0.020335817 0.012372933 0.015507649 0.999596357
19.100756 170.140135418 -0.109479797 0.110281374 -0.022047722 0.011055957 0.030146537 0.999241137
19.201000 170.312009061 -0.093719978 0.099702417 -0.021727437 0.011082523 0.033240453 0.999149723
19.300525 170.331845257 -0.094542632 0.099731022 -0.021739286 0.011088756 0.033185338 0.999151228
19.400769 170.769694442 -0.050609652 0.075604584 -0.022891946 0.011026510 0.050554273 0.998398037
19.500779 170.946607947 -0.027418518 0.080419993 -0.022565620 0.012099479 0.053933025 0.998216221
19.600785 171.087489453 0.006669233 0.089821270 -0.022762966 0.012865452 0.061727508 0.997750491
19.701000 171.188907122 0.040590050 0.092869424 -0.022748600 0.013390861 0.069280420 0.997247918
19.801000 171.296425610 0.074434109 0.085168953 -0.022800795 0.012902035 0.077681544 0.996633954
19.901000 171.421991148 0.095256054 0.075856767 -0.022533342 0.012192378 0.086817266 0.995894752
20.000714 171.427059190 0.093081960 0.075964669 -0.022553281 0.012184706 0.086908824 0.995886409
20.100693 171.738894463 0.222991753 0.054524989 -0.021766062 0.010425191 0.111225415 0.993502119
20.200708 171.937409336 0.289993514 0.055424316 -0.021322064 0.010124885 0.119842059 0.992512336
20.300424 172.154910868 0.358880794 0.058823227 -0.020994941 0.010192228 0.132990263 0.990842531
20.400718 172.389797903 0.460092626 0.052028266 -0.020939654 0.010282498 0.148509727 0.988635758
20.500728 172.639742815 0.574275177 0.038275260 -0.020943083 0.010959442 0.165678990 0.985896420
20.601000 172.910420069 0.701810089 0.024924208 -0.020827924 0.012148463 0.184718230 0.982495694
20.701000 173.214213838 0.844880713 0.012255376 -0.020099249 0.012975201 0.203677139 0.978745773
20.801000 173.518343531 0.997282201 0.004529457 -0.019304356 0.013843314 0.223892086 0.974324401
20.900600 173.515026696 0.991945320 0.004042478 -0.019298030 0.013849778 0.223901776 0.974322208
21.001000 174.127592095 1.377162462 -0.013868970 -0.018105487 0.015034565 0.265151370 0.963919553
21.100803 174.120807732 1.380074136 -0.013396612 -0.018126093 0.015068301 0.265311714 0.963874517
21.200407 174.717053957 1.905862426 -0.050964273 -0.017019986 0.017552100 0.313033602 0.949427305
21.300588 174.980905519 2.180660385 -0.064938216 -0.018508186 0.017059372 0.331851365 0.942995809
21.400746 175.248960875 2.448588672 -0.078488988 -0.019352019 0.017569143 0.354205285 0.934802354
21.501000 175.525390059 2.720957609 -0.098337557 -0.019940950 0.017634640 0.376478765 0.926042719
21.601000 175.788358337 3.012548458 -0.125888099 -0.019766503 0.017764859 0.397212090 0.917341949
21.700686 175.787036755 3.008110474 -0.125069883 -0.019773860 0.017770013 0.397163267 0.917362829
21.801000 176.309903107 3.705593018 -0.177660917 -0.018273159 0.020464561 0.435586009 0.899728916
21.900602 176.309516172 3.711474913 -0.177740119 -0.018276950 0.020517053 0.435504638 0.899767033
22.001000 176.841956272 4.535196344 -0.224190404 -0.016787754 0.024364839 0.470853397 0.881715149
22.100707 176.844225534 4.541903162 -0.223479446 -0.016771054 0.024484360 0.470796805 0.881742375
22.200886 177.394895815 5.649565735 -0.284673215 -0.013635496 0.030700976 0.512113365 0.858260697
22.300792 177.619745530 6.131087491 -0.314074656 -0.013890486 0.031677595 0.526193914 0.849660843
22.400896 177.812366134 6.556595957 -0.347029493 -0.013171482 0.032253148 0.543176031 0.838895730
22.500789 178.000249287 7.014634641 -0.374970193 -0.012922162 0.032073018 0.560094461 0.827706792
22.600657 178.165623723 7.547177037 -0.410196373 -0.012270125 0.031310536 0.576404299 0.816472399
22.700654 178.337142770 8.134570227 -0.461699968 -0.010568503 0.031133552 0.590833076 0.806123616
22.800760 178.504634030 8.773846886 -0.502175933 -0.008111928 0.029605178 0.604168016 0.796265495
22.900630 178.667776615 9.424725074 -0.524588495 -0.007582248 0.027673831 0.615591404 0.787542946
23.000570 178.833121018 10.107173968 -0.553004043 -0.008003543 0.025760561 0.626434600 0.779007078
23.100857 178.965835392 10.801932852 -0.586720736 -0.006869667 0.025647200 0.636222636 0.771048498
23.201000 179.062413217 11.481540323 -0.623818524 -0.007045620 0.025440157 0.645002807 0.763724123
23.300857 179.062588664 11.474454431 -0.623318761 -0.007014494 0.025434498 0.644824513 0.763875141
23.400701 179.196444960 13.223264985 -0.699784644 -0.009195467 0.025026767 0.667485176 0.744145580
23.500454 179.282042986 13.832979349 -0.724358629 -0.011149892 0.025914953 0.672197198 0.739834456
23.601000 179.370642122 14.430340696 -0.759466228 -0.012604137 0.026539139 0.678980872 0.733567846
23.701000 179.437631892 15.082779901 -0.799345387 -0.013393010 0.025962629 0.684398425 0.728522728
23.800884 179.435193892 15.080801260 -0.799334279 -0.013416728 0.025964677 0.684246509 0.728664904
23.900779 179.508281947 16.965529114 -0.908740576 -0.015596849 0.024507622 0.697741225 0.715760643
24.000897 179.546571090 17.735330600 -0.945148365 -0.014285386 0.024573575 0.696833689 0.716669294
24.101000 179.574292829 18.454433267 -0.974440980 -0.013516331 0.025272901 0.697392085 0.716116519
24.200649 179.573667926 18.430980179 -0.972749780 -0.013564789 0.025296287 0.697163795 0.716337028
24.301000 179.610933658 19.932901951 -1.045915996 -0.014334185 0.026809276 0.698926997 0.714546603
24.400849 179.608592621 19.924101866 -1.045615459 -0.014424727 0.026810677 0.698740314 0.714727282
24.500502 179.663221742 21.966576866 -1.152606701 -0.015190781 0.029656229 0.700926820 0.712454448
24.601000 179.666584599 22.668326479 -1.186727541 -0.014200981 0.029657185 0.701007717 0.712395230
24.700683 179.662676027 22.650632969 -1.185074933 -0.014222676 0.029725987 0.700862213 0.712535079
24.801000 179.679228392 24.134802860 -1.251002465 -0.011417534 0.026672829 0.701884154 0.711699961
24.861000 179.677226008 24.127411994 -1.251247882 -0.011425074 0.026728869 0.701804885 0.711775905
24.967667 179.718363588 25.811223251 -1.333528195 -0.010292564 0.023706153 0.700869710 0.712820967
25.101000 179.735530077 26.905944995 -1.388975897 -0.010358878 0.021773211 0.700026752 0.713709442
25.151000 179.733554380 26.892420252 -1.389201433 -0.010381269 0.021775560 0.699953159 0.713781219
25.301000 179.760414503 28.508503696 -1.470333750 -0.014696759 0.023934741 0.698139636 0.715410499
25.401000 179.785695238 29.303013401 -1.505748742 -0.016819924 0.024840679 0.696807094 0.716630940
25.500869 179.783209820 29.297701622 -1.504924539 -0.016841229 0.024913298 0.696809005 0.716626061
25.601000 179.830275495 31.003946522 -1.584548926 -0.016985158 0.025951862 0.695088606 0.718254714
25.701000 179.864286266 31.913519714 -1.636219121 -0.015856105 0.026354966 0.694181651 0.719142431
25.801000 179.899666946 32.843094825 -1.691444674 -0.015370639 0.026259351 0.693543848 0.719771576
25.900576 179.898828475 32.846570341 -1.691207039 -0.015405618 0.026269748 0.693535296 0.719778688
26.001000 179.965162160 34.735809479 -1.793908279 -0.014414034 0.026913256 0.692141433 0.721115906
26.100838 179.966401251 34.729746097 -1.793247023 -0.014477954 0.026931923 0.692183683 0.721073373
26.200661 180.067123088 37.252480102 -1.912453397 -0.013621633 0.026599983 0.689885047 0.723301814
26.301000 180.090157183 38.069405891 -1.951913110 -0.014062115 0.025993819 0.689920604 0.723281507
26.401000 180.110501218 38.794449062 -1.991575276 -0.014595882 0.026255239 0.689517155 0.723646126
26.501000 180.150751056 39.562003779 -2.036182951 -0.015580003 0.026190763 0.689081194 0.724043104
26.600671 180.148544941 39.550582874 -2.035060880 -0.015619043 0.026244876 0.689043910 0.724075784
26.700676 180.283126688 41.702402020 -2.150919231 -0.016136789 0.025225520 0.686761129 0.726266087
26.800458 180.315356867 42.679159729 -2.194095905 -0.017319942 0.025336944 0.687104278 0.725910304
26.901000 180.347089058 43.582802231 -2.240885182 -0.018580465 0.025306291 0.686457085 0.726492277
27.000663 180.343149980 43.573805296 -2.240679023 -0.018601141 0.025319517 0.686424966 0.726521635
27.101000 180.433501161 45.424435139 -2.361676187 -0.021517273 0.024820617 0.684943153 0.727855632
27.200901 180.433164692 45.423280340 -2.361411955 -0.021569293 0.024842693 0.684942816 0.727853657
27.300900 180.607902636 47.841349753 -2.511489417 -0.021906181 0.025899172 0.681794353 0.730757013
27.401000 180.672870999 48.785200912 -2.559114720 -0.021616455 0.026604901 0.681217218 0.731278339
27.500579 180.671461317 48.762285835 -2.556707107 -0.021672362 0.026656206 0.681188469 0.731301597
27.600438 180.856214882 51.040589066 -2.656237980 -0.019967487 0.026644386 0.678085438 0.734228517
27.700800 180.900317499 51.855858193 -2.681233792 -0.018488314 0.023659053 0.677742259 0.734686234
27.800808 180.934326045 52.655566652 -2.734974508 -0.019059866 0.021009001 0.676817139 0.735604448
27.900710 180.990575601 53.486403624 -2.804147404 -0.018626953 0.021670267 0.675309898 0.736980311
28.001000 181.080372380 54.395567222 -2.875896693 -0.020847861 0.022277714 0.674166960 0.737948495
28.100691 181.082756880 54.407077414 -2.877738093 -0.020881663 0.022214251 0.674177659 0.737939678
28.200684 181.350166589 56.783762727 -3.057715465 -0.021517254 0.026214286 0.671055975 0.740630608
28.300723 181.435148533 57.860110092 -3.077972302 -0.020262179 0.031268333 0.670882099 0.740627399
28.401000 181.512129930 58.846952097 -3.061535160 -0.020007699 0.033942915 0.669989084 0.741324624
28.500769 181.511158512 58.835714410 -3.061317496 -0.019992527 0.034045923 0.669985206 0.741323814
28.600755 181.760498039 61.152444915 -3.123758367 -0.018601548 0.034039620 0.667379171 0.743707152
28.700805 181.848628538 62.042963673 -3.269148672 -0.015576925 0.027852496 0.666981399 0.744390631
28.800813 181.935703012 62.904884626 -3.405017947 -0.014133303 0.024180990 0.666231712 0.745218650
28.900683 182.024711528 63.808984133 -3.448888176 -0.014848294 0.022206759 0.665382540 0.746024439
29.000710 182.139379801 64.794238556 -3.435600080 -0.015938888 0.022426715 0.664440428 0.746834595
29.100807 182.261200831 65.808339345 -3.440052838 -0.016524292 0.022955069 0.663347307 0.747776948
29.201000 182.385198907 66.844499898 -3.500449569 -0.016908827 0.023995381 0.662329698 0.748637218
29.301000 182.509213223 67.897031621 -3.590668652 -0.017913126 0.025456288 0.661258920 0.749511666
29.400563 182.509229989 67.898994754 -3.591664575 -0.017962738 0.025456866 0.661252944 0.749515732
29.501000 182.765148878 69.998315268 -3.723299122 -0.018329742 0.027999817 0.659210191 0.751213655
29.601000 182.896600913 71.050175075 -3.768227652 -0.018241714 0.028553536 0.658232389 0.752051898
29.700842 182.896844134 71.049740952 -3.767819483 -0.018286886 0.028561967 0.658245011 0.752039434
29.800680 183.277912823 73.618667297 -3.894266353 -0.018956816 0.029004876 0.655573376 0.754336069
29.900870 183.387389518 74.579080375 -3.963764251 -0.019814249 0.027530494 0.655393495 0.754525569
30.000844 183.473662342 75.478892088 -4.033158876 -0.020568426 0.027180018 0.653971739 0.755750720
30.100477 183.594020215 76.388642342 -4.091828727 -0.020647458 0.026417379 0.652968971 0.756642139
30.200784 183.746613227 77.341148265 -4.141759867 -0.020623133 0.025873476 0.651978690 0.757515041
30.301000 183.919939838 78.341975398 -4.192591744 -0.020497910 0.025842713 0.651058375 0.758310610
30.400654 183.919842321 78.354231075 -4.192747579 -0.020521618 0.025852757 0.651058141 0.758309828
30.500541 184.361352478 80.753484054 -4.320063490 -0.019876171 0.026729427 0.648375406 0.760591748
30.601000 184.454284796 81.787734392 -4.380540600 -0.019088579 0.028172406 0.648513443 0.760442145
30.700842 184.450080112 81.766802800 -4.379860605 -0.019162231 0.028226627 0.648456858 0.760486535
30.800477 184.755658554 84.048141414 -4.514425017 -0.019284663 0.030015160 0.646128875 0.762394037
30.901000 184.920646636 84.914390629 -4.558421791 -0.019174978 0.029634677 0.646220310 0.762334190
31.001000 185.080066652 85.751173635 -4.604140301 -0.019425036 0.029316597 0.645332826 0.763091573
31.100520 185.079529912 85.734529183 -4.603152150 -0.019478860 0.029333529 0.645276991 0.763136765
31.200795 185.499147801 87.753252433 -4.720386682 -0.021417447 0.027525657 0.643083861 0.765001163
31.301000 185.601454371 88.725666697 -4.777041396 -0.021056319 0.025891894 0.643038395 0.765106439
31.400250 185.597337303 88.721965593 -4.776549113 -0.021098516 0.025869629 0.642923835 0.765202299
31.501000 185.878573622 90.662246781 -4.896885834 -0.022893739 0.025378953 0.641213631 0.766600851
31.601000 186.065544319 91.638490582 -4.951911763 -0.022635407 0.026727947 0.640121919 0.767474549
31.700510 186.067133295 91.643588060 -4.952424745 -0.022681259 0.026747837 0.640137865 0.767459203
31.800829 186.581702430 93.992490586 -5.082834625 -0.021879066 0.027659535 0.637906414 0.769305963
31.901000 186.707639608 94.920244001 -5.134677565 -0.021539108 0.029381020 0.637912467 0.769246714
32.000826 186.703079873 94.902248860 -5.132829842 -0.021591210 0.029412893 0.637820858 0.769319995
32.100836 187.064035888 97.014289335 -5.255745473 -0.022443190 0.029867110 0.635506531 0.771191097
32.201000 187.202637541 97.784334581 -5.306926453 -0.023117369 0.028382903 0.635335587 0.771368063
32.300713 187.202443794 97.764444628 -5.305901985 -0.023165195 0.028379126 0.635295384 0.771399880
32.400060 187.607893631 99.634090265 -5.438466310 -0.024679692 0.028088591 0.633244234 0.773048307
32.501000 187.758528018 100.479834563 -5.489613376 -0.025669954 0.028299239 0.632718365 0.773438865
32.600527 187.755276257 100.468573124 -5.488724148 -0.025678293 0.028336675 0.632659930 0.773485017
32.700790 188.177229068 102.453983847 -5.619856492 -0.025666582 0.029995117 0.630563965 0.775132638
32.800401 188.340959170 103.319640725 -5.670551601 -0.023848722 0.030643326 0.629861401 0.775736321
32.900737 188.506777717 104.190718523 -5.720843553 -0.023172527 0.031195979 0.628557350 0.776791801
33.000643 188.679357496 105.064149025 -5.774235584 -0.022881025 0.030276153 0.626991749 0.778100996
33.100490 188.886006540 105.941251377 -5.839980081 -0.022072617 0.030669884 0.625179097 0.779566068
33.200405 189.100583472 106.813529790 -5.898796269 -0.021314472 0.030618279 0.623341910 0.781058946
33.300747 189.311448485 107.726835307 -5.956056842 -0.020861959 0.030108551 0.621299424 0.782716602
33.400176 189.525083402 108.653378981 -6.009982794 -0.020217955 0.029330102 0.618894150 0.784666178
33.500479 189.743435710 109.589338307 -6.068331479 -0.020361989 0.029100804 0.616675675 0.786415694
33.600312 189.966701761 110.489408938 -6.128696759 -0.020896338 0.030325258 0.614405837 0.788130186
33.700754 190.198677655 111.392040206 -6.185322000 -0.021556234 0.031102079 0.612314843 0.789707872
33.800380 190.418836192 112.260092163 -6.241771546 -0.021301395 0.031551059 0.610829963 0.790846090
33.900279 190.648153204 113.137470282 -6.301927550 -0.020814050 0.032044579 0.609162280 0.792124508
34.000738 190.891908927 114.021879806 -6.357280765 -0.020289806 0.032383707 0.607527437 0.793378871
34.100467 191.118852543 114.887316461 -6.403731191 -0.019288336 0.032380622 0.606528458 0.794167920
34.200336 191.342776089 115.731900456 -6.454692567 -0.018795781 0.031175636 0.605739355 0.794829939
34.301000 191.566647273 116.564063625 -6.508584749 -0.017918353 0.030086337 0.605036053 0.795427633
34.400380 191.566369039 116.564970606 -6.508696828 -0.017941731 0.030100229 0.605028095 0.795432634
34.501000 192.013501220 118.208502939 -6.619325565 -0.020106017 0.029383015 0.603764649 0.796367148
34.600194 192.011489707 118.209706358 -6.618541297 -0.020152925 0.029371248 0.603833232 0.796314396
34.701000 192.445143804 119.840937414 -6.715330654 -0.021902842 0.030166224 0.603004222 0.796866471
34.800804 192.446153226 119.842664295 -6.714749351 -0.021908352 0.030220286 0.602983119 0.796880240
34.900437 193.058265168 122.084647461 -6.838103431 -0.022054718 0.031943962 0.602151716 0.797437448
35.000837 193.204232720 122.655441390 -6.883206697 -0.020769630 0.031935166 0.603422442 0.796511221
35.100852 193.309978533 123.052389319 -6.914124553 -0.020003971 0.032421664 0.603722427 0.796283811
35.200848 193.425134816 123.477657478 -6.935678893 -0.019712953 0.032445528 0.604483139 0.795712776
35.300691 193.611165635 124.090227808 -6.964446378 -0.019623015 0.031987560 0.605414230 0.795025373
35.400536 193.827638471 124.828136134 -7.007543222 -0.020009690 0.031559253 0.606108921 0.794503368
35.463500 193.972695132 125.347232198 -7.045400183 -0.019996926 0.031109952 0.606337641 0.794346875
35.593857 194.288405322 126.548472473 -7.130471602 -0.019831409 0.030685063 0.607400796 0.793554923
35.684333 194.431279281 127.116247625 -7.163707039 -0.019170836 0.030381531 0.607951617 0.793160938
35.790474 194.581804276 127.738403948 -7.197192375 -0.017841441 0.030138680 0.609543566 0.791978525
35.889889 194.714082609 128.280752246 -7.221427666 -0.017336591 0.030692904 0.611309127 0.790606437
36.001000 194.858102553 128.860091990 -7.255513821 -0.017166695 0.031199737 0.613106307 0.789197401
36.100222 194.854987471 128.855852693 -7.254817370 -0.017189625 0.031219043 0.613104202 0.789197773
36.201000 195.140251784 130.020195490 -7.334833315 -0.018100785 0.032989494 0.616421601 0.786516665
36.300858 195.141264033 130.024995713 -7.334351643 -0.018120341 0.033003785 0.616406215 0.786527674
36.400560 195.545426785 131.741245222 -7.441896041 -0.017609508 0.034311447 0.620242216 0.783461692
36.500580 195.644122671 132.151168844 -7.461225045 -0.018621120 0.033956658 0.620075185 0.783585965
36.600851 195.692729808 132.403260896 -7.471675206 -0.018898115 0.034050942 0.621246831 0.782646644
36.700561 195.752999244 132.717118175 -7.486128005 -0.018260196 0.034488307 0.622309904 0.781797611
36.801000 195.863339703 133.201010765 -7.523799632 -0.018685953 0.033976051 0.623267890 0.781046477
36.867667 195.866843571 133.211890999 -7.524530727 -0.018681310 0.033977827 0.623283582 0.781033989
37.001000 196.111190877 134.272438113 -7.592052258 -0.018828261 0.034242169 0.624688902 0.779895343
37.101000 196.233584496 134.809439955 -7.618404724 -0.019084384 0.033998971 0.625140672 0.779537681
37.200685 196.232279855 134.809512165 -7.618212771 -0.019079992 0.034040450 0.625141887 0.779535004
37.300658 196.516790036 136.114264490 -7.689364029 -0.019458475 0.032549617 0.624966409 0.779730003
37.400492 196.563979861 136.294063390 -7.713904761 -0.019278265 0.032241536 0.623377160 0.781018404
37.500843 196.568202183 136.367051925 -7.732649217 -0.018608256 0.032326628 0.621828103 0.782265001
37.601000 196.597147683 136.471061765 -7.735148417 -0.017900902 0.032685234 0.619193267 0.784353830
37.701000 196.686453515 136.730518860 -7.735770736 -0.017529641 0.033576437 0.616901773 0.786128194
37.800565 196.690962568 136.747819131 -7.736372426 -0.017543977 0.033568085 0.616959301 0.786083083
37.900716 196.938292861 137.551891473 -7.768739145 -0.017170595 0.034087366 0.612392305 0.789632121
38.001000 197.002849408 137.871720420 -7.806579625 -0.017799042 0.035069182 0.612510977 0.789483153
38.100745 196.999226681 137.873739042 -7.806433246 -0.017820614 0.035072491 0.612519724 0.789475734
38.201000 197.086771261 138.286319157 -7.840844897 -0.018215345 0.035894561 0.610626363 0.790895206
38.300751 197.082420501 138.277981804 -7.839895311 -0.018225122 0.035918586 0.610613178 0.790904070
38.400739 197.172370246 138.671934493 -7.850816000 -0.018947719 0.035607247 0.607714335 0.793130755
38.500717 197.187768501 138.739867968 -7.856262637 -0.019641694 0.034917482 0.608395636 0.792622056
38.600568 197.218675780 138.795406134 -7.866188298 -0.019167501 0.034404830 0.607573930 0.793286098
38.701000 197.253222396 138.891575937 -7.880191291 -0.018686150 0.034157044 0.606964782 0.793774450
38.800652 197.254855651 138.898474289 -7.879786938 -0.018691079 0.034171131 0.606980895 0.793761406
38.900766 197.353807124 139.215827168 -7.902589866 -0.019239976 0.034238417 0.605375247 0.794970669
39.000621 197.376720901 139.325078677 -7.897748700 -0.018392611 0.034396264 0.605501895 0.794887453
39.100865 197.385040161 139.393956859 -7.895573734 -0.017164201 0.034147030 0.605274096 0.795099138
39.200587 197.386149184 139.446309091 -7.901873524 -0.016898864 0.034329268 0.604970882 0.795327707
39.300860 197.399275147 139.506884733 -7.914069725 -0.017456272 0.034070005 0.604773117 0.795477209
39.400854 197.428579103 139.549788379 -7.921504364 -0.017594768 0.033351396 0.604241061 0.795908819
39.500713 197.450824993 139.606460953 -7.922994343 -0.016889131 0.033135541 0.604011759 0.796107146
39.600580 197.469948761 139.657262697 -7.920707834 -0.016567542 0.033563650 0.603811120 0.796248158
39.700861 197.476064086 139.720486395 -7.921530906 -0.016814945 0.033666848 0.603781467 0.796261101
39.800718 197.487569841 139.763773475 -7.926154834 -0.017091645 0.033556008 0.603532611 0.796448527
39.901000 197.489900302 139.795888409 -7.932240481 -0.017148484 0.033823771 0.603574999 0.796403856
40.000742 197.489138829 139.795718287 -7.931969919 -0.017154863 0.033827778 0.603549553 0.796422833
40.101000 197.499581383 139.821473102 -7.933029119 -0.017188115 0.034245888 0.603585334 0.796377129
40.200746 197.498802661 139.823377749 -7.932921324 -0.017185053 0.034254745 0.603578604 0.796381915
40.300586 197.498297636 139.780341302 -7.923594755 -0.016818862 0.033273887 0.603462193 0.796519526
40.400696 197.495459734 139.753349362 -7.920710806 -0.016448873 0.032850172 0.603646903 0.796404870
40.500849 197.489315939 139.745805264 -7.923177836 -0.016394314 0.032869442 0.603613572 0.796430463
40.600578 197.482726822 139.754465654 -7.929592804 -0.016389052 0.032947374 0.603686349 0.796372188
40.700860 197.471804728 139.757397102 -7.929775469 -0.016234700 0.032601730 0.603691845 0.796385408
40.800571 197.479107650 139.783608582 -7.927825118 -0.016193191 0.032558589 0.603662104 0.796410562
40.900854 197.487204911 139.798039350 -7.926079699 -0.016336638 0.032838550 0.603743942 0.796334099
41.000853 197.493057480 139.798347849 -7.925503523 -0.016347699 0.033031432 0.603624993 0.796416063
41.100705 197.492424734 139.788288424 -7.926542532 -0.016380545 0.033018639 0.603773366 0.796303441
41.201000 197.491463371 139.776005654 -7.926973466 -0.016581058 0.033047029 0.603712814 0.796344021
41.300706 197.491272495 139.775248824 -7.926958990 -0.016582536 0.033042630 0.603729026 0.796331883
41.400554 197.484723053 139.768558848 -7.928943152 -0.016148129 0.032666987 0.603643855 0.796420870
41.501000 197.481617548 139.780317790 -7.928545290 -0.016463004 0.033006816 0.603669461 0.796381003
41.600855 197.481877012 139.780425676 -7.928154304 -0.016475983 0.033013770 0.603682365 0.796370664
41.700847 197.487587130 139.804410614 -7.925668736 -0.016143047 0.032650900 0.603633375 0.796429576
41.800855 197.486802492 139.790015768 -7.925432303 -0.016414317 0.033005659 0.603662847 0.796387069
41.900854 197.482677381 139.771196705 -7.926211101 -0.016452089 0.033009113 0.603688023 0.796367062
42.000853 197.485008786 139.767621128 -7.926748481 -0.016494139 0.032988238 0.603775252 0.796300926
42.100557 197.485551879 139.769534180 -7.927185252 -0.016497112 0.032969447 0.603694654 0.796362747
42.200851 197.489627101 139.767803436 -7.925725543 -0.016515446 0.032970436 0.603699259 0.796358836
42.300708 197.492339548 139.777233139 -7.926439770 -0.016468034 0.032994832 0.603706903 0.796353012
42.400856 197.492097220 139.778780114 -7.926187468 -0.016453631 0.032998764 0.603694499 0.796362550
42.501000 197.489989076 139.779917777 -7.926596029 -0.016479705 0.033010566 0.603727703 0.796336350
42.600721 197.488347771 139.778448762 -7.926283521 -0.016487748 0.033020461 0.603722978 0.796339355
42.700713 197.487702105 139.785997809 -7.926915252 -0.016205541 0.032712457 0.603683517 0.796387774
42.800583 197.487887564 139.787161312 -7.926705842 -0.016457197 0.032976869 0.603651540 0.796395947
42.900709 197.486632890 139.782472811 -7.925766220 -0.016517664 0.032987295 0.603756593 0.796314625
43.000569 197.484648713 139.778176593 -7.927182180 -0.016478795 0.033007274 0.603709473 0.796350326
43.101000 197.479328337 139.778601668 -7.927824049 -0.016464119 0.033025532 0.603647617 0.796396762
43.200551 197.479277044 139.778314331 -7.927729667 -0.016465906 0.033027295 0.603656123 0.796390204
43.300556 197.474193413 139.780446109 -7.927561374 -0.016248464 0.032771122 0.603707737 0.796366127
43.400856 197.479927924 139.773992736 -7.925836638 -0.016467532 0.033000777 0.603611348 0.796425206
43.500854 197.486534126 139.774133391 -7.925798679 -0.016486775 0.033018189 0.603687124 0.796366651
43.600552 197.489315931 139.778491056 -7.926786808 -0.016457814 0.033000360 0.603679602 0.796373691
43.701000 197.488628631 139.785245838 -7.927610227 -0.016513955 0.032967455 0.603702540 0.796356503
43.801000 197.487374333 139.780816871 -7.928256423 -0.016474566 0.032999314 0.603636826 0.796405811
43.900856 197.486256158 139.778976760 -7.927933104 -0.016482058 0.033006574 0.603632818 0.796408393
44.000708 197.487986941 139.782546923 -7.928200066 -0.016313517 0.032771336 0.603720822 0.796354869
44.100564 197.488958983 139.784680714 -7.926477294 -0.016504634 0.033018671 0.603732281 0.796332027
