1.400876 0.885475084 -0.003390388 0.014499426 0.001051450 -0.000399657 -0.000372186 0.999999298
1.500887 1.849254884 0.000708609 0.018603151 0.000998770 0.000189586 -0.000244129 0.999999453
1.600777 3.542626849 0.002142822 0.035674501 0.000481560 0.001183427 -0.000545891 0.999999035
1.700778 5.000685827 0.009343307 0.053931888 0.000467225 0.001548143 -0.000166317 0.999998679
1.800747 6.277617051 0.016684667 0.068726205 0.002040493 0.001680898 0.000080789 0.999996502
1.900595 7.483979281 0.016545193 0.081670474 0.002097394 0.001128534 0.000273546 0.999997126
2.000885 8.594358506 0.022264289 0.092566317 0.001233491 -0.000764467 0.000583922 0.999998777
2.100687 9.640590304 0.024526834 0.102437529 0.001946432 -0.001666500 0.000792553 0.999996403
2.200816 9.398568797 0.132105776 0.109639190 0.000272894 0.000008179 -0.002022116 0.999997918
2.300721 10.380087483 0.187927707 0.118840537 -0.001938224 0.001391841 -0.003232475 0.999991929
2.400814 11.382179750 0.201395659 0.131819735 -0.002654732 0.001752477 -0.003123083 0.999990064
2.500719 12.752557580 0.053423742 0.139971309 -0.003549030 0.002121532 0.000307822 0.999991404
2.600906 13.771019215 0.060229129 0.148869012 -0.004579241 0.001458829 0.000564688 0.999988292
2.700905 14.786198245 0.069101276 0.158934619 -0.005847954 0.000006465 0.000952992 0.999982446
2.800706 15.821398146 0.074240307 0.162751399 -0.006958852 -0.000578983 0.001427993 0.999974600
2.900898 16.866783247 0.085468878 0.166558816 -0.008486009 0.000924444 0.001682392 0.999962151
3.001000 17.894680323 0.100184299 0.174231932 -0.009457319 0.002145362 0.001816935 0.999951326
3.100678 17.894751327 0.099385499 0.174577368 -0.009469832 0.002158951 0.001823678 0.999951167
3.201000 19.977110527 0.119429478 0.185489574 -0.009813985 0.001503687 0.002602034 0.999947326
3.300680 19.973737707 0.118641944 0.185660629 -0.009831609 0.001537679 0.002579340 0.999947160
3.400682 22.350673295 0.179490281 0.200145552 -0.009441566 0.002024306 0.001102078 0.999952771
3.500686 23.216094680 0.178655253 0.200720945 -0.009660761 0.002064624 0.002253375 0.999948663
3.600789 24.116931610 0.186274561 0.209423922 -0.010099342 0.002138266 0.002590878 0.999943358
3.700678 25.187864695 0.220294701 0.211370996 -0.010715420 0.002724670 0.000707990 0.999938625
3.800679 26.234319139 0.244348948 0.215024139 -0.011041092 0.003766578 -0.000848860 0.999931591
3.901000 27.287069691 0.258624988 0.217376219 -0.011154980 0.003277925 -0.002267402 0.999929838
4.001000 28.411710678 0.240011688 0.213575171 -0.010536674 0.002683112 -0.002253395 0.999938349
4.101000 29.551139536 0.236087213 0.215345722 -0.009629273 0.002709183 -0.003394112 0.999944207
4.201000 30.629861599 0.254893579 0.213787611 -0.009334001 0.003229360 -0.004957014 0.999938936
4.300871 30.636469349 0.255885894 0.214201529 -0.009336358 0.003246753 -0.004958551 0.999938850
4.400863 33.240951107 0.217259746 0.220417125 -0.007029384 0.003724744 -0.008554157 0.999931768
4.500611 34.041576485 0.233357528 0.227316557 -0.008295353 0.002680889 -0.006182030 0.999942890
4.600540 35.050909911 0.228825244 0.228384479 -0.007185503 0.002457985 -0.005872173 0.999953921
4.700831 36.135046026 0.227619249 0.229549670 -0.006573149 0.002753113 -0.006620164 0.999952693
4.800589 37.228997015 0.173891575 0.228168465 -0.004722604 0.003348715 -0.006887888 0.999959519
4.900882 38.434234054 0.126027875 0.236434282 -0.003304002 0.002785229 -0.006228467 0.999971266
5.000692 39.670654831 0.094444114 0.247131230 -0.003389357 0.000031977 -0.005947886 0.999976567
5.100889 40.934997432 0.073146269 0.255364513 -0.003589025 -0.001762889 -0.006744658 0.999969260
5.200751 42.067473825 0.045987695 0.265736866 -0.005191896 -0.000072967 -0.007168593 0.999960824
5.300862 43.435160755 0.054665402 0.272283125 -0.005789718 0.002213441 -0.009260771 0.999937907
5.400880 44.626341622 0.065339124 0.281186821 -0.005244927 0.002642260 -0.010027896 0.999932473
5.500697 45.723869359 0.058786556 0.285939028 -0.004113883 0.001853153 -0.009623321 0.999943515
5.600807 46.858783211 0.033519320 0.289679630 -0.003125817 0.001621728 -0.009300793 0.999950546
5.701000 47.981745810 0.008727818 0.296838732 -0.002739628 0.002160565 -0.008609612 0.999956850
5.800904 47.979724322 0.010210409 0.297609902 -0.002728004 0.002188498 -0.008611758 0.999956802
5.900902 50.609312664 -0.044791392 0.315401371 -0.003058617 0.002466785 -0.006715441 0.999969731
6.000903 51.472235869 -0.049158549 0.317433090 -0.004014120 0.001763147 -0.006035397 0.999972176
6.100800 52.526352796 -0.046915441 0.325184968 -0.005291322 0.002954386 -0.005220476 0.999968010
6.200695 53.637027879 -0.057802955 0.331610793 -0.006950576 0.004355840 -0.004547997 0.999956015
6.300793 54.732691049 -0.061153535 0.337384070 -0.008260495 0.004100001 -0.003536602 0.999951222
6.425759 55.833044447 -0.069773840 0.335162002 -0.008785631 0.002793392 -0.005111933 0.999944437
6.501000 56.615100001 -0.076820717 0.338641976 -0.010224315 0.002271940 -0.001388838 0.999944185
6.601000 57.669289869 -0.084505967 0.345939643 -0.011181590 0.001821839 -0.000363211 0.999935758
6.700764 57.689495025 -0.082440998 0.346082293 -0.011152697 0.001860624 -0.000360344 0.999936011
6.800762 60.321554812 -0.058618242 0.364992752 -0.011975456 0.000014228 -0.000160193 0.999928279
6.900710 61.356727875 -0.085059354 0.364572893 -0.011859717 0.001760298 0.001757127 0.999926578
7.000838 62.479831498 -0.072393333 0.367017674 -0.012246805 0.003234760 0.002085461 0.999917598
7.100630 63.635214738 -0.051225963 0.370113500 -0.012184069 0.003959895 0.002853111 0.999913860
7.200523 64.791625327 -0.025786240 0.375240404 -0.012175836 0.004020678 0.003008174 0.999913263
7.300754 65.941234204 -0.014792329 0.379257099 -0.011867830 0.003856999 0.003481320 0.999916076
7.400668 67.147720734 -0.008194259 0.379652618 -0.011899802 0.004471884 0.004240899 0.999910202
7.501000 68.356066916 0.007253210 0.377496853 -0.011163023 0.006036470 0.005260554 0.999905633
7.600758 68.352502819 0.006982746 0.377157799 -0.011181765 0.006107425 0.005181906 0.999905403
7.700779 70.994384270 0.082768902 0.359347757 -0.008528934 0.007307020 0.008291176 0.999902556
7.800890 72.005037613 0.077484222 0.350123710 -0.009661176 0.006235537 0.008251258 0.999899843
7.901000 73.137271333 0.110400844 0.344318323 -0.010244243 0.005389535 0.009106807 0.999891531
8.000892 73.128121731 0.109600668 0.345263751 -0.010194780 0.005447997 0.009045388 0.999892278
8.101000 75.473099526 0.183587527 0.344929481 -0.010911290 0.005797870 0.010621825 0.999867244
8.200674 75.473102330 0.182128621 0.345038824 -0.010900456 0.005862671 0.010608607 0.999867124
8.301000 77.547897245 0.249849895 0.344045799 -0.010376689 0.005544989 0.010626047 0.999874324
8.400692 77.545957035 0.251655903 0.343999192 -0.010378727 0.005616112 0.010646459 0.999873689
8.500903 79.859373582 0.348981354 0.338835360 -0.006440141 0.006817783 0.009058314 0.999914991
8.600905 81.184359508 0.378660740 0.333814262 -0.006893475 0.006650826 0.008302284 0.999919656
8.701000 82.295977535 0.393266917 0.330740601 -0.005930013 0.006892332 0.007389015 0.999931364
8.801000 83.397061201 0.442915962 0.326569658 -0.005687893 0.007079955 0.006641980 0.999936701
8.900589 83.394676122 0.442443445 0.328152422 -0.005591596 0.007128458 0.006626998 0.999936999
9.000720 85.793645098 0.484898067 0.326324604 -0.003707366 0.004551558 0.003410889 0.999976952
9.100881 86.851863336 0.564311982 0.328331829 -0.004068482 0.004514778 0.004921771 0.999969420
9.200784 88.091957465 0.555623121 0.334739141 -0.004474762 0.002890169 0.004592109 0.999975268
9.301000 89.334227089 0.537446343 0.339243195 -0.004668063 0.003441905 0.004273324 0.999974050
9.400817 89.330263333 0.537683815 0.339854976 -0.004632047 0.003480689 0.004329718 0.999973841
9.501000 91.708592326 0.536343439 0.345562911 -0.005497140 0.006008580 0.002846766 0.999962786
9.600907 91.708912750 0.539789931 0.346081730 -0.005505606 0.006072245 0.002791540 0.999962511
9.700813 93.869118807 0.555046853 0.339810295 -0.004052743 0.005189067 0.000765753 0.999978031
9.800817 94.949493965 0.592583669 0.331405986 -0.003864371 0.005006557 0.000423458 0.999979911
9.900815 96.264522751 0.629821539 0.333257490 -0.003881310 0.005282971 -0.000073525 0.999978510
10.001000 97.431162475 0.634956168 0.335945562 -0.004430938 0.005760038 0.000265467 0.999973559
10.100717 97.428803981 0.636533220 0.336783044 -0.004408340 0.005850883 0.000303788 0.999973120
10.200809 99.766954434 0.667898661 0.334310210 -0.006639564 0.005440556 0.000519716 0.999963023
10.300707 100.655922855 0.640705826 0.329546599 -0.007771324 0.005846857 0.002088895 0.999950527
10.400704 101.956078889 0.653764562 0.325592935 -0.008633966 0.005658929 0.001136017 0.999946069
10.500798 103.169803206 0.659932684 0.324882216 -0.009593118 0.006001501 0.001984636 0.999934005
10.600696 104.343812949 0.645707813 0.326168882 -0.010731129 0.006466087 0.003514750 0.999915336
10.700896 105.485775167 0.670314868 0.324165601 -0.012111401 0.006885130 0.003529077 0.999896722
10.800789 106.618245967 0.672900431 0.321454546 -0.012800448 0.006389383 0.003689262 0.999890851
10.900675 107.731694812 0.683899974 0.319949038 -0.014231069 0.006214587 0.003643864 0.999872781
11.000777 108.867420726 0.703845961 0.318330164 -0.015222538 0.005569569 0.003590621 0.999862171
11.100772 110.128386029 0.728027035 0.316988743 -0.015186328 0.005422970 0.003654475 0.999863296
11.200636 111.255041493 0.738294421 0.320909328 -0.015666918 0.005907865 0.003499433 0.999853689
11.300582 112.368099647 0.751099873 0.319411696 -0.016229970 0.007277158 0.003381132 0.999836086
11.400858 113.474245200 0.759283356 0.320885097 -0.016560591 0.007755820 0.003428860 0.999826904
11.500863 114.586748689 0.769114092 0.318123726 -0.017405964 0.007191421 0.002920276 0.999818377
11.600756 115.697875858 0.781752018 0.313480949 -0.018426546 0.006583891 0.002710334 0.999804865
11.700693 116.798481488 0.797342588 0.307403322 -0.018612576 0.007196514 0.002666913 0.999797314
11.800650 117.900936530 0.798039313 0.304565835 -0.018547584 0.008307625 0.002259418 0.999790911
11.900628 118.997191483 0.798746490 0.299822459 -0.017844948 0.009659802 0.001893967 0.999792308
12.000841 120.106001663 0.799436386 0.288965203 -0.016319093 0.010796646 0.002105898 0.999806324
12.101000 121.202280468 0.804017429 0.281565827 -0.015334770 0.009742220 0.002174592 0.999832589
12.201000 122.291167321 0.810533821 0.268546549 -0.014396964 0.008793342 0.002193976 0.999855285
12.301000 123.350103089 0.803917242 0.262094578 -0.013712508 0.009680163 0.002277517 0.999856527
12.400848 123.348805042 0.802706864 0.262267247 -0.013758989 0.009728016 0.002213880 0.999855567
12.501000 125.342994823 0.807049860 0.241634190 -0.013438227 0.011577178 0.002143425 0.999840382
12.600613 125.345481352 0.808925736 0.242875385 -0.013414952 0.011659559 0.002123545 0.999839779
12.700768 127.526625911 0.836223110 0.202627846 -0.010704507 0.010303788 0.001575001 0.999888376
12.801000 128.458427011 0.845517853 0.199471424 -0.011419412 0.011415398 0.002626571 0.999866184
12.900716 128.444861298 0.844203724 0.201450163 -0.011395318 0.011516041 0.002437089 0.999865785
13.001000 130.261227027 0.862339704 0.189067636 -0.010977617 0.012880579 0.001891769 0.999854991
13.101000 131.214114270 0.860298941 0.179149449 -0.010154945 0.012639599 0.001432880 0.999867523
13.200786 131.202028315 0.861369675 0.178602058 -0.010166458 0.012691445 0.001366719 0.999866842
13.300752 133.308155429 0.883782721 0.155125703 -0.006329126 0.009238713 -0.002022034 0.999935248
13.400870 134.274873945 0.897339730 0.140371791 -0.005987878 0.008277750 0.001413135 0.999946812
13.501000 135.361065387 0.897364841 0.133212337 -0.004731408 0.006912151 0.000846382 0.999964559
13.600894 135.353015180 0.898259805 0.133599664 -0.004785374 0.006951173 0.000731921 0.999964122
13.701000 137.499059618 0.907170426 0.135016884 -0.005820460 0.006786406 -0.000805926 0.999959708
13.801000 138.430621867 0.905279905 0.137390604 -0.006520161 0.008287212 -0.000998629 0.999943905
13.900721 138.428823260 0.906238696 0.136513816 -0.006489142 0.008317254 -0.001118367 0.999943730
14.000858 140.789418989 0.920807804 0.134521781 -0.009744105 0.011052363 -0.004591015 0.999880903
14.100622 141.498165318 0.924003291 0.123742644 -0.009942620 0.009237362 -0.001570268 0.999906670
14.200882 142.638573648 0.886647123 0.112018214 -0.010571925 0.007739747 -0.001468585 0.999913083
14.300686 143.676324801 0.897697558 0.104011951 -0.010811484 0.006874564 -0.003574555 0.999911533
14.401000 144.595100066 0.923369714 0.106291395 -0.011015118 0.007255803 -0.005646586 0.999897063
14.500687 144.590487796 0.923222967 0.106639502 -0.010970188 0.007294049 -0.005731844 0.999896794
14.600771 146.820718257 0.869066730 0.111338311 -0.010114883 0.009601136 -0.010479346 0.999847834
14.700612 147.600647486 0.839181231 0.110151797 -0.009580059 0.010897624 -0.005971237 0.999876897
14.800694 148.499649834 0.834964437 0.105322577 -0.009653302 0.012230321 -0.007792181 0.999848246
14.858143 149.144178117 0.821821062 0.100435881 -0.009811955 0.011987069 -0.008830176 0.999841019
14.989235 150.409012528 0.800210612 0.089274667 -0.009487412 0.011033514 -0.011535747 0.999827574
15.088500 151.200464533 0.789691072 0.080981912 -0.009534028 0.010134661 -0.011410789 0.999838079
15.193308 152.082963589 0.778485150 0.076661748 -0.009344385 0.009488749 -0.011971341 0.999839654
15.301000 152.912037518 0.764385162 0.073203276 -0.010426825 0.009665797 -0.012723278 0.999817969
15.400815 152.900147102 0.765170478 0.073345824 -0.010395172 0.009696003 -0.012787016 0.999817193
15.501000 154.600931237 0.707408350 0.069783838 -0.009314802 0.010788605 -0.015107019 0.999784286
15.601000 155.296997062 0.690541633 0.068255051 -0.008800160 0.011174191 -0.015480628 0.999778998
15.700871 155.298585809 0.690294603 0.068665313 -0.008860096 0.011186843 -0.015548920 0.999777267
15.801000 156.479102224 0.661398380 0.059989734 -0.008936274 0.009711406 -0.016133327 0.999782750
15.900744 156.480267185 0.662708481 0.059524382 -0.008926294 0.009717543 -0.016099948 0.999783318
16.001000 157.747493639 0.605033610 0.055195044 -0.007904714 0.008881323 -0.016863565 0.999787106
16.101000 158.331627360 0.590983379 0.052899838 -0.008103661 0.009490840 -0.017256052 0.999773216
16.201000 158.790121305 0.569656726 0.052566809 -0.008779133 0.010131165 -0.017599970 0.999755234
16.300685 158.790468117 0.569383354 0.053096008 -0.008775852 0.010167320 -0.017596285 0.999754960
16.400571 160.261020246 0.559383756 0.054240018 -0.008522717 0.010795568 -0.022952280 0.999641942
16.501000 160.966483897 0.508033074 0.050889183 -0.008636937 0.009479874 -0.020919514 0.999698909
16.600872 160.938986788 0.510518156 0.051017592 -0.008653934 0.009513829 -0.021008441 0.999696575
16.700639 162.431964677 0.419852184 0.046694489 -0.007213500 0.006558034 -0.025680597 0.999622661
16.800890 162.873645253 0.405390962 0.043257798 -0.007674042 0.007995383 -0.024149467 0.999646931
16.900795 163.454779710 0.339837528 0.042369377 -0.007617323 0.008749384 -0.024770065 0.999625864
17.000797 164.168203662 0.292301280 0.042817359 -0.008474640 0.009011542 -0.026387111 0.999575256
17.100698 164.742178110 0.264422739 0.047236708 -0.008863704 0.009335482 -0.028077106 0.999522866
17.200896 165.230467857 0.230571721 0.047697577 -0.008557730 0.010090939 -0.029007722 0.999491616
17.301000 165.788243751 0.220386749 0.042170263 -0.008162385 0.010026059 -0.031109371 0.999432369
17.400701 165.793091007 0.220681810 0.041369877 -0.008144785 0.010035022 -0.031143819 0.999431350
17.500900 166.936084606 0.151923433 0.031806790 -0.006223232 0.011080865 -0.035790651 0.999278497
17.600795 167.313968600 0.158705720 0.036811439 -0.008524672 0.010872677 -0.035992074 0.999256566
17.700684 167.681609056 0.158639968 0.040167503 -0.009900784 0.009833855 -0.036287596 0.999243954
17.800777 168.399762855 0.099680070 0.032383363 -0.011887542 0.009884403 -0.035666329 0.999244163
17.900887 168.892159248 0.068252075 0.025102241 -0.013186113 0.010973844 -0.034309753 0.999264000
18.000885 169.315634405 0.067131100 0.022581437 -0.014379839 0.011983548 -0.032081801 0.999309948
18.100765 169.779294653 0.051544898 0.020659698 -0.015295412 0.012493148 -0.028312055 0.999404022
18.201000 170.234417809 0.024897204 0.018793849 -0.015929083 0.012972339 -0.022877441 0.999527191
18.300754 170.236732828 0.024191083 0.019754167 -0.016003417 0.012989652 -0.022680386 0.999530270
18.401000 171.047464069 -0.006562702 0.019554974 -0.017114132 0.012747933 -0.015415298 0.999653423
18.500570 171.025029768 -0.006973240 0.019572795 -0.017134842 0.012757351 -0.015276217 0.999655083
18.600546 171.601513033 -0.006133025 0.005508553 -0.018718037 0.012536304 -0.004131417 0.999737669
18.701000 171.648011229 -0.009720068 -0.001229516 -0.018750227 0.012558496 -0.002644312 0.999741827
18.800461 171.618913434 -0.015126115 0.000765209 -0.018799515 0.012597956 -0.002644222 0.999740405
18.901000 171.954482679 -0.018309856 0.002051841 -0.020081932 0.012596095 0.006520002 0.999697726
19.000775 171.935277452 -0.016805460 0.002204083 -0.020128462 0.012595179 0.006458386 0.999697202
19.100756 172.130647753 0.038055922 0.004795467 -0.021529519 0.011112130 0.020818510 0.999489665
19.201000 172.221261900 0.045435286 -0.000086601 -0.021339974 0.011390591 0.023237162 0.999437289
19.300525 172.227767165 0.039327981 -0.000358966 -0.021368192 0.011400247 0.023235103 0.999436624
19.400769 172.514316264 0.091478168 -0.012777598 -0.022394722 0.011172024 0.040566222 0.998863376
19.500779 172.688750189 0.087595801 -0.013904533 -0.022181039 0.012608733 0.043585353 0.998723855
19.600785 172.797136947 0.108417981 -0.011996697 -0.022369962 0.013324650 0.050514414 0.998383860
19.701000 172.915697671 0.134469811 -0.011560698 -0.022442812 0.013786099 0.058893646 0.997916731
19.801000 173.052187193 0.159290465 -0.013315248 -0.022455225 0.013311440 0.067416267 0.997383384
19.901000 173.188877641 0.182722622 -0.019237018 -0.022019836 0.012484305 0.075601685 0.996816761
20.000714 173.201091050 0.182135658 -0.019193964 -0.022059714 0.012494813 0.075757007 0.996803955
20.100693 173.501884669 0.300173797 -0.034133534 -0.021332991 0.010773574 0.099068732 0.994793556
20.200708 173.653774602 0.343654500 -0.039116628 -0.020883709 0.010634287 0.105675800 0.994124443
20.300424 173.843436020 0.390223963 -0.042708085 -0.020606857 0.010660357 0.118569037 0.992674719
20.400718 174.069139442 0.475428130 -0.050061609 -0.020597982 0.010788705 0.133570624 0.990766479
20.500728 174.324468394 0.571907123 -0.058082078 -0.020553370 0.011521009 0.148368455 0.988651418
20.601000 174.585432558 0.676278489 -0.067650164 -0.020301344 0.012798999 0.165878067 0.985854202
20.701000 174.894181139 0.796809585 -0.081263599 -0.019533232 0.013598273 0.184326751 0.982576811
20.801000 175.182989562 0.904389007 -0.092442485 -0.018656280 0.014472385 0.203021104 0.978889639
20.900600 175.184978696 0.906766561 -0.092544256 -0.018657686 0.014447648 0.203143317 0.978864622
21.001000 175.795178289 1.236135183 -0.113607781 -0.017641537 0.015674506 0.241009462 0.970235809
21.100803 175.797057154 1.242613376 -0.113160498 -0.017629556 0.015715401 0.241189650 0.970190588
21.200407 176.432418962 1.684663954 -0.151275035 -0.016485464 0.017838844 0.287266874 0.957542557
21.300588 176.651573086 1.883099356 -0.162291779 -0.017912443 0.017801860 0.302734782 0.952740201
21.400746 176.870350603 2.093456094 -0.173291887 -0.018515383 0.018409252 0.319943994 0.947076618
21.501000 177.105347183 2.411913525 -0.193860260 -0.019009306 0.018491936 0.341071783 0.939663096
21.601000 177.433763505 2.737375291 -0.221160497 -0.018769885 0.018727071 0.365270818 0.930523626
21.700686 177.430940706 2.739635420 -0.221658283 -0.018769400 0.018748223 0.365333340 0.930498664
21.801000 178.007310332 3.352274646 -0.277071824 -0.017148747 0.021382975 0.405458726 0.913702309
21.900602 178.003986040 3.355832317 -0.276956616 -0.017149659 0.021425462 0.405270657 0.913784731
22.001000 178.572861349 4.062280664 -0.326115044 -0.015674588 0.025014091 0.440897239 0.897072030
22.100707 178.576273944 4.066932735 -0.324795108 -0.015671811 0.025155389 0.440876439 0.897078350
22.200886 179.118892407 5.049682615 -0.387893346 -0.012248190 0.031295882 0.481938377 0.875560364
22.300792 179.331435691 5.403603160 -0.412345468 -0.012506607 0.032105553 0.495151398 0.868123212
22.400896 179.556652523 5.797903967 -0.441320109 -0.011549447 0.033018978 0.510607923 0.859101802
22.500789 179.716091449 6.292123233 -0.467629200 -0.011371565 0.032516244 0.526137083 0.849701802
22.600657 179.961734641 6.865762772 -0.505084614 -0.010838978 0.031730758 0.547692274 0.836007685
22.700654 180.131708388 7.435024171 -0.557969544 -0.009166344 0.031545046 0.563398491 0.825531967
22.800760 180.338783963 8.071391256 -0.600607774 -0.006974096 0.029947078 0.579411533 0.814454916
22.900630 180.506541811 8.732719797 -0.629382832 -0.006535142 0.028016757 0.593700359 0.804171771
23.000570 180.693855776 9.421406705 -0.660963233 -0.006980391 0.026223427 0.607580257 0.793794581
23.100857 180.895105946 10.190451072 -0.688585008 -0.006254678 0.025728651 0.624724135 0.780396483
23.201000 181.025015145 10.857714047 -0.722025870 -0.006396204 0.025733301 0.634817055 0.772207350
23.300857 181.023248623 10.851402115 -0.721559935 -0.006435291 0.025702709 0.634651854 0.772343824
23.400701 181.207111685 12.437042342 -0.785518959 -0.008572830 0.025124114 0.658710168 0.751928321
23.500454 181.263246466 13.121393579 -0.814642798 -0.010513072 0.026112186 0.663878283 0.747310682
23.601000 181.295013675 13.668131637 -0.853628685 -0.011926018 0.026755149 0.669471966 0.742259536
23.701000 181.327453885 14.396255336 -0.895508276 -0.012736706 0.026129880 0.674933199 0.737306030
23.800884 181.348861012 14.409901452 -0.896107749 -0.012816057 0.026141101 0.675988599 0.736336747
23.900779 181.404892247 16.116789839 -1.001733629 -0.014779771 0.024806640 0.688857141 0.724321771
24.000897 181.483727193 16.700626473 -1.040385014 -0.013498119 0.024764364 0.687649990 0.725494327
24.101000 181.522524919 17.421339901 -1.071680965 -0.012933301 0.025299709 0.689410242 0.723813631
24.200649 181.529178312 17.404857255 -1.070722626 -0.012961109 0.025397417 0.689207330 0.724002926
24.301000 181.570127753 19.085471727 -1.145709097 -0.013572577 0.027043885 0.696534380 0.716885117
24.400849 181.574370087 19.073164680 -1.145843438 -0.013696739 0.027028780 0.696391517 0.717022105
24.500502 181.636555682 20.751912647 -1.242246854 -0.014360774 0.029964490 0.697832517 0.715489815
24.601000 181.639591324 21.503897343 -1.281009805 -0.013597845 0.029640520 0.700351098 0.713053208
24.700683 181.637358985 21.489570486 -1.278756912 -0.013607701 0.029782473 0.700265806 0.713130869
24.801000 181.595898443 23.172872552 -1.352186449 -0.010889236 0.026727909 0.703745896 0.709865309
24.861000 181.593640926 23.160920338 -1.352625494 -0.010902791 0.026769722 0.703646025 0.709962522
24.967667 181.649698884 24.490917496 -1.424195618 -0.009799331 0.023801560 0.700065003 0.713615057
25.101000 181.698159522 25.437433112 -1.476456214 -0.009963358 0.021874726 0.699770247 0.713963465
25.151000 181.695364748 25.422414673 -1.475905366 -0.009994911 0.021873842 0.699673628 0.714057736
25.301000 181.714247057 27.211799704 -1.561882888 -0.014319543 0.023975869 0.700089667 0.713508631
25.401000 181.712670413 28.042129458 -1.601565260 -0.016332297 0.025087064 0.698536731 0.714947782
25.500869 181.710559275 28.039295124 -1.600385126 -0.016371160 0.025120036 0.698520005 0.714962077
25.601000 181.795568540 29.634802141 -1.685463071 -0.016483154 0.026115427 0.697156436 0.716253583
25.701000 181.814648500 30.498560341 -1.733849370 -0.015352076 0.026399521 0.696596468 0.716812905
25.801000 181.839220835 31.272612465 -1.784540713 -0.014894855 0.026371364 0.695926038 0.717474490
25.900576 181.841935657 31.276759087 -1.784504043 -0.014896437 0.026404126 0.695935565 0.717464012
26.001000 181.915651631 33.134239596 -1.885004506 -0.014048896 0.027155027 0.694336247 0.719000980
26.100838 181.911557864 33.130834785 -1.885362153 -0.014063089 0.027147000 0.694322443 0.719014336
26.200661 182.036821615 35.199632771 -1.993085043 -0.012821128 0.026898899 0.691381154 0.721875452
26.301000 182.053282564 36.134755228 -2.034804437 -0.013751953 0.026022549 0.692133033 0.721169589
26.401000 182.076404940 37.065182984 -2.079437421 -0.014251480 0.026476626 0.691568172 0.721685075
26.501000 182.084683787 37.837093453 -2.127714709 -0.015090635 0.026553168 0.690220885 0.722953893
26.600671 182.082748021 37.823662295 -2.126808136 -0.015153444 0.026567692 0.690274917 0.722900456
26.700676 182.238394227 40.225490297 -2.239610830 -0.015457654 0.025304839 0.687419440 0.725655041
26.800458 182.281390024 41.121009471 -2.285955934 -0.016943952 0.025457185 0.687919708 0.725142269
26.901000 182.297621857 41.953015674 -2.334676565 -0.018193502 0.025497244 0.687241441 0.725753463
27.000663 182.295650146 41.941579481 -2.334398923 -0.018196065 0.025526534 0.687244571 0.725749405
27.101000 182.458875382 44.234660299 -2.453798732 -0.021120270 0.024974172 0.686089143 0.726781888
27.200901 182.457943813 44.232312670 -2.453671881 -0.021163371 0.024992952 0.686063742 0.726803967
27.300900 182.600678099 46.323513071 -2.589035361 -0.021218401 0.025988619 0.682913535 0.729728357
27.401000 182.668505367 47.383613484 -2.643659902 -0.021305080 0.026811671 0.682912611 0.729696919
27.500579 182.664548179 47.367815858 -2.641770249 -0.021311188 0.026847750 0.682858553 0.729746003
27.600438 182.838479348 49.660021476 -2.744571061 -0.019429994 0.026539643 0.679850532 0.732612706
27.700800 182.853011108 50.385434226 -2.778222980 -0.018238480 0.023764988 0.679701202 0.732877111
27.800808 182.896578749 51.215706004 -2.833469001 -0.018587706 0.021204200 0.679299426 0.733319281
27.900710 182.955955457 52.238829747 -2.899354450 -0.017968068 0.021752313 0.677337917 0.735130826
28.001000 183.051552676 53.407414078 -2.973739922 -0.020267777 0.022231871 0.676098655 0.736196692
28.100691 183.052069614 53.409731028 -2.975706265 -0.020321312 0.022208687 0.676116179 0.736179822
28.200684 183.279344873 55.690241530 -3.138644223 -0.020995494 0.026390553 0.673158887 0.738728530
28.300723 183.356380368 56.553609536 -3.173138370 -0.019759052 0.031504098 0.672984429 0.738721213
28.401000 183.476207867 57.557793650 -3.180023534 -0.019600701 0.033850263 0.672338247 0.739209884
28.500769 183.474505379 57.550376194 -3.177216692 -0.019567532 0.033870955 0.672321033 0.739225472
28.600755 183.717066343 59.913668497 -3.249762990 -0.017905583 0.033903457 0.667910227 0.743253573
28.700805 183.765465078 60.730572576 -3.352859936 -0.015119233 0.027945418 0.668073627 0.743416499
28.800813 183.848157701 61.673684893 -3.453722125 -0.013417753 0.024496771 0.667340737 0.744228602
28.900683 183.943464665 62.665801005 -3.515649484 -0.014115455 0.022596165 0.666308357 0.745200202
29.000710 184.046805144 63.687527494 -3.547681976 -0.015333535 0.022579466 0.665520160 0.745880666
29.100807 184.169730147 64.828957061 -3.576367580 -0.016112093 0.023069787 0.663862491 0.747325082
29.201000 184.290642443 65.858593603 -3.616307734 -0.016414935 0.024135360 0.662672077 0.748340666
29.301000 184.413342406 66.865747016 -3.666526138 -0.017364942 0.025544258 0.662104001 0.748775161
29.400563 184.414887768 66.867154596 -3.668898200 -0.017381224 0.025589703 0.662118683 0.748760248
29.501000 184.674703635 68.913711418 -3.780134050 -0.017832592 0.028026097 0.659940499 0.750583156
29.601000 184.773241076 69.841068503 -3.845850947 -0.017901017 0.028568754 0.658839542 0.751527670
29.700842 184.775323123 69.844779087 -3.847394419 -0.017929630 0.028551859 0.658861836 0.751508084
29.800680 185.055842259 71.875194988 -3.992464415 -0.018599718 0.029299941 0.655611841 0.754300125
29.900870 185.135587105 72.633478537 -4.049549712 -0.019403594 0.027648988 0.657055921 0.753084690
30.000844 185.277654280 73.622142762 -4.106134887 -0.020131560 0.027122808 0.656651167 0.753437667
30.100477 185.412292778 74.705623485 -4.162411544 -0.020360730 0.026364390 0.654743351 0.755116881
30.200784 185.562514133 75.879767710 -4.221211258 -0.020391117 0.026084826 0.653107115 0.756541394
30.301000 185.699038086 76.941608627 -4.281724229 -0.020082668 0.025933430 0.651832431 0.757653368
30.400654 185.699902678 76.940358911 -4.281772467 -0.020098081 0.025961135 0.651839302 0.757646099
30.500541 186.149519045 79.416059741 -4.409708902 -0.019428519 0.026756148 0.649311443 0.759803456
30.601000 186.263793311 80.275645463 -4.463343421 -0.018677562 0.028118941 0.650317954 0.758911743
30.700842 186.261019941 80.263347002 -4.461467010 -0.018734355 0.028196094 0.650258539 0.758958390
30.800477 186.669610109 82.570681486 -4.575478997 -0.018826787 0.029848941 0.647448853 0.761291387
30.901000 186.745770505 83.396999921 -4.627558735 -0.018854108 0.029768073 0.647881704 0.760925543
31.001000 186.879060053 84.362610208 -4.684215704 -0.019092747 0.029463037 0.647109287 0.761588450
31.100520 186.877483398 84.345909056 -4.684770677 -0.019119219 0.029470477 0.647097525 0.761597492
31.200795 187.211662277 86.282859998 -4.807438884 -0.020542142 0.027604946 0.643632540 0.764560751
31.301000 187.334062917 87.133304108 -4.862700057 -0.020661434 0.025948196 0.644355409 0.764006481
31.400250 187.332565097 87.131193502 -4.862596283 -0.020679696 0.025973429 0.644322477 0.764032903
31.501000 187.702975534 89.268416256 -4.982591512 -0.022156394 0.025489447 0.642523972 0.765520951
31.601000 187.857053245 90.145564854 -5.036672524 -0.021947857 0.026633545 0.641912366 0.766000953
31.700510 187.857895148 90.146319453 -5.037399082 -0.022023905 0.026734961 0.641884848 0.766018297
31.800829 188.281528923 92.209620824 -5.151513198 -0.020766745 0.027734800 0.639197740 0.768261526
31.901000 188.431357955 93.181190700 -5.205685545 -0.021185401 0.029393595 0.639792270 0.767693329
32.000826 188.425840208 93.182586073 -5.205852148 -0.021233556 0.029432018 0.639742108 0.767732328
32.100836 188.796391757 95.169024577 -5.323307843 -0.021499978 0.029889491 0.636863327 0.770097054
32.201000 188.902367080 95.844994426 -5.381599023 -0.022569875 0.028378499 0.637900887 0.769264402
32.300713 188.896119958 95.835378041 -5.380533108 -0.022596703 0.028408066 0.637873970 0.769284843
32.400060 189.300880975 97.896704474 -5.513630362 -0.024120428 0.028044304 0.635226016 0.771439972
32.501000 189.471115703 98.758796711 -5.568888507 -0.024961798 0.028623339 0.635590329 0.771091788
32.600527 189.468519460 98.755629916 -5.568889474 -0.025015762 0.028594325 0.635523994 0.771145789
32.700790 189.913844723 101.012856749 -5.701075167 -0.024884355 0.029969406 0.631870984 0.774094092
32.800401 190.074351085 101.818185920 -5.756273294 -0.023277179 0.030869919 0.631651783 0.774287573
32.900737 190.260765470 102.776473231 -5.809038343 -0.022398871 0.031488516 0.630159193 0.775503807
33.000643 190.482954700 103.839224934 -5.861355468 -0.022195698 0.030687341 0.628916830 0.776549586
33.100490 190.660902453 104.750777985 -5.922872739 -0.021365149 0.030909567 0.626267778 0.778701997
33.200405 190.842830428 105.645479033 -5.981683321 -0.020619599 0.030873388 0.624036461 0.780512755
33.300747 191.082735349 106.692193950 -6.040055209 -0.020203550 0.030373418 0.622494677 0.781773400
33.400176 191.295378669 107.596842915 -6.096819489 -0.019793373 0.029769533 0.620388818 0.783479235
33.500479 191.507751312 108.518800983 -6.154588877 -0.019972968 0.029290243 0.618047313 0.785341124
33.600312 191.780657753 109.564541608 -6.210036564 -0.020445431 0.030440768 0.617356324 0.785828552
33.700754 192.005748586 110.463928214 -6.264938792 -0.021216465 0.031345139 0.615336237 0.787355485
33.800380 192.214593999 111.347254339 -6.322578621 -0.020739374 0.031777583 0.613751452 0.788586849
33.900279 192.429863697 112.235903015 -6.386158051 -0.020428958 0.032265136 0.611998258 0.789936549
34.000738 192.656353463 113.107985166 -6.445625878 -0.019750922 0.032839835 0.610104786 0.791393452
34.100467 192.878071306 113.962458775 -6.494148681 -0.018891423 0.032690541 0.608798871 0.792425629
34.200336 193.106191201 114.816393131 -6.542641009 -0.018265845 0.031495744 0.607910063 0.793170683
34.301000 193.330457296 115.674380000 -6.594499067 -0.017532001 0.030485659 0.606562525 0.794257614
34.400380 193.330352279 115.676868378 -6.594596334 -0.017533013 0.030460501 0.606576085 0.794248201
34.501000 193.797501808 117.354713445 -6.703290323 -0.019415499 0.029832710 0.604502457 0.795807657
34.600194 193.793924376 117.354003956 -6.702802217 -0.019509818 0.029809934 0.604552082 0.795768506
34.701000 194.207994804 118.787726344 -6.801345742 -0.021377753 0.030594137 0.604440467 0.795775541
34.800804 194.208183537 118.788636579 -6.800358997 -0.021409445 0.030588414 0.604420864 0.795789799
34.900437 194.759643276 120.661127942 -6.915179439 -0.021584994 0.032184185 0.603284502 0.796584004
35.000837 194.873539302 121.163676337 -6.965499425 -0.020441389 0.031990227 0.605108067 0.795237702
35.100852 195.042319127 121.867276751 -7.013669481 -0.019729805 0.032454566 0.605524767 0.794919614
35.200848 195.229697525 122.531626344 -7.053315031 -0.019292521 0.032549921 0.605870192 0.794663206
35.300691 195.481910576 123.260597053 -7.087738305 -0.019276823 0.032177384 0.607561992 0.793386064
35.400536 195.693516801 124.096580713 -7.124325009 -0.019528678 0.031789887 0.607602913 0.793364187
35.463500 195.836285734 124.665235460 -7.148239889 -0.019533466 0.031479453 0.607297160 0.793610513
35.593857 196.094105193 125.720533957 -7.208982426 -0.019228372 0.030924438 0.607988235 0.793110493
35.684333 196.241189140 126.345256186 -7.245788494 -0.018746675 0.030753181 0.607698501 0.793350702
35.790474 196.438028078 127.183699123 -7.289039365 -0.017465764 0.030669673 0.608469997 0.792791638
35.889889 196.599820182 127.818575333 -7.324120805 -0.017108209 0.031122523 0.610086848 0.791538208
36.001000 196.759726987 128.458067163 -7.363193929 -0.016980937 0.031886889 0.611855033 0.790144476
36.100224 196.757746642 128.450581873 -7.361685142 -0.016980169 0.031880976 0.611857927 0.790142490
36.201000 197.031229806 129.605844602 -7.437013603 -0.017828943 0.033667730 0.614690509 0.787847822
36.300858 197.030307659 129.608806521 -7.436590351 -0.017836039 0.033674391 0.614679492 0.787855973
36.400560 197.345172056 130.985145936 -7.524308778 -0.017303845 0.035209264 0.617531998 0.785566749
36.500580 197.467981925 131.408863800 -7.554061371 -0.018262450 0.034302788 0.617719071 0.785438063
36.600851 197.573366165 131.861604540 -7.584943493 -0.018700877 0.034554877 0.618637401 0.784693573
36.700561 197.681470237 132.325875639 -7.609416961 -0.017973881 0.035068692 0.619897548 0.783692642
36.801000 197.789051059 132.781786802 -7.641855903 -0.018366498 0.034571385 0.621489664 0.782443665
36.867667 197.786335215 132.770126938 -7.640957950 -0.018397031 0.034565331 0.621479962 0.782450922
37.001000 198.011809064 133.669693604 -7.695129060 -0.018588535 0.034905440 0.624582974 0.779956528
37.101000 198.141186401 134.160003508 -7.715554637 -0.018926462 0.034645006 0.625697467 0.779066231
37.200685 198.141860228 134.163118736 -7.715597894 -0.018930116 0.034661792 0.625746337 0.779026144
37.300658 198.354399038 135.392666897 -7.773023588 -0.019469817 0.033461297 0.624647700 0.779946484
37.400492 198.394818400 135.723123232 -7.801014772 -0.019061215 0.032917740 0.622077563 0.782031072
37.500843 198.478255707 135.977801790 -7.831646469 -0.018417477 0.032936948 0.621481619 0.782519362
37.601000 198.542975264 136.283741133 -7.851569000 -0.017689109 0.033292370 0.620019522 0.783680104
37.701000 198.591739837 136.562065564 -7.861203376 -0.017358651 0.034024833 0.618348159 0.784975505
37.800565 198.592556786 136.559691552 -7.859840288 -0.017396351 0.034029089 0.618320062 0.784996617
37.900716 198.760003608 137.231735579 -7.892341463 -0.017256348 0.034779764 0.614437192 0.788009850
38.001000 198.800091234 137.531359748 -7.908146261 -0.017639464 0.035624202 0.614732640 0.787733170
38.100745 198.794876861 137.523387233 -7.907432178 -0.017654777 0.035670758 0.614776165 0.787696752
38.201000 198.988583274 138.047096688 -7.931274306 -0.018089421 0.036401555 0.614599309 0.787791463
38.300751 198.986585054 138.048179415 -7.930660945 -0.018108732 0.036447973 0.614647380 0.787751368
38.400739 199.077909351 138.468444777 -7.946951080 -0.019026272 0.036417979 0.610781732 0.790732197
38.500717 199.099073685 138.554528522 -7.960497771 -0.019529440 0.035483761 0.611313421 0.790351444
38.600568 199.141487120 138.694528727 -7.973523216 -0.018997285 0.034953414 0.610008854 0.791395325
38.701000 199.164378585 138.820188113 -7.986410721 -0.018439177 0.034776681 0.608597301 0.792502306
38.800652 199.164363362 138.823343416 -7.986420714 -0.018443753 0.034786898 0.608615070 0.792488105
38.900766 199.287394019 139.163048834 -8.004263932 -0.019126509 0.035113163 0.606591274 0.794007726
39.000621 199.317849983 139.248581742 -8.001241001 -0.018161931 0.034964379 0.607056311 0.793681468
39.100865 199.353822944 139.339407078 -8.000347072 -0.017045780 0.034769270 0.606453526 0.794175459
39.200587 199.391225768 139.445630479 -8.003728360 -0.016776896 0.034893658 0.605913545 0.794587783
39.300860 199.384340355 139.552362662 -8.014272731 -0.017162192 0.034673650 0.605041167 0.795253660
39.400854 199.408455832 139.630227171 -8.022085077 -0.017360253 0.034017849 0.604628406 0.795591539
39.500713 199.428190516 139.679844828 -8.028158170 -0.016689110 0.033801747 0.604461345 0.795742042
39.600580 199.446756113 139.738417819 -8.029707610 -0.016371601 0.034165998 0.604415347 0.795768022
39.700861 199.457032389 139.801843491 -8.031395296 -0.016435179 0.034131077 0.604328884 0.795833873
39.800718 199.472851671 139.871715709 -8.030787651 -0.016852375 0.034190116 0.603683337 0.796312415
39.901000 199.482411380 139.910746853 -8.032268039 -0.016940555 0.034418470 0.603761965 0.796241092
40.000742 199.481481626 139.909744077 -8.032288888 -0.016933465 0.034427314 0.603707103 0.796282457
40.101000 199.478974391 139.946745573 -8.032973786 -0.016960067 0.034854924 0.603597449 0.796346413
40.200746 199.477687770 139.943374227 -8.032682239 -0.016946594 0.034862369 0.603510341 0.796412391
40.300586 199.473935276 139.931417034 -8.028640839 -0.016632931 0.034112545 0.603416862 0.796522298
40.400696 199.475979147 139.919248714 -8.025615801 -0.016143789 0.033478191 0.603518460 0.796482302
40.500849 199.482925974 139.919528793 -8.025951676 -0.016081366 0.033509968 0.603580254 0.796435402
40.600578 199.486263471 139.919771829 -8.028806788 -0.016071852 0.033604719 0.603623026 0.796399184
40.700860 199.487310562 139.927587812 -8.029821684 -0.015994936 0.033242639 0.603781280 0.796295960
40.800571 199.492864598 139.944635308 -8.029960714 -0.015984799 0.033189507 0.603711499 0.796351285
40.900854 199.488356874 139.963403063 -8.030720405 -0.016102331 0.033489910 0.603932432 0.796168800
41.000853 199.491320281 139.975498049 -8.030312096 -0.016062247 0.033622622 0.603810775 0.796256285
41.100705 199.493919465 139.986381585 -8.029758016 -0.016168440 0.033643533 0.603858833 0.796216807
41.201000 199.496343861 139.987905233 -8.030202710 -0.016320913 0.033625554 0.603824538 0.796240464
41.300706 199.497264791 139.986531956 -8.030309336 -0.016317437 0.033627573 0.603817936 0.796245457
41.400554 199.504950302 140.001022451 -8.039404037 -0.015743050 0.033186408 0.604103674 0.796058773
41.501000 199.505381875 139.993765783 -8.039993502 -0.016062608 0.033440792 0.604119395 0.796029813
41.600855 199.503881284 139.988041024 -8.037745594 -0.016135349 0.033513021 0.604107972 0.796033973
41.700847 199.497363466 139.986166365 -8.032727211 -0.015997230 0.033429008 0.603789170 0.796282129
41.800855 199.497759459 139.985501435 -8.029754633 -0.016186146 0.033578669 0.603924411 0.796169447
41.900854 199.498213894 139.981434202 -8.028543266 -0.016176603 0.033602525 0.604027484 0.796090439
42.000853 199.497699019 139.985963342 -8.029873350 -0.016218370 0.033586408 0.604026129 0.796091297
42.100557 199.501347646 139.989006326 -8.031242342 -0.016223817 0.033572088 0.603988095 0.796120647
42.200851 199.500056449 139.989809928 -8.031160841 -0.016228917 0.033573011 0.604063464 0.796063318
42.300708 199.500213369 139.993931750 -8.030732386 -0.016186781 0.033594846 0.603969664 0.796134423
42.400856 199.502835330 139.996027729 -8.030555485 -0.016199057 0.033591968 0.604006164 0.796106603
42.501000 199.507746783 140.001266084 -8.030539175 -0.016232671 0.033585378 0.604166760 0.795984327
42.600721 199.508144541 140.001935105 -8.030476315 -0.016237846 0.033590297 0.604163984 0.795986121
42.700713 199.508132060 140.005083317 -8.030689166 -0.016030401 0.033541287 0.604150826 0.796002380
42.800583 199.505623386 139.998597983 -8.030709177 -0.016212294 0.033581230 0.604067654 0.796060131
42.900709 199.502140899 139.993153031 -8.031338041 -0.016244521 0.033559346 0.604156952 0.795992627
43.000569 199.499737425 139.992619628 -8.031464986 -0.016218223 0.033603085 0.604014540 0.796099389
43.101000 199.494480201 139.989351199 -8.030688806 -0.016173154 0.033640931 0.603860172 0.796215806
43.200551 199.495856072 139.989193474 -8.030267588 -0.016184487 0.033651190 0.603918427 0.796170957
43.300556 199.490943706 139.984731005 -8.029575995 -0.016058306 0.033544553 0.603983919 0.796128331
43.400856 199.492337292 139.981794478 -8.029952010 -0.016242869 0.033588033 0.603979177 0.796126351
43.500854 199.495019683 139.980741940 -8.031063315 -0.016187294 0.033578522 0.603939938 0.796157651
43.600552 199.493371217 139.979859246 -8.031512477 -0.016202680 0.033600575 0.603879889 0.796201956
43.701000 199.492931387 139.985016510 -8.031155518 -0.016229199 0.033569433 0.604003798 0.796108735
43.801000 199.494060456 139.980540221 -8.032064201 -0.016207549 0.033596264 0.603954107 0.796145743
43.900856 199.492840063 139.980270221 -8.032073547 -0.016213758 0.033599379 0.603954653 0.796145070
44.000708 199.499368504 139.984605654 -8.031831405 -0.016104886 0.033539492 0.603948785 0.796154256
44.100564 199.497519240 139.985715692 -8.031624651 -0.016194678 0.033599371 0.603957017 0.796143665
