18.168964 0.752640934 0.015142037 0.008127948 -0.001334090 -0.000854737 -0.002509465 0.999995596
18.212117 1.532597774 0.011888301 0.016238019 -0.001782395 -0.000880955 -0.004321256 0.999988687
18.369014 3.521052478 -0.015100223 0.027697975 -0.002655296 -0.002645222 -0.006918985 0.999969039
18.446871 4.361087552 -0.013952137 0.031346723 -0.002856416 -0.002942648 -0.008729482 0.999953488
18.512092 5.071548894 -0.021845877 0.048689318 -0.002505014 -0.002494718 -0.011227231 0.999930723
18.646824 6.698183807 -0.056014740 0.076437848 -0.002107130 -0.000379358 -0.014387165 0.999894207
18.746772 7.485684735 -0.086257388 0.085245577 -0.002353960 0.000501931 -0.016344369 0.999863525
18.846875 8.371094878 -0.103979172 0.103587216 -0.003014512 0.000796909 -0.018398129 0.999825878
18.946721 9.191037859 -0.141043134 0.106079560 -0.003489155 -0.000451029 -0.021676986 0.999758836
19.065124 10.127696446 -0.168035186 0.113489576 -0.003281880 -0.001145165 -0.024986498 0.999681746
19.165096 10.817627353 -0.206545788 0.126414466 -0.003016323 -0.000607246 -0.028276121 0.999595415
19.246923 11.407651721 -0.240633504 0.134190835 -0.003243936 0.000468375 -0.031180879 0.999508384
19.345076 12.174345797 -0.288736680 0.144521969 -0.003659716 0.001139004 -0.034380938 0.999401451
19.444650 12.945817085 -0.341175920 0.145097122 -0.003459993 0.000920300 -0.037267563 0.999298909
19.544655 13.708952530 -0.399271683 0.151778105 -0.002317861 -0.000117633 -0.040413882 0.999180330
19.644729 14.479491690 -0.467882573 0.164747816 -0.002143648 -0.000989559 -0.044038849 0.999027029
19.768989 15.408145339 -0.544406397 0.173269735 -0.002686860 -0.001825505 -0.048779730 0.998804278
19.868940 16.081049964 -0.616666036 0.183414645 -0.003104328 -0.002278892 -0.053197098 0.998576606
19.968939 16.794231172 -0.696689144 0.190225036 -0.003359088 -0.002021202 -0.058776136 0.998263491
20.072354 17.546940996 -0.796846771 0.203999987 -0.003510272 -0.001691263 -0.064952623 0.997880742
20.169037 18.252516027 -0.895833230 0.217192235 -0.003091159 -0.001571907 -0.071128963 0.997461099
20.212070 18.585234441 -0.947664514 0.223330803 -0.002673296 -0.001055722 -0.074739172 0.997198975
20.303896 19.389290687 -1.084557850 0.235281199 -0.003312125 -0.001218988 -0.084946795 0.996379238
20.412144 20.291158511 -1.246367386 0.243986167 -0.004269112 -0.001764940 -0.094310610 0.995532103
20.512094 21.100906124 -1.408525125 0.255523832 -0.004623660 -0.002182760 -0.101965324 0.994774814
20.612145 21.907462074 -1.582289529 0.261942022 -0.004886835 -0.003302482 -0.110390810 0.993870757
20.768962 23.133009950 -1.885139222 0.284867425 -0.005613790 -0.006090065 -0.122832816 0.992392813
20.812091 23.303273791 -1.897849699 0.284646093 -0.005800066 -0.006207581 -0.123736284 0.992278770
20.965143 24.469749351 -2.227619747 0.319170475 -0.006283727 -0.008585211 -0.138860557 0.990254793
21.065275 25.137402650 -2.405725861 0.333284631 -0.006330560 -0.008639522 -0.144697822 0.989417921
21.111965 25.465517283 -2.511102777 0.344850154 -0.006311247 -0.007866404 -0.149411272 0.988723702
21.212019 26.286076248 -2.789929565 0.367987135 -0.004863254 -0.005731624 -0.157446066 0.987498979
21.312066 27.059842942 -3.057895366 0.389850963 -0.003331428 -0.005132482 -0.163251867 0.986565450
21.412043 27.838611561 -3.330974692 0.406459193 -0.002638122 -0.005492340 -0.167844257 0.985794695
21.512113 28.614394257 -3.595580734 0.422994171 -0.002572413 -0.006758213 -0.172164631 0.985041648
21.612016 29.373965455 -3.860578711 0.436625271 -0.003139531 -0.008187756 -0.175343408 0.984468279
21.725158 30.233558467 -4.186979840 0.458278879 -0.002685058 -0.009737758 -0.178974890 0.983801787
21.834486 31.017130848 -4.479781633 0.482977650 -0.002004394 -0.010083099 -0.181627225 0.983313716
21.934980 31.725568677 -4.745913053 0.505556803 -0.001969417 -0.009634881 -0.183261511 0.983015010
22.037077 32.486098951 -5.034400611 0.531556726 -0.002041663 -0.008277239 -0.184341022 0.982825369
22.141164 33.243061380 -5.329562239 0.552214544 -0.002149706 -0.007278036 -0.185028960 0.982703767
22.244580 34.010733064 -5.618815108 0.573072803 -0.001949830 -0.007264421 -0.185540943 0.982607747
22.346950 34.774017350 -5.906087194 0.592647873 -0.001799769 -0.007813980 -0.185343409 0.982641096
22.411969 35.260541237 -6.090405283 0.603175164 -0.001790374 -0.008188768 -0.185502375 0.982608064
22.535133 36.298516337 -6.491249620 0.633183795 -0.001872267 -0.008646469 -0.183891763 0.982906686
22.636702 37.034897281 -6.764301858 0.653157754 -0.001863731 -0.008735316 -0.183586717 0.982962938
22.737175 37.787320481 -7.044651136 0.675140473 -0.001404350 -0.008789075 -0.183023971 0.983068159
22.837273 38.534411274 -7.323434267 0.699455254 -0.001466169 -0.008865028 -0.182032014 0.983251548
22.937370 39.272811302 -7.603025312 0.716256271 -0.001469368 -0.008657662 -0.181359887 0.983377586
23.037849 40.033710924 -7.888789871 0.739417472 -0.000665710 -0.008599998 -0.180425507 0.983550829
23.137753 40.784074853 -8.176438366 0.759208446 -0.000022909 -0.008300393 -0.179386778 0.983743608
23.202081 41.269738766 -8.357963657 0.774258073 0.000803010 -0.007624936 -0.179303941 0.983763850
23.301835 42.138846657 -8.690994176 0.805177604 0.002050900 -0.006392050 -0.176940888 0.984198587
23.440887 43.262743835 -9.103676507 0.840567806 0.002578194 -0.007051860 -0.175410597 0.984466732
23.540786 43.888559192 -9.310856106 0.852872734 0.002724233 -0.007990726 -0.175896064 0.984372542
23.640539 44.578925564 -9.561348111 0.873538141 0.003255180 -0.010023298 -0.175269345 0.984464115
23.739343 45.271171006 -9.813424454 0.897182535 0.003007650 -0.011866020 -0.174437068 0.984592231
23.839692 45.977887802 -10.066623981 0.922423486 0.001907724 -0.012240092 -0.174014342 0.984665197
23.940292 46.689439163 -10.323804295 0.943273625 0.001861529 -0.011409105 -0.174157497 0.984649955
24.012012 47.207003066 -10.513522977 0.966264573 0.002605680 -0.010417458 -0.174849667 0.984536582
24.144852 48.253589820 -10.902294424 1.003480321 0.002818083 -0.008266747 -0.176105141 0.984332616
24.244630 48.901571212 -11.137501834 1.025101393 0.002969061 -0.007784058 -0.178807403 0.983848823
24.344828 49.576205455 -11.389151502 1.039069147 0.000785907 -0.006400600 -0.181137359 0.983436664
24.446824 50.270501621 -11.660303679 1.050544479 0.000641031 -0.004438945 -0.185183362 0.982693750
24.541214 50.906308566 -11.910878754 1.069484524 0.002028315 -0.003084781 -0.189041721 0.981962116
24.644678 51.615764842 -12.202935255 1.090698072 0.002606305 -0.003239412 -0.193696333 0.981052722
24.711993 52.081658391 -12.399543848 1.088485380 0.001088014 -0.004526386 -0.197526484 0.980286497
24.812015 52.853709674 -12.733999898 1.093750825 0.000562096 -0.009810219 -0.201911132 0.979354552
24.912144 53.575293125 -13.038012786 1.114501814 0.001376130 -0.012356157 -0.206018951 0.978469020
25.012017 54.311060000 -13.356509173 1.147851766 0.002052411 -0.012378166 -0.211066786 0.977391109
25.111967 55.005033446 -13.674602445 1.178519648 0.002555269 -0.011677826 -0.214324197 0.976689427
25.212019 55.689843851 -13.988215956 1.205782248 0.002549157 -0.010908457 -0.218050057 0.975873291
25.312064 56.362375188 -14.302727919 1.233360290 0.001820861 -0.010587070 -0.221720873 0.975051000
25.412116 57.027741962 -14.613013580 1.251803801 0.000828857 -0.010669131 -0.224469753 0.974422297
25.512065 57.683373788 -14.937577344 1.275826778 0.000887225 -0.010851436 -0.226682148 0.973907934
25.611992 58.322012427 -15.245453598 1.299907694 0.000698719 -0.011401186 -0.228009612 0.973591876
25.712065 58.961589447 -15.563048191 1.324315365 -0.000159241 -0.011571063 -0.229459032 0.973249525
25.812164 59.575610139 -15.860734981 1.342665900 -0.000809403 -0.010927182 -0.229743800 0.973189461
25.912015 60.179535389 -16.166731414 1.368283274 -0.001729857 -0.010372720 -0.230511095 0.973012872
26.012118 60.781075718 -16.465873149 1.390489230 -0.001997352 -0.009700074 -0.231056786 0.972889860
26.112015 61.385720336 -16.758736351 1.414843362 -0.002621259 -0.009042393 -0.231518177 0.972785021
26.212018 61.995257118 -17.055628270 1.437743164 -0.003412046 -0.008824924 -0.232021426 0.972664658
26.369037 62.936829576 -17.511961349 1.464535536 -0.004005652 -0.008346724 -0.232600567 0.972528284
26.468961 63.357897377 -17.736067361 1.480505823 -0.003880354 -0.008323414 -0.233592839 0.972291134
26.512042 63.583227352 -17.842386215 1.487856094 -0.003967365 -0.008230225 -0.234493228 0.972074817
26.667339 64.585042076 -18.315414286 1.522774061 -0.003678717 -0.009057543 -0.232505825 0.972545870
26.731020 64.872475019 -18.468397208 1.531756587 -0.004005888 -0.009419610 -0.233015211 0.972419218
26.835506 65.516436087 -18.772095124 1.551057428 -0.004909937 -0.008874396 -0.231193823 0.972854847
26.965171 66.273646202 -19.150051805 1.578495305 -0.005057407 -0.008213954 -0.229853065 0.973177539
27.065225 66.775562300 -19.387239789 1.596644927 -0.004987663 -0.007911353 -0.229171819 0.973341056
27.165171 67.314405757 -19.635080685 1.613529498 -0.005652576 -0.007298607 -0.228177932 0.973575683
27.265171 67.858577269 -19.892725922 1.631108363 -0.006092637 -0.006623736 -0.226810866 0.973897241
27.365174 68.397035178 -20.158009005 1.646449637 -0.006393220 -0.006312933 -0.225737504 0.974146731
27.500297 69.130604544 -20.519679955 1.669949289 -0.007127953 -0.006277738 -0.223491723 0.974659547
27.599948 69.581448038 -20.755324286 1.683575678 -0.007489346 -0.006064983 -0.222818652 0.974812276
27.699673 70.095811423 -20.969243832 1.698472040 -0.008114908 -0.005558702 -0.221471872 0.975117151
27.799424 70.611678513 -21.209830819 1.711595119 -0.008972264 -0.005274476 -0.220204348 0.975398238
27.900072 71.152780918 -21.449434564 1.727370205 -0.009100625 -0.005224485 -0.218931094 0.975683893
28.000171 71.689012469 -21.703971513 1.746188408 -0.008940442 -0.005317378 -0.217425665 0.976021452
28.100321 72.216764833 -21.936249500 1.761591123 -0.008942961 -0.005665681 -0.216083928 0.976317397
28.112167 72.280627295 -21.963775370 1.764663347 -0.008922947 -0.005550350 -0.217197408 0.976071135
28.212144 73.032862307 -22.293302794 1.783106660 -0.009646912 -0.006524955 -0.214878457 0.976571355
28.312091 73.678560404 -22.588473288 1.799826553 -0.010336088 -0.007392989 -0.213973865 0.976756722
28.400673 73.676910318 -22.592997971 1.800712898 -0.010337947 -0.007369113 -0.213995346 0.976752177
28.511967 74.871650471 -23.122855928 1.838908754 -0.009671430 -0.008003431 -0.211947383 0.977200448
28.612115 38.029609252 -6.830172906 1.858025777 -0.008079567 -0.009317920 -0.069600730 0.997498689
28.712043 38.535833982 -7.049470701 1.880446007 -0.008400281 -0.009003140 -0.068635026 0.997565843
28.812015 39.040297161 -7.263221984 1.896500485 -0.008598962 -0.008506084 -0.068136116 0.997602714
28.965168 39.798193750 -7.602925114 1.924487386 -0.009263359 -0.008525327 -0.066798533 0.997687058
29.011994 39.910105001 -7.655552247 1.925301890 -0.009445686 -0.008986200 -0.067672070 0.997622433
29.111993 40.452241474 -7.869819859 1.945237668 -0.011287183 -0.009307620 -0.066190978 0.997699715
29.212017 40.951433081 -8.079223744 1.959813162 -0.011894267 -0.009245568 -0.066339679 0.997683363
29.365100 41.684167563 -8.398937492 1.985106273 -0.012398476 -0.008458035 -0.066568947 0.997668940
29.465197 42.007337972 -8.534455523 1.994309936 -0.012656584 -0.008319860 -0.067182486 0.997625734
29.565148 42.397808982 -8.685712329 2.007436454 -0.014165380 -0.007458052 -0.068195717 0.997543515
29.665246 80.126953887 -25.384169932 2.017278300 -0.015904917 -0.004238778 -0.212208399 0.977085801
29.712045 80.309414905 -25.461505982 2.024639186 -0.016017393 -0.003397615 -0.213606061 0.976782652
29.865220 80.978973597 -25.774350799 2.048766957 -0.015629298 -0.001278188 -0.217738890 0.975881072
29.912118 81.098479885 -25.829555021 2.054347982 -0.015272872 -0.001280212 -0.218790206 0.975651550
30.012017 81.501705794 -26.012518941 2.068399626 -0.015985778 -0.000322825 -0.223407403 0.974594009
30.165074 82.037855741 -26.247890143 2.082349921 -0.016825691 -0.000084710 -0.229487847 0.973166079
30.212165 82.096668142 -26.279254821 2.083223780 -0.016951833 0.000065562 -0.230812050 0.972850671
30.365121 82.531898731 -26.502197255 2.098738147 -0.017039057 0.000016197 -0.238459863 0.971002865
30.465147 82.748117795 -26.600082932 2.112741977 -0.017110061 -0.000622591 -0.241609551 0.970222492
30.565199 82.965855100 -26.723272253 2.118418327 -0.017566475 -0.002127456 -0.246306595 0.969030420
30.665048 83.191609234 -26.856488185 2.122118607 -0.018426778 -0.003389189 -0.251521332 0.967670392
30.765249 83.417042320 -26.980203760 2.121632448 -0.018691042 -0.003768989 -0.257362320 0.966126842
30.812066 83.517513090 -27.045267560 2.126076809 -0.018665192 -0.003701218 -0.260857019 0.965189892
30.912014 83.785705865 -27.206362548 2.130600481 -0.018610823 -0.003698850 -0.269597989 0.962785999
31.012114 84.031757435 -27.365315892 2.145002280 -0.018121546 -0.004173084 -0.277096545 0.960662115
31.112018 84.257717681 -27.501946148 2.155705514 -0.018254514 -0.004282896 -0.284547634 0.958478520
31.212017 84.477292036 -27.657762615 2.166476143 -0.019085494 -0.004772033 -0.292411380 0.956090245
31.312142 84.679753643 -27.811868901 2.176564249 -0.020565038 -0.005123441 -0.300985732 0.953393108
31.412070 84.888126880 -27.954995126 2.177459504 -0.021371077 -0.005865497 -0.309851538 0.950526642
31.512115 85.081588281 -28.133336515 2.189813110 -0.021757825 -0.006692867 -0.319748800 0.947228857
31.612093 85.303814996 -28.278335151 2.197272849 -0.022656537 -0.007011323 -0.330324253 0.943569505
31.712070 85.515775393 -28.472477008 2.205422349 -0.023572205 -0.007378482 -0.341665332 0.939497051
31.811968 85.744368802 -28.682893683 2.212224000 -0.024152741 -0.007141758 -0.354351989 0.934772865
31.965265 86.092373898 -29.043751838 2.233661104 -0.025098929 -0.006272549 -0.375075296 0.926633272
32.065299 86.271950074 -29.227944741 2.240537402 -0.025576875 -0.005821083 -0.384056811 0.922936783
32.165216 86.457440892 -29.458009540 2.252320758 -0.026684396 -0.006095699 -0.399379085 0.916377178
32.265318 86.673143894 -29.715275369 2.258863746 -0.027879619 -0.006747047 -0.415744501 0.909028995
32.365244 86.878044598 -30.012088128 2.269913331 -0.027467853 -0.007578341 -0.432783951 0.901047245
32.465293 87.105465763 -30.315597216 2.288269023 -0.027400036 -0.007958947 -0.449860787 0.892642798
32.565268 87.333745399 -30.613861749 2.295838444 -0.027428674 -0.007712121 -0.467826292 0.883361054
32.665265 87.549699483 -30.964828947 2.307114868 -0.027092212 -0.008251783 -0.486102495 0.873442777
32.765391 87.747510704 -31.348077199 2.331025035 -0.025868199 -0.009590623 -0.503824520 0.863365339
32.865391 87.950420900 -31.726711593 2.360787543 -0.024411976 -0.009612864 -0.522435716 0.852274939
32.965241 88.128807816 -32.154295304 2.385641673 -0.025357075 -0.007755970 -0.540844407 0.840704580
33.065265 88.303086147 -32.584438717 2.398202463 -0.025988745 -0.006623417 -0.559551105 0.828361803
33.165414 88.455757548 -33.031945372 2.411102376 -0.025168434 -0.006550683 -0.577935529 0.815667925
33.265319 88.584656166 -33.512315878 2.431915747 -0.023465461 -0.007326921 -0.595610288 0.802897299
33.365241 88.691592312 -34.014749104 2.452371420 -0.020754052 -0.008740813 -0.612818859 0.789902471
33.411992 88.755698855 -34.253929521 2.475159719 -0.018119128 -0.009495620 -0.621276013 0.783324738
33.512044 88.872620642 -34.846231858 2.503605582 -0.017622126 -0.008471837 -0.640427257 0.767769898
33.612094 88.974507008 -35.447723657 2.530737388 -0.018232817 -0.008091165 -0.653952439 0.756272640
33.769015 89.079062825 -36.405064939 2.570621028 -0.019027286 -0.007739667 -0.674314600 0.738158438
33.900272 89.112441732 -37.039793873 2.597841314 -0.019103495 -0.007627624 -0.687133506 0.726239920
33.965141 89.099805235 -37.312346346 2.605976388 -0.019352905 -0.007643136 -0.692924442 0.720709903
34.002283 89.100945348 -37.492165560 2.611480167 -0.019895169 -0.008459208 -0.699908087 0.713905662
34.200372 89.011729012 -38.645654141 2.660463179 -0.019768213 -0.008455979 -0.731052909 0.681981934
34.202481 89.028892774 -38.628549250 2.662420411 -0.018757925 -0.008695758 -0.727938646 0.685330469
34.365292 88.923453246 -39.568355029 2.698687372 -0.019683513 -0.007684459 -0.751922987 0.658912233
34.465143 88.813404858 -40.173193503 2.723900614 -0.019500873 -0.007742895 -0.763477923 0.645493010
34.565191 88.691249298 -40.746718791 2.751130131 -0.018169430 -0.007556048 -0.774867699 0.631817083
34.665141 88.539828303 -41.336461249 2.777383264 -0.016291227 -0.007040571 -0.785496959 0.618610988
34.765192 88.376698164 -41.925351450 2.797981560 -0.015330330 -0.006809047 -0.795428878 0.605814756
34.812097 88.305872339 -42.179166158 2.804807552 -0.013974441 -0.006951114 -0.800413845 0.599244586
34.912044 88.093739837 -42.827036236 2.826998152 -0.012375532 -0.010260207 -0.809007034 0.587579096
35.099326 87.676071909 -44.033428206 2.870115070 -0.012992836 -0.014836429 -0.817816478 0.575141091
35.199475 87.479558401 -44.593707372 2.897298362 -0.013070637 -0.015217290 -0.821563191 0.569764439
35.215031 87.445365566 -44.668034769 2.895338315 -0.013860446 -0.015859946 -0.822740259 0.568027126
35.326351 87.157994665 -45.421540773 2.930051250 -0.014086292 -0.018529022 -0.824825284 0.564908401
35.415032 86.930147468 -46.004977469 2.960625930 -0.013525338 -0.018896633 -0.826617478 0.562284205
35.517302 86.644098847 -46.719734429 3.000435475 -0.012608824 -0.018859549 -0.827442471 0.561092053
35.611993 86.380921728 -47.388875988 3.032295504 -0.012469539 -0.018934584 -0.828307137 0.559815397
35.712144 86.084213081 -48.123713178 3.067097176 -0.012060857 -0.019394611 -0.828605761 0.559366496
35.812092 85.771961312 -48.878230867 3.101895848 -0.011787453 -0.019612338 -0.828659428 0.559285227
35.912018 85.472924209 -49.640188836 3.139083633 -0.010691206 -0.019616589 -0.828405296 0.559683441
36.012467 85.165209595 -50.423518504 3.179508010 -0.009625361 -0.018515436 -0.828213843 0.560023537
36.113364 84.861441874 -51.213471895 3.210964479 -0.008624357 -0.017645395 -0.827962013 0.560440153
36.212067 84.549409962 -52.008755361 3.242223985 -0.007724158 -0.016788720 -0.827753896 0.560786915
36.312067 84.227127030 -52.831283548 3.262823862 -0.008039120 -0.016814112 -0.827677300 0.560894773
36.412117 83.890666910 -53.655524844 3.298198609 -0.006997935 -0.019363961 -0.827486036 0.561108657
36.512043 83.554144299 -54.484703297 3.326308507 -0.006647190 -0.020340511 -0.827429528 0.561161701
36.601323 83.258470702 -55.246713375 3.363997545 -0.007777118 -0.020672423 -0.827625056 0.560846623
36.712088 82.864023390 -56.234773522 3.398243046 -0.009074023 -0.022374773 -0.827067116 0.561584381
36.812166 82.526596746 -57.101144752 3.437110799 -0.010440607 -0.023111450 -0.827027692 0.561588863
36.912116 82.181100488 -57.973549013 3.488688810 -0.011067088 -0.021861091 -0.827537557 0.560875390
37.034179 81.757971968 -59.062886869 3.545328955 -0.010537242 -0.018199536 -0.827869628 0.560526201
37.134678 81.425536789 -59.918075143 3.578281495 -0.010108307 -0.016148655 -0.828471605 0.559706925
37.212167 81.165853186 -60.582701663 3.602170289 -0.009764154 -0.014938626 -0.829002384 0.558960237
37.311994 80.793008210 -61.507782061 3.638691415 -0.008426635 -0.014617381 -0.829198885 0.558698964
37.412139 80.435600322 -62.423011823 3.677492213 -0.008291775 -0.015111176 -0.829517411 0.558214801
37.512089 80.057199898 -63.356988587 3.712890077 -0.008361154 -0.015808094 -0.829929568 0.557581481
37.612040 79.680317013 -64.288660091 3.751305326 -0.008246694 -0.016357887 -0.830123316 0.557278828
37.712033 79.294960685 -65.231282103 3.786613694 -0.008773208 -0.016351720 -0.830286323 0.557028072
37.811965 78.915607213 -66.163581608 3.822127496 -0.007740084 -0.017517699 -0.830310925 0.556971265
37.912136 78.530159850 -67.099295256 3.863644496 -0.005934816 -0.017825629 -0.830015297 0.557424103
38.012034 78.141258832 -68.042982720 3.911164999 -0.004424152 -0.017693152 -0.829761704 0.557819769
38.112036 77.761996310 -68.971407690 3.948049407 -0.004506039 -0.019007552 -0.829238330 0.558553669
38.212008 77.392629376 -69.905229589 3.984467502 -0.006017964 -0.020809471 -0.828783617 0.559149770
38.312009 77.024454455 -70.835293919 4.019890411 -0.006893372 -0.021197371 -0.828605700 0.559388726
38.411982 76.643732697 -71.786905366 4.067435496 -0.005941260 -0.021174711 -0.828214753 0.559979157
38.511984 76.279679964 -72.721983775 4.108265853 -0.006006993 -0.019954328 -0.827808191 0.560624063
38.612109 75.908562809 -73.683906846 4.152270192 -0.006189672 -0.020226346 -0.827337830 0.561306242
38.712032 75.540860005 -74.628496183 4.190983706 -0.007352945 -0.020216900 -0.826826038 0.562046185
38.812061 75.159245620 -75.600169396 4.231806301 -0.007670685 -0.020776731 -0.826183651 0.562965419
38.912089 74.786161731 -76.563921735 4.272864180 -0.007397813 -0.020497975 -0.825693796 0.563697490
39.012038 74.409557227 -77.545416294 4.317144707 -0.006801717 -0.019772561 -0.825225760 0.564415829
39.112111 74.026301550 -78.533653085 4.357709732 -0.005311476 -0.019422669 -0.824722787 0.565178620
39.246917 73.517230096 -79.867078127 4.414713901 -0.004041779 -0.018982884 -0.823737729 0.566638745
39.312162 73.313031241 -80.411996702 4.434943117 -0.003831115 -0.018834601 -0.824287095 0.565845708
39.411967 72.926651581 -81.421493473 4.475990634 -0.003624195 -0.019514593 -0.823129550 0.567506643
39.511968 72.545476177 -82.433803446 4.511891753 -0.003551153 -0.020251698 -0.822809839 0.567944739
39.611993 72.158102397 -83.464001315 4.551663601 -0.003084103 -0.020701221 -0.822560750 0.568291967
39.712066 71.771195691 -84.488983809 4.588930793 -0.003364256 -0.021555398 -0.822387183 0.568509779
39.811996 71.391629614 -85.506831918 4.632406123 -0.004670236 -0.022982847 -0.822016125 0.568981078
39.912092 71.017323942 -86.527281199 4.671338418 -0.005753815 -0.023519745 -0.822065423 0.568877979
40.012015 70.639806415 -87.560843193 4.717891346 -0.006027617 -0.023071311 -0.822232926 0.568651385
40.120043 79.472950147 -78.408321776 4.764196342 -0.005276254 -0.021586497 -0.824016162 0.566130328
40.219872 79.097555932 -79.412253214 4.807233229 -0.004283888 -0.021000433 -0.824567572 0.565357365
40.320395 86.483229596 -68.351721379 4.844906912 -0.002287824 -0.021319233 -0.787426495 0.616035527
40.412118 85.882884815 -68.911691063 4.886485880 -0.001511201 -0.021442626 -0.781829655 0.623121433
40.512014 77.327529858 -81.090268019 4.925369072 -0.001299516 -0.022803016 -0.780569869 0.624651114
40.612094 76.716077349 -82.118813077 4.970893747 -0.002388149 -0.023783756 -0.778918333 0.626669658
40.713285 93.664659586 -5.234184260 5.004777912 -0.003526724 -0.024007060 -0.798795082 0.601113667
40.817451 67.080353719 -94.277523583 5.060290494 -0.002738159 -0.022796016 -0.798400615 0.601688708
40.920465 67.181097141 -96.887032515 5.092704743 -0.001996493 -0.021683848 -0.824524064 0.565407722
41.037223 66.701696419 -98.109349042 5.143508873 0.001035014 -0.021275881 -0.824455680 0.565525506
41.137374 66.318538010 -99.077266826 5.183572045 0.001591783 -0.021067976 -0.824489529 0.565482646
41.214958 66.041985498 -99.767069041 5.202439846 0.000130390 -0.023595736 -0.824198216 0.565809618
41.312067 65.645742490 -100.790905849 5.256861452 -0.003083268 -0.025266998 -0.824053587 0.565939713
41.412068 65.227823618 -101.937264269 5.301308139 -0.004035111 -0.022921497 -0.824392005 0.565540578
41.512014 64.820606975 -103.012323907 5.348893949 -0.002515443 -0.019698015 -0.824856644 0.564993077
41.611997 64.392939679 -104.135706872 5.382767549 -0.001017465 -0.016390438 -0.824641849 0.565416784
41.712016 63.967622702 -105.267126946 5.415122437 -0.000840700 -0.015123032 -0.824265489 0.566000875
41.812114 63.532842456 -106.395237764 5.438492167 -0.002129287 -0.016226552 -0.824199242 0.566063402
41.925860 63.045841579 -107.750962144 5.476669508 -0.003745866 -0.018356728 -0.822827686 0.567982041
42.012071 62.602009429 -108.876134123 5.505160859 -0.003865790 -0.020269104 -0.824272439 0.565817254
42.112039 62.146261683 -110.000958012 5.567877182 -0.003532325 -0.021952757 -0.823617875 0.566709092
42.213136 61.521568439 -111.357291100 5.610173623 -0.003721222 -0.021601117 -0.824628654 0.565249615
42.312091 61.092999181 -112.476959036 5.664128871 -0.002448328 -0.020972215 -0.824210118 0.565890319
42.412020 60.670464209 -113.615814043 5.706631789 -0.003032111 -0.018853122 -0.824067184 0.566170153
42.512093 60.248037783 -114.756301193 5.742602710 -0.004534547 -0.017259775 -0.823836649 0.566546303
42.628819 59.754173612 -116.079672339 5.786619788 -0.005870765 -0.016377919 -0.823461844 0.567104831
42.712120 59.421928906 -116.957653869 5.816888400 -0.005529519 -0.016063248 -0.823756399 0.566689326
42.820894 58.953864162 -118.210809215 5.861190380 -0.004333990 -0.016278576 -0.823370143 0.567254644
42.912044 58.570068011 -119.226437673 5.898950456 -0.003625400 -0.016614360 -0.823344692 0.567286822
43.012091 58.126777503 -120.384917148 5.940569842 -0.003517975 -0.017230500 -0.823050113 0.567696438
43.112066 57.693957083 -121.546363425 5.981838295 -0.003494364 -0.016977309 -0.822906837 0.567911875
43.212119 57.254839664 -122.708993732 6.022756438 -0.003211873 -0.016625612 -0.822868452 0.567979562
43.321016 56.771494657 -123.983630859 6.064782317 -0.003442231 -0.016414378 -0.822864685 0.567989815
43.412068 56.398998986 -125.011222367 6.098111585 -0.004083276 -0.017113739 -0.822844731 0.567993834
43.519324 55.920445934 -126.276846886 6.146410547 -0.005079158 -0.017847555 -0.822856953 0.567945510
43.612068 55.532096070 -127.328733623 6.184961395 -0.004919988 -0.017881708 -0.822988109 0.567755767
43.725034 55.026919443 -128.667635138 6.238586166 -0.004143905 -0.016771979 -0.823084533 0.567656040
43.820195 54.629747116 -129.730600299 6.274589006 -0.003530363 -0.015953228 -0.823671121 0.566832353
43.920146 54.190202417 -130.894006328 6.310786445 -0.002775619 -0.015790906 -0.823784917 0.566675704
44.012045 53.788183961 -131.968144690 6.344652075 -0.002627184 -0.015747564 -0.824045549 0.566298548
44.112119 53.328646823 -133.176212590 6.377776235 -0.002535703 -0.016222343 -0.824276428 0.565949447
44.219728 52.836160457 -134.467046811 6.420667650 -0.002991589 -0.016681269 -0.824528729 0.565566231
44.319671 52.372553834 -135.648845466 6.454972974 -0.003284791 -0.017496820 -0.825010186 0.564837378
44.417952 51.928975684 -136.809347211 6.493600539 -0.002944338 -0.017899671 -0.825362357 0.564311892
44.512044 51.493515603 -137.930663377 6.530764143 -0.000909239 -0.018533270 -0.825549729 0.564024233
44.611996 51.016432598 -139.156813817 6.573663892 0.001518480 -0.018238833 -0.825731238 0.563766762
44.712093 50.533770994 -140.372044943 6.613440724 0.001841590 -0.019586379 -0.825995274 0.563333639
44.812040 50.062968400 -141.587097215 6.638191145 -0.000302683 -0.021359121 -0.826297318 0.562828960
44.916904 49.575272827 -142.859819238 6.686045810 -0.002026999 -0.021720585 -0.826480193 0.562542975
45.013413 49.132673713 -144.008720140 6.722570261 -0.002316157 -0.020269473 -0.826671745 0.562314512
45.112018 48.665732076 -145.215666517 6.770311699 -0.001530696 -0.019941139 -0.826539982 0.562522592
45.212039 48.180171949 -146.451718238 6.807041444 -0.000467148 -0.020260130 -0.826358219 0.562780066
45.341488 47.555768996 -148.049212249 6.862412959 0.001074827 -0.020689361 -0.825889365 0.563451464
45.441165 47.133880773 -149.128855612 6.896103684 0.001583711 -0.020773238 -0.825735942 0.563671995
45.541442 46.688994828 -150.280480875 6.933699976 0.001320015 -0.021179717 -0.825322843 0.564262246
45.637747 46.250160538 -151.408896221 6.967188382 0.001724435 -0.021109661 -0.824998481 0.564737917
45.713286 45.910201674 -152.316684226 6.993138633 0.001946769 -0.020857679 -0.824877726 0.564922919
45.813296 45.412243128 -153.615926235 7.029870152 0.000616523 -0.021008409 -0.824153755 0.565976020
45.911992 44.931671168 -154.889793137 7.074548090 0.001037768 -0.020943453 -0.823853136 0.566415312
46.011995 44.618923708 -155.895820912 7.118995526 0.001599599 -0.019912132 -0.823521572 0.566933125
46.112019 44.125979852 -157.185615349 7.154528729 0.000950195 -0.019847636 -0.823311005 0.567242592
46.212018 43.615713838 -158.515868424 7.182547243 -0.000132959 -0.019579207 -0.823126022 0.567521091
46.312065 43.126584295 -159.811276115 7.226633351 -0.000730107 -0.018481609 -0.823015681 0.567717434
46.412013 42.710975984 -161.123945406 7.258872150 -0.000240267 -0.017678532 -0.823551706 0.566965606
46.512069 42.230249092 -162.401612189 7.303414879 -0.000075444 -0.017812023 -0.823371354 0.567223359
46.612065 41.688346670 -163.688798010 7.340737033 -0.000232446 -0.018081236 -0.822956685 0.567816264
46.717130 41.188500573 -165.041506711 7.376883189 -0.000328520 -0.018775076 -0.822947620 0.567806836
46.812119 40.742786038 -166.230669223 7.415529923 -0.000081398 -0.018992657 -0.822998710 0.567725634
46.911969 40.250256790 -167.515545022 7.453877467 0.001523404 -0.018856291 -0.823039560 0.567668920
47.011993 39.750904640 -168.820417536 7.493841498 0.002610195 -0.018511678 -0.823128228 0.567547729
47.112142 39.285469223 -170.122638176 7.527992841 0.002207409 -0.019179690 -0.823738413 0.566641239
47.212067 38.801125150 -171.413650453 7.559167947 0.001075747 -0.019640825 -0.824134562 0.566052387
47.312042 38.301319924 -172.734983165 7.595629029 0.000920518 -0.019085049 -0.824468377 0.565585368
47.412038 37.796221842 -174.044669093 7.632441531 0.001629139 -0.018260184 -0.824706339 0.565263979
47.512066 37.295268303 -175.354165605 7.673760106 0.002281977 -0.017690060 -0.825014914 0.564829396
47.612091 36.760919993 -176.690852417 7.706553935 0.002685805 -0.017209862 -0.825098681 0.564720084
47.712119 36.265741442 -177.992818876 7.737219254 0.003335763 -0.016987901 -0.825308951 0.564415999
47.812069 35.757950748 -179.302771612 7.775408451 0.003128805 -0.016876339 -0.825652133 0.563918394
47.912041 35.268005101 -180.603861119 7.805875806 0.002958306 -0.016451965 -0.825989315 0.563437869
48.012041 34.768012282 -181.904998451 7.838124716 0.002754912 -0.016607067 -0.826293003 0.562988888
48.112142 34.278226449 -183.175264008 7.865838544 0.002486196 -0.015790124 -0.826805892 0.562260177
48.219324 33.738604669 -184.561694044 7.902190139 0.002651839 -0.016193051 -0.826811019 0.562240422
48.312142 33.280757489 -185.733147716 7.918741587 0.003432090 -0.015627142 -0.826933639 0.562071855
48.437772 32.624362643 -187.381841312 7.961623461 0.006855425 -0.017991170 -0.826310501 0.562885670
48.537899 32.162332828 -188.553342946 7.997946138 0.008710957 -0.018600784 -0.826062552 0.563204040
48.637649 31.531215092 -190.018456712 8.026632578 0.008355677 -0.020103632 -0.825707458 0.563678295
48.737950 31.065952953 -191.233240534 8.050902193 0.005975493 -0.020890478 -0.825523314 0.563949589
48.812144 30.713679902 -192.159595969 8.059549944 0.004187690 -0.019980095 -0.825841102 0.563533258
48.937276 30.069646983 -193.834349680 8.098513398 0.005890116 -0.018672731 -0.825360735 0.564266154
49.037798 29.579054269 -195.103322109 8.127267686 0.006151627 -0.018878256 -0.825362330 0.564254192
49.137475 29.077388639 -196.368163140 8.155925424 0.006559578 -0.022155933 -0.825185172 0.564389510
49.237224 28.588699463 -197.627557830 8.192085267 0.006745197 -0.022230572 -0.824879558 0.564830965
49.337222 28.092851684 -198.923330919 8.228408735 0.007234051 -0.021849531 -0.824763313 0.565009508
49.412114 27.724467996 -199.891281429 8.248311088 0.005931962 -0.019614761 -0.824820755 0.565022826
49.511967 27.206506427 -201.263896690 8.280020030 0.004903344 -0.016929537 -0.824356989 0.565795814
49.601279 26.760298367 -202.473929365 8.302530546 0.004186863 -0.015118285 -0.824368035 0.565836770
49.720023 26.152184758 -204.107423306 8.330765135 0.004180433 -0.014331427 -0.823807242 0.566673418
49.819772 25.646926932 -205.415932276 8.352192914 0.004439448 -0.014229377 -0.823740609 0.566770875
49.920518 25.142316243 -206.749565595 8.374971830 0.005710805 -0.014167272 -0.823295511 0.567407416
50.020591 24.638352588 -208.071752401 8.399700039 0.006442308 -0.014555644 -0.822837332 0.568054007
50.112070 24.185708059 -209.276778758 8.416999702 0.006754231 -0.015087409 -0.822557591 0.568441518
50.219622 23.643005285 -210.731819383 8.440537327 0.007014953 -0.014910745 -0.822096937 0.569109028
50.319920 23.156712246 -212.045300936 8.460692786 0.007147411 -0.014656385 -0.822126228 0.569071674
50.412118 22.697756774 -213.270081221 8.479031488 0.007196707 -0.014404062 -0.822172850 0.569010136
50.512092 22.197662717 -214.633181066 8.492470987 0.007074413 -0.014134847 -0.822096167 0.569129205
50.612043 21.695604618 -215.969918086 8.516541686 0.007254774 -0.014533422 -0.822212381 0.568948986
50.712045 21.205777221 -217.305563210 8.539649242 0.006639544 -0.013787950 -0.822286713 0.568867621
50.817277 20.682171277 -218.708568070 8.554933276 0.006297373 -0.014051785 -0.822408320 0.568689235
50.912012 20.230024886 -219.935198707 8.575344227 0.006330047 -0.012945231 -0.822703993 0.568287332
51.019524 19.691301544 -221.369275744 8.595530109 0.006947752 -0.012162541 -0.822814567 0.568137298
51.111966 19.249918324 -222.569722259 8.613165344 0.007343113 -0.011638312 -0.823236839 0.567531264
51.211995 18.766635527 -223.873956502 8.626121336 0.007443186 -0.011206218 -0.823386786 0.567321091
51.312070 18.257307572 -225.214450991 8.639503640 0.007587618 -0.011161043 -0.823728035 0.566824473
51.420696 17.711283918 -226.653317140 8.648133788 0.008432990 -0.011122124 -0.823805712 0.566700390
51.537751 17.142338176 -228.158955275 8.657653090 0.010706472 -0.012336913 -0.824015479 0.566331759
51.637950 16.677287388 -229.391611177 8.665810447 0.013237711 -0.013900469 -0.823968462 0.566310439
51.737597 16.186251129 -230.647909338 8.678837031 0.015626088 -0.015704894 -0.823496469 0.566888655
51.824685 15.756765631 -231.764983749 8.683458297 0.016849128 -0.016267023 -0.823267123 0.567170817
51.937649 15.186890843 -233.273273581 8.691693062 0.016471086 -0.015237873 -0.822658322 0.568093123
52.038295 14.704303286 -234.561636060 8.686721418 0.016154544 -0.013542261 -0.822758350 0.568000295
52.138344 14.222535285 -235.865724826 8.692629269 0.016393326 -0.011970840 -0.822427322 0.568507923
52.212094 13.868627782 -236.820811403 8.693431289 0.015496586 -0.011764494 -0.822758767 0.568057624
52.312017 13.348224058 -238.215126646 8.685313430 0.011560141 -0.012296040 -0.822743902 0.568161634
52.412015 12.839474242 -239.574208391 8.696934473 0.010319085 -0.011292736 -0.823217275 0.567520316
52.512114 12.329514330 -240.952814360 8.696008310 0.011481476 -0.008139981 -0.823415755 0.567263970
52.611995 11.811357565 -242.327419593 8.698514725 0.011814920 -0.007480434 -0.823718547 0.566826434
52.712067 11.307312038 -243.663918396 8.688373608 0.011123418 -0.007302870 -0.824089612 0.566303142
52.811944 10.807236649 -244.992164858 8.688487759 0.009695415 -0.006937680 -0.824264364 0.566079611
52.912118 10.303534349 -246.330120478 8.686348786 0.007604937 -0.007437266 -0.824448952 0.565836352
53.012041 9.799237362 -247.660381775 8.695744626 0.006531384 -0.007613025 -0.824865276 0.565240355
53.112043 9.303610366 -248.976636401 8.702263849 0.008016248 -0.007140780 -0.824779798 0.565352133
53.212139 8.803251018 -250.284889260 8.710055401 0.009816993 -0.007321345 -0.824622978 0.565550148
53.311995 8.292008328 -251.606465226 8.712793120 0.010419659 -0.007483016 -0.824400084 0.565862118
53.446945 7.617145310 -253.396526417 8.710082837 0.011121174 -0.005135229 -0.824211591 0.566149453
53.512096 7.353501272 -254.097214121 8.708321915 0.013283067 -0.003620892 -0.824493914 0.565703310
53.611943 6.840755094 -255.428802561 8.697919464 0.010318446 -0.006097090 -0.824043079 0.566400352
53.712139 6.333113193 -256.762928226 8.687559944 0.005430502 -0.009835306 -0.824113914 0.566312664
53.812116 5.821195644 -258.117072133 8.713466027 0.004399554 -0.010548503 -0.823921805 0.566588239
53.912115 5.312266266 -259.485073419 8.729350207 0.006465259 -0.008176156 -0.823979501 0.566523727
54.011943 4.806875465 -260.830901279 8.740026650 0.008875440 -0.005184615 -0.824031527 0.566450694
54.112117 4.311490883 -262.159909453 8.732427985 0.010397007 -0.003003501 -0.824218884 0.566167918
54.211990 3.807379659 -263.487465293 8.725706021 0.009576936 -0.001652169 -0.824119686 0.566332320
54.311992 3.308847266 -264.818508959 8.715686352 0.008847449 -0.001198785 -0.824343090 0.566020102
54.412045 2.801724831 -266.158487525 8.718553093 0.009431380 -0.000777484 -0.824516333 0.565759013
54.512120 2.295554191 -267.484356088 8.700612821 0.011112217 -0.000511467 -0.824202008 0.566186637
54.611994 1.786986329 -268.812658348 8.692224707 0.013072206 -0.001071226 -0.824215581 0.566124232
54.712114 1.279031548 -270.144656399 8.674504266 0.013420350 -0.001473915 -0.824137236 0.566229227
54.812070 0.780696116 -271.481550697 8.658401513 0.013410480 -0.002262487 -0.824314423 0.565968879
54.911991 0.278254639 -272.814859473 8.642463366 0.013902801 -0.001126105 -0.824291833 0.565993302
55.012142 -0.230632764 -274.151535563 8.624117650 0.015859535 -0.000620243 -0.824321394 0.565899576
55.111992 -0.736237585 -275.476259717 8.601045449 0.017708947 -0.000273886 -0.823952932 0.566381394
55.212043 -1.240148325 -276.799554242 8.572229613 0.018819960 -0.000728463 -0.823763570 0.566620560
55.312094 -1.733416730 -278.126575195 8.544884522 0.018192241 -0.000939937 -0.823724928 0.566696923
55.412119 -2.240907686 -279.463714006 8.522664842 0.019194947 -0.000233940 -0.823641734 0.566785491
55.511994 -2.743465002 -280.790551824 8.480776182 0.021739212 -0.000622357 -0.823288857 0.567205850
55.639719 -3.373184631 -282.460159587 8.431638202 0.020810127 -0.004469660 -0.822899864 0.567787614
55.711961 -3.704661403 -283.314462049 8.414661322 0.019664936 -0.006804384 -0.822829887 0.567906653
55.813239 -4.215434382 -284.663664637 8.402975947 0.021268857 -0.007528928 -0.822606406 0.568163402
55.937500 -4.820761179 -286.305715070 8.371589204 0.024625033 -0.007640232 -0.822337984 0.568414879
56.024686 -5.225528916 -287.400699889 8.349654306 0.025772147 -0.007094537 -0.822165391 0.568620730
56.138022 -5.787859991 -288.895302563 8.313905278 0.026846154 -0.006370210 -0.822013184 0.568799640
56.238122 -6.272146166 -290.181395250 8.276088631 0.026993403 -0.006263245 -0.822100347 0.568667870
56.337773 -6.756730910 -291.473051262 8.244180090 0.025546079 -0.006787036 -0.822239428 0.568527622
56.438246 -7.248026007 -292.784115387 8.208976262 0.025107574 -0.006553526 -0.822161719 0.568662263
56.538171 -7.741695504 -294.118652653 8.172794251 0.025491197 -0.005201037 -0.822327854 0.568418902
56.638499 -8.238049540 -295.455943247 8.130064026 0.025252579 -0.004013012 -0.822596298 0.568050644
56.738497 -8.734182513 -296.790408086 8.087509628 0.024629781 -0.003714430 -0.822766849 0.567832976
56.838345 -9.237757083 -298.137411941 8.043310650 0.024574356 -0.004572054 -0.822865677 0.567685895
56.938721 -9.750121050 -299.494179679 8.003060482 0.024022699 -0.007442307 -0.822817600 0.567748816
57.038772 -10.262071644 -300.853383462 7.977751443 0.021908613 -0.010551616 -0.822862297 0.567720279
57.123288 -10.700138660 -302.008329148 7.963240962 0.020276344 -0.012202195 -0.823235075 0.567207182
57.212139 -11.177784073 -303.302071910 7.952224953 0.020774489 -0.011235887 -0.823490179 0.566838690
57.338625 -11.867653892 -305.169016368 7.921531961 0.023877835 -0.005148143 -0.823321767 0.567049040
57.438823 -12.363135580 -306.515500845 7.881467225 0.025383079 -0.002135042 -0.823481282 0.566771311
57.539095 -12.878246948 -307.881133572 7.829933888 0.024655060 -0.001034247 -0.823701327 0.566486701
57.620270 -13.295798300 -308.982693371 7.782649042 0.023187853 -0.001272790 -0.823932060 0.566212561
57.712092 -13.794685793 -310.299785306 7.740486689 0.023271899 -0.002392925 -0.824247676 0.565745934
57.839046 -14.501531846 -312.143685504 7.684846607 0.025254033 -0.003845404 -0.824192111 0.565733869
57.938971 -15.022323075 -313.504388926 7.642296222 0.026185299 -0.005400921 -0.824208371 0.565655126
58.038871 -15.550932877 -314.868278387 7.603580257 0.027067340 -0.006519532 -0.824403813 0.565316909
58.138720 -16.084264212 -316.242751643 7.565099328 0.028507602 -0.006528139 -0.824505545 0.565097608
58.238744 -16.612923702 -317.622308644 7.516751708 0.029557277 -0.005456846 -0.824980997 0.564360652
58.338549 -17.134266430 -319.009959813 7.475243398 0.029182928 -0.005003628 -0.825067398 0.564258017
58.438795 -17.677806261 -320.422705868 7.422630942 0.026892268 -0.003800616 -0.825382458 0.563920348
58.516733 -18.094371576 -321.517695101 7.384990707 0.025914466 -0.003356131 -0.825879701 0.563240532
58.611992 -18.637561389 -322.942383281 7.333948563 0.026198839 -0.002133058 -0.826206523 0.562753812
58.738325 -19.234551315 -324.582859187 7.272368861 0.027406702 -0.001437555 -0.826591027 0.562133508
58.838373 -19.799703270 -325.986132246 7.217096055 0.027941168 -0.000900734 -0.826962288 0.561561978
58.938448 -20.338736640 -327.388861345 7.169243215 0.029046258 -0.000073173 -0.827376226 0.560896505
59.037975 -20.891495591 -328.785747800 7.108700976 0.029491479 0.000470987 -0.827713443 0.560375309
59.138225 -21.449743199 -330.201765166 7.051572829 0.029420062 0.000166886 -0.828023718 0.559920667
59.237752 -22.003554978 -331.607243705 6.993474611 0.028646740 0.000145830 -0.828357705 0.559466582
59.337526 -22.565109953 -333.015737013 6.945627838 0.030205834 0.000167301 -0.828597852 0.559028782
59.437149 -23.257021266 -334.656325273 6.880896306 0.030507744 0.001203184 -0.829292307 0.557980375
59.537575 -23.829352373 -336.077295745 6.818916580 0.030695551 0.001485295 -0.829477426 0.557694161
59.637795 -24.401743181 -337.497835399 6.757559758 0.031379550 0.002567534 -0.829658173 0.557383214
59.737099 -24.961359030 -338.908127251 6.696412079 0.030677789 0.003554965 -0.829862249 0.557112990
59.836551 -25.518246628 -340.315866557 6.627751537 0.028790207 0.002639424 -0.830239513 0.556656544
59.936400 -26.097324505 -341.729156728 6.568295313 0.026798761 0.001586969 -0.830762521 0.555979264
60.036775 -26.670662628 -343.149827293 6.514149773 0.027500065 0.001618432 -0.830789767 0.555904209
60.136375 -27.244404837 -344.567994201 6.457304238 0.028839276 0.002318138 -0.830620664 0.556086535
60.236301 -27.825781765 -345.974729083 6.400349697 0.029617081 0.002710773 -0.830629971 0.556029973
60.336401 -28.407523320 -347.394182811 6.334810859 0.030754505 0.003399649 -0.830425291 0.556270113
60.436225 -28.970939105 -348.791529094 6.273448603 0.031687858 0.003813336 -0.830494032 0.556112399
60.535953 -29.540789315 -350.190512684 6.205139571 0.031589559 0.003744430 -0.830405993 0.556249913
60.635902 -30.096384804 -351.581010831 6.137728827 0.031996771 0.004306941 -0.830665143 0.555835477
60.746676 -30.727381908 -353.121431552 6.065399257 0.032185819 0.005656045 -0.830722102 0.555727335
60.825055 -31.143650961 -354.161796772 6.012402221 0.031656410 0.006303855 -0.830981396 0.555362992
60.911996 -31.669053690 -355.428218593 5.942673530 0.031108418 0.007165833 -0.831577825 0.554490070
61.046873 -32.489844403 -357.411829820 5.843188372 0.032624766 0.008595191 -0.832051977 0.553670710
61.146775 -33.044328686 -358.749542288 5.763902683 0.033795351 0.008795744 -0.831841489 0.553913573
61.244726 -33.290520715 -359.346186348 5.691919595 0.035379269 0.008120801 -0.832046430 0.553517026
61.341436 -33.842432415 -360.667298766 5.614853124 0.035889710 0.007069044 -0.832340786 0.553055850
61.436554 -34.385761791 -361.972421926 5.537947423 0.035192140 0.006065058 -0.832837271 0.552364743
61.511995 -34.814707961 -363.016022157 5.476967075 0.034499422 0.005247719 -0.833468859 0.551463427
61.612090 -35.419590934 -364.458809457 5.401216824 0.034685795 0.005654899 -0.834296031 0.550195466
61.712142 -36.024543330 -365.889301909 5.318821688 0.034648256 0.005480425 -0.834732893 0.549536588
61.812094 -36.622670062 -367.295385833 5.244237002 0.034814127 0.004470046 -0.835174856 0.548863331
61.937250 -37.365855634 -369.033198480 5.157682598 0.035715245 0.004210422 -0.835494711 0.548320418
62.036649 -38.221967107 -371.011423789 5.090939868 0.036379430 0.004193952 -0.835675107 0.548001883
62.137200 -38.770196113 -372.297180659 5.023121151 0.036813560 0.004773887 -0.836315491 0.546990285
62.236550 -39.078024356 -372.960278715 4.952703795 0.037191685 0.005659743 -0.836079648 0.547316699
62.336451 -39.619505823 -374.217919427 4.877679482 0.037886379 0.006028617 -0.836534502 0.546569580
62.437473 -40.183402189 -375.499461538 4.805528754 0.038792377 0.004627291 -0.836653246 0.546337886
62.541239 -40.762370795 -376.760913057 4.727359917 0.037764818 0.003893529 -0.836812459 0.546171738
62.636826 -41.227605794 -377.917309186 4.660132438 0.036552445 0.001911332 -0.837066173 0.545875890
62.711994 -41.748509300 -378.885572020 4.613707504 0.035804011 0.002108751 -0.837012527 0.546007011
62.811994 -42.358249479 -380.247684479 4.536754034 0.035148302 0.004111211 -0.837325408 0.545558298
62.912093 -42.926529436 -381.569827708 4.466273269 0.035594954 0.005543825 -0.837551885 0.545168878
63.012143 -43.418672153 -383.034192081 4.389101815 0.036505086 0.006785422 -0.838298409 0.543945874
63.146772 -44.231075321 -384.777482692 4.282745812 0.037277173 0.006542234 -0.838261625 0.543953178
63.211991 -44.507733550 -385.453332365 4.243254062 0.037871730 0.006637344 -0.838648625 0.543314054
63.312069 -45.077937496 -386.719290929 4.173096102 0.037487150 0.007025484 -0.838209776 0.544012617
63.412093 -45.624898312 -388.012134173 4.090909999 0.035945537 0.006994308 -0.838866824 0.543103535
63.511993 -46.198079357 -389.291174457 4.012604618 0.035222896 0.007571939 -0.839221253 0.542595339
63.612067 -46.741214613 -390.532972620 3.942977402 0.035507811 0.008814866 -0.839563484 0.542028274
63.712093 -47.303871160 -391.752699834 3.867273809 0.035180760 0.009023196 -0.839983209 0.541395516
63.812165 -47.844623413 -392.972806624 3.792594092 0.035321901 0.008475549 -0.840306064 0.540893934
63.904221 -48.330847795 -394.080084714 3.734042911 0.035957619 0.008714129 -0.840859605 0.539987258
64.004220 -48.899026597 -395.337703737 3.661013644 0.036387794 0.008613698 -0.841408849 0.539103775
64.104172 -49.447665701 -396.556350610 3.585743239 0.036667287 0.008715822 -0.841882467 0.538343251
64.204171 -49.979818278 -397.724044090 3.518996926 0.037095705 0.009391455 -0.842637462 0.537119927
64.304172 -50.506356076 -398.900278526 3.453596132 0.036469168 0.010166483 -0.843382827 0.535977658
64.404220 -51.032975370 -400.034493883 3.382102071 0.035364890 0.010277833 -0.844576103 0.534167480
64.504123 -51.562242068 -401.155948808 3.313537881 0.033978922 0.009955964 -0.845664045 0.532539796
64.612115 -52.130977715 -402.361238092 3.235364207 0.032746214 0.009594164 -0.847151360 0.530254855
64.704224 -52.600725412 -403.341373611 3.183378282 0.032465916 0.009439395 -0.847923138 0.529039898
64.900271 -53.658868854 -405.514140264 3.051711098 0.034316223 0.009945524 -0.849818508 0.525863087
65.000197 -54.127375846 -406.369145979 2.980427026 0.034150583 0.010322569 -0.849592644 0.526231433
65.004222 -54.127157632 -406.394060939 2.985574268 0.035253315 0.010897718 -0.849623921 0.526096604
65.104397 -54.770490995 -407.692159091 2.909030291 0.036558502 0.010190085 -0.852462604 0.521408809
65.204373 -55.333887215 -408.796443115 2.833260465 0.037148948 0.009284600 -0.854020345 0.518828489
65.304397 -55.915450310 -409.915885630 2.759772075 0.037332208 0.008065909 -0.855579106 0.516261213
65.404347 -56.483458243 -411.020951829 2.679806147 0.037143834 0.007129650 -0.857146318 0.513682483
65.504442 -57.071601375 -412.117181372 2.610811912 0.038157347 0.006927526 -0.858589137 0.511195384
65.644826 -57.895327238 -413.659749363 2.506415775 0.038371106 0.007247761 -0.860347802 0.508209394
65.712040 -58.253997928 -414.345971901 2.462254072 0.037820021 0.007395826 -0.861144376 0.506897732
65.812066 -58.788167163 -415.298912645 2.396506128 0.035540065 0.007541046 -0.862884251 0.504094045
65.912066 -59.367446878 -416.332747085 2.324193514 0.034782570 0.008453124 -0.864759603 0.500908721
66.030913 -60.080979449 -417.569058317 2.238725314 0.036487342 0.009203595 -0.867140119 0.496640697
66.146900 -60.753598237 -418.728293905 2.154313450 0.037935605 0.009563723 -0.868947388 0.493355715
66.244701 -61.311767780 -419.652094635 2.086499380 0.038445362 0.008909252 -0.870935850 0.489809478
66.346747 -61.890554075 -420.591148588 2.014760594 0.039090439 0.008249838 -0.873202856 0.485716636
66.412089 -62.265744902 -421.173870485 1.976691531 0.039687460 0.007416462 -0.874767755 0.482857408
66.511996 -62.910266771 -422.185689643 1.888672386 0.035492205 0.008629995 -0.878035273 0.477200048
66.612091 -63.606387919 -423.270398164 1.816454980 0.032897611 0.008928538 -0.880919921 0.472036144
66.712018 -64.284685502 -424.307051907 1.752596757 0.031884514 0.010848963 -0.883340299 0.467520688
66.812067 -64.962888277 -425.325041966 1.679233628 0.032247669 0.011647754 -0.885596050 0.463189004
66.912142 -65.654051300 -426.315318560 1.607513108 0.032502445 0.010949194 -0.887491535 0.459545951
67.012017 -66.353007923 -427.311955079 1.542898733 0.032744810 0.009506301 -0.888757895 0.457107002
67.111968 -67.071728459 -428.314565418 1.481895626 0.033815410 0.008380046 -0.889196975 0.456196265
67.212115 -67.795619702 -429.320016745 1.417237224 0.034789567 0.007283080 -0.889080103 0.456369602
67.339442 -68.690625964 -430.579883906 1.335520771 0.035627138 0.006088298 -0.888070065 0.458285063
67.439442 -69.296675993 -431.462703963 1.278887242 0.035992772 0.005472220 -0.886946856 0.460434414
67.535352 -69.878529059 -432.308394446 1.217919303 0.037029627 0.004661089 -0.885356629 0.463412041
67.633631 -70.458603371 -433.182947158 1.161693747 0.038266692 0.004587043 -0.883245882 0.467323584
67.733709 -71.046913278 -434.068112064 1.104426966 0.038924581 0.004652589 -0.881044869 0.471405526
67.835727 -71.643138724 -434.996852876 1.040779231 0.038342396 0.005222103 -0.878800521 0.475617740
67.937649 -72.214957343 -435.901752168 0.971714808 0.037618900 0.005837586 -0.876587233 0.479734889
68.036725 -72.762008809 -436.780781945 0.909597927 0.037778109 0.006605062 -0.874467456 0.483565772
68.136375 -73.297809491 -437.658328021 0.848759231 0.038424151 0.007573718 -0.872547663 0.486956671
68.299997 -74.170059840 -439.131724773 0.745878456 0.038740093 0.007943150 -0.869473626 0.492393873
68.399499 -74.564016905 -439.835362188 0.696058643 0.038414974 0.007995155 -0.868377910 0.494348231
68.499000 -75.029490682 -440.647364126 0.636591659 0.037359219 0.007553377 -0.867082900 0.496703613
68.599050 -75.558267053 -441.533710349 0.578258912 0.036867896 0.006986131 -0.865850490 0.498893658
68.698975 -76.051251457 -442.407772728 0.527268830 0.036608267 0.006913744 -0.864867396 0.500616043
68.798925 -76.572637666 -443.321731116 0.461912530 0.036609688 0.007879093 -0.863967845 0.502152580
68.898776 -77.092743310 -444.240413376 0.406022526 0.037035091 0.008109281 -0.863282801 0.503294592
68.998725 -77.639290902 -445.219866414 0.340138248 0.036877722 0.008628406 -0.862879422 0.503988776
69.098526 -78.139252280 -446.120155563 0.282874841 0.037100345 0.008262319 -0.862709367 0.504269616
69.198651 -78.669592329 -447.073103228 0.213968946 0.037397501 0.008326760 -0.862412771 0.504753706
69.299000 -79.203048822 -448.019178108 0.153998624 0.038105462 0.008075647 -0.862385878 0.504750785
69.399349 -79.713752568 -448.945964799 0.086127016 0.038436208 0.008571378 -0.862277947 0.504901902
69.499748 -80.224260250 -449.853071363 0.026657835 0.038376942 0.008536654 -0.862325359 0.504826021
69.600022 -80.725160262 -450.766808740 -0.042355012 0.038369934 0.008420732 -0.862582191 0.504389535
69.646825 -80.960091524 -451.199810175 -0.073875032 0.038353296 0.008475040 -0.862675142 0.504230898
69.746716 -81.518367147 -452.219397219 -0.145836595 0.039960119 0.008945601 -0.862740407 0.503986266
69.841713 -82.074205113 -453.203988643 -0.211598011 0.040351424 0.009362324 -0.862941668 0.503602807
69.941538 -82.591254845 -454.123516132 -0.284032471 0.040730247 0.009112674 -0.862894879 0.503657059
70.044728 -83.106133268 -455.046397103 -0.351640820 0.040534770 0.008945690 -0.863168521 0.503206729
70.197941 -83.843842519 -456.357836889 -0.453580020 0.040724886 0.009244274 -0.863284089 0.502987683
70.295698 -84.230055412 -457.064465917 -0.501790563 0.040380509 0.009352777 -0.863782452 0.502157163
70.395607 -84.588439272 -457.707357733 -0.557662959 0.040881745 0.009103564 -0.863816377 0.502062820
70.438891 -84.786358102 -458.050888873 -0.578149108 0.041423517 0.008808141 -0.863781368 0.502083915
70.524411 -85.196004086 -458.762880307 -0.633068226 0.041822892 0.008995391 -0.863660956 0.502254598
70.639594 -85.789015383 -459.807330043 -0.704897769 0.041598838 0.009122085 -0.863689885 0.502221173
70.740161 -86.251456884 -460.644994501 -0.765409009 0.041622871 0.008857401 -0.863900711 0.501861181
70.840713 -86.696336316 -461.440675735 -0.820374457 0.041870015 0.008883453 -0.863908989 0.501825910
70.940638 -87.124783045 -462.203430081 -0.873739827 0.042172334 0.008917036 -0.863846784 0.501907077
71.040286 -87.540627961 -462.958101220 -0.921644224 0.042001086 0.009149261 -0.863616124 0.502314035
71.144679 -87.937029236 -463.666625991 -0.980502298 0.042169598 0.009412196 -0.863297802 0.502841964
71.241187 -88.284313236 -464.290428245 -1.025945336 0.042326071 0.009602693 -0.863175361 0.503035375
71.344603 -88.645040684 -464.931532888 -1.076580621 0.042248976 0.009917250 -0.862915965 0.503480595
71.444454 -89.003046882 -465.585961461 -1.126080881 0.042519973 0.010323440 -0.862862858 0.503540630
71.541361 -89.334692754 -466.178793660 -1.165659399 0.042940133 0.010510166 -0.862662179 0.503844864
71.640961 -89.672692819 -466.788403436 -1.213339566 0.042631025 0.010350179 -0.862450183 0.504237197
71.744604 -90.009456514 -467.400138803 -1.253146228 0.042074414 0.010173011 -0.862338753 0.504478076
71.844581 -90.320989416 -467.966994103 -1.297986249 0.041658773 0.010115547 -0.862199176 0.504752220
71.944728 -90.631821685 -468.522049905 -1.338223469 0.041472817 0.009883625 -0.862104754 0.504933375
72.044879 -90.938048599 -469.061961384 -1.380080179 0.041169042 0.009132104 -0.861953676 0.505230220
72.144780 -91.234551653 -469.592991045 -1.412513197 0.041090361 0.008916760 -0.861969792 0.505212976
72.246794 -91.525150197 -470.121528691 -1.451698841 0.040741525 0.009033525 -0.861965822 0.505245926
72.346922 -91.809908992 -470.635170836 -1.488223824 0.040232592 0.008625870 -0.862135200 0.505004782
72.412116 -91.986812275 -470.960157318 -1.512721985 0.039737269 0.008349457 -0.862311669 0.504747285
72.546898 -92.398898580 -471.697464124 -1.568601786 0.039793337 0.008214806 -0.862655580 0.504157076
72.612019 -92.587031056 -472.040510177 -1.589926010 0.039597024 0.008383106 -0.862824702 0.503880277
72.744802 -92.981937698 -472.751356184 -1.642558235 0.039885305 0.008185783 -0.863146471 0.503309373
72.846971 -93.260782705 -473.253438742 -1.671967266 0.039755687 0.008105172 -0.863308623 0.503042754
72.946874 -93.524991228 -473.717378050 -1.708623372 0.039792200 0.008574160 -0.863639030 0.502464616
73.044675 -93.785316523 -474.179429456 -1.741440609 0.039856289 0.008513514 -0.864176851 0.501535010
73.147147 -94.057849452 -474.658105486 -1.775464771 0.039943148 0.008778505 -0.864686701 0.500643977
73.207372 -94.220204643 -474.939042701 -1.798059247 0.040291393 0.008996197 -0.864983418 0.500099349
73.307300 -94.508681943 -475.450015290 -1.834762440 0.041212628 0.009153703 -0.865565089 0.499013834
73.407423 -94.788938071 -475.942345171 -1.869706866 0.041339942 0.009117298 -0.866213059 0.497878319
73.507426 -95.058098293 -476.394359876 -1.901404931 0.041203370 0.008855167 -0.866480836 0.497428215
73.607475 -95.315003866 -476.841219012 -1.931698342 0.041225774 0.008987469 -0.867077081 0.496383920
73.707475 -95.571107376 -477.281662844 -1.964861244 0.041303216 0.008975316 -0.867400026 0.495813152
73.810253 -95.812122176 -477.696371768 -1.993646281 0.041264637 0.008630301 -0.867891883 0.494961036
73.910101 -96.034631074 -478.076567196 -2.022199286 0.041547442 0.008518942 -0.868358615 0.494119979
74.010251 -96.262286156 -478.461292552 -2.045343112 0.041660759 0.008553672 -0.868487774 0.493882782
74.110303 -96.457137469 -478.798205650 -2.070015686 0.041562540 0.008976935 -0.868620255 0.493650506
74.223541 -96.661731002 -479.149471876 -2.096174228 0.041956992 0.009112631 -0.868768094 0.493354406
74.310228 -96.819261397 -479.403130134 -2.111948893 0.042036502 0.009254650 -0.868784765 0.493315635
74.410378 -96.986942686 -479.688051565 -2.135364639 0.042084211 0.009238683 -0.868869582 0.493162464
74.510324 -97.132575985 -479.942938491 -2.155198339 0.042105528 0.009033856 -0.869048212 0.492849591
74.610327 -97.288102355 -480.192794650 -2.172738675 0.041939015 0.008732517 -0.869187806 0.492623000
74.710525 -97.430091654 -480.434066752 -2.190803718 0.041420109 0.008783491 -0.869297832 0.492471831
74.810326 -97.563668719 -480.670318685 -2.208494298 0.041302532 0.009108095 -0.869284053 0.492500131
74.910428 -97.686290166 -480.884307190 -2.224133022 0.041522492 0.009137543 -0.869240807 0.492557415
75.010428 -97.799983558 -481.072393047 -2.237340602 0.041452721 0.009008595 -0.869277565 0.492500794
75.110573 -97.919564125 -481.271713269 -2.252327937 0.041507683 0.009095431 -0.869304239 0.492447486
75.210427 -98.026853246 -481.454982101 -2.266339504 0.041520650 0.009180619 -0.869204318 0.492621158
75.310498 -98.121743688 -481.620816431 -2.276795055 0.041391314 0.009244108 -0.869239281 0.492569161
75.424907 -98.230547434 -481.805312356 -2.291117172 0.041306120 0.009632868 -0.869063460 0.492879006
75.510574 -98.299146734 -481.926091377 -2.300692571 0.041276586 0.009926237 -0.869038050 0.492920462
75.610573 -98.386808986 -482.070860698 -2.311315245 0.041200608 0.009817969 -0.868943812 0.493095092
75.710526 -98.462382440 -482.208235219 -2.322166196 0.040752284 0.009295991 -0.868887469 0.493241728
75.810572 -98.541680706 -482.341083179 -2.331040564 0.040107159 0.008763354 -0.868901252 0.493280076
75.910472 -98.613230085 -482.469146574 -2.342341224 0.039616273 0.008472270 -0.868818565 0.493470438
76.010523 -98.684229671 -482.598026666 -2.350041350 0.039432576 0.008474135 -0.868684421 0.493721215
76.110526 -98.761135583 -482.732693939 -2.362457700 0.039450497 0.008566306 -0.868498780 0.494044680
76.210624 -98.839561053 -482.859493979 -2.370696743 0.039581378 0.008409819 -0.868511809 0.494013995
76.310649 -98.926626682 -483.005497913 -2.382630770 0.039632990 0.008245437 -0.868394134 0.494219451
76.410647 -99.004417736 -483.144450982 -2.392060280 0.039687072 0.008127063 -0.868204215 0.494550633
76.507698 -99.079145859 -483.276590777 -2.401025246 0.039546615 0.008180206 -0.868145305 0.494664410
76.607703 -99.165104651 -483.420186578 -2.413205106 0.039534279 0.008354063 -0.868105935 0.494731579
76.707803 -99.255850343 -483.576561770 -2.425785909 0.039613965 0.008382140 -0.867856652 0.495161898
76.807752 -99.344861790 -483.719795620 -2.436794687 0.039580998 0.008300243 -0.867704346 0.495432758
76.907802 -99.427904027 -483.867145676 -2.446315557 0.039462817 0.008237276 -0.867671872 0.495500106
77.007902 -99.510844209 -484.011807378 -2.457980830 0.039415003 0.008635486 -0.867649453 0.495536390
77.102992 -99.595187305 -484.157555957 -2.470182538 0.039321148 0.008790129 -0.867424195 0.495935325
77.202941 -99.690951109 -484.311697262 -2.481677086 0.039349868 0.008620240 -0.867268640 0.496208007
77.302942 -99.779318693 -484.466442823 -2.492809307 0.039478184 0.008732867 -0.867134875 0.496429571
77.402917 -99.851401774 -484.604479210 -2.503437974 0.039727412 0.008647770 -0.867380584 0.495981725
77.502991 -99.941059096 -484.760624695 -2.514626366 0.039764333 0.008670188 -0.867168912 0.496348369
77.603041 -100.034912972 -484.917295693 -2.526836110 0.039794268 0.008865232 -0.867106059 0.496452320
77.703091 -100.123770062 -485.076467633 -2.539508142 0.039789757 0.009011721 -0.866943600 0.496733689
77.803091 -100.210642067 -485.229799055 -2.550969421 0.039743937 0.008972854 -0.866790828 0.497004596
77.903091 -100.302401643 -485.388638811 -2.562885950 0.039634992 0.008897564 -0.866680897 0.497206318
78.003041 -100.387589294 -485.540522108 -2.575177104 0.039720639 0.009001392 -0.866621802 0.497300612
78.103142 -100.508166448 -485.735561399 -2.588515079 0.040093232 0.009012273 -0.866151593 0.498089078
78.203166 -100.599130545 -485.888139759 -2.600080477 0.040525990 0.008544762 -0.865934168 0.498440215
78.303290 -100.692366563 -486.046080844 -2.609508557 0.040863322 0.008229076 -0.865788209 0.498671483
78.403316 -100.769817872 -486.190157045 -2.619249131 0.040792637 0.008501941 -0.865632818 0.498942383
78.503465 -100.842276119 -486.326157493 -2.629424755 0.040569479 0.008941375 -0.865544376 0.499106303
78.700222 -100.983684969 -486.572419007 -2.648338702 0.040767328 0.009080499 -0.865225132 0.499640912
78.800345 -101.020678846 -486.633600458 -2.651421131 0.040566573 0.008988412 -0.865267278 0.499585928
78.844850 -101.036066029 -486.656931059 -2.656082440 0.040488341 0.009039588 -0.865401669 0.499358519
78.944804 -101.098427070 -486.765263936 -2.664768515 0.040873399 0.009344665 -0.865143417 0.499768857
79.011993 -101.140173594 -486.833451567 -2.669837087 0.040805174 0.009459278 -0.865245541 0.499595450
79.144849 -101.206106059 -486.948176493 -2.680933060 0.041007428 0.009083270 -0.865086091 0.499861921
79.246870 -101.250420020 -487.023233960 -2.686152239 0.041126340 0.008955089 -0.865088851 0.499849688
79.346748 -101.286647196 -487.087609359 -2.690162253 0.041111149 0.008896835 -0.864988575 0.500025484
79.411990 -101.262454186 -487.068538939 -2.693079928 0.040913157 0.009044704 -0.865863083 0.498523248
79.546846 -101.311562951 -487.156102688 -2.700822821 0.040828162 0.009373734 -0.865603571 0.498974601
79.646897 -101.333459357 -487.189013947 -2.703548116 0.040657204 0.009297979 -0.865699095 0.498824235
79.712113 -101.343424533 -487.203729624 -2.703518176 0.040657053 0.009077118 -0.865806394 0.498642053
79.812066 -101.365665323 -487.247744236 -2.707791367 0.040067508 0.008708738 -0.865705879 0.498870808
80.000297 -101.407950906 -487.329243570 -2.713747490 0.039151267 0.008456227 -0.865594022 0.499141923
80.003516 -101.399294858 -487.312613960 -2.713489147 0.038817032 0.008496616 -0.865848633 0.498725566
80.103466 -101.427951653 -487.369034845 -2.717867250 0.038764529 0.008216466 -0.865672392 0.499040189
