5.730341 0.626704490 0.010299368 0.011242164 -0.000610419 0.001377473 0.001723666 0.999997379
5.830145 1.247130721 0.024104652 0.025005900 -0.001205501 0.001426919 0.003052952 0.999993595
5.930941 1.626800295 0.013893154 0.018885996 -0.001125685 0.000270039 0.004931721 0.999987169
6.030441 2.282320027 0.040202605 0.023824936 -0.000601873 -0.001328676 0.005795181 0.999982144
6.130092 2.839562421 0.035436365 0.026918175 0.000303904 -0.002181642 0.007290591 0.999970997
6.229770 3.479527249 0.060854152 0.035624349 0.001116034 -0.002522323 0.008023841 0.999964005
6.325582 4.067835476 0.061896912 0.048606410 0.002185532 -0.003147913 0.009358297 0.999948867
6.425307 4.731344343 0.081743946 0.058869593 0.003016641 -0.003980487 0.010794887 0.999929261
6.523640 5.345025610 0.096033186 0.074446181 0.003803512 -0.004973822 0.012646983 0.999900419
6.622962 6.003439651 0.116186901 0.084679767 0.004142481 -0.005733486 0.014279059 0.999873030
6.715411 6.574256601 0.132819393 0.098290654 0.004121979 -0.005016771 0.015550466 0.999858002
6.833290 7.390945286 0.170608188 0.109338474 0.002446281 -0.003733943 0.017493923 0.999837005
6.940267 7.980618826 0.202771921 0.128166108 0.001539420 -0.002409571 0.019170177 0.999812147
7.044876 8.660973493 0.235458319 0.124716864 0.000831321 -0.000892643 0.020523275 0.999788631
7.124534 9.138363380 0.254941233 0.145390084 0.001290177 -0.000231814 0.021905717 0.999759182
7.225154 9.912656115 0.295878848 0.143580267 0.001562704 -0.000392115 0.023595379 0.999720292
7.326472 10.560745916 0.334140509 0.168112799 0.000785976 -0.000621452 0.025384862 0.999677250
7.427775 11.277808222 0.384177396 0.152544854 -0.001021500 -0.001141639 0.026418123 0.999649807
7.528398 11.950993047 0.421756482 0.167494819 -0.000493441 -0.001258624 0.027744609 0.999614130
7.625484 12.623080602 0.460442482 0.159122617 0.000470488 -0.002105305 0.029035300 0.999576059
7.726080 13.344742771 0.508131098 0.188436658 0.001669491 -0.002409031 0.029939020 0.999547430
7.826408 14.054506749 0.556685629 0.189770964 0.001059442 -0.002728249 0.031025539 0.999514307
7.927555 14.781307134 0.609631618 0.203111556 0.000192626 -0.003701032 0.031879168 0.999484859
8.027377 15.494393268 0.657977578 0.202942793 -0.000314787 -0.004033268 0.032609356 0.999459986
8.114709 16.148045344 0.704815237 0.211577569 0.000371104 -0.004003571 0.033277532 0.999438062
8.224983 17.044276962 0.765786019 0.226938065 0.000483000 -0.003480409 0.033749416 0.999424149
8.325238 17.728924600 0.815419194 0.235221277 0.000476987 -0.002771744 0.033815458 0.999424137
8.425809 18.513707027 0.876270416 0.247282608 -0.000721513 -0.002236456 0.033649017 0.999430949
8.525558 19.282016774 0.922724629 0.253200205 -0.000497472 -0.002166886 0.033438334 0.999438310
8.625808 20.073761797 0.978885161 0.264195582 0.000186008 -0.001932762 0.033023799 0.999452679
8.724910 20.836080224 1.024802078 0.275658685 0.001903427 -0.002024255 0.032811755 0.999457687
8.824959 21.634235769 1.077729742 0.287261191 0.001899030 -0.002217700 0.032236081 0.999476018
8.926704 22.437085564 1.140832312 0.300308978 0.001011774 -0.002742058 0.032071705 0.999481297
9.032317 23.258171637 1.194833366 0.300748465 0.001850532 -0.002775225 0.031939231 0.999484247
9.122666 23.942194928 1.233091943 0.319899923 0.002630285 -0.001628373 0.031901895 0.999486218
9.237928 24.913716517 1.302175487 0.327685039 0.002352907 0.000114591 0.031486414 0.999501404
9.301919 25.325509063 1.329143204 0.342859007 0.001747443 0.000626520 0.031739330 0.999494457
9.423439 26.513474898 1.416144603 0.346902119 0.002448241 0.000381898 0.032748751 0.999460544
9.523363 27.148169328 1.461203898 0.354308539 0.003108337 -0.000069107 0.033543838 0.999432411
9.626828 28.006669240 1.513846917 0.360249692 0.003866030 0.000760048 0.034160097 0.999408607
9.700673 28.017285940 1.512449880 0.360929932 0.003885635 0.000795585 0.034121904 0.999409808
9.900346 30.294328480 1.694402186 0.380636774 0.004060032 0.001819115 0.036997155 0.999305468
10.000197 30.423145814 1.695578612 0.385725058 0.004036074 0.002107540 0.037327772 0.999292703
10.022566 30.813113087 1.729254380 0.385810747 0.004375608 0.003134278 0.038073593 0.999260442
10.123291 31.695113665 1.810245302 0.408050798 0.002151069 0.000322501 0.039356912 0.999222849
10.217606 32.468470616 1.867190286 0.408657413 0.002866580 -0.001124758 0.039795863 0.999203086
10.317506 33.277700600 1.939651676 0.419400578 0.003386454 -0.001809988 0.040757171 0.999161703
10.435209 34.184126636 2.016488034 0.446718582 0.002838990 -0.001712666 0.041018958 0.999152867
10.536001 34.871460794 2.086062534 0.431391548 0.002749984 -0.000542935 0.041595111 0.999130617
10.617653 35.473204283 2.127172246 0.471310607 0.002919532 0.000955363 0.042191635 0.999104814
10.717554 36.307365004 2.203023634 0.442186956 0.002831477 0.001119572 0.043061144 0.999067799
10.817603 37.053172093 2.267867139 0.498363147 0.002663971 0.000857010 0.043214801 0.999061885
10.920747 37.817408220 2.337424804 0.465799348 0.001626893 0.000271078 0.043227365 0.999063899
11.021620 38.543159926 2.406335942 0.514523871 -0.000335150 0.000316126 0.043156523 0.999068217
11.121294 39.270759401 2.484486331 0.480857382 -0.003035526 0.000668455 0.042510427 0.999091188
11.244680 40.157084192 2.563397770 0.507951553 -0.004467252 0.002296958 0.041401356 0.999129969
11.344653 40.747318047 2.618137300 0.493042423 -0.004529310 0.003628291 0.040542233 0.999160972
11.440337 41.414057244 2.671419263 0.525831912 -0.005671701 0.005564220 0.038570801 0.999224281
11.540565 42.130016925 2.721554083 0.510382581 -0.006177493 0.006322803 0.035479132 0.999331322
11.641038 42.821385097 2.773518794 0.527794606 -0.006510944 0.006239529 0.032448964 0.999432709
11.721346 43.383635245 2.809170357 0.505223356 -0.005514055 0.004618680 0.029612393 0.999535577
11.844579 44.309959225 2.861655299 0.537556097 -0.004502243 0.001012192 0.023366984 0.999716304
11.911993 44.630975884 2.869286746 0.516850748 -0.005000921 -0.000505229 0.021046179 0.999765870
12.012044 45.418125115 2.914765712 0.541653945 -0.006505573 -0.002896762 0.013603142 0.999882113
12.112119 46.077087403 2.922205238 0.528824020 -0.005529978 -0.002945486 0.006692044 0.999957979
12.266346 47.097696165 2.923669298 0.561703578 -0.002357374 -0.000167508 -0.003730911 0.999990247
12.346725 47.355737910 2.907044078 0.555997532 -0.002159222 0.000545823 -0.006026179 0.999979362
12.441686 47.987248103 2.894539245 0.595255451 -0.002259623 0.002420357 -0.014532708 0.999888912
12.544658 48.614169925 2.861099166 0.581193775 -0.003491405 0.002661967 -0.023412658 0.999716245
12.646697 49.213654025 2.829536528 0.602002847 -0.004262364 0.001816794 -0.032656993 0.999455878
12.747645 49.800554711 2.780316881 0.595792445 -0.004620159 0.000345599 -0.042986040 0.999064930
12.865123 50.484703757 2.718329676 0.618737595 -0.005360637 -0.000637994 -0.057067988 0.998355699
12.965097 51.000408982 2.650313414 0.616931363 -0.006297053 -0.000817315 -0.068516363 0.997629785
13.065225 51.564514054 2.553369643 0.627796063 -0.007518494 -0.001055974 -0.083652175 0.996466091
13.138050 51.965763450 2.479136840 0.631437040 -0.007518279 -0.000841403 -0.094932830 0.995454934
13.238297 52.639189328 2.321542764 0.645049693 -0.007752341 0.000067446 -0.115674746 0.993256890
13.365247 53.378997405 2.109359273 0.646297606 -0.007507113 0.000228365 -0.137289670 0.990502467
13.465249 53.804668202 1.967392595 0.657017561 -0.006555031 0.000256248 -0.150089154 0.988650703
13.544655 54.230994893 1.820759258 0.671513469 -0.005762650 0.000792060 -0.163309816 0.986557686
13.665277 54.921318775 1.540777255 0.680081965 -0.006316484 0.000327382 -0.188046316 0.982139795
13.765126 55.361311983 1.333019939 0.688117435 -0.007168780 -0.000000545 -0.202514958 0.979252930
13.865228 55.875023799 1.097944176 0.682867374 -0.007584106 -0.000359035 -0.220259137 0.975411844
13.965127 56.360716144 0.827154680 0.693146462 -0.006799818 -0.000805796 -0.238166657 0.971200163
14.065248 56.859234548 0.531906063 0.700207434 -0.005504601 -0.001020617 -0.256346951 0.966568621
14.165271 57.346230297 0.232383997 0.712906803 -0.004829638 -0.001477273 -0.274450087 0.961588083
14.265298 57.831959796 -0.101481013 0.725992899 -0.005341132 -0.001754834 -0.292793672 0.956159118
14.365945 58.306408687 -0.453892180 0.722088782 -0.005960103 -0.002154614 -0.311004682 0.950387249
14.465148 58.766277992 -0.824844283 0.733244048 -0.004792184 -0.003153337 -0.329229939 0.944232354
14.567191 59.230368925 -1.228841944 0.741578807 -0.003650444 -0.004541834 -0.347782394 0.937557173
14.665239 59.658859518 -1.633747985 0.756960220 -0.003064071 -0.005871521 -0.365219716 0.930897790
14.767346 60.100235892 -2.086065692 0.769375182 -0.002715251 -0.005815029 -0.383893177 0.923355209
14.866719 60.521223014 -2.546752423 0.770815508 -0.002514544 -0.005374913 -0.401421143 0.915874365
14.967367 60.934271561 -3.034945255 0.779561060 -0.000972094 -0.005865077 -0.419053596 0.907942035
15.067588 61.323605215 -3.547977429 0.808390334 0.000913388 -0.006451766 -0.435838175 0.900001459
15.168892 61.721957424 -4.086220312 0.822030998 0.001224247 -0.007515710 -0.452516207 0.891723667
15.269017 62.106763403 -4.640685016 0.841845947 0.000830700 -0.009292922 -0.467612679 0.883884231
15.368964 62.482135612 -5.200931827 0.844209457 0.000011561 -0.011794951 -0.481380561 0.876432333
15.412142 62.640147994 -5.454244279 0.851556099 -0.000417625 -0.013325538 -0.487700272 0.872909331
15.512166 63.103521098 -6.233380423 0.861429733 0.000787287 -0.016407682 -0.500648374 0.865494872
15.628054 63.548362440 -7.048464254 0.902646845 0.002395708 -0.016355574 -0.510557743 0.859684563
15.772327 64.029372501 -7.961066326 0.935931419 0.002293890 -0.014747439 -0.518922606 0.854690927
15.831215 64.133210034 -8.136320074 0.945113111 0.003057273 -0.013811596 -0.520866475 0.853520947
15.935279 64.533567561 -8.868231229 0.969241953 0.002870634 -0.012194205 -0.524970981 0.851027926
16.034780 64.871611546 -9.550479619 0.983774005 0.002149653 -0.012028304 -0.528159825 0.849057064
16.136974 65.211531515 -10.220322772 0.991874379 0.002398009 -0.012496969 -0.530120058 0.847827105
16.238248 65.519579021 -10.892980101 1.016331771 0.002810465 -0.013280049 -0.531562452 0.846910327
16.339518 65.858932444 -11.582850076 1.026473585 0.003293500 -0.014172857 -0.532268536 0.846450523
16.440765 66.178588217 -12.275702406 1.060928925 0.003551448 -0.013789328 -0.532975094 0.846011106
16.512142 66.415303676 -12.765675472 1.063161353 0.003152109 -0.013905462 -0.533295651 0.845808756
16.612019 66.814539291 -13.598816164 1.095417159 0.003052640 -0.013875640 -0.533528000 0.845663066
16.712139 67.179783893 -14.346074257 1.112180295 0.002993148 -0.014340116 -0.534133024 0.845273515
16.812117 67.531072702 -15.087711966 1.133513969 0.002851707 -0.014696652 -0.534693238 0.844913615
16.911969 67.876767657 -15.812909749 1.158745325 0.002901356 -0.014865581 -0.535200841 0.844589046
17.014610 68.242379878 -16.566745847 1.179936693 0.002730665 -0.014745620 -0.535797593 0.844213273
17.112064 68.578781027 -17.300543325 1.202206054 0.002865952 -0.014124298 -0.536337336 0.843880650
17.211969 68.946245029 -18.061235142 1.222147758 0.003641074 -0.013230112 -0.537040181 0.843445049
17.345153 69.404379712 -19.082732142 1.256907052 0.004644506 -0.011952501 -0.537909927 0.842904785
17.440116 69.655518162 -19.604587271 1.270506028 0.005253581 -0.011311242 -0.538972010 0.842231339
17.502055 69.878925261 -20.088743498 1.289757975 0.005551919 -0.010915443 -0.539733881 0.841746617
17.646697 70.450659547 -21.341477412 1.320349569 0.005489535 -0.010799495 -0.542011130 0.840283982
17.746748 70.704499525 -21.881428223 1.331813313 0.005491661 -0.010813069 -0.542549987 0.839935968
17.841637 71.010044963 -22.546321035 1.354530849 0.005798657 -0.010978065 -0.543606166 0.839248589
17.941388 71.333227567 -23.283838819 1.374567412 0.005530545 -0.011132181 -0.545161530 0.838238865
18.072254 71.768374404 -24.238026378 1.403550516 0.004877936 -0.011151817 -0.547190427 0.836919637
18.168964 72.016960591 -24.807302963 1.416605171 0.004326547 -0.010862663 -0.548563459 0.836027162
18.212117 72.168480585 -25.135766448 1.429240473 0.004086723 -0.010740905 -0.549430151 0.835460616
18.369014 72.762909187 -26.550804543 1.466507810 0.003094184 -0.011209912 -0.553421135 0.832820396
18.446871 72.901315601 -26.861047920 1.467040834 0.002548134 -0.011590802 -0.554140577 0.832338502
18.512092 73.137369495 -27.417766715 1.489157564 0.003226051 -0.011815631 -0.555288520 0.831567582
18.646824 73.607985550 -28.592349805 1.524110253 0.004801874 -0.009976121 -0.558632786 0.829341202
18.746772 73.864335516 -29.216759500 1.540137272 0.005159234 -0.009015924 -0.560261583 0.828250599
18.846875 74.134818244 -29.893300354 1.563999933 0.004583943 -0.008572423 -0.562261380 0.826902438
18.946721 74.414850089 -30.591972029 1.570699247 0.003640673 -0.009335282 -0.564598610 0.825304797
19.065124 74.741039369 -31.434410806 1.592989937 0.003614800 -0.010024772 -0.567699228 0.823167069
19.165096 74.975629356 -32.059927571 1.609065936 0.004224240 -0.009651401 -0.570174819 0.821455831
19.246923 75.183234314 -32.633066860 1.624442171 0.004512048 -0.008817356 -0.572246885 0.820021584
19.345076 75.468551209 -33.405226106 1.640252788 0.004583531 -0.007912388 -0.575004098 0.818099427
19.444650 75.734618159 -34.157322746 1.646618964 0.004670337 -0.008099998 -0.577671707 0.816215644
19.544655 75.984047283 -34.892675165 1.664636911 0.005012375 -0.009544930 -0.580253115 0.814364840
19.644729 76.232305819 -35.611091794 1.682689034 0.004868998 -0.010371119 -0.583338932 0.812148030
19.768989 76.532994212 -36.504936263 1.699813579 0.003883902 -0.010684725 -0.587605265 0.809067862
19.868940 76.723703716 -37.101522921 1.715496536 0.003374415 -0.010907261 -0.590993501 0.806595517
19.968939 76.947784438 -37.800362858 1.725401078 0.003392735 -0.010460877 -0.595578657 0.803221715
20.072354 77.169173891 -38.543878163 1.747260257 0.003805245 -0.010125570 -0.600650862 0.799438262
20.169037 77.355964521 -39.227918789 1.763235654 0.004126071 -0.010154978 -0.605577401 0.795710917
20.212070 77.451009846 -39.562240602 1.772540276 0.004369867 -0.010244852 -0.608106822 0.793777072
20.303896 77.680913632 -40.519900357 1.794197669 0.003958410 -0.009718663 -0.616767928 0.787075093
20.412144 77.901160789 -41.456659643 1.807828093 0.002872089 -0.009600133 -0.624210717 0.781191762
20.512094 78.068073092 -42.196844580 1.820912690 0.002253371 -0.009746868 -0.630231535 0.776342793
20.612145 78.220259116 -42.961121650 1.830462495 0.001604888 -0.010354332 -0.636785821 0.770969539
20.768962 78.420541536 -44.186685188 1.859512456 -0.000026029 -0.011936737 -0.647179221 0.762244429
20.812091 78.455541920 -44.258719067 1.856026474 -0.000756258 -0.012562759 -0.646855713 0.762508552
20.965143 78.595792509 -45.555180515 1.901594991 -0.001846441 -0.013649730 -0.659249798 0.751797832
21.065275 78.718867600 -46.173439440 1.909626599 -0.002002399 -0.013751864 -0.663070802 0.748427677
21.111965 78.733205024 -46.559213534 1.936971962 -0.001768302 -0.013560351 -0.666080813 0.745754209
21.212019 78.824252302 -47.572453648 1.950285134 0.000627850 -0.011745015 -0.672649250 0.739867993
21.312066 78.925947711 -48.448765220 1.988087027 0.002397259 -0.012299812 -0.676808366 0.736052582
21.412043 78.978127097 -49.285980369 1.993619765 0.002593430 -0.012987514 -0.680199285 0.732907587
21.512113 79.043278185 -50.092428117 2.023359037 0.002139042 -0.014035288 -0.683258062 0.730038941
21.612016 79.099605399 -50.931129099 2.029814330 0.000738790 -0.015056156 -0.686064254 0.727384772
21.725158 79.147164534 -51.872223322 2.061549964 0.000562118 -0.016276051 -0.688814607 0.724754587
21.834486 79.197664170 -52.681089882 2.083714282 0.000955282 -0.017036728 -0.690518418 0.723113512
21.934980 79.220282059 -53.433767715 2.108956095 0.001288906 -0.016801870 -0.691650358 0.722035884
22.037077 79.264161929 -54.255627207 2.139176994 0.001795726 -0.015519062 -0.692383906 0.721360146
22.141164 79.304288311 -55.077742071 2.160988361 0.002224828 -0.014587629 -0.692615958 0.721155590
22.244580 79.338928500 -55.886121046 2.185329561 0.002350445 -0.014688874 -0.692977210 0.720806006
22.346950 79.380265888 -56.689297093 2.204441641 0.002292277 -0.015231035 -0.692802304 0.720963057
22.411969 79.403180199 -57.201050233 2.218155117 0.001715038 -0.015781418 -0.692597795 0.721149291
22.535133 79.459838831 -58.401999175 2.249758651 0.001838806 -0.015678995 -0.691826784 0.721890912
22.636702 79.495754503 -59.101747293 2.269738993 0.001677144 -0.015980280 -0.691487872 0.722209347
22.737175 79.523548450 -59.924980823 2.294602000 0.002000462 -0.016377309 -0.691051495 0.722617197
22.837273 79.569583390 -60.719257105 2.319941518 0.001851354 -0.016255952 -0.690475412 0.723170811
22.937370 79.611032281 -61.519694342 2.340061333 0.001908561 -0.016104215 -0.689761393 0.723855119
23.037849 79.646708378 -62.340514008 2.368399183 0.002523898 -0.016395104 -0.689183279 0.724397155
23.137753 79.688404141 -63.143813530 2.383857932 0.003303915 -0.016589477 -0.688398614 0.725135312
23.202081 79.713445194 -63.663219588 2.407459572 0.004163607 -0.016859942 -0.688023005 0.725481048
23.301835 79.768287369 -64.668214572 2.434602174 0.005921353 -0.016201006 -0.686958242 0.726492147
23.440887 79.835065159 -65.846407611 2.473479393 0.006241018 -0.016848510 -0.686004100 0.727375799
23.540786 79.877676837 -66.363060321 2.485206045 0.005703316 -0.017757933 -0.685651348 0.727691114
23.640539 79.913463324 -67.117309861 2.512739051 0.004945598 -0.019911482 -0.685107980 0.728152546
23.739343 79.968397538 -67.860941130 2.532199578 0.003810835 -0.021298018 -0.684552131 0.728642747
23.839692 80.028297470 -68.636377411 2.561572309 0.002723642 -0.021082284 -0.684573968 0.728633380
23.940292 80.069971913 -69.401171387 2.579146555 0.003288148 -0.020266384 -0.684619351 0.728611561
24.012012 80.107182662 -69.960819891 2.612769704 0.004092241 -0.020058119 -0.685140390 0.728123321
24.144852 80.183809288 -71.140138478 2.649673880 0.005715204 -0.017941599 -0.686659065 0.726735691
24.244630 80.224795983 -71.694649354 2.675138361 0.005998240 -0.017822653 -0.687945856 0.725518348
24.344828 80.252106700 -72.444880131 2.686693643 0.004950098 -0.015357456 -0.689831057 0.723790548
24.446824 80.287533771 -73.186523794 2.702441997 0.006064724 -0.013650963 -0.692761029 0.721012501
24.541214 80.303026765 -73.882673936 2.725484116 0.007726338 -0.013289682 -0.695757210 0.718112521
24.644678 80.323469268 -74.689332686 2.751728390 0.008054577 -0.013670296 -0.699423331 0.714531491
24.711993 80.334643839 -75.175810278 2.740151921 0.006008624 -0.014098419 -0.701898290 0.712112295
24.812015 80.332769535 -76.093509459 2.758514287 0.003059771 -0.018127786 -0.705563452 0.708408242
24.912144 80.340931321 -76.840386998 2.774328408 0.002130988 -0.020395998 -0.708399204 0.705514019
25.012017 80.336618562 -77.623787644 2.810007259 0.003039270 -0.020781330 -0.711558028 0.702313371
25.111967 80.321514917 -78.375999412 2.838851347 0.003774930 -0.020375064 -0.714128057 0.699708314
25.212019 80.300193445 -79.104396208 2.867622354 0.004243111 -0.019744009 -0.716717630 0.697071021
25.312064 80.274588795 -79.834397096 2.894720526 0.003790167 -0.019004172 -0.718994297 0.694745764
25.412116 80.257892560 -80.561139971 2.913986510 0.002972472 -0.018578200 -0.721184581 0.692487412
25.512065 80.225644942 -81.282270010 2.937666679 0.002970617 -0.018738386 -0.722551206 0.691057019
25.611992 80.206355661 -81.986816677 2.960074390 0.002528484 -0.019007761 -0.723515490 0.690041772
25.712065 80.170180780 -82.703859673 2.983839914 0.001844013 -0.018534931 -0.724249070 0.689286835
25.812164 80.142447851 -83.395371022 3.006813128 0.001453624 -0.017815033 -0.724835739 0.688689816
25.912015 80.114446701 -84.081201004 3.029674745 0.001138797 -0.016869115 -0.725180285 0.688351429
26.012118 80.078108382 -84.771365724 3.054899986 0.001215444 -0.016152730 -0.725828042 0.687685440
26.112015 80.044014880 -85.454042265 3.079233409 0.000978378 -0.015106085 -0.726219155 0.687296580
26.212018 80.016425273 -86.138044697 3.096455739 0.000585718 -0.014456783 -0.726816245 0.686679550
26.369037 79.959760935 -87.195218473 3.125489310 0.000578306 -0.013463381 -0.727474261 0.686002625
26.468961 79.942017733 -87.533721147 3.137348429 0.000474554 -0.013747063 -0.727748131 0.685706534
26.512042 79.919223678 -87.927996672 3.149706866 -0.000088696 -0.014037043 -0.728001804 0.685431490
26.667339 79.856786852 -89.107794735 3.187286441 0.000375613 -0.014221574 -0.727119466 0.686363525
26.731020 79.840318561 -89.241572729 3.187636501 -0.000814193 -0.015017755 -0.727144381 0.686319789
26.835506 79.804156911 -90.077855093 3.213644150 -0.000782490 -0.013933203 -0.726360846 0.687171868
26.965171 79.768497946 -90.916443653 3.241420451 -0.000559924 -0.013068318 -0.725535918 0.688059981
27.065225 79.747569480 -91.405569627 3.262008981 -0.000609948 -0.012941199 -0.724832159 0.688803669
27.165171 79.722356351 -92.032616746 3.278846174 -0.000719207 -0.012155550 -0.724068264 0.689620819
27.265171 79.697038036 -92.636595700 3.300131156 -0.000839701 -0.011446997 -0.723199296 0.690544017
27.365174 79.672289726 -93.225735291 3.312042135 -0.000973000 -0.010897974 -0.722335138 0.691456604
27.500297 79.635948159 -94.061887922 3.341207459 -0.001259744 -0.010230610 -0.721112878 0.692740908
27.599948 79.614414277 -94.506960315 3.350789508 -0.001883743 -0.010128791 -0.720519969 0.693357652
27.699673 79.617506020 -95.117187490 3.368816694 -0.001938801 -0.009304638 -0.719629123 0.694293591
27.799424 79.604289154 -95.672386583 3.380196987 -0.002561660 -0.008728411 -0.718433046 0.695536635
27.900072 79.578343570 -96.275403890 3.400147376 -0.002651014 -0.008538418 -0.717654186 0.696342256
28.000171 79.575395886 -96.851180000 3.412680630 -0.002513442 -0.008651798 -0.716646780 0.697378105
28.100321 79.568077012 -97.448897800 3.432295862 -0.002694482 -0.008955089 -0.715934889 0.698104419
28.112167 79.564608782 -97.500523279 3.430123786 -0.003278309 -0.009541422 -0.715703493 0.698331385
28.212144 79.552615668 -98.486571439 3.461912840 -0.003910305 -0.009424472 -0.714903232 0.699148953
28.312091 79.533358735 -99.069835548 3.467664205 -0.005005145 -0.009745024 -0.714024034 0.700035472
28.400673 79.532046265 -99.045973478 3.467617565 -0.004969668 -0.009721861 -0.714039540 0.700020231
28.511967 79.517970927 -100.343071818 3.515332313 -0.004565821 -0.010341299 -0.713142269 0.700928181
28.612115 79.510496383 -100.842891689 3.526780958 -0.004367321 -0.010676561 -0.712743761 0.701329643
28.712043 79.511086295 -101.418957361 3.555562468 -0.004338725 -0.010407879 -0.712246643 0.701838707
28.812015 79.516253243 -101.960495359 3.565070414 -0.004286741 -0.009946845 -0.711865049 0.702232751
28.965168 79.514412444 -102.811632073 3.600341826 -0.004452895 -0.009121354 -0.711103432 0.703014141
29.011994 79.518320730 -102.863153707 3.592109034 -0.005589154 -0.009871927 -0.710899605 0.703202004
29.111993 79.522242418 -103.576706743 3.629449444 -0.006815033 -0.008825185 -0.710814554 0.703291079
29.212017 79.521466263 -104.093431324 3.628522549 -0.007269292 -0.008370999 -0.710566426 0.703542776
29.365100 79.517701363 -104.888199685 3.659568874 -0.006684083 -0.007080625 -0.711125977 0.702997178
29.465197 79.518271332 -105.154795540 3.667765741 -0.007129837 -0.006823672 -0.711358560 0.702759988
29.565148 79.543609726 -105.602978383 3.685868739 -0.007778392 -0.005369599 -0.712349570 0.701761180
29.665246 79.530526738 -106.041920239 3.693269061 -0.007811376 -0.003952788 -0.713672044 0.700425279
29.712045 79.527967204 -106.249562026 3.706949387 -0.007999158 -0.003690303 -0.714221214 0.699864596
29.865220 79.513198045 -107.087338485 3.727384842 -0.005673085 -0.001455784 -0.718137941 0.695876134
29.912118 79.521402398 -107.072152231 3.730709891 -0.006145717 -0.002688370 -0.717687357 0.696333153
30.012017 79.514358428 -107.610545775 3.741914595 -0.005768877 -0.000937733 -0.721789194 0.692088289
30.165074 79.495549847 -108.216229564 3.759750967 -0.005835421 0.000314484 -0.726238794 0.687417677
30.212165 79.479366307 -108.218149762 3.759045610 -0.006622907 -0.000010390 -0.726279618 0.687367481
30.365121 79.434791038 -108.726703778 3.777768342 -0.005901138 0.000686400 -0.732632294 0.680598727
30.465147 79.417711884 -108.944591563 3.789156381 -0.006523283 -0.000177542 -0.734396972 0.678688812
30.565199 79.395215858 -109.198450738 3.794781748 -0.007789267 -0.001125961 -0.737677682 0.675107174
30.665048 79.369554590 -109.462138555 3.800457831 -0.009095683 -0.001684214 -0.741311802 0.671097046
30.765249 79.348870060 -109.717335425 3.797416760 -0.009522488 -0.001700910 -0.745348009 0.666605411
30.812066 79.338515095 -109.839162115 3.805839466 -0.009874113 -0.002019953 -0.747219703 0.664500668
30.912014 79.283619218 -110.202507753 3.805610150 -0.009393940 -0.001615135 -0.753956894 0.656854738
31.012114 79.239007533 -110.467401647 3.825670413 -0.009143746 -0.002305574 -0.759011744 0.651008639
31.112018 79.194145283 -110.714819143 3.826213660 -0.009250038 -0.002098439 -0.764066143 0.645068184
31.212017 79.150208352 -110.966140027 3.845159222 -0.010012996 -0.001902417 -0.769550787 0.638504273
31.312142 79.104493682 -111.204194244 3.843741539 -0.011469360 -0.001435827 -0.775153994 0.631666587
31.412070 79.043931960 -111.454553678 3.849219423 -0.012390630 -0.001572474 -0.781269280 0.624069156
31.512115 78.974242688 -111.714334469 3.860186988 -0.013133997 -0.001877338 -0.787784807 0.615807658
31.612093 78.918990817 -111.972363212 3.866786315 -0.014034814 -0.001598545 -0.794652420 0.606900321
31.712070 78.845329203 -112.247304209 3.872190719 -0.014854300 -0.001287224 -0.802150557 0.596935655
31.811968 78.766802740 -112.529233505 3.878079603 -0.015109577 -0.000701239 -0.810031266 0.586191570
31.965265 78.588209387 -113.007843825 3.897088917 -0.014800068 0.001188552 -0.823336580 0.567359164
32.065299 78.479232484 -113.196473752 3.896412542 -0.015344447 0.001756752 -0.828738372 0.559423072
32.165216 78.343015909 -113.505167855 3.910637678 -0.016264747 0.002192689 -0.838113747 0.545248564
32.265318 78.166600610 -113.817869499 3.909529691 -0.017546596 0.002520550 -0.847905803 0.529850463
32.365244 77.974863645 -114.141684872 3.923063043 -0.017583872 0.001776737 -0.857723578 0.513807274
32.465293 77.782395022 -114.478188407 3.934234541 -0.017603393 0.001635934 -0.867395590 0.497305071
32.565268 77.573786890 -114.805159828 3.937464551 -0.017385098 0.001980288 -0.877419743 0.479404247
32.665265 77.305532392 -115.144191558 3.945052530 -0.017313980 0.001592007 -0.887281210 0.460901016
32.765391 77.032221429 -115.464465779 3.961242528 -0.016815154 0.000273821 -0.896678931 0.442361922
32.865391 76.752977988 -115.789627867 3.990770243 -0.015623098 -0.000276702 -0.905877974 0.423250443
32.965241 76.441443818 -116.133559453 4.003415139 -0.015257323 0.002006268 -0.915085346 0.402966497
33.065265 76.119729322 -116.470900796 4.008843376 -0.015031037 0.003484285 -0.923873166 0.382387633
33.165414 75.749972493 -116.790113277 4.013681337 -0.014190676 0.003130507 -0.932137987 0.361811549
33.265319 75.340870125 -117.091351883 4.024538985 -0.013116934 0.001963187 -0.939780318 0.341521663
33.365241 74.924114900 -117.386322636 4.035138468 -0.011528060 -0.000385685 -0.946730449 0.321820467
33.411992 74.729610648 -117.537951255 4.061573821 -0.010369694 -0.002379844 -0.949909820 0.312342984
33.512044 74.255757455 -117.924676896 4.066986478 -0.008737465 -0.001573173 -0.957271355 0.289054900
33.612094 73.714293797 -118.231379384 4.098712076 -0.008981241 -0.000878176 -0.962364403 0.271612449
33.769015 72.912070122 -118.683858946 4.113510125 -0.008765052 0.000617974 -0.969422577 0.245240001
33.900272 72.372480492 -118.909151174 4.126646074 -0.009009001 0.000941025 -0.973858037 0.226976818
33.965141 72.134085400 -119.013443513 4.120362809 -0.009813794 0.000911575 -0.975439823 0.220045474
34.002283 71.977396628 -119.107184617 4.135571348 -0.011045207 0.000527644 -0.977251642 0.211794601
34.200372 70.989671187 -119.575607657 4.162018740 -0.008946269 0.001200050 -0.985913004 0.167015188
34.202481 70.970501167 -119.512914734 4.159746716 -0.010542699 0.000011910 -0.984873677 0.172952859
34.365292 70.061878708 -119.851917181 4.168626111 -0.008973111 0.002006467 -0.990515548 0.137092692
34.465143 69.452833817 -119.971542619 4.184644488 -0.009337172 0.002310557 -0.992808796 0.119323818
34.565191 68.877123344 -120.069173044 4.195451594 -0.008038543 0.001978775 -0.994775043 0.101755000
34.665141 68.289048559 -120.158726989 4.209560034 -0.006229180 0.001558492 -0.996398556 0.084549908
34.765192 67.671857072 -120.243039814 4.212686675 -0.005252993 0.001346163 -0.997629795 0.068595815
34.812097 67.382462638 -120.287894557 4.216698145 -0.004866077 0.000337341 -0.998147552 0.060643818
34.912044 66.676639330 -120.379461573 4.221516947 -0.004823135 -0.003213280 -0.998930725 0.045867396
35.099326 65.357732562 -120.480739981 4.234369116 -0.006900105 -0.006766555 -0.999516517 0.029552224
35.199475 64.799126206 -120.496770722 4.248251818 -0.007965848 -0.006437176 -0.999696365 0.022411746
35.215031 64.737949331 -120.485335703 4.242980406 -0.009737908 -0.006631516 -0.999717728 0.020631539
35.326351 63.846083715 -120.507366024 4.274136818 -0.010612376 -0.008451905 -0.999765339 0.016888138
35.415032 63.173169294 -120.529725151 4.278837939 -0.010584980 -0.008970336 -0.999809410 0.013734435
35.517302 62.338978925 -120.542456667 4.314276258 -0.009580553 -0.009580143 -0.999841629 0.011539126
35.611993 61.578918568 -120.561688300 4.313580318 -0.009556767 -0.009655176 -0.999856130 0.010157042
35.712144 60.751891690 -120.587869664 4.347636901 -0.009442457 -0.010421603 -0.999854834 0.009619857
35.812092 59.944579695 -120.601837645 4.351257213 -0.009347547 -0.010362574 -0.999857879 0.009458482
35.912018 59.105173903 -120.623246705 4.379671364 -0.008280721 -0.011199691 -0.999853761 0.009922397
36.012467 58.268311483 -120.632213415 4.389722206 -0.006925117 -0.010835254 -0.999865548 0.010174791
36.113364 57.427270991 -120.635603493 4.406616625 -0.005540196 -0.010653540 -0.999871547 0.010615896
36.212067 56.584932997 -120.662685751 4.409185461 -0.004480043 -0.010485463 -0.999879816 0.010504225
36.312067 55.715471430 -120.696165872 4.414389948 -0.004703312 -0.010625059 -0.999871959 0.011002406
36.412117 54.842703944 -120.702750312 4.426037300 -0.005262876 -0.013026556 -0.999842342 0.010858275
36.512043 53.956595841 -120.721765232 4.429098884 -0.005504428 -0.014068867 -0.999824085 0.011116040
36.601323 53.116291911 -120.765624257 4.454353203 -0.006567699 -0.013796461 -0.999821046 0.011153412
36.712088 52.055596939 -120.789595584 4.458266916 -0.008527088 -0.014368327 -0.999794310 0.011496890
36.812166 51.138167790 -120.804503692 4.484538909 -0.010242958 -0.014261236 -0.999779861 0.011486024
36.912116 50.196067924 -120.829486206 4.505846571 -0.009920709 -0.012692924 -0.999811426 0.010843519
37.034179 49.002289482 -120.869611030 4.540828611 -0.007460735 -0.009935249 -0.999868627 0.010409445
37.134678 48.104023104 -120.899939119 4.546212932 -0.006165870 -0.008371892 -0.999904218 0.009135016
37.212167 47.392471695 -120.913726820 4.557777471 -0.005199200 -0.007794358 -0.999921591 0.008308378
37.311994 46.372178684 -120.925700910 4.567810505 -0.003837341 -0.007947852 -0.999931821 0.007645966
37.412139 45.353397271 -120.940823842 4.583962613 -0.004019944 -0.008598088 -0.999929837 0.007087531
37.512089 44.339347516 -120.962950142 4.592356975 -0.004370342 -0.009173857 -0.999927178 0.006509953
37.612040 43.326729105 -120.977303889 4.611499039 -0.004618382 -0.009616355 -0.999924772 0.006053640
37.712033 42.316353115 -120.993219566 4.619156195 -0.005121074 -0.009386576 -0.999926208 0.005765854
37.811965 41.322732801 -121.012679045 4.635059770 -0.004885550 -0.010880272 -0.999912171 0.005779312
37.912136 40.313661585 -121.029484692 4.650766999 -0.003473058 -0.012049801 -0.999901968 0.006228545
38.012034 39.296976752 -121.036721216 4.674377222 -0.002201370 -0.012933653 -0.999890870 0.006791307
38.112036 38.274330262 -121.054764661 4.690642997 -0.002883701 -0.013849701 -0.999871580 0.007529539
38.212008 37.266507106 -121.064542547 4.707400980 -0.005173221 -0.014287204 -0.999851202 0.008166231
38.312009 36.256152351 -121.096017757 4.713014228 -0.006094879 -0.014465249 -0.999839688 0.008614386
38.411982 35.236261995 -121.110134912 4.743670699 -0.005178634 -0.014916987 -0.999832594 0.009243822
38.511984 34.244114734 -121.141039090 4.755466430 -0.004531591 -0.013644874 -0.999844583 0.010202534
38.612109 33.218279426 -121.170049219 4.784640966 -0.005047684 -0.013752156 -0.999831699 0.011044134
38.712032 32.213973233 -121.195402453 4.789060673 -0.005944623 -0.013227072 -0.999820919 0.012158812
38.812061 31.163426355 -121.236010204 4.812902010 -0.006521557 -0.013717814 -0.999802352 0.012827642
38.912089 30.140858191 -121.271336689 4.821766327 -0.006273927 -0.013455532 -0.999796344 0.013669568
39.012038 29.083942386 -121.297446740 4.846297141 -0.005290062 -0.013347758 -0.999788627 0.014715784
39.112111 28.035442025 -121.336649557 4.855850746 -0.003919622 -0.013908062 -0.999774531 0.015559240
39.246917 26.613604375 -121.381274710 4.882911014 -0.002234247 -0.014209018 -0.999751583 0.017026006
39.312162 26.111988064 -121.405459094 4.884224477 -0.002384005 -0.014048884 -0.999762663 0.016479155
39.411967 24.976238914 -121.450417177 4.909833411 -0.002552894 -0.014821513 -0.999717057 0.018428552
39.511968 23.836446797 -121.492641318 4.912882493 -0.002668585 -0.015255881 -0.999703616 0.018783447
39.611993 22.727998248 -121.539438655 4.936526483 -0.002630046 -0.015917557 -0.999689996 0.018963799
39.712066 21.627896556 -121.580832607 4.941690255 -0.003232702 -0.016368691 -0.999669640 0.019550592
39.811996 20.532650049 -121.625257618 4.965426664 -0.005067404 -0.016952027 -0.999641518 0.020094399
39.912092 19.442380788 -121.678010549 4.969892825 -0.006703579 -0.017032901 -0.999633043 0.019968022
40.012015 18.354711025 -121.729160554 4.999441073 -0.006485053 -0.016454721 -0.999646622 0.019844831
40.120043 17.150504681 -121.792036732 5.006487385 -0.004922466 -0.015553566 -0.999673655 0.019658055
40.219872 16.092225822 -121.831240595 5.033533209 -0.003826006 -0.015706572 -0.999693497 0.018750403
40.320395 15.010722456 -121.872295805 5.034595170 -0.003277342 -0.015959096 -0.999696741 0.018465973
40.412118 13.985610470 -121.917358690 5.063959170 -0.002821877 -0.016390618 -0.999702204 0.017857439
40.512014 12.808096102 -121.959244643 5.060195587 -0.003507005 -0.017646020 -0.999681444 0.017701086
40.612094 11.667675646 -121.993988892 5.098832426 -0.004941110 -0.017749742 -0.999687444 0.016898128
40.713285 10.502029415 -122.043127864 5.082633536 -0.005589435 -0.017745889 -0.999689012 0.016604838
40.817451 9.317075806 -122.090674706 5.134014091 -0.004384621 -0.017160689 -0.999717230 0.015866525
40.920465 8.146504895 -122.132723507 5.105760440 -0.002392104 -0.017296092 -0.999730298 0.015311876
41.037223 6.823885517 -122.169750364 5.155306683 0.000606141 -0.018625956 -0.999710942 0.015190117
41.137374 5.788224719 -122.200058928 5.144203179 0.000935239 -0.018647359 -0.999711025 0.015141588
41.214958 4.925097131 -122.224362804 5.168427867 -0.001788433 -0.020084264 -0.999686621 0.014835216
41.312067 3.690123889 -122.264300693 5.184409585 -0.005202264 -0.019543629 -0.999690799 0.014466866
41.412068 2.444476387 -122.319664056 5.204844904 -0.004564074 -0.017018831 -0.999750478 0.013729896
41.512014 1.253130403 -122.353836580 5.221197397 -0.001855681 -0.015118115 -0.999793302 0.013466697
41.611997 0.039822315 -122.404513908 5.227932754 0.001360593 -0.013222268 -0.999824489 0.013202718
41.712016 -1.152956382 -122.430228653 5.231423589 0.002332605 -0.012341442 -0.999837899 0.012900544
41.812114 -2.344935094 -122.474978619 5.223560403 0.000629840 -0.012466536 -0.999841165 0.012721382
41.925860 -3.700559947 -122.507908648 5.227766404 -0.001842695 -0.013398534 -0.999818961 0.013383890
42.012071 -4.639648207 -122.534418935 5.232241945 -0.003048881 -0.014997417 -0.999792538 0.013441104
42.112039 -5.918145102 -122.553280450 5.276330575 -0.003835991 -0.016492669 -0.999754803 0.014269238
42.213136 -7.144662983 -122.610815814 5.273739388 -0.003771566 -0.016029390 -0.999751962 0.014994921
42.312091 -8.344169408 -122.640110725 5.322479809 -0.002429950 -0.016042842 -0.999741263 0.015941468
42.412020 -9.543786209 -122.691701804 5.311638214 -0.001501754 -0.014120256 -0.999763840 0.016450780
42.512093 -10.748830673 -122.750609131 5.343940709 -0.002001535 -0.012179780 -0.999782076 0.016835914
42.628819 -12.170462186 -122.814145050 5.335376923 -0.002219013 -0.010817816 -0.999791969 0.017148467
42.712120 -13.080195336 -122.844673157 5.358464517 -0.002354032 -0.010635820 -0.999796583 0.016974379
42.820894 -14.455785280 -122.900021966 5.355744341 -0.001163363 -0.011312240 -0.999777521 0.017764796
42.912044 -15.541446411 -122.937290559 5.384374763 -0.001029655 -0.012046358 -0.999769644 0.017733695
43.012091 -16.820330608 -122.993987884 5.384139601 -0.000909116 -0.012631259 -0.999760057 0.017873234
43.112066 -18.052824798 -123.039058661 5.405694706 -0.000938918 -0.012342769 -0.999757004 0.018240244
43.212119 -19.302701999 -123.094355766 5.409174910 -0.000632571 -0.012188940 -0.999758173 0.018292751
43.321016 -20.651525294 -123.150426429 5.426845923 -0.000599158 -0.011993883 -0.999762685 0.018175838
43.412068 -21.703723730 -123.200378529 5.430343177 -0.001623481 -0.012102507 -0.999755740 0.018421555
43.519324 -23.080258614 -123.252035015 5.448286786 -0.002757702 -0.012341664 -0.999752016 0.018329871
43.612068 -24.185454247 -123.293150567 5.458464628 -0.002806166 -0.012299108 -0.999757976 0.018023518
43.725034 -25.633230656 -123.353547519 5.479538918 -0.001227938 -0.011923287 -0.999766711 0.017968050
43.820195 -26.725853684 -123.399317462 5.484782090 -0.000489142 -0.011541255 -0.999786433 0.017136205
43.920146 -27.995225239 -123.447792186 5.496522558 0.000279174 -0.011716184 -0.999792173 0.016681257
44.012045 -29.155357467 -123.494009159 5.501430039 0.000481771 -0.011784935 -0.999799666 0.016171274
44.112119 -30.490135552 -123.543683892 5.505718264 0.000266199 -0.012091623 -0.999799666 0.015948315
44.219728 -31.878139157 -123.582832752 5.516147958 -0.000307594 -0.012427281 -0.999806741 0.015229891
44.319671 -33.103050972 -123.630981402 5.516580321 -0.001028189 -0.013028537 -0.999807811 0.014613019
44.417952 -34.342521874 -123.671708859 5.528331424 -0.001044921 -0.013555028 -0.999812129 0.013815781
44.512044 -35.562644267 -123.704559694 5.533861267 0.000294056 -0.015143192 -0.999796319 0.013338599
44.611996 -36.907988119 -123.726019163 5.547637013 0.002563935 -0.016168433 -0.999784679 0.012751590
44.712093 -38.200906249 -123.754871663 5.562677931 0.002001300 -0.017260632 -0.999772506 0.012369407
44.812040 -39.484072482 -123.791479037 5.549340988 -0.000768636 -0.017528361 -0.999777356 0.011721987
44.916904 -40.840188751 -123.838097198 5.579513538 -0.002268099 -0.016976793 -0.999785841 0.011615319
45.013413 -42.051796795 -123.880670126 5.571311293 -0.001582853 -0.015615100 -0.999812781 0.011316660
45.112018 -43.381690449 -123.907476361 5.601979881 -0.000893412 -0.015756900 -0.999808839 0.011541562
45.212039 -44.711969410 -123.947459462 5.593694520 -0.000170428 -0.016396493 -0.999794044 0.011958062
45.341488 -46.422488746 -123.985208358 5.615531859 0.001088066 -0.017855364 -0.999761576 0.012521699
45.441165 -47.494909308 -124.017089935 5.616345555 0.001246876 -0.018283906 -0.999749207 0.012871210
45.541442 -48.732683710 -124.065302200 5.634360140 0.000867428 -0.018134348 -0.999746915 0.013285257
45.637747 -49.958155308 -124.097145893 5.630159149 0.001241199 -0.018348254 -0.999733778 0.013934664
45.713286 -50.975806450 -124.125887949 5.646249326 0.001385305 -0.018192054 -0.999728067 0.014523174
45.813296 -52.489775951 -124.184648476 5.640478691 0.000499772 -0.017336320 -0.999725692 0.015739830
45.911992 -53.900430156 -124.221631815 5.662275111 0.000781260 -0.017744469 -0.999712420 0.016112109
46.011995 -55.279862072 -124.285067538 5.662100023 0.001942225 -0.017411386 -0.999705460 0.016794790
46.112019 -56.643098073 -124.335423960 5.674583205 0.001240542 -0.016869894 -0.999708337 0.017236859
46.212018 -57.997176299 -124.394049836 5.660352659 0.000544211 -0.015939668 -0.999722991 0.017308177
46.312065 -59.358549968 -124.450062099 5.686191893 0.000739638 -0.014651237 -0.999739457 0.017487480
46.412013 -60.718178900 -124.507225610 5.671964125 0.001356704 -0.014206599 -0.999741248 0.017713516
46.512069 -62.085532767 -124.558786296 5.697337758 0.001636185 -0.014617486 -0.999733558 0.017789466
46.612065 -63.445713224 -124.612666800 5.691593736 0.001264866 -0.014435911 -0.999736399 0.017808367
46.717130 -64.882010831 -124.662518056 5.704931849 0.000745762 -0.014895480 -0.999729675 0.017836644
46.812119 -66.135130965 -124.719618066 5.701865916 0.000771918 -0.015419178 -0.999721989 0.017821264
46.911969 -67.539688032 -124.772003608 5.716027165 0.002325989 -0.016070919 -0.999717345 0.017365070
47.011993 -68.948714160 -124.822392147 5.717176020 0.003517141 -0.016412014 -0.999708362 0.017362764
47.112142 -70.348894332 -124.878101506 5.722673559 0.002813933 -0.016842173 -0.999714264 0.016727607
47.212067 -71.739943609 -124.922907161 5.719885928 0.001428362 -0.016406447 -0.999736908 0.015965707
47.312042 -73.138585443 -124.978360330 5.727483031 0.001670334 -0.015754378 -0.999756633 0.015351986
47.412038 -74.542321480 -125.031775086 5.727572882 0.002688430 -0.015430309 -0.999765639 0.014944751
47.512066 -75.921090621 -125.075370188 5.739034351 0.003515835 -0.015425090 -0.999773559 0.014231533
47.612091 -77.319923371 -125.114404200 5.730336499 0.004178092 -0.015263884 -0.999781028 0.013691358
47.712119 -78.709978972 -125.164352280 5.740303451 0.004660928 -0.015314402 -0.999782886 0.013338889
47.812069 -80.109615337 -125.203057392 5.735339688 0.004727718 -0.015226917 -0.999793087 0.012632234
47.912041 -81.508907857 -125.252632385 5.736733039 0.004623759 -0.014708357 -0.999809509 0.011967870
48.012041 -82.901741014 -125.284321695 5.731084868 0.004575290 -0.014733809 -0.999816180 0.011383634
48.112142 -84.301700867 -125.338402383 5.731935885 0.004570475 -0.013854152 -0.999833685 0.010944232
48.219324 -85.812606482 -125.366001434 5.728906210 0.004648372 -0.014156618 -0.999829679 0.010890209
48.312142 -87.037455797 -125.406051429 5.716996559 0.005348164 -0.013975708 -0.999832163 0.010569926
48.437772 -88.845190559 -125.435058983 5.722197409 0.007239346 -0.017855435 -0.999750808 0.011273724
48.537899 -90.052671260 -125.462711642 5.729723276 0.008470377 -0.019078543 -0.999712555 0.011792732
48.637649 -91.331905125 -125.497585446 5.722404020 0.007190773 -0.020758935 -0.999681651 0.012407881
48.737950 -92.672200628 -125.537039181 5.718954388 0.004731574 -0.020000809 -0.999707011 0.012785654
48.812144 -93.677381055 -125.567838798 5.698972202 0.003397524 -0.018148146 -0.999751694 0.012476037
48.937276 -95.599902883 -125.629262081 5.704750462 0.006012413 -0.017781093 -0.999736127 0.013242327
49.037798 -96.907096967 -125.658026387 5.693919855 0.005952958 -0.018207798 -0.999726515 0.013413965
49.137475 -98.224895189 -125.694903398 5.695029846 0.004451522 -0.021309408 -0.999670570 0.013595723
49.237224 -99.578336153 -125.736299608 5.693907380 0.004531771 -0.021466894 -0.999661325 0.013995371
49.337222 -100.956710545 -125.777660094 5.704424808 0.005352575 -0.021155855 -0.999665107 0.013908746
49.412114 -102.006800469 -125.813527443 5.696415125 0.005175724 -0.018476408 -0.999714927 0.014209115
49.511967 -103.575466889 -125.863023428 5.695787783 0.006080166 -0.015922291 -0.999744031 0.014879030
49.601279 -104.889346524 -125.919023635 5.690003657 0.006749474 -0.013945107 -0.999767816 0.014976431
49.720023 -106.716023439 -125.995700804 5.674607971 0.006923377 -0.013199295 -0.999759713 0.016073662
49.819772 -108.036518723 -126.029385524 5.665616483 0.007234501 -0.013156314 -0.999752849 0.016395538
49.920518 -109.399948668 -126.082223760 5.653961859 0.008297690 -0.013821729 -0.999726543 0.016939515
50.020591 -110.761560836 -126.130971167 5.648245190 0.008684376 -0.014542523 -0.999700091 0.017686861
50.112070 -112.025899457 -126.176058517 5.632494690 0.008578843 -0.015105883 -0.999685944 0.018061791
50.219622 -113.596736908 -126.248033854 5.620528004 0.009067117 -0.015107380 -0.999673271 0.018517694
50.319920 -114.975447317 -126.297127387 5.604594484 0.009312329 -0.015022972 -0.999668182 0.018738124
50.412118 -116.268288704 -126.354109096 5.596546879 0.009194586 -0.014741612 -0.999673677 0.018726566
50.512092 -117.753092284 -126.412237996 5.569004921 0.009573062 -0.014442694 -0.999672914 0.018810354
50.612043 -119.171085858 -126.471288550 5.568055947 0.009798000 -0.015119571 -0.999665423 0.018559104
50.712045 -120.603230709 -126.541349287 5.542022734 0.009269724 -0.014054759 -0.999687450 0.018480770
50.817277 -122.095819809 -126.593730901 5.535779290 0.008892550 -0.013976394 -0.999697569 0.018175648
50.912012 -123.383971920 -126.652871218 5.515829035 0.009476063 -0.013075641 -0.999710869 0.017816037
51.019524 -124.935030740 -126.719599531 5.507093122 0.010442568 -0.012733880 -0.999708961 0.017629382
51.111966 -126.186633529 -126.771156998 5.489314311 0.010953636 -0.012577431 -0.999717917 0.016908942
51.211995 -127.667478844 -126.829649895 5.469852201 0.011355634 -0.012275787 -0.999724246 0.016485972
51.312070 -129.139629927 -126.873394603 5.447703618 0.011392919 -0.012169202 -0.999734330 0.015917984
51.420696 -130.704781678 -126.932593149 5.417896878 0.012219135 -0.012754582 -0.999721703 0.015637457
51.537751 -132.292824904 -126.983092315 5.392374085 0.013536048 -0.014954214 -0.999677465 0.015430903
51.637950 -133.567743859 -127.026473785 5.371665472 0.014732493 -0.017437239 -0.999620849 0.015396605
51.737597 -134.907084239 -127.061478488 5.353020291 0.015730277 -0.020172944 -0.999544094 0.016037918
51.824685 -136.125283644 -127.104566581 5.330279863 0.016356809 -0.021292577 -0.999500507 0.016667855
51.937649 -137.781606226 -127.167529448 5.304545161 0.016723569 -0.020259764 -0.999503261 0.017409611
52.038295 -139.122291140 -127.226414799 5.262442316 0.017313083 -0.018979696 -0.999519037 0.017370154
52.138344 -140.506236056 -127.286977633 5.246190097 0.018497644 -0.017325704 -0.999520890 0.017766498
52.212094 -141.527459401 -127.323891605 5.210029470 0.017733937 -0.016579170 -0.999550974 0.017563852
52.312017 -143.128268439 -127.394964047 5.176336526 0.014145570 -0.015022203 -0.999632311 0.017592040
52.412015 -144.597492881 -127.462658226 5.147392148 0.013676121 -0.013817962 -0.999670164 0.016780699
52.512114 -146.049436321 -127.528128531 5.113720102 0.016350978 -0.011663955 -0.999665095 0.016318545
52.611995 -147.494170923 -127.571308446 5.087539868 0.017011013 -0.010919864 -0.999667796 0.015989988
52.712067 -148.903274106 -127.633183471 5.038426831 0.016716157 -0.010389418 -0.999687118 0.015436862
52.811944 -150.307814824 -127.679654411 5.014258463 0.015582165 -0.009359445 -0.999721741 0.015034554
52.912118 -151.710644844 -127.733730356 4.970752715 0.013630436 -0.008489125 -0.999762839 0.014710929
53.012041 -153.124832813 -127.781901356 4.955707682 0.012504948 -0.007997801 -0.999789566 0.014159267
53.112043 -154.524340830 -127.835796954 4.919225286 0.014051804 -0.008259463 -0.999766821 0.014164426
53.212139 -155.917574849 -127.873814460 4.908263218 0.015466750 -0.009243158 -0.999733097 0.014459517
53.311995 -157.334488224 -127.915602550 4.865777733 0.015767108 -0.009663583 -0.999720679 0.014716568
53.446945 -159.267002043 -127.988151582 4.825081596 0.017762939 -0.007913416 -0.999700680 0.014846083
53.512096 -159.920892440 -128.004518371 4.806878125 0.020271504 -0.008191243 -0.999653202 0.014678038
53.611943 -161.391669335 -128.066892453 4.772167779 0.016767867 -0.008263518 -0.999709178 0.015235263
53.712139 -162.861579483 -128.110056510 4.718083636 0.010398708 -0.009056345 -0.999787593 0.015317287
53.812116 -164.339132937 -128.165109883 4.723012209 0.009012657 -0.008904776 -0.999801028 0.015407205
53.912115 -165.785651833 -128.222621157 4.690520581 0.011995346 -0.008023491 -0.999777763 0.015367478
54.011943 -167.211811560 -128.270917450 4.682745065 0.015691181 -0.006982654 -0.999738961 0.015067836
54.112117 -168.627123513 -128.323123610 4.628059933 0.018073571 -0.005984209 -0.999704923 0.015086516
54.211990 -170.046694986 -128.377261440 4.604980102 0.018227539 -0.004307573 -0.999711085 0.015064810
54.311992 -171.467680759 -128.429319906 4.543847282 0.017957206 -0.003629989 -0.999721822 0.014853979
54.412045 -172.900144749 -128.475981001 4.532182426 0.018588515 -0.003375635 -0.999715351 0.014570163
54.512120 -174.306461359 -128.526715977 4.460345973 0.020207921 -0.004219982 -0.999678380 0.014729827
54.611994 -175.729190273 -128.561098485 4.441694897 0.021519837 -0.005731284 -0.999641793 0.014843676
54.712114 -177.135159387 -128.618294312 4.371967966 0.021620259 -0.006228634 -0.999635002 0.014954327
54.812070 -178.565432780 -128.662370197 4.343250789 0.020958564 -0.006864764 -0.999647522 0.014779876
54.911991 -180.002117113 -128.719645542 4.274191007 0.022131677 -0.006169022 -0.999628644 0.014652849
55.012142 -181.424542895 -128.756240280 4.242219970 0.023983887 -0.006786556 -0.999584031 0.014507938
55.111992 -182.844089326 -128.812032398 4.169784783 0.025867643 -0.007679989 -0.999523030 0.015019820
55.212043 -184.265123498 -128.858501199 4.124574886 0.026490232 -0.008522412 -0.999494312 0.015386918
55.312094 -185.679316058 -128.906333405 4.053523566 0.025748409 -0.008368562 -0.999510817 0.015656124
55.412119 -187.092015341 -128.963687571 4.004391760 0.026982648 -0.008284921 -0.999474162 0.015959211
55.511994 -188.509558899 -129.001739014 3.921262062 0.029071611 -0.010095317 -0.999394096 0.016259377
55.639719 -190.306509640 -129.067653578 3.840209030 0.026349599 -0.012771745 -0.999428870 0.016867546
55.711961 -191.123549350 -129.098439654 3.800093250 0.023638262 -0.013942069 -0.999477588 0.017070488
55.813239 -192.612220372 -129.151192641 3.760713854 0.024655073 -0.015317950 -0.999423833 0.017592338
55.937500 -194.433897515 -129.221716458 3.683148366 0.027008764 -0.016718721 -0.999335369 0.017883848
56.024686 -195.549648451 -129.266428447 3.638447378 0.028504641 -0.017552484 -0.999274068 0.018186086
56.138022 -197.147475536 -129.324844108 3.565401780 0.030019238 -0.017253549 -0.999236840 0.018080302
56.238122 -198.495115233 -129.375242789 3.492908237 0.030127441 -0.017425561 -0.999235579 0.017802949
56.337773 -199.877329099 -129.428319897 3.426411022 0.028776112 -0.017596291 -0.999270379 0.017916897
56.438246 -201.293157527 -129.489998601 3.358377195 0.028408265 -0.016880733 -0.999295158 0.017810070
56.538171 -202.717808432 -129.546562151 3.292668942 0.029517680 -0.015834238 -0.999284397 0.017569202
56.638499 -204.134654563 -129.608862200 3.215740592 0.029953233 -0.014588348 -0.999297976 0.017132996
56.738497 -205.570681704 -129.678590786 3.142802109 0.029638267 -0.014250724 -0.999310143 0.017254800
56.838345 -207.014052995 -129.727711241 3.060109535 0.029204453 -0.014867651 -0.999314202 0.017238874
56.938721 -208.464108752 -129.777385636 2.997710235 0.027123587 -0.016509792 -0.999353897 0.016838212
57.038772 -209.903447771 -129.825239366 2.928538863 0.023587323 -0.018409693 -0.999413722 0.016641328
57.123288 -211.134831319 -129.873059139 2.889677184 0.021020220 -0.018975932 -0.999464405 0.016400225
57.212139 -212.540014365 -129.923429702 2.842965133 0.022039904 -0.018035968 -0.999463413 0.016181220
57.338625 -214.567786417 -130.014565518 2.762025567 0.028004397 -0.014667343 -0.999370874 0.016077300
57.438823 -215.917764807 -130.065103082 2.692626543 0.031160575 -0.013092127 -0.999308229 0.015513831
57.539095 -217.307944767 -130.130925899 2.610266165 0.031215262 -0.011789933 -0.999326991 0.015237131
57.620270 -218.466496662 -130.164579561 2.538642414 0.029666322 -0.011138287 -0.999389517 0.014711929
57.712092 -219.940267937 -130.211993266 2.457851186 0.029160508 -0.012437243 -0.999393135 0.014434023
57.839046 -221.988684033 -130.271276401 2.354930425 0.030147775 -0.014512869 -0.999337035 0.014351927
57.938971 -223.390063546 -130.296128971 2.284653977 0.030094031 -0.015987200 -0.999318934 0.014157214
58.038871 -224.806899519 -130.355079344 2.212233778 0.029949791 -0.017585327 -0.999304028 0.013609737
58.138720 -226.239892560 -130.388242725 2.144594863 0.031187303 -0.018187694 -0.999261371 0.013163329
58.238744 -227.718480026 -130.435537564 2.063893959 0.032735128 -0.017804313 -0.999223613 0.012790182
58.338549 -229.205071168 -130.487969595 1.986966654 0.032762169 -0.017611587 -0.999229157 0.012552486
58.438795 -230.708191105 -130.525130789 1.893293600 0.031515007 -0.015382747 -0.999312786 0.012005501
58.516733 -231.897935859 -130.566183240 1.834415046 0.030751454 -0.014566814 -0.999356146 0.011377554
58.611992 -233.491336092 -130.616874979 1.740481148 0.031821252 -0.013357866 -0.999347005 0.010702264
58.738325 -235.560681588 -130.680944766 1.632623034 0.033305795 -0.013342002 -0.999308961 0.009711654
58.838373 -236.975566274 -130.697093156 1.548858713 0.033863734 -0.013247415 -0.999299607 0.008834550
58.938448 -238.425960762 -130.733078207 1.470538162 0.035204111 -0.013145306 -0.999259485 0.008267559
59.037975 -239.908483999 -130.755341496 1.373453061 0.035953802 -0.012861539 -0.999243561 0.007362783
59.138225 -241.442845548 -130.796258927 1.288656405 0.035675388 -0.012971219 -0.999256387 0.006759227
59.237752 -242.947649931 -130.827668361 1.191683988 0.035006327 -0.012452511 -0.999290204 0.006211272
59.337526 -244.474923314 -130.843467328 1.111677086 0.036371287 -0.013657325 -0.999229906 0.005495551
59.437149 -245.998378545 -130.868839526 1.001352713 0.037110991 -0.012720416 -0.999215630 0.005393537
59.537575 -247.535313176 -130.888427074 0.914158270 0.037531520 -0.012962364 -0.999201639 0.004409865
59.637795 -249.080109562 -130.917132056 0.809784806 0.038651510 -0.012002158 -0.999173176 0.003869528
59.737099 -250.584531077 -130.942869770 0.717394056 0.038683973 -0.010947944 -0.999184686 0.003695461
59.836551 -252.098052048 -130.967051425 0.613681897 0.036568707 -0.010553597 -0.999270969 0.002980246
59.936400 -253.605455905 -130.977909112 0.525042954 0.034373620 -0.010479162 -0.999351995 0.002056867
60.036775 -255.151905958 -130.987877041 0.431884276 0.034873511 -0.010475523 -0.999334726 0.002050869
60.136375 -256.668608882 -131.000795068 0.344884493 0.036417106 -0.010613622 -0.999277349 0.002434128
60.236301 -258.195152167 -131.005910487 0.249711252 0.037284718 -0.010739773 -0.999244490 0.002226174
60.336401 -259.735306049 -131.017121822 0.152837222 0.038499183 -0.010481326 -0.999200421 0.002544297
60.436225 -261.234164604 -131.036297733 0.055907799 0.039530777 -0.010734969 -0.999158158 0.002248171
60.535953 -262.759982272 -131.050231375 -0.045366353 0.039563297 -0.010747612 -0.999156561 0.002324118
60.635902 -264.241851439 -131.067469870 -0.146528262 0.040283036 -0.010413705 -0.999132147 0.001945240
60.746676 -265.907972384 -131.076923046 -0.259146917 0.041202427 -0.009483320 -0.999103860 0.001975914
60.825055 -266.992170275 -131.094650971 -0.337567481 0.040923672 -0.008863900 -0.999121470 0.001723837
60.911996 -268.418675496 -131.113341318 -0.444096604 0.040892295 -0.007849663 -0.999132345 0.000872094
61.046873 -270.652313853 -131.134769395 -0.595447151 0.043055680 -0.007430910 -0.999044997 0.000290639
61.146775 -271.984678332 -131.136780795 -0.700383816 0.044111450 -0.007528385 -0.998998190 -0.000346121
61.244726 -273.335354193 -131.140747832 -0.794128618 0.045112601 -0.009057445 -0.998940016 -0.001288914
61.341436 -274.736198225 -131.133195615 -0.909942520 0.044887131 -0.010131747 -0.998938570 -0.002055956
61.436554 -276.153991857 -131.129965854 -1.014963996 0.043944248 -0.010811955 -0.998971572 -0.002793502
61.511995 -277.312691271 -131.131141557 -1.108534778 0.042694135 -0.010975074 -0.999021072 -0.003695392
61.612090 -278.979435776 -131.128379853 -1.226808253 0.043093572 -0.011010846 -0.998999389 -0.004682436
61.712142 -280.575206606 -131.115358556 -1.345413409 0.043062874 -0.010756352 -0.998998054 -0.005725275
61.812094 -282.103943217 -131.092764949 -1.456668407 0.042700533 -0.011821550 -0.998997181 -0.006445724
61.937250 -283.964828151 -131.079752946 -1.585577106 0.043342342 -0.012589012 -0.998953674 -0.007383487
62.036649 -285.245746225 -131.062437791 -1.676043939 0.043825604 -0.012848687 -0.998924409 -0.008015775
62.137200 -286.584488784 -131.052778102 -1.778342626 0.044227953 -0.012859090 -0.998900936 -0.008686351
62.236550 -287.925403603 -131.035866327 -1.873174185 0.045237523 -0.012168387 -0.998858182 -0.009371738
62.336451 -289.296359213 -131.019976488 -1.980321549 0.046184079 -0.012155407 -0.998805909 -0.010297231
62.437473 -290.705228730 -130.989175480 -2.079963419 0.046162556 -0.013560697 -0.998783757 -0.010776494
62.541239 -292.126384015 -130.981211038 -2.196152767 0.044889142 -0.013797970 -0.998836756 -0.010941489
62.636826 -293.416383249 -130.952232395 -2.287187581 0.042691503 -0.014770463 -0.998916899 -0.011148869
62.711994 -294.462914955 -130.938050258 -2.360298513 0.042026098 -0.014059570 -0.998953243 -0.011338119
62.811994 -296.001237907 -130.918329278 -2.482849032 0.042665503 -0.012162630 -0.998943139 -0.012013719
62.912093 -297.472949973 -130.883470942 -2.579139577 0.043861190 -0.011149857 -0.998899447 -0.012319591
63.012143 -298.898355307 -130.854960835 -2.702646185 0.045183071 -0.010511989 -0.998845576 -0.012470098
63.146772 -300.771943502 -130.809466291 -2.842413680 0.045985307 -0.011195925 -0.998799135 -0.012660597
63.211991 -301.486650507 -130.778186438 -2.901663109 0.046295784 -0.011287439 -0.998779505 -0.012992128
63.312069 -302.817933899 -130.789068738 -2.998550125 0.046192290 -0.011003802 -0.998784619 -0.013208833
63.412093 -304.194525606 -130.741920866 -3.117658704 0.045040000 -0.010084543 -0.998839290 -0.013775824
63.511993 -305.584162082 -130.704082303 -3.224163502 0.044710083 -0.009216518 -0.998856574 -0.014198873
63.612067 -306.956879210 -130.685144424 -3.329175836 0.045606536 -0.008347928 -0.998815830 -0.014740888
63.712093 -308.296908691 -130.645734817 -3.435911404 0.045402651 -0.007992128 -0.998814106 -0.015655862
63.812165 -309.609219963 -130.613777419 -3.536942740 0.045191055 -0.008525287 -0.998810011 -0.016237297
63.904221 -310.798550649 -130.581387986 -3.624858435 0.045961887 -0.008530688 -0.998760141 -0.017114692
64.004220 -312.129929851 -130.542489280 -3.725247926 0.046206255 -0.008947806 -0.998731750 -0.017883217
64.104172 -313.430392497 -130.502894325 -3.826078669 0.046467383 -0.008759594 -0.998705827 -0.018727576
64.204171 -314.725906022 -130.445435244 -3.925213272 0.047207097 -0.008372473 -0.998642489 -0.020361008
64.304172 -315.971566298 -130.408529418 -4.021056577 0.047206859 -0.007645286 -0.998614084 -0.021976639
64.404220 -317.195852534 -130.360932065 -4.117154212 0.046326001 -0.006776346 -0.998620232 -0.023782664
64.504123 -318.421155439 -130.313161246 -4.213565500 0.044928248 -0.006217710 -0.998641211 -0.025661718
64.612115 -319.748204034 -130.252271301 -4.323899641 0.043761949 -0.006005907 -0.998633811 -0.027916525
64.704224 -320.839305057 -130.206300659 -4.396579867 0.043196513 -0.005866504 -0.998604125 -0.029823585
64.900271 -323.248404256 -130.055908615 -4.582779341 0.045477761 -0.006169136 -0.998370951 -0.033899263
65.000197 -324.288445851 -129.972712347 -4.680022394 0.045240077 -0.006351305 -0.998368660 -0.034249305
65.004222 -324.305685285 -129.985737288 -4.666936966 0.046112130 -0.006636814 -0.998321592 -0.034403819
65.104397 -325.528078932 -129.886975143 -4.778200229 0.047293343 -0.007267376 -0.998095713 -0.038929061
65.204373 -326.769436418 -129.794534781 -4.876813295 0.047118153 -0.008611314 -0.997960581 -0.042194836
65.304397 -328.046809436 -129.684368792 -4.978954902 0.046531318 -0.009350851 -0.997852725 -0.045136876
65.404347 -329.317385424 -129.564241687 -5.089011094 0.045859958 -0.010006784 -0.997739946 -0.048080432
65.504442 -330.545003121 -129.451522757 -5.178063335 0.046656260 -0.010632651 -0.997549469 -0.051041137
65.644826 -332.289824954 -129.270110080 -5.328590950 0.047143135 -0.010476231 -0.997314057 -0.055067650
65.712040 -333.040979437 -129.200503951 -5.386006138 0.046346859 -0.010214545 -0.997302394 -0.055996124
65.812066 -334.199054149 -129.074667063 -5.484218219 0.044727659 -0.008869341 -0.997153929 -0.060040098
65.912066 -335.376684984 -128.941354743 -5.581164345 0.044528868 -0.007715560 -0.996954583 -0.063554779
66.030913 -336.814926776 -128.753241739 -5.695690939 0.046355799 -0.007637437 -0.996582153 -0.067947198
66.146900 -338.157815226 -128.566206122 -5.812797147 0.047854668 -0.008082031 -0.996234683 -0.071840579
66.244701 -339.233522262 -128.401089757 -5.897261876 0.047874299 -0.008857420 -0.995913276 -0.076068022
66.346747 -340.363327194 -128.218901937 -6.001258962 0.047870560 -0.009804983 -0.995505548 -0.081123207
66.412089 -341.101428612 -128.090505847 -6.047074525 0.047828745 -0.011245833 -0.995206271 -0.084560160
66.511996 -342.334423995 -127.880907003 -6.173521863 0.045381633 -0.007486308 -0.994726738 -0.091668861
66.612091 -343.585507425 -127.652921184 -6.257840278 0.043059201 -0.005791461 -0.994315305 -0.097208217
66.712018 -344.818022986 -127.417170774 -6.365288781 0.043307465 -0.003399620 -0.993769058 -0.102644852
66.812067 -346.030115834 -127.162457789 -6.454219525 0.044050433 -0.003107055 -0.993230800 -0.107435951
66.912142 -347.237832196 -126.903890404 -6.557179591 0.043807805 -0.003454194 -0.992835231 -0.111117729
67.012017 -348.415602062 -126.628719656 -6.649128058 0.043232923 -0.005167730 -0.992562525 -0.113683083
67.111968 -349.569763103 -126.365158391 -6.733993692 0.043476841 -0.006376248 -0.992461971 -0.114404297
67.212115 -350.714919028 -126.085007481 -6.820831116 0.043633861 -0.007757651 -0.992471125 -0.114179558
67.339442 -352.149940821 -125.759743678 -6.930374719 0.043854082 -0.009038075 -0.992729820 -0.111725721
67.439442 -353.122015661 -125.562450957 -7.007089954 0.043756852 -0.010138118 -0.992954690 -0.109651904
67.535352 -354.119595738 -125.333592095 -7.085014314 0.044002387 -0.011337177 -0.993329650 -0.105978606
67.633631 -355.191187702 -125.115273223 -7.163099075 0.045201863 -0.011885425 -0.993736828 -0.101501942
67.733709 -356.277492681 -124.902172779 -7.248132685 0.045884558 -0.012356451 -0.994199368 -0.096485964
67.835727 -357.393508758 -124.700480985 -7.335775031 0.045634703 -0.011653142 -0.994740232 -0.090959053
67.937649 -358.480908433 -124.523484123 -7.429888019 0.045380873 -0.010770411 -0.995169719 -0.086381745
68.036725 -359.534628714 -124.360955341 -7.506786429 0.045937938 -0.010320933 -0.995541211 -0.081736655
68.136375 -360.597783947 -124.194735905 -7.599208294 0.047035830 -0.009894336 -0.995837904 -0.077437730
68.299997 -362.322576451 -123.944364141 -7.733905505 0.047956273 -0.009568593 -0.996262647 -0.071199552
68.399499 -363.090401779 -123.871244039 -7.794190206 0.047436511 -0.009428534 -0.996426074 -0.069252864
68.499000 -363.908260258 -123.737422079 -7.865003641 0.046420814 -0.009172599 -0.996632784 -0.066963158
68.599050 -364.833868299 -123.619331865 -7.945195858 0.045756282 -0.009550025 -0.996777531 -0.065189824
68.698975 -365.829877514 -123.500766768 -8.017422435 0.045452601 -0.009353620 -0.996902018 -0.063505408
68.798925 -366.854006028 -123.378529610 -8.114385351 0.045937723 -0.008641447 -0.996969439 -0.062185115
68.898776 -367.908565204 -123.253600209 -8.184878515 0.046377834 -0.008844157 -0.997010190 -0.061168282
68.998725 -368.959675093 -123.133875981 -8.288688775 0.046601100 -0.008283871 -0.997040888 -0.060573771
69.098526 -370.008922157 -123.007785618 -8.358878091 0.046493319 -0.008843608 -0.997061166 -0.060242779
69.198651 -371.053600789 -122.892964748 -8.465036307 0.046818564 -0.008858273 -0.997081215 -0.059654035
69.299000 -372.114842074 -122.773141146 -8.533309270 0.047251831 -0.009471903 -0.997054641 -0.059662295
69.399349 -373.166565555 -122.640849051 -8.635325709 0.047801900 -0.009176777 -0.997048417 -0.059373551
69.499748 -374.203107232 -122.527304580 -8.706863574 0.047796559 -0.009225937 -0.997039596 -0.059518187
69.600022 -375.227205075 -122.410038028 -8.808033243 0.047742849 -0.009172058 -0.997023974 -0.059830496
69.646825 -375.718567206 -122.349667454 -8.838761901 0.047532578 -0.009178366 -0.997016072 -0.060127895
69.746716 -376.989125436 -122.203742140 -8.965247714 0.049194817 -0.009771031 -0.996924971 -0.060207959
69.841713 -378.094186583 -122.070468810 -9.038396133 0.049841697 -0.009414093 -0.996877675 -0.060515128
69.941538 -379.215992431 -121.940322478 -9.154369903 0.050058114 -0.009806936 -0.996832267 -0.061020005
70.044728 -380.308325020 -121.810738641 -9.226231252 0.049736564 -0.009843405 -0.996831045 -0.061296403
70.197941 -381.843200542 -121.625187733 -9.364151407 0.050227640 -0.009752125 -0.996777875 -0.061773367
70.295698 -382.482028689 -121.556001067 -9.414222634 0.049907934 -0.009467354 -0.996751996 -0.062490211
70.395607 -383.266108358 -121.460164174 -9.493189148 0.050396226 -0.009947264 -0.996698763 -0.062871680
70.438891 -383.655593658 -121.409181166 -9.513434246 0.050529366 -0.010791644 -0.996701586 -0.062580132
70.524411 -384.610512294 -121.292946546 -9.619104033 0.050984021 -0.010617649 -0.996718800 -0.061963938
70.639594 -385.839557869 -121.156540627 -9.703086578 0.050803901 -0.010341583 -0.996680334 -0.062772032
70.740161 -386.764492273 -121.041728038 -9.806212390 0.050607058 -0.010505057 -0.996675333 -0.062982931
70.840713 -387.661593165 -120.936994177 -9.857959363 0.050841596 -0.010577181 -0.996663429 -0.062970342
70.940638 -388.495975714 -120.834051780 -9.951130535 0.051145840 -0.010676291 -0.996651090 -0.062902495
71.040286 -389.299934012 -120.749882731 -9.991396236 0.051094067 -0.010460919 -0.996683136 -0.062471536
71.144679 -390.119351086 -120.645080031 -10.092982972 0.051389415 -0.010335055 -0.996709002 -0.061834288
71.241187 -390.857106042 -120.559895577 -10.124089747 0.051633816 -0.010267863 -0.996734893 -0.061221512
71.344603 -391.621843023 -120.470932082 -10.220248166 0.051731985 -0.009991916 -0.996761717 -0.060745728
71.444454 -392.352671589 -120.388753049 -10.259806512 0.052120748 -0.009778604 -0.996756864 -0.060527359
71.541361 -393.036432644 -120.310418408 -10.337543168 0.052635294 -0.009959219 -0.996751386 -0.060141624
71.640961 -393.711924336 -120.234873788 -10.380691799 0.052371336 -0.009840364 -0.996802442 -0.059542445
71.744604 -394.395780372 -120.151025608 -10.450395956 0.051832777 -0.009756556 -0.996852927 -0.059181208
71.844581 -395.017279611 -120.083859569 -10.497017791 0.051416651 -0.009495480 -0.996890003 -0.058961738
71.944728 -395.656701292 -120.006955886 -10.561924376 0.051021364 -0.009624801 -0.996919511 -0.058784961
72.044879 -396.264444520 -119.935461088 -10.609412507 0.050432778 -0.010035584 -0.996965535 -0.058442656
72.144780 -396.861779106 -119.869817886 -10.659401184 0.050219976 -0.010204918 -0.996964397 -0.058615734
72.246794 -397.458223516 -119.801658591 -10.711226765 0.050020802 -0.009907679 -0.996978731 -0.058593235
72.346922 -398.035345831 -119.734213322 -10.761123409 0.049294642 -0.009921486 -0.997000145 -0.058841425
72.412116 -398.403035644 -119.696417357 -10.794105537 0.048734892 -0.009935088 -0.996992015 -0.059440113
72.546898 -399.303002646 -119.591417048 -10.872194496 0.048868564 -0.010056409 -0.996946796 -0.060065123
72.612019 -399.590269831 -119.556667348 -10.896277017 0.048628229 -0.009864605 -0.996954127 -0.060170209
72.744802 -400.438500314 -119.461553061 -10.971624070 0.048934767 -0.010105695 -0.996880298 -0.061097752
72.846971 -400.932517111 -119.403482284 -11.006515566 0.048676806 -0.010101481 -0.996878867 -0.061327425
72.946874 -401.469875183 -119.337579923 -11.062013379 0.048855041 -0.009725630 -0.996819569 -0.062204056
73.044675 -401.988354376 -119.272690799 -11.097344830 0.048889822 -0.009823134 -0.996749750 -0.063271057
73.147147 -402.543955957 -119.203736602 -11.153518290 0.049046615 -0.009682450 -0.996686367 -0.064163579
73.207372 -402.851747640 -119.165179430 -11.171362413 0.049299129 -0.009650927 -0.996624392 -0.064932869
73.307300 -403.499697099 -119.079447211 -11.238238257 0.050352565 -0.010013502 -0.996486388 -0.066175729
73.407423 -404.030226080 -119.011813136 -11.271966679 0.050373249 -0.010053058 -0.996418364 -0.067170799
73.507426 -404.539798565 -118.944936434 -11.326170245 0.050190273 -0.010202928 -0.996369787 -0.068000620
73.607475 -405.013834906 -118.882251489 -11.354535725 0.050290899 -0.010130807 -0.996308788 -0.068825803
73.707475 -405.477960752 -118.813834744 -11.411502163 0.050349246 -0.010166396 -0.996231111 -0.069894003
73.810253 -405.931016167 -118.756531955 -11.435422750 0.050161757 -0.010468990 -0.996192740 -0.070528176
73.910101 -406.351770721 -118.686302457 -11.488345200 0.050266835 -0.010639855 -0.996144797 -0.071102617
74.010251 -406.753752288 -118.631849118 -11.504200922 0.050364795 -0.010693672 -0.996102928 -0.071609987
74.110303 -407.144138734 -118.574690150 -11.556451410 0.050478312 -0.010228926 -0.996074987 -0.071985624
74.223541 -407.547342660 -118.513293136 -11.572646874 0.050945478 -0.010337203 -0.996031844 -0.072237574
74.310228 -407.810042128 -118.474947904 -11.613362675 0.050977807 -0.010314727 -0.995996637 -0.072701923
74.410378 -408.159108787 -118.429167684 -11.624429581 0.051081704 -0.010333253 -0.995984675 -0.072790187
74.510324 -408.445862917 -118.385592336 -11.667337863 0.051012376 -0.010535796 -0.995960067 -0.073145599
74.610327 -408.745274780 -118.344318494 -11.673521698 0.050700367 -0.010689000 -0.995961745 -0.073317262
74.710525 -409.011338397 -118.300644653 -11.716356587 0.050301291 -0.010350497 -0.995963503 -0.073616216
74.810326 -409.282036854 -118.273648364 -11.720884390 0.050359522 -0.010023142 -0.995970209 -0.073530933
74.910428 -409.520035816 -118.233707187 -11.763591109 0.050501531 -0.010046083 -0.995943740 -0.073788470
75.010428 -409.740007551 -118.205395504 -11.759355399 0.050472015 -0.010182404 -0.995951837 -0.073680617
75.110573 -409.967847729 -118.169857759 -11.802485557 0.050477175 -0.010128843 -0.995949676 -0.073713665
75.210427 -410.182981723 -118.144858272 -11.798983216 0.050610203 -0.010065909 -0.995964245 -0.073433691
75.310498 -410.372766908 -118.113733052 -11.834917738 0.050485811 -0.009961914 -0.995962800 -0.073553001
75.424907 -410.585311716 -118.090072542 -11.836498980 0.050705262 -0.009577574 -0.995973818 -0.073303476
75.510574 -410.722120913 -118.066689632 -11.868813290 0.050743234 -0.009382675 -0.995973347 -0.073308810
75.610573 -410.894772007 -118.042146250 -11.861009899 0.050654234 -0.009316140 -0.996005449 -0.072941776
75.710526 -411.047927119 -118.023516906 -11.896267392 0.050028143 -0.009499596 -0.996045246 -0.072806671
75.810572 -411.196150866 -118.006963020 -11.886613315 0.049202492 -0.009621670 -0.996102916 -0.072563895
75.910472 -411.348211977 -117.981640122 -11.922047148 0.048622700 -0.009553088 -0.996157278 -0.072216684
76.010523 -411.506569814 -117.963985011 -11.912907891 0.048469349 -0.009473903 -0.996181476 -0.071996071
76.110526 -411.655156744 -117.943676781 -11.950704332 0.048510109 -0.009405818 -0.996198162 -0.071746229
76.210624 -411.815068671 -117.925794823 -11.940268726 0.048536259 -0.009594603 -0.996212124 -0.071509296
76.310649 -411.969821357 -117.892524185 -11.977985686 0.048507320 -0.009739503 -0.996229089 -0.071272599
76.410647 -412.130396342 -117.877487480 -11.967644927 0.048512390 -0.009919002 -0.996240679 -0.071082139
76.507698 -412.284954812 -117.857019337 -12.005354168 0.048388182 -0.009772609 -0.996257485 -0.070951413
76.607703 -412.443886992 -117.830163964 -11.995192340 0.048498742 -0.009645102 -0.996281036 -0.070561613
76.707803 -412.607647984 -117.812389620 -12.034584068 0.048582993 -0.009667247 -0.996287916 -0.070403309
76.807752 -412.764775095 -117.783125682 -12.025595937 0.048478270 -0.009725983 -0.996305114 -0.070223800
76.907802 -412.940157344 -117.769301181 -12.061389235 0.048373317 -0.009707612 -0.996328710 -0.069963469
77.007902 -413.118884791 -117.736983729 -12.057165327 0.048561291 -0.009350997 -0.996339479 -0.069728067
77.102992 -413.287060320 -117.721846186 -12.093563764 0.048510830 -0.009155106 -0.996360615 -0.069486746
77.202941 -413.477364838 -117.691736879 -12.089076971 0.048478505 -0.009357160 -0.996391158 -0.069043022
77.302942 -413.635297531 -117.672338841 -12.121466814 0.048674305 -0.009382986 -0.996392024 -0.068889085
77.402917 -413.819510748 -117.652675545 -12.117744294 0.048846292 -0.009527165 -0.996384357 -0.068858445
77.502991 -413.982399452 -117.627797049 -12.150054627 0.048858879 -0.009456417 -0.996407978 -0.068516626
77.603041 -414.163885699 -117.603512245 -12.149741353 0.048984828 -0.009374904 -0.996412895 -0.068366222
77.703091 -414.348368423 -117.575665761 -12.182025703 0.049078187 -0.009270739 -0.996439887 -0.067918600
77.803091 -414.528360941 -117.557166546 -12.182573952 0.049029797 -0.009310834 -0.996457382 -0.067691007
77.903091 -414.698912608 -117.530071321 -12.211689574 0.048911354 -0.009284033 -0.996479207 -0.067458694
78.003041 -414.870837247 -117.509289889 -12.214702676 0.049029096 -0.009232250 -0.996488018 -0.067249853
78.103142 -415.056358903 -117.487617833 -12.245193378 0.049298971 -0.009426273 -0.996477533 -0.067180972
78.203166 -415.214722518 -117.463115801 -12.246718813 0.049416794 -0.010065499 -0.996487280 -0.066856316
78.303290 -415.406376108 -117.446834063 -12.272319875 0.049521161 -0.010544242 -0.996479186 -0.066825936
78.403316 -415.557372789 -117.424035870 -12.274814238 0.049622724 -0.010273376 -0.996490122 -0.066629426
78.503465 -415.706676713 -117.410125367 -12.297760720 0.049666875 -0.009769122 -0.996503421 -0.066473288
78.700222 -415.994521574 -117.374596630 -12.324665479 0.050248129 -0.009722124 -0.996514394 -0.065876158
78.800345 -416.029551710 -117.365275442 -12.321493372 0.049700173 -0.009765213 -0.996534004 -0.065988729
78.844850 -416.095421342 -117.357220063 -12.333078563 0.049604348 -0.009817568 -0.996515535 -0.066331078
78.944804 -416.223460678 -117.341145213 -12.335953925 0.050262522 -0.009715778 -0.996511431 -0.065910922
79.011993 -416.299560765 -117.328097327 -12.354368369 0.050073126 -0.009529858 -0.996525785 -0.065865187
79.144849 -416.456277203 -117.310799608 -12.361232008 0.050255066 -0.009876716 -0.996534374 -0.065544797
79.246870 -416.533669128 -117.292210887 -12.374722699 0.050151546 -0.010058489 -0.996536013 -0.065571516
79.346748 -416.609299321 -117.290159996 -12.370266638 0.050124851 -0.010173335 -0.996532816 -0.065622784
79.411990 -416.647882807 -117.281392449 -12.385185074 0.049907735 -0.009840195 -0.996543982 -0.065669478
79.546846 -416.742927968 -117.272377720 -12.385602045 0.050319790 -0.009513023 -0.996547846 -0.065343797
79.646897 -416.779132881 -117.264184031 -12.396439271 0.050089683 -0.009557819 -0.996560025 -0.065328314
79.712113 -416.795225738 -117.265739171 -12.385948470 0.049739158 -0.009704911 -0.996561208 -0.065555999
79.812066 -416.844375831 -117.255427829 -12.403092978 0.049168179 -0.009588633 -0.996600169 -0.065411409
80.000297 -416.945717873 -117.243373076 -12.411358615 0.048568825 -0.009285805 -0.996660735 -0.064978628
80.003516 -416.918968191 -117.248618436 -12.409679460 0.047661597 -0.009181294 -0.996683771 -0.065311081
80.103466 -416.998604772 -117.239096511 -12.413895918 0.047821282 -0.009285622 -0.996690472 -0.065076912
