22.737175 0.774674 0.000182 0.008076 0.000614 -0.000015 0.002004 0.999998
22.837273 1.583907 0.011977 0.017592 0.000494 -0.000152 0.002910 0.999996
22.937370 2.065984 0.028676 0.011733 0.000319 -0.000153 0.004680 0.999989
23.037849 2.904911 0.025092 0.027858 0.001260 0.000187 0.005335 0.999985
23.137753 3.652797 0.058902 0.021720 0.001671 0.000541 0.006440 0.999978
23.202081 4.170706 0.050726 0.041926 0.002507 0.001309 0.006786 0.999973
23.301835 5.167033 0.082344 0.040900 0.003300 0.002775 0.008588 0.999954
23.440887 6.304497 0.105262 0.060402 0.003996 0.002287 0.010158 0.999938
23.540786 6.831985 0.124719 0.060366 0.004315 0.001532 0.010400 0.999935
23.640539 7.634504 0.126478 0.073493 0.005336 -0.000426 0.010746 0.999928
23.739343 8.354668 0.161717 0.075204 0.005374 -0.002314 0.011690 0.999915
23.839692 9.137156 0.176187 0.091338 0.004413 -0.003003 0.011701 0.999917
23.940292 9.914980 0.203180 0.092790 0.004093 -0.002157 0.011420 0.999924
24.012012 10.456112 0.220744 0.114757 0.004709 -0.001024 0.011010 0.999928
24.144852 11.657876 0.236850 0.125235 0.004355 0.001072 0.008964 0.999950
24.244630 12.192818 0.262002 0.141818 0.004426 0.001678 0.007578 0.999960
24.344828 12.957911 0.257981 0.134091 0.002080 0.002656 0.004955 0.999982
24.446824 13.713293 0.259783 0.141846 0.001576 0.004567 0.000926 0.999988
24.541214 14.407451 0.261755 0.143437 0.002585 0.006137 -0.003188 0.999973
24.644678 15.212286 0.243861 0.158234 0.003152 0.006033 -0.008440 0.999941
24.711993 15.695868 0.238191 0.130781 0.001858 0.004647 -0.011914 0.999917
24.812015 16.628656 0.204220 0.139700 0.002482 -0.000694 -0.016967 0.999853
24.912144 17.379992 0.175722 0.132671 0.003309 -0.003182 -0.021222 0.999764
25.012017 18.156188 0.147079 0.163084 0.004149 -0.003064 -0.025483 0.999662
25.111967 18.913391 0.092716 0.170075 0.004271 -0.002245 -0.029374 0.999557
25.212019 19.638124 0.059148 0.192093 0.004311 -0.001461 -0.032950 0.999447
25.312064 20.367862 0.009443 0.198814 0.003383 -0.001246 -0.036285 0.999335
25.412116 21.100339 -0.041380 0.210136 0.002453 -0.001542 -0.039157 0.999229
25.512065 21.813064 -0.100263 0.219498 0.002496 -0.001754 -0.041447 0.999136
25.611992 22.517093 -0.151260 0.233408 0.002382 -0.002256 -0.042646 0.999085
25.712065 23.239689 -0.210196 0.242409 0.001614 -0.002558 -0.043895 0.999032
25.812164 23.921896 -0.262925 0.253821 0.000772 -0.002146 -0.044669 0.998999
25.912015 24.611396 -0.329319 0.264348 -0.000221 -0.001797 -0.045148 0.998979
26.012118 25.292140 -0.386125 0.275278 -0.000700 -0.001119 -0.046023 0.998939
26.112015 25.978273 -0.441047 0.290918 -0.001557 -0.000572 -0.046801 0.998903
26.212018 26.636581 -0.499011 0.295975 -0.002308 -0.000438 -0.047314 0.998877
26.369037 27.692184 -0.605064 0.308232 -0.003053 -0.000084 -0.047953 0.998845
26.468961 28.041112 -0.637024 0.313329 -0.002858 -0.000054 -0.048498 0.998819
26.512042 28.422931 -0.663297 0.317608 -0.002759 -0.000034 -0.049273 0.998782
26.667339 29.613798 -0.769361 0.335615 -0.002679 -0.000821 -0.047536 0.998866
26.731020 29.732312 -0.793524 0.332350 -0.002760 -0.001472 -0.047784 0.998853
26.835506 30.577110 -0.846168 0.345234 -0.003627 -0.000975 -0.046666 0.998903
26.965171 31.399755 -0.915533 0.352741 -0.003989 -0.000371 -0.045024 0.998978
27.065225 31.886133 -0.950436 0.365344 -0.003920 -0.000096 -0.044400 0.999006
27.165171 32.516877 -1.011194 0.373646 -0.004804 0.000434 -0.043473 0.999043
27.265171 33.127945 -1.048121 0.383187 -0.005298 0.000912 -0.042050 0.999101
27.365174 33.722418 -1.095731 0.382176 -0.005684 0.001144 -0.040707 0.999154
27.500297 34.557541 -1.156340 0.395208 -0.006335 0.001202 -0.038538 0.999236
27.599948 34.990086 -1.195962 0.398043 -0.006760 0.001200 -0.037799 0.999262
27.699673 35.604188 -1.216393 0.404496 -0.007349 0.001817 -0.036821 0.999293
27.799424 36.173277 -1.261064 0.409719 -0.008328 0.001690 -0.034899 0.999355
27.900072 36.778438 -1.298976 0.412360 -0.008424 0.001793 -0.033686 0.999395
28.000171 37.350545 -1.324494 0.419628 -0.008202 0.001888 -0.032235 0.999445
28.100321 37.936789 -1.357952 0.423299 -0.008142 0.001484 -0.031101 0.999482
28.112167 37.997321 -1.357674 0.424341 -0.007970 0.001311 -0.031429 0.999473
28.212144 38.969494 -1.404409 0.430115 -0.008622 0.000328 -0.029925 0.999515
28.312091 39.540278 -1.440709 0.430761 -0.009086 -0.000667 -0.028528 0.999551
28.400673 39.521070 -1.441389 0.431314 -0.009095 -0.000616 -0.028557 0.999551
28.511967 40.811365 -1.496832 0.445955 -0.008382 -0.000854 -0.027237 0.999593
28.612115 41.324006 -1.522305 0.457683 -0.008022 -0.000921 -0.026562 0.999615
28.712043 41.907986 -1.555623 0.468023 -0.008259 -0.000663 -0.025963 0.999629
28.812015 42.447138 -1.572000 0.472962 -0.008365 -0.000294 -0.025396 0.999642
28.965168 43.302179 -1.599036 0.488791 -0.009189 -0.000092 -0.024087 0.999668
29.011994 43.349908 -1.604325 0.483511 -0.009312 -0.000709 -0.024365 0.999660
29.111993 44.073220 -1.614776 0.499909 -0.011082 -0.001136 -0.023850 0.999653
29.212017 44.578135 -1.646627 0.498295 -0.011710 -0.001221 -0.023449 0.999656
29.365100 45.367543 -1.668972 0.510609 -0.012189 -0.000271 -0.024132 0.999634
29.465197 45.647428 -1.675693 0.513011 -0.012515 -0.000097 -0.024647 0.999618
29.565148 46.096984 -1.672057 0.519824 -0.014045 0.000649 -0.026173 0.999559
29.665246 46.538764 -1.695139 0.519728 -0.015063 0.001573 -0.027818 0.999498
29.712045 46.747515 -1.695354 0.528074 -0.015317 0.002109 -0.028752 0.999467
29.865220 47.569076 -1.734640 0.536499 -0.015388 0.004412 -0.034019 0.999293
29.912118 47.580710 -1.731522 0.539636 -0.014868 0.004035 -0.033927 0.999306
30.012017 48.115795 -1.752822 0.540700 -0.015933 0.005105 -0.039749 0.999070
30.165074 48.720270 -1.791821 0.547778 -0.016892 0.005514 -0.045745 0.998795
30.212165 48.731419 -1.803342 0.547835 -0.017154 0.005470 -0.045968 0.998781
30.365121 49.240027 -1.861815 0.558325 -0.017285 0.005635 -0.055028 0.998319
30.465147 49.436928 -1.887325 0.565791 -0.017054 0.004840 -0.057661 0.998179
30.565199 49.698339 -1.933312 0.567348 -0.017358 0.003158 -0.063066 0.997853
30.665048 49.967732 -1.961224 0.566983 -0.017954 0.001750 -0.068322 0.997500
30.765249 50.209533 -1.994158 0.559723 -0.018235 0.001405 -0.074405 0.997060
30.812066 50.334080 -2.015797 0.567841 -0.018317 0.001317 -0.077295 0.996839
30.912014 50.687091 -2.079558 0.561088 -0.018374 0.001387 -0.087250 0.996016
31.012114 50.947757 -2.131354 0.578248 -0.017778 0.001015 -0.094848 0.995333
31.112018 51.199796 -2.183815 0.574984 -0.018078 0.000931 -0.102546 0.994564
31.212017 51.458345 -2.237220 0.590118 -0.018788 0.000417 -0.110970 0.993646
31.312142 51.695349 -2.303256 0.585262 -0.020236 -0.000313 -0.119770 0.992595
31.412070 51.942584 -2.363933 0.591203 -0.020971 -0.001261 -0.129065 0.991414
31.512115 52.191470 -2.429083 0.594233 -0.021304 -0.002063 -0.139641 0.989971
31.612093 52.444780 -2.510351 0.598424 -0.022143 -0.002633 -0.150448 0.988366
31.712070 52.729193 -2.599426 0.601358 -0.023177 -0.003211 -0.162905 0.986364
31.811968 53.008984 -2.697369 0.603985 -0.023843 -0.003059 -0.176136 0.984072
31.965265 53.482765 -2.885835 0.618821 -0.025218 -0.002137 -0.198229 0.979829
32.065299 53.659795 -3.013249 0.615751 -0.025946 -0.002014 -0.207143 0.977965
32.165216 53.944469 -3.176684 0.631275 -0.027024 -0.002603 -0.223737 0.974271
32.265318 54.247407 -3.358423 0.625905 -0.028256 -0.003453 -0.241243 0.970047
32.365244 54.558135 -3.555414 0.638825 -0.027824 -0.004280 -0.259269 0.965395
32.465293 54.885470 -3.762244 0.648226 -0.027992 -0.004660 -0.277559 0.960289
32.565268 55.208414 -3.993254 0.650790 -0.028154 -0.004573 -0.297150 0.954405
32.665265 55.535715 -4.262147 0.657961 -0.027831 -0.005145 -0.317044 0.947989
32.765391 55.859913 -4.551054 0.676200 -0.026668 -0.006148 -0.336734 0.941202
32.865391 56.174634 -4.842240 0.707902 -0.025622 -0.005913 -0.356559 0.933903
32.965241 56.503381 -5.176265 0.720789 -0.027083 -0.004500 -0.376868 0.925860
33.065265 56.834152 -5.536587 0.729572 -0.027934 -0.003508 -0.397780 0.917049
33.165414 57.137980 -5.885332 0.734580 -0.027221 -0.003429 -0.418118 0.907978
33.265319 57.431572 -6.279991 0.750497 -0.025609 -0.003985 -0.437734 0.898731
33.365241 57.717267 -6.704585 0.766862 -0.023093 -0.004835 -0.456664 0.889326
33.411992 57.874315 -6.895813 0.793739 -0.020554 -0.005308 -0.465816 0.884627
33.512044 58.241678 -7.388246 0.806984 -0.020195 -0.004254 -0.487151 0.873074
33.612094 58.532364 -7.938589 0.841670 -0.020901 -0.004174 -0.502993 0.864028
33.769015 58.970558 -8.793951 0.869551 -0.022107 -0.003656 -0.526583 0.849828
33.900272 59.184148 -9.319016 0.889142 -0.022309 -0.003789 -0.542002 0.840073
33.965141 59.261822 -9.556338 0.891087 -0.022647 -0.004213 -0.547678 0.836372
34.002283 59.360225 -9.716431 0.903302 -0.023241 -0.005239 -0.555037 0.831485
34.200372 59.746610 -10.667589 0.940491 -0.022948 -0.004945 -0.591569 0.805913
34.202481 59.715648 -10.709396 0.942689 -0.022252 -0.005768 -0.586518 0.809610
34.365292 60.018386 -11.588811 0.970729 -0.023460 -0.004572 -0.615219 0.787994
34.465143 60.122906 -12.205817 0.995989 -0.023532 -0.004770 -0.629663 0.776498
34.565191 60.203877 -12.781117 1.019983 -0.022371 -0.004353 -0.643475 0.765128
34.665141 60.267731 -13.359953 1.042230 -0.020581 -0.003767 -0.656513 0.754024
34.765192 60.338234 -13.958052 1.060705 -0.019787 -0.003441 -0.668207 0.743704
34.812097 60.374227 -14.237780 1.068456 -0.018736 -0.003628 -0.674329 0.738185
34.912044 60.440203 -14.934586 1.090066 -0.016244 -0.006619 -0.685462 0.727897
35.099326 60.509408 -16.251489 1.135281 -0.015785 -0.011033 -0.696892 0.716918
35.199475 60.510006 -16.760909 1.156756 -0.016165 -0.011706 -0.701493 0.712397
35.215031 60.514575 -16.844074 1.156255 -0.017110 -0.012549 -0.702776 0.711094
35.326351 60.503954 -17.731421 1.205316 -0.016963 -0.014884 -0.705648 0.708203
35.415032 60.500501 -18.399600 1.232817 -0.016650 -0.015238 -0.708161 0.705690
35.517302 60.493266 -19.238506 1.282975 -0.015475 -0.014918 -0.709726 0.704150
35.611993 60.493061 -19.996591 1.308656 -0.015286 -0.015034 -0.710706 0.703162
35.712144 60.494278 -20.818687 1.354119 -0.014894 -0.015482 -0.710964 0.702900
35.812092 60.486202 -21.639986 1.383315 -0.014646 -0.015487 -0.711056 0.702812
35.912018 60.474856 -22.462103 1.427806 -0.013445 -0.015219 -0.711099 0.702798
36.012467 60.463326 -23.278098 1.458905 -0.012471 -0.014225 -0.710559 0.703383
36.113364 60.459808 -24.127306 1.496557 -0.011836 -0.013045 -0.710338 0.703640
36.212067 60.460386 -24.983972 1.521988 -0.011025 -0.012246 -0.710148 0.703859
36.312067 60.454597 -25.839793 1.547210 -0.011289 -0.012321 -0.709919 0.704085
36.412117 60.445970 -26.705915 1.580819 -0.009856 -0.014466 -0.709958 0.704027
36.512043 60.446551 -27.615771 1.604711 -0.009156 -0.015463 -0.709808 0.704166
36.601323 60.443603 -28.440659 1.649284 -0.010153 -0.016078 -0.709877 0.704069
36.712088 60.435199 -29.525689 1.678118 -0.011169 -0.017886 -0.709384 0.704507
36.812166 60.427680 -30.439554 1.728264 -0.012407 -0.018979 -0.709387 0.704455
36.912116 60.416582 -31.386910 1.773522 -0.013447 -0.017594 -0.709951 0.703903
37.034179 60.436147 -32.553490 1.835953 -0.013584 -0.014115 -0.710289 0.703637
37.134678 60.427164 -33.446110 1.864359 -0.013602 -0.012024 -0.710990 0.702968
37.212167 60.423278 -34.139062 1.891057 -0.013172 -0.010852 -0.711883 0.702091
37.311994 60.396779 -35.158355 1.927808 -0.012305 -0.010014 -0.712274 0.701722
37.412139 60.390642 -36.157901 1.966931 -0.011749 -0.010780 -0.712721 0.701266
37.512089 60.383111 -37.164086 2.000460 -0.011723 -0.011348 -0.713058 0.700916
37.612040 60.367566 -38.169359 2.043163 -0.011575 -0.011806 -0.713354 0.700609
37.712033 60.353507 -39.170091 2.073321 -0.011988 -0.011956 -0.713474 0.700477
37.811965 60.342373 -40.162933 2.112092 -0.010871 -0.012899 -0.713575 0.700376
37.912136 60.323531 -41.174726 2.154127 -0.009203 -0.012775 -0.713079 0.700907
38.012034 60.310197 -42.174649 2.200343 -0.007466 -0.012453 -0.712851 0.701166
38.112036 60.287760 -43.192674 2.246628 -0.007596 -0.013539 -0.712257 0.701747
38.212008 60.271158 -44.202620 2.279038 -0.008720 -0.015474 -0.711855 0.702101
38.312009 60.271548 -45.197875 2.315646 -0.009287 -0.016204 -0.711535 0.702403
38.411982 60.256730 -46.213682 2.363402 -0.008413 -0.016014 -0.710946 0.703014
38.511984 60.255604 -47.221800 2.406636 -0.008772 -0.014670 -0.710490 0.703500
38.612109 60.260189 -48.266128 2.459380 -0.009256 -0.014773 -0.709627 0.704362
38.712032 60.262307 -49.276530 2.486209 -0.010067 -0.015225 -0.709110 0.704862
38.812061 60.262060 -50.317953 2.534652 -0.010112 -0.016091 -0.708462 0.705494
38.912089 60.262279 -51.369537 2.565759 -0.009950 -0.015732 -0.707849 0.706118
39.012038 60.267957 -52.418049 2.613810 -0.009326 -0.014967 -0.707260 0.706734
39.112111 60.272568 -53.485345 2.649737 -0.008142 -0.014323 -0.706687 0.707335
39.246917 60.282612 -54.908092 2.713042 -0.006836 -0.013426 -0.705452 0.708597
39.312162 60.293088 -55.394852 2.723986 -0.006748 -0.013295 -0.706023 0.708032
39.411967 60.288918 -56.506674 2.776488 -0.006425 -0.014035 -0.704342 0.709693
39.511968 60.300225 -57.639307 2.805570 -0.006135 -0.014446 -0.704149 0.709879
39.611993 60.304051 -58.751862 2.855023 -0.005726 -0.014877 -0.703888 0.710132
39.712066 60.323534 -59.845592 2.888297 -0.005903 -0.015651 -0.703683 0.710318
39.811996 60.341580 -60.929360 2.940733 -0.006828 -0.017270 -0.703250 0.710700
39.912092 60.364479 -62.032327 2.966491 -0.007867 -0.018537 -0.703174 0.710733
40.012015 60.383856 -63.132974 3.025371 -0.008190 -0.018088 -0.703210 0.710705
40.120043 60.403027 -64.343219 3.058704 -0.007737 -0.016224 -0.703331 0.710635
40.219872 60.414659 -65.381475 3.113464 -0.006767 -0.015471 -0.703933 0.710065
40.320395 60.428378 -66.483623 3.140010 -0.006153 -0.015417 -0.704261 0.709747
40.412118 60.436121 -67.483675 3.195361 -0.005514 -0.015441 -0.704755 0.709261
40.512014 60.444613 -68.665130 3.216103 -0.005184 -0.016817 -0.704766 0.709221
40.612094 60.447382 -69.810107 3.289088 -0.006198 -0.017841 -0.705248 0.708709
40.713285 60.462055 -70.987427 3.293445 -0.006605 -0.018443 -0.705692 0.708248
40.817451 60.474542 -72.185999 3.382090 -0.006200 -0.017208 -0.706155 0.707821
40.920465 60.477990 -73.370208 3.372630 -0.004765 -0.015792 -0.706596 0.707425
41.037223 60.476852 -74.683092 3.462116 -0.001673 -0.014765 -0.706535 0.707522
41.137374 60.482885 -75.710758 3.468300 -0.001274 -0.014419 -0.706799 0.707267
41.214958 60.475699 -76.570268 3.521210 -0.002138 -0.017305 -0.706983 0.707016
41.312067 60.478258 -77.819706 3.560573 -0.005052 -0.019469 -0.707003 0.706924
41.412068 60.503322 -79.052903 3.615851 -0.006596 -0.017465 -0.707463 0.706504
41.512014 60.504644 -80.261091 3.662664 -0.005765 -0.014104 -0.707832 0.706217
41.611997 60.525306 -81.469131 3.694454 -0.004840 -0.010528 -0.707990 0.706127
41.712016 60.517317 -82.665068 3.731165 -0.004724 -0.009116 -0.708355 0.705782
41.812114 60.521635 -83.855577 3.746864 -0.005678 -0.010391 -0.708313 0.705799
41.925860 60.516474 -85.206123 3.790783 -0.006887 -0.012771 -0.707838 0.706226
42.012071 60.517959 -86.146189 3.808623 -0.006623 -0.014644 -0.707831 0.706199
42.112039 60.505871 -87.412898 3.890937 -0.006216 -0.016368 -0.706967 0.707029
42.213136 60.518581 -88.654270 3.912501 -0.006553 -0.015924 -0.706425 0.707579
42.312091 60.516864 -89.859585 3.996457 -0.005653 -0.015058 -0.705986 0.708044
42.412020 60.532485 -91.056174 4.009688 -0.006309 -0.013035 -0.705533 0.708530
42.512093 60.548050 -92.282177 4.071737 -0.007931 -0.011878 -0.705330 0.708735
42.628819 60.576462 -93.703221 4.099185 -0.009089 -0.011156 -0.705047 0.709015
42.712120 60.581466 -94.585930 4.141246 -0.009276 -0.010932 -0.705305 0.708759
42.820894 60.594165 -95.960282 4.174884 -0.008000 -0.010678 -0.704753 0.709328
42.912044 60.596862 -97.055958 4.226537 -0.007111 -0.011025 -0.704894 0.709191
43.012091 60.615052 -98.330621 4.258060 -0.006740 -0.011472 -0.704524 0.709555
43.112066 60.635117 -99.575306 4.306959 -0.006922 -0.011307 -0.704451 0.709629
43.212119 60.645201 -100.823019 4.342172 -0.006837 -0.010930 -0.704442 0.709645
43.321016 60.672603 -102.180132 4.391475 -0.007093 -0.010711 -0.704321 0.709766
43.412068 60.683395 -103.234333 4.419362 -0.007558 -0.011513 -0.704381 0.709688
43.519324 60.691432 -104.614455 4.470620 -0.008386 -0.012514 -0.704244 0.709798
43.612068 60.710982 -105.716352 4.505955 -0.008221 -0.012611 -0.704501 0.709544
43.725034 60.725791 -107.156424 4.561710 -0.007430 -0.011290 -0.704627 0.709449
43.820195 60.744484 -108.250911 4.590769 -0.007149 -0.010401 -0.705195 0.708901
43.920146 60.762386 -109.512399 4.635754 -0.006620 -0.009990 -0.705492 0.708617
44.012045 60.761268 -110.676806 4.669002 -0.006464 -0.009861 -0.705849 0.708264
44.112119 60.779076 -112.009554 4.707129 -0.006273 -0.010420 -0.705905 0.708202
44.219728 60.785287 -113.398340 4.754312 -0.006625 -0.010917 -0.706494 0.707604
44.319671 60.782509 -114.635787 4.780849 -0.006746 -0.011765 -0.707111 0.706972
44.417952 60.798377 -115.869534 4.825522 -0.006290 -0.012298 -0.707528 0.706550
44.512044 60.794200 -117.085759 4.857995 -0.004375 -0.012378 -0.707891 0.706199
44.611996 60.789929 -118.426728 4.905231 -0.001934 -0.011681 -0.708078 0.706034
44.712093 60.779435 -119.725223 4.946895 -0.001501 -0.012852 -0.708376 0.705717
44.812040 60.782032 -121.019120 4.968227 -0.003264 -0.015065 -0.708731 0.705311
44.916904 60.775677 -122.380288 5.032616 -0.004963 -0.015518 -0.708872 0.705149
45.013413 60.791046 -123.603232 5.046107 -0.005200 -0.014366 -0.709128 0.704915
45.112018 60.789850 -124.904332 5.114794 -0.004577 -0.014049 -0.708965 0.705088
45.212039 60.769722 -126.247596 5.135132 -0.003671 -0.013872 -0.708916 0.705147
45.341488 60.760669 -127.978435 5.205684 -0.002033 -0.013959 -0.708325 0.705745
45.441165 60.759823 -129.062119 5.227247 -0.001523 -0.014110 -0.708008 0.706062
45.541442 60.770363 -130.287588 5.278289 -0.001671 -0.014492 -0.707725 0.706338
45.637747 60.776694 -131.507266 5.304545 -0.001438 -0.014240 -0.707206 0.706862
45.713286 60.781397 -132.506154 5.346136 -0.001243 -0.013934 -0.707041 0.707034
45.813296 60.791778 -134.015362 5.372737 -0.002426 -0.014180 -0.706035 0.708031
45.911992 60.789826 -135.428853 5.431420 -0.002089 -0.014303 -0.705677 0.708387
46.011995 60.815065 -136.818643 5.463020 -0.001642 -0.013170 -0.705179 0.708905
46.112019 60.814905 -138.187423 5.508854 -0.002391 -0.013301 -0.704810 0.709267
46.212018 60.840855 -139.547403 5.528424 -0.003519 -0.013074 -0.704782 0.709294
46.312065 60.849145 -140.905214 5.584355 -0.004233 -0.012137 -0.704805 0.709285
46.412013 60.863310 -142.260725 5.604520 -0.004109 -0.011301 -0.704662 0.709442
46.512069 60.879545 -143.623232 5.658121 -0.003539 -0.011594 -0.704491 0.709610
46.612065 60.901813 -144.990829 5.684556 -0.003700 -0.011749 -0.704488 0.709609
46.717130 60.918557 -146.427726 5.735577 -0.003866 -0.012442 -0.704461 0.709623
46.812119 60.925530 -147.694269 5.762178 -0.003710 -0.012658 -0.704322 0.709758
46.911969 60.932395 -149.099038 5.810670 -0.001962 -0.012263 -0.704821 0.709277
47.011993 60.954592 -150.493681 5.850078 -0.000975 -0.011466 -0.704969 0.709145
47.112142 60.955005 -151.885837 5.885199 -0.001199 -0.012313 -0.705388 0.708714
47.212067 60.970685 -153.274658 5.919380 -0.002433 -0.013000 -0.705780 0.708308
47.312042 60.985715 -154.668530 5.957449 -0.002676 -0.012438 -0.706370 0.707729
47.412038 60.999781 -156.062148 5.992111 -0.002154 -0.011464 -0.706628 0.707489
47.512066 61.005424 -157.462089 6.038140 -0.001634 -0.010913 -0.707007 0.707121
47.612091 61.008636 -158.860687 6.066425 -0.001247 -0.010278 -0.707418 0.706719
47.712119 61.014508 -160.254483 6.110766 -0.000949 -0.010034 -0.707657 0.706484
47.812069 61.014918 -161.671356 6.138171 -0.000915 -0.009849 -0.708184 0.705958
47.912041 61.023440 -163.050026 6.175929 -0.001301 -0.009546 -0.708544 0.705601
48.012041 61.020514 -164.448277 6.207171 -0.001398 -0.009615 -0.708933 0.705209
48.112142 61.030539 -165.834223 6.241498 -0.002010 -0.008912 -0.709312 0.704835
48.219324 61.015818 -167.333072 6.274866 -0.001748 -0.009131 -0.709377 0.704768
48.312142 61.021179 -168.578404 6.290051 -0.001162 -0.008689 -0.709595 0.704555
48.437772 61.003665 -170.360730 6.342853 0.002560 -0.010063 -0.708934 0.705198
48.537899 60.996034 -171.570392 6.376560 0.004632 -0.010225 -0.708625 0.705496
48.637649 60.984925 -172.865117 6.408270 0.004685 -0.011965 -0.708129 0.705966
48.737950 60.999017 -174.200362 6.431141 0.002438 -0.013230 -0.707921 0.706164
48.812144 61.004555 -175.204964 6.442481 0.000291 -0.012945 -0.708251 0.705842
48.937276 61.011566 -177.104319 6.490559 0.001782 -0.010742 -0.707774 0.706355
49.037798 61.001117 -178.444568 6.517416 0.001977 -0.010955 -0.707504 0.706622
49.137475 60.995941 -179.775220 6.548907 0.003139 -0.014218 -0.707309 0.706754
49.237224 61.004158 -181.122180 6.583856 0.003156 -0.014356 -0.706968 0.707092
49.337222 61.012261 -182.507618 6.620660 0.003824 -0.013848 -0.706887 0.707181
49.412114 61.015539 -183.530597 6.638745 0.002142 -0.012303 -0.706830 0.707273
49.511967 61.030392 -185.071196 6.677873 0.000624 -0.009517 -0.706501 0.707648
49.601279 61.043860 -186.384092 6.698832 -0.000073 -0.007907 -0.706374 0.707794
49.720023 61.057528 -188.219775 6.732017 -0.000555 -0.007158 -0.705588 0.708586
49.819772 61.066947 -189.551258 6.755255 -0.000420 -0.006783 -0.705518 0.708660
49.920518 61.080126 -190.924690 6.777675 0.000844 -0.006480 -0.705221 0.708957
50.020591 61.092261 -192.292153 6.805784 0.001630 -0.006623 -0.704656 0.709516
50.112070 61.106888 -193.565595 6.823722 0.002023 -0.007159 -0.704304 0.709860
50.219622 61.124688 -195.123766 6.848359 0.002296 -0.006946 -0.703833 0.710328
50.319920 61.140725 -196.501448 6.869137 0.002462 -0.006536 -0.703831 0.710333
50.412118 61.164472 -197.784539 6.889394 0.002165 -0.006367 -0.703874 0.710293
50.512092 61.184550 -199.275987 6.898073 0.002177 -0.005994 -0.703746 0.710424
50.612043 61.207939 -200.700710 6.932544 0.002743 -0.006283 -0.703988 0.710179
50.712045 61.232320 -202.131212 6.942555 0.001726 -0.005808 -0.703965 0.710209
50.817277 61.241660 -203.635064 6.966216 0.001325 -0.006128 -0.704195 0.709979
50.912012 61.270125 -204.922598 6.984401 0.001151 -0.004925 -0.704481 0.709705
51.019524 61.277253 -206.487111 7.006454 0.001568 -0.004031 -0.704627 0.709565
51.111966 61.307994 -207.740183 7.020405 0.001889 -0.003639 -0.705149 0.709048
51.211995 61.319395 -209.198946 7.032622 0.002032 -0.003076 -0.705555 0.708645
51.312070 61.326615 -210.665049 7.046015 0.002017 -0.002978 -0.705865 0.708337
51.420696 61.337570 -212.226506 7.053800 0.002870 -0.002845 -0.706099 0.708101
51.537751 61.353815 -213.825500 7.063247 0.005455 -0.003577 -0.706196 0.707986
51.637950 61.351226 -215.103831 7.075407 0.008096 -0.004595 -0.706112 0.708039
51.737597 61.348399 -216.451448 7.085816 0.010813 -0.005756 -0.705653 0.708452
51.824685 61.348543 -217.660840 7.094637 0.012029 -0.006177 -0.705122 0.708957
51.937649 61.369369 -219.318785 7.106852 0.011513 -0.005203 -0.704510 0.709581
52.038295 61.386975 -220.667539 7.097089 0.010941 -0.003810 -0.704653 0.709457
52.138344 61.421654 -222.048178 7.115566 0.010863 -0.001868 -0.704569 0.709549
52.212094 61.423115 -223.074377 7.103691 0.009800 -0.001844 -0.704780 0.709355
52.312017 61.457459 -224.663379 7.108261 0.006091 -0.003290 -0.704740 0.709432
52.412015 61.469443 -226.143562 7.112459 0.004895 -0.002706 -0.705216 0.708970
52.512114 61.495307 -227.602040 7.118342 0.005160 0.000758 -0.705458 0.708733
52.611995 61.505455 -229.030254 7.122292 0.005331 0.001708 -0.705822 0.708367
52.712067 61.523205 -230.431265 7.109189 0.004694 0.001721 -0.706276 0.707919
52.811944 61.530888 -231.826772 7.115700 0.003137 0.001851 -0.706575 0.707629
52.912118 61.543832 -233.243850 7.105869 0.001066 0.001163 -0.706897 0.707315
53.012041 61.550951 -234.652535 7.123012 0.000007 0.000647 -0.707218 0.706995
53.112043 61.562155 -236.070207 7.121333 0.001218 0.001656 -0.707154 0.707057
53.212139 61.569635 -237.464235 7.141264 0.003129 0.001631 -0.707090 0.707115
53.311995 61.577850 -238.890106 7.135941 0.003634 0.001676 -0.706733 0.707469
53.446945 61.596490 -240.812046 7.136813 0.003807 0.004157 -0.706538 0.707652
53.512096 61.593237 -241.466340 7.140699 0.005706 0.005986 -0.706956 0.707209
53.611943 61.599917 -242.959506 7.134977 0.003150 0.003380 -0.706299 0.707898
53.712139 61.599344 -244.436546 7.116751 -0.000765 -0.001616 -0.706419 0.707792
53.812116 61.616074 -245.910301 7.155248 -0.001846 -0.002351 -0.706054 0.708152
53.912115 61.631334 -247.353622 7.153479 -0.000303 0.000141 -0.706033 0.708179
54.011943 61.658934 -248.788866 7.181734 0.001498 0.003570 -0.706293 0.707910
54.112117 61.664641 -250.196742 7.161326 0.002589 0.005924 -0.706549 0.707635
54.211990 61.674349 -251.591129 7.172378 0.001635 0.007308 -0.706410 0.707763
54.311992 61.682211 -253.014121 7.145082 0.000902 0.007500 -0.706514 0.707658
54.412045 61.694716 -254.463123 7.169600 0.001232 0.008084 -0.706762 0.707404
54.512120 61.706346 -255.870828 7.126567 0.003015 0.008516 -0.706653 0.707502
54.611994 61.701457 -257.302425 7.150277 0.004862 0.008382 -0.706657 0.707490
54.712114 61.709545 -258.699486 7.106778 0.005319 0.008148 -0.706452 0.707695
54.812070 61.720339 -260.126783 7.115388 0.005420 0.007195 -0.706536 0.707620
54.911991 61.728918 -261.562684 7.076600 0.005742 0.008521 -0.706666 0.707473
55.012142 61.734901 -262.990362 7.078740 0.007463 0.009403 -0.706877 0.707235
55.111992 61.747067 -264.424377 7.045800 0.009381 0.010023 -0.706402 0.707678
55.212043 61.749273 -265.838854 7.032723 0.010389 0.009998 -0.706182 0.707883
55.312094 61.770747 -267.258416 6.994433 0.009754 0.009382 -0.706017 0.708066
55.412119 61.771475 -268.693980 6.980453 0.010566 0.010371 -0.705754 0.708302
55.511994 61.777869 -270.102717 6.931172 0.013500 0.010522 -0.705504 0.708499
55.639719 61.783059 -271.892338 6.895946 0.013317 0.006762 -0.705129 0.708922
55.711961 61.786310 -272.713837 6.875474 0.012089 0.004293 -0.704961 0.709130
55.813239 61.798466 -274.194703 6.868080 0.013923 0.003515 -0.704683 0.709377
55.937500 61.809764 -276.011778 6.836795 0.016327 0.004409 -0.704431 0.709571
56.024686 61.832733 -277.137297 6.818676 0.018204 0.004801 -0.704179 0.709772
56.138022 61.837595 -278.746643 6.783679 0.019133 0.006107 -0.704248 0.709670
56.238122 61.858193 -280.117448 6.745379 0.019308 0.006231 -0.704201 0.709711
56.337773 61.878524 -281.491159 6.716452 0.018132 0.005202 -0.704117 0.709833
56.438246 61.897116 -282.894546 6.678507 0.017461 0.005431 -0.704520 0.709449
56.538171 61.916368 -284.321596 6.649954 0.017461 0.006886 -0.704530 0.709426
56.638499 61.948574 -285.756168 6.604528 0.016981 0.008133 -0.704640 0.709315
56.738497 61.953730 -287.188644 6.566284 0.016512 0.008244 -0.704985 0.708982
56.838345 61.960978 -288.627418 6.525199 0.016508 0.007525 -0.705221 0.708755
56.938721 61.968356 -290.091580 6.492358 0.016344 0.005034 -0.705249 0.708753
57.038772 61.984750 -291.533189 6.461131 0.015252 0.000856 -0.705258 0.708787
57.123288 61.985901 -292.763130 6.448781 0.013698 -0.001287 -0.705382 0.708694
57.212139 62.002983 -294.174402 6.436273 0.013727 -0.000121 -0.705747 0.708331
57.338625 62.026864 -296.206413 6.405664 0.015665 0.006733 -0.705752 0.708254
57.438823 62.043367 -297.547659 6.369155 0.016559 0.010161 -0.705959 0.707987
57.539095 62.066008 -298.938239 6.322833 0.015824 0.010915 -0.706525 0.707427
57.620270 62.070302 -300.099114 6.275753 0.014309 0.010481 -0.706695 0.707296
57.712092 62.079557 -301.564650 6.234404 0.014764 0.009239 -0.706782 0.707217
57.839046 62.078463 -303.602893 6.179626 0.016839 0.008265 -0.706954 0.707011
57.938971 62.060900 -304.990016 6.146211 0.017937 0.007297 -0.707003 0.706945
58.038871 62.069651 -306.407343 6.105741 0.019084 0.006109 -0.707193 0.706736
58.138720 62.078030 -307.844159 6.071856 0.020357 0.006304 -0.707506 0.706386
58.238744 62.078016 -309.333256 6.022098 0.021508 0.007492 -0.708025 0.705820
58.338549 62.085658 -310.837522 5.982911 0.021061 0.007930 -0.708227 0.705626
58.438795 62.081250 -312.368555 5.927525 0.018637 0.008751 -0.708550 0.705360
58.516733 62.083126 -313.540322 5.895835 0.017574 0.008769 -0.709079 0.704855
58.611992 62.084579 -315.141447 5.840631 0.017494 0.010228 -0.709699 0.704213
58.738325 62.087165 -317.214959 5.781766 0.018600 0.011196 -0.710176 0.703689
58.838373 62.065327 -318.634007 5.734820 0.018771 0.011907 -0.710427 0.703419
58.938448 62.068935 -320.077219 5.689035 0.019880 0.012631 -0.711173 0.702622
59.037975 62.054777 -321.556108 5.629477 0.020186 0.013350 -0.711969 0.701794
59.138225 62.045549 -323.073311 5.583243 0.020005 0.013257 -0.712434 0.701329
59.237752 62.033523 -324.577412 5.517160 0.019322 0.013068 -0.712836 0.700943
59.337526 62.005869 -326.109142 5.479589 0.020891 0.013135 -0.713398 0.700324
59.437149 61.973505 -327.645265 5.404746 0.020886 0.014452 -0.713316 0.700382
59.537575 61.961984 -329.206222 5.354585 0.021292 0.014479 -0.713829 0.699846
59.637795 61.939833 -330.727414 5.286680 0.021581 0.015886 -0.714339 0.699287
59.737099 61.924653 -332.227034 5.233708 0.020845 0.016586 -0.714563 0.699063
59.836551 61.893259 -333.726650 5.164193 0.018997 0.015446 -0.714950 0.698747
59.936400 61.851530 -335.259892 5.114288 0.017287 0.014095 -0.715416 0.698342
60.036775 61.830472 -336.803914 5.056470 0.017866 0.014352 -0.715499 0.698238
60.136375 61.801572 -338.338165 5.005642 0.018984 0.015372 -0.715479 0.698207
60.236301 61.772619 -339.855477 4.946398 0.019739 0.015654 -0.715330 0.698333
60.336401 61.739209 -341.393890 4.888732 0.020640 0.016801 -0.715253 0.698358
60.436225 61.710698 -342.891196 4.829085 0.021416 0.017403 -0.715315 0.698258
60.535953 61.686243 -344.401547 4.765802 0.021270 0.017393 -0.715266 0.698312
60.635902 61.652991 -345.904636 4.699108 0.021663 0.018139 -0.715318 0.698227
60.746676 61.612476 -347.583580 4.625141 0.021711 0.019293 -0.715339 0.698174
60.825055 61.590265 -348.673980 4.577952 0.020989 0.019720 -0.715835 0.697675
60.911996 61.560941 -350.115335 4.497033 0.020413 0.020423 -0.716290 0.697205
61.046873 61.518652 -352.353828 4.398817 0.021747 0.022005 -0.716752 0.696642
61.146775 61.489174 -353.696092 4.328999 0.022568 0.022640 -0.717201 0.696132
61.244726 61.447263 -355.043732 4.270164 0.024234 0.022377 -0.717710 0.695561
61.341436 61.393757 -356.446636 4.186272 0.024818 0.021461 -0.718346 0.694912
61.436554 61.356702 -357.861994 4.118040 0.024689 0.020209 -0.718800 0.694484
61.511995 61.319651 -358.993030 4.055674 0.023885 0.019364 -0.719558 0.693751
61.612090 61.274161 -360.674188 3.973956 0.024164 0.019523 -0.720264 0.693004
61.712142 61.207429 -362.272856 3.894679 0.024077 0.019605 -0.720813 0.692434
61.812094 61.144900 -363.832183 3.824841 0.024360 0.018574 -0.721357 0.691885
61.937250 61.071944 -365.707061 3.736524 0.025356 0.018400 -0.721826 0.691365
62.036649 61.012149 -366.982464 3.682962 0.025941 0.018589 -0.722180 0.690969
62.137200 60.968601 -368.307453 3.615032 0.026134 0.019001 -0.722787 0.690315
62.236550 60.922562 -369.638149 3.553595 0.026365 0.020110 -0.723362 0.689673
62.336451 60.858987 -371.017637 3.476528 0.027118 0.020658 -0.723739 0.689231
62.437473 60.792369 -372.416303 3.416439 0.028131 0.019691 -0.724075 0.688866
62.541239 60.736959 -373.835472 3.336241 0.027218 0.018842 -0.724222 0.688771
62.636826 60.663278 -375.128601 3.275286 0.026337 0.016406 -0.724374 0.688708
62.711994 60.628365 -376.166669 3.225845 0.025565 0.016467 -0.724717 0.688375
62.811994 60.562257 -377.694182 3.144948 0.024528 0.018201 -0.725253 0.687804
62.912093 60.484091 -379.178342 3.082147 0.024732 0.019710 -0.725209 0.687802
63.012143 60.422849 -380.590393 2.996446 0.025310 0.021126 -0.725321 0.687621
63.146772 60.322228 -382.474163 2.901510 0.026307 0.021131 -0.725568 0.687322
63.211991 60.267940 -383.212246 2.860499 0.026722 0.021181 -0.725534 0.687341
63.312069 60.243680 -384.557290 2.793780 0.026411 0.021522 -0.726062 0.686785
63.412093 60.153046 -385.938161 2.709057 0.025001 0.021216 -0.726284 0.686612
63.511993 60.086968 -387.312097 2.639836 0.024080 0.021661 -0.726734 0.686155
63.612067 60.024312 -388.682026 2.571802 0.023983 0.023032 -0.727120 0.685704
63.712093 59.936537 -390.016631 2.495014 0.023811 0.022965 -0.727572 0.685233
63.812165 59.859711 -391.340141 2.426696 0.023922 0.022421 -0.728217 0.684561
63.904221 59.793444 -392.532653 2.366696 0.024498 0.022852 -0.728752 0.683958
64.004220 59.720754 -393.857642 2.302352 0.024996 0.022776 -0.729076 0.683597
64.104172 59.634947 -395.164474 2.230284 0.025035 0.023148 -0.730006 0.682589
64.204171 59.562869 -396.417273 2.170972 0.025437 0.023882 -0.731091 0.681388
64.304172 59.485262 -397.660188 2.105298 0.024770 0.024385 -0.731948 0.680473
64.404220 59.395510 -398.891520 2.036690 0.023613 0.024281 -0.733342 0.679016
64.504123 59.306796 -400.123074 1.973573 0.022314 0.023726 -0.734769 0.677535
64.612115 59.211535 -401.447510 1.896367 0.021128 0.023119 -0.736195 0.676044
64.704224 59.128059 -402.535406 1.849057 0.020833 0.022633 -0.737313 0.674850
64.900271 58.901776 -404.950458 1.724413 0.022539 0.023929 -0.740070 0.671726
65.000197 58.795995 -405.954468 1.668376 0.022326 0.024111 -0.740348 0.671420
65.004222 58.800688 -405.969650 1.674304 0.023038 0.024833 -0.740443 0.671265
65.104397 58.681676 -407.171069 1.595343 0.024552 0.024573 -0.743397 0.667948
65.204373 58.527993 -408.412053 1.532215 0.025304 0.023655 -0.745551 0.665548
65.304397 58.398134 -409.700947 1.459556 0.025552 0.022551 -0.747770 0.663082
65.404347 58.243105 -410.974678 1.380349 0.025536 0.021401 -0.749624 0.661025
65.504442 58.099573 -412.205600 1.327555 0.026594 0.021461 -0.751323 0.659049
65.644826 57.854813 -413.936494 1.222979 0.026723 0.021990 -0.753959 0.656010
65.712040 57.774800 -414.689186 1.185981 0.026050 0.021581 -0.754606 0.655306
65.812066 57.606851 -415.852575 1.116547 0.023921 0.021366 -0.757339 0.652233
65.912066 57.435657 -417.046179 1.050289 0.022994 0.021867 -0.759697 0.649502
66.030913 57.206860 -418.466695 0.973040 0.024314 0.023105 -0.762596 0.646004
66.146900 56.987671 -419.796646 0.892768 0.025818 0.023760 -0.765280 0.642741
66.244701 56.808196 -420.852871 0.839081 0.026378 0.023067 -0.767749 0.639792
66.346747 56.581765 -421.994746 0.768134 0.027007 0.022700 -0.771103 0.635732
66.412089 56.433570 -422.736855 0.738993 0.027910 0.021507 -0.773251 0.633120
66.511996 56.192449 -423.953999 0.646674 0.023698 0.022274 -0.777653 0.627851
66.612091 55.929017 -425.175318 0.597964 0.020925 0.021630 -0.781240 0.623505
66.712018 55.653456 -426.404218 0.524889 0.019414 0.023486 -0.784578 0.619281
66.812067 55.362404 -427.609243 0.470532 0.019709 0.024216 -0.787605 0.615389
66.912142 55.067032 -428.792852 0.401718 0.019795 0.023890 -0.789871 0.612487
67.012017 54.764671 -429.946779 0.347190 0.020361 0.022357 -0.791538 0.610372
67.111968 54.473964 -431.086970 0.293272 0.021527 0.021374 -0.792067 0.609680
67.212115 54.169867 -432.217345 0.237922 0.022763 0.020488 -0.792123 0.609593
67.339442 53.801141 -433.650089 0.170308 0.023782 0.019837 -0.790467 0.611721
67.439442 53.568194 -434.634131 0.119474 0.024403 0.019114 -0.789031 0.613571
67.535352 53.301558 -435.626380 0.068597 0.025556 0.018266 -0.786909 0.616269
67.633631 53.060399 -436.691876 0.019142 0.026747 0.018685 -0.784155 0.619706
67.733709 52.818374 -437.778570 -0.034835 0.027464 0.019050 -0.780725 0.623981
67.835727 52.584289 -438.893319 -0.088130 0.026724 0.019490 -0.777526 0.627980
67.937649 52.377815 -439.957695 -0.154738 0.026035 0.019909 -0.774649 0.631541
68.036725 52.174305 -441.017094 -0.207193 0.026207 0.020490 -0.771821 0.634969
68.136375 51.985821 -442.059808 -0.264896 0.026520 0.021781 -0.768910 0.638436
68.299997 51.693027 -443.766078 -0.354275 0.026933 0.022685 -0.764845 0.643251
68.399499 51.578507 -444.533875 -0.389234 0.026403 0.022668 -0.763575 0.644780
68.499000 51.435065 -445.354780 -0.444560 0.025596 0.022059 -0.762121 0.646552
68.599050 51.290849 -446.287388 -0.496670 0.025292 0.021401 -0.760832 0.648103
68.698975 51.144265 -447.268892 -0.547460 0.024959 0.021281 -0.759738 0.649402
68.798925 50.988474 -448.289022 -0.610535 0.024837 0.022128 -0.758921 0.650332
68.898776 50.836195 -449.342517 -0.658570 0.025184 0.022517 -0.758197 0.651149
68.998725 50.667845 -450.398716 -0.731460 0.025006 0.022933 -0.757884 0.651506
69.098526 50.517836 -451.439217 -0.776474 0.025332 0.022634 -0.757493 0.651959
69.198651 50.374446 -452.479644 -0.852035 0.025534 0.022808 -0.757334 0.652129
69.299000 50.205320 -453.527962 -0.893860 0.026265 0.022636 -0.757412 0.652016
69.399349 50.072800 -454.580871 -0.966397 0.026524 0.023185 -0.757244 0.652182
69.499748 49.914959 -455.602027 -1.013354 0.026480 0.023157 -0.757215 0.652218
69.600022 49.761985 -456.657580 -1.088609 0.026354 0.023205 -0.757491 0.651901
69.646825 49.692506 -457.137591 -1.105408 0.026326 0.022983 -0.757710 0.651655
69.746716 49.497720 -458.421332 -1.199321 0.027780 0.023840 -0.757698 0.651578
69.841713 49.333582 -459.545977 -1.243617 0.028096 0.024372 -0.757880 0.651333
69.941538 49.159243 -460.658559 -1.328208 0.028467 0.024207 -0.758038 0.651139
70.044728 49.004344 -461.733674 -1.369323 0.028321 0.023978 -0.758251 0.650906
70.197941 48.786719 -463.253591 -1.466725 0.028611 0.024367 -0.758686 0.650372
70.295698 48.689443 -463.887637 -1.497878 0.028216 0.024425 -0.758968 0.650057
70.395607 48.587771 -464.656378 -1.557843 0.028846 0.024386 -0.759205 0.649754
70.438891 48.519919 -465.048263 -1.564511 0.029559 0.023933 -0.759291 0.649639
70.524411 48.358200 -466.026721 -1.653564 0.029663 0.024363 -0.758944 0.650024
70.639594 48.187792 -467.252981 -1.698299 0.029429 0.024439 -0.759393 0.649506
70.740161 48.053014 -468.184995 -1.782848 0.029356 0.024122 -0.759520 0.649373
70.840713 47.921302 -469.067873 -1.802697 0.029667 0.024130 -0.759493 0.649391
70.940638 47.790684 -469.898401 -1.880939 0.029876 0.024276 -0.759371 0.649519
71.040286 47.680408 -470.691035 -1.890698 0.029771 0.024448 -0.759053 0.649888
71.144679 47.553029 -471.522421 -1.978701 0.029863 0.024793 -0.758748 0.650227
71.241187 47.440922 -472.246898 -1.984087 0.029985 0.024993 -0.758322 0.650711
71.344603 47.326257 -473.029882 -2.065864 0.029878 0.025300 -0.757991 0.651089
71.444454 47.224266 -473.750631 -2.079773 0.030002 0.025758 -0.757870 0.651207
71.541361 47.121401 -474.425748 -2.144753 0.030480 0.025981 -0.757665 0.651414
71.640961 47.027190 -475.099220 -2.163786 0.030154 0.025869 -0.757345 0.651805
71.744604 46.929499 -475.772415 -2.221778 0.029691 0.025572 -0.757191 0.652018
71.844581 46.835972 -476.402230 -2.246003 0.029249 0.025497 -0.756964 0.652303
71.944728 46.748475 -477.027905 -2.300442 0.029073 0.025085 -0.756738 0.652589
72.044879 46.653124 -477.638268 -2.324422 0.028976 0.024388 -0.756604 0.652776
72.144780 46.569605 -478.236729 -2.366474 0.028948 0.024121 -0.756708 0.652667
72.246794 46.484933 -478.830390 -2.395647 0.028527 0.024146 -0.756664 0.652734
72.346922 46.405231 -479.401303 -2.437529 0.028090 0.023668 -0.756928 0.652465
72.412116 46.354539 -479.768284 -2.451609 0.027641 0.023274 -0.757094 0.652306
72.546898 46.215985 -480.675071 -2.514204 0.027805 0.023250 -0.757580 0.651735
72.612019 46.179286 -480.964960 -2.521153 0.027477 0.023243 -0.757662 0.651654
72.744802 46.048781 -481.818837 -2.583876 0.027902 0.023252 -0.758304 0.650888
72.846971 45.980607 -482.313983 -2.598514 0.027634 0.023106 -0.758512 0.650663
72.946874 45.897963 -482.826542 -2.646708 0.027583 0.023462 -0.759069 0.650002
73.044675 45.818575 -483.354230 -2.661670 0.027706 0.023443 -0.759773 0.649175
73.147147 45.727359 -483.902865 -2.710879 0.027710 0.023614 -0.760405 0.648428
73.207372 45.680766 -484.217200 -2.711698 0.027823 0.023822 -0.760943 0.647784
73.307300 45.576710 -484.861376 -2.771220 0.028857 0.024235 -0.761566 0.646991
73.407423 45.487993 -485.393255 -2.781407 0.028960 0.024259 -0.762292 0.646129
73.507426 45.404343 -485.886987 -2.830723 0.028866 0.023956 -0.762805 0.645540
73.607475 45.325023 -486.359370 -2.836859 0.028881 0.024076 -0.763371 0.644865
73.707475 45.247784 -486.820079 -2.892000 0.028960 0.024108 -0.764040 0.644068
73.810253 45.170960 -487.278349 -2.894291 0.028971 0.023754 -0.764457 0.643586
73.910101 45.094551 -487.693829 -2.944049 0.029262 0.023684 -0.764859 0.643097
74.010251 45.030234 -488.092618 -2.939628 0.029411 0.023744 -0.765117 0.642781
74.110303 44.964384 -488.477365 -2.990052 0.029143 0.024148 -0.765384 0.642460
74.223541 44.898512 -488.877942 -2.988268 0.029549 0.024355 -0.765458 0.642346
74.310228 44.850991 -489.142106 -3.029655 0.029600 0.024453 -0.765673 0.642084
74.410378 44.790596 -489.489667 -3.022514 0.029637 0.024483 -0.765893 0.641818
74.510324 44.740220 -489.776045 -3.066695 0.029758 0.024236 -0.766066 0.641615
74.610327 44.684433 -490.073581 -3.054863 0.029632 0.023901 -0.766254 0.641409
74.710525 44.633203 -490.340047 -3.100740 0.029130 0.023878 -0.766383 0.641279
74.810326 44.596689 -490.602931 -3.087851 0.028885 0.024147 -0.766434 0.641218
74.910428 44.549771 -490.843381 -3.133149 0.029087 0.024208 -0.766491 0.641139
75.010428 44.512478 -491.081620 -3.114817 0.029088 0.024120 -0.766485 0.641150
75.110573 44.468521 -491.301733 -3.160293 0.029065 0.024175 -0.766462 0.641177
75.210427 44.445201 -491.511558 -3.140834 0.029163 0.024265 -0.766305 0.641356
75.310498 44.401323 -491.700098 -3.183150 0.028973 0.024302 -0.766319 0.641346
75.424907 44.371368 -491.922143 -3.170138 0.028807 0.024725 -0.766121 0.641575
75.510574 44.345301 -492.054896 -3.208548 0.028737 0.024923 -0.766120 0.641571
75.610573 44.320249 -492.221161 -3.184059 0.028682 0.024893 -0.765947 0.641781
75.710526 44.294522 -492.375758 -3.227382 0.028296 0.024316 -0.765914 0.641860
75.810572 44.265346 -492.527956 -3.201249 0.027802 0.023715 -0.765781 0.642062
75.910472 44.244010 -492.675456 -3.245272 0.027329 0.023305 -0.765718 0.642173
76.010523 44.220087 -492.837514 -3.219679 0.027199 0.023255 -0.765632 0.642283
76.110526 44.193729 -492.991548 -3.266164 0.027138 0.023359 -0.765279 0.642702
76.210624 44.165604 -493.136641 -3.237976 0.027323 0.023177 -0.765175 0.642824
76.310649 44.135585 -493.299235 -3.285108 0.027351 0.023081 -0.765006 0.643028
76.410647 44.108361 -493.457507 -3.256532 0.027536 0.022933 -0.764945 0.643098
76.507698 44.079929 -493.614892 -3.304033 0.027302 0.022994 -0.764762 0.643323
76.607703 44.055715 -493.781015 -3.277649 0.027326 0.023128 -0.764725 0.643361
76.707803 44.027931 -493.946113 -3.324210 0.027366 0.023223 -0.764408 0.643733
76.807752 44.000927 -494.108149 -3.299594 0.027361 0.023054 -0.764218 0.643965
76.907802 43.971628 -494.282148 -3.342085 0.027249 0.023047 -0.764072 0.644143
77.007902 43.949289 -494.445577 -3.321285 0.027133 0.023409 -0.763939 0.644293
77.102992 43.925449 -494.601103 -3.363236 0.026999 0.023559 -0.763832 0.644420
77.202941 43.888358 -494.791024 -3.343434 0.027093 0.023354 -0.763627 0.644666
77.302942 43.863008 -494.961162 -3.381400 0.027262 0.023523 -0.763463 0.644847
77.402917 43.830427 -495.146348 -3.365045 0.027458 0.023482 -0.763290 0.645045
77.502991 43.802776 -495.319755 -3.400487 0.027458 0.023547 -0.763142 0.645218
77.603041 43.777116 -495.489360 -3.387335 0.027477 0.023728 -0.763013 0.645363
77.703091 43.747740 -495.669679 -3.422144 0.027466 0.023867 -0.762806 0.645603
77.803091 43.716534 -495.852292 -3.411533 0.027443 0.023779 -0.762698 0.645734
77.903091 43.692994 -496.022586 -3.442822 0.027270 0.023780 -0.762481 0.645998
78.003041 43.662077 -496.198888 -3.435451 0.027339 0.023847 -0.762388 0.646103
78.103142 43.629566 -496.386791 -3.466420 0.027726 0.023914 -0.762248 0.646249
78.203166 43.600722 -496.552165 -3.458713 0.028263 0.023525 -0.762092 0.646424
78.303290 43.578343 -496.725347 -3.483464 0.028666 0.023285 -0.761944 0.646589
78.403316 43.553304 -496.890942 -3.477671 0.028583 0.023528 -0.761880 0.646660
78.503465 43.528107 -497.037262 -3.500742 0.028231 0.023926 -0.761625 0.646960
78.700222 43.490482 -497.313694 -3.519697 0.028554 0.024372 -0.761437 0.647151
78.800345 43.482689 -497.350611 -3.513947 0.028269 0.023952 -0.761479 0.647130
78.844850 43.479208 -497.418753 -3.525162 0.028203 0.023878 -0.761923 0.646613
78.944804 43.446813 -497.544227 -3.521950 0.028605 0.024403 -0.761489 0.647086
79.011993 43.438705 -497.623953 -3.540797 0.028346 0.024399 -0.761480 0.647109
79.144849 43.416825 -497.785502 -3.541984 0.028735 0.024206 -0.761226 0.647397
79.246870 43.397455 -497.852952 -3.554676 0.028745 0.024061 -0.761330 0.647280
79.346748 43.390984 -497.927144 -3.545865 0.028836 0.023975 -0.761269 0.647351
79.411990 43.386348 -497.969602 -3.561936 0.028493 0.024000 -0.761436 0.647169
79.546846 43.379158 -498.067036 -3.558830 0.028460 0.024542 -0.761147 0.647490
79.646897 43.365793 -498.093158 -3.568709 0.028349 0.024395 -0.761181 0.647460
79.712113 43.367718 -498.114791 -3.557585 0.028177 0.024053 -0.761311 0.647328
79.812066 43.362935 -498.159194 -3.574211 0.027746 0.023730 -0.761284 0.647390
80.000297 43.348368 -498.255703 -3.578600 0.027064 0.023520 -0.761003 0.647757
80.003516 43.350520 -498.231649 -3.577694 0.026396 0.022989 -0.761356 0.647389
80.103466 43.338624 -498.313828 -3.580364 0.026546 0.022992 -0.761125 0.647654
