18.168964 0.752641 0.015142 0.008128 -0.001334 -0.000855 -0.002509 0.999996
18.212117 1.532598 0.011888 0.016238 -0.001782 -0.000881 -0.004321 0.999989
18.369014 3.521052 -0.015100 0.027698 -0.002655 -0.002645 -0.006919 0.999969
18.446871 4.361088 -0.013952 0.031347 -0.002856 -0.002943 -0.008729 0.999953
18.512092 5.071549 -0.021846 0.048689 -0.002505 -0.002495 -0.011227 0.999931
18.646824 6.698184 -0.056015 0.076438 -0.002107 -0.000379 -0.014387 0.999894
18.746772 7.485685 -0.086257 0.085246 -0.002354 0.000502 -0.016344 0.999864
18.846875 8.371095 -0.103979 0.103587 -0.003015 0.000797 -0.018398 0.999826
18.946721 9.191038 -0.141043 0.106080 -0.003489 -0.000451 -0.021677 0.999759
19.065124 10.127696 -0.168035 0.113490 -0.003282 -0.001145 -0.024986 0.999682
19.165096 10.817627 -0.206546 0.126414 -0.003016 -0.000607 -0.028276 0.999595
19.246923 11.407652 -0.240634 0.134191 -0.003244 0.000468 -0.031181 0.999508
19.345076 12.174346 -0.288737 0.144522 -0.003660 0.001139 -0.034381 0.999401
19.444650 12.945817 -0.341176 0.145097 -0.003460 0.000920 -0.037268 0.999299
19.544655 13.708953 -0.399272 0.151778 -0.002318 -0.000118 -0.040414 0.999180
19.644729 14.479492 -0.467883 0.164748 -0.002144 -0.000990 -0.044039 0.999027
19.768989 15.408145 -0.544406 0.173270 -0.002687 -0.001826 -0.048780 0.998804
19.868940 16.081050 -0.616666 0.183415 -0.003104 -0.002279 -0.053197 0.998577
19.968939 16.794231 -0.696689 0.190225 -0.003359 -0.002021 -0.058776 0.998263
20.072354 17.546941 -0.796847 0.204000 -0.003510 -0.001691 -0.064953 0.997881
20.169037 18.252516 -0.895833 0.217192 -0.003091 -0.001572 -0.071129 0.997461
20.212070 18.585234 -0.947665 0.223331 -0.002673 -0.001056 -0.074739 0.997199
20.303896 19.389291 -1.084558 0.235281 -0.003312 -0.001219 -0.084947 0.996379
20.412144 20.291159 -1.246367 0.243986 -0.004269 -0.001765 -0.094311 0.995532
20.512094 21.100906 -1.408525 0.255524 -0.004624 -0.002183 -0.101965 0.994775
20.612145 21.907462 -1.582290 0.261942 -0.004887 -0.003302 -0.110391 0.993871
20.768962 23.133010 -1.885139 0.284867 -0.005614 -0.006090 -0.122833 0.992393
20.812091 23.303274 -1.897850 0.284646 -0.005800 -0.006208 -0.123736 0.992279
20.965143 24.469749 -2.227620 0.319170 -0.006284 -0.008585 -0.138861 0.990255
21.065275 25.137403 -2.405726 0.333285 -0.006331 -0.008640 -0.144698 0.989418
21.111965 25.465517 -2.511103 0.344850 -0.006311 -0.007866 -0.149411 0.988724
21.212019 26.286076 -2.789930 0.367987 -0.004863 -0.005732 -0.157446 0.987499
21.312066 27.059843 -3.057895 0.389851 -0.003331 -0.005132 -0.163252 0.986565
21.412043 27.838612 -3.330975 0.406459 -0.002638 -0.005492 -0.167844 0.985795
21.512113 28.614394 -3.595581 0.422994 -0.002572 -0.006758 -0.172165 0.985042
21.612016 29.373965 -3.860579 0.436625 -0.003140 -0.008188 -0.175343 0.984468
21.725158 30.233558 -4.186980 0.458279 -0.002685 -0.009738 -0.178975 0.983802
21.834486 31.017131 -4.479782 0.482978 -0.002004 -0.010083 -0.181627 0.983314
21.934980 31.725569 -4.745913 0.505557 -0.001969 -0.009635 -0.183262 0.983015
22.037077 32.486099 -5.034401 0.531557 -0.002042 -0.008277 -0.184341 0.982825
22.141164 33.243061 -5.329562 0.552215 -0.002150 -0.007278 -0.185029 0.982704
22.244580 34.010733 -5.618815 0.573073 -0.001950 -0.007264 -0.185541 0.982608
22.346950 34.774017 -5.906087 0.592648 -0.001800 -0.007814 -0.185343 0.982641
22.411969 35.260541 -6.090405 0.603175 -0.001790 -0.008189 -0.185502 0.982608
22.535133 36.298516 -6.491250 0.633184 -0.001872 -0.008646 -0.183892 0.982907
22.636702 37.034897 -6.764302 0.653158 -0.001864 -0.008735 -0.183587 0.982963
22.737175 37.787320 -7.044651 0.675140 -0.001404 -0.008789 -0.183024 0.983068
22.837273 38.534411 -7.323434 0.699455 -0.001466 -0.008865 -0.182032 0.983252
22.937370 39.272811 -7.603025 0.716256 -0.001469 -0.008658 -0.181360 0.983378
23.037849 40.033711 -7.888790 0.739417 -0.000666 -0.008600 -0.180426 0.983551
23.137753 40.784075 -8.176438 0.759208 -0.000023 -0.008300 -0.179387 0.983744
23.202081 41.269739 -8.357964 0.774258 0.000803 -0.007625 -0.179304 0.983764
23.301835 42.138847 -8.690994 0.805178 0.002051 -0.006392 -0.176941 0.984199
23.440887 43.262744 -9.103677 0.840568 0.002578 -0.007052 -0.175411 0.984467
23.540786 43.888559 -9.310856 0.852873 0.002724 -0.007991 -0.175896 0.984373
23.640539 44.578926 -9.561348 0.873538 0.003255 -0.010023 -0.175269 0.984464
23.739343 45.271171 -9.813424 0.897183 0.003008 -0.011866 -0.174437 0.984592
23.839692 45.977888 -10.066624 0.922423 0.001908 -0.012240 -0.174014 0.984665
23.940292 46.689439 -10.323804 0.943274 0.001862 -0.011409 -0.174157 0.984650
24.012012 47.207003 -10.513523 0.966265 0.002606 -0.010417 -0.174850 0.984537
24.144852 48.253590 -10.902294 1.003480 0.002818 -0.008267 -0.176105 0.984333
24.244630 48.901571 -11.137502 1.025101 0.002969 -0.007784 -0.178807 0.983849
24.344828 49.576205 -11.389152 1.039069 0.000786 -0.006401 -0.181137 0.983437
24.446824 50.270502 -11.660304 1.050544 0.000641 -0.004439 -0.185183 0.982694
24.541214 50.906309 -11.910879 1.069485 0.002028 -0.003085 -0.189042 0.981962
24.644678 51.615765 -12.202935 1.090698 0.002606 -0.003239 -0.193696 0.981053
24.711993 52.081658 -12.399544 1.088485 0.001088 -0.004526 -0.197526 0.980286
24.812015 52.853710 -12.734000 1.093751 0.000562 -0.009810 -0.201911 0.979355
24.912144 53.575293 -13.038013 1.114502 0.001376 -0.012356 -0.206019 0.978469
25.012017 54.311060 -13.356509 1.147852 0.002052 -0.012378 -0.211067 0.977391
25.111967 55.005033 -13.674602 1.178520 0.002555 -0.011678 -0.214324 0.976689
25.212019 55.689844 -13.988216 1.205782 0.002549 -0.010908 -0.218050 0.975873
25.312064 56.362375 -14.302728 1.233360 0.001821 -0.010587 -0.221721 0.975051
25.412116 57.027742 -14.613014 1.251804 0.000829 -0.010669 -0.224470 0.974422
25.512065 57.683374 -14.937577 1.275827 0.000887 -0.010851 -0.226682 0.973908
25.611992 58.322012 -15.245454 1.299908 0.000699 -0.011401 -0.228010 0.973592
25.712065 58.961589 -15.563048 1.324315 -0.000159 -0.011571 -0.229459 0.973250
25.812164 59.575610 -15.860735 1.342666 -0.000809 -0.010927 -0.229744 0.973189
25.912015 60.179535 -16.166731 1.368283 -0.001730 -0.010373 -0.230511 0.973013
26.012118 60.781076 -16.465873 1.390489 -0.001997 -0.009700 -0.231057 0.972890
26.112015 61.385720 -16.758736 1.414843 -0.002621 -0.009042 -0.231518 0.972785
26.212018 61.995257 -17.055628 1.437743 -0.003412 -0.008825 -0.232021 0.972665
26.369037 62.936830 -17.511961 1.464536 -0.004006 -0.008347 -0.232601 0.972528
26.468961 63.357897 -17.736067 1.480506 -0.003880 -0.008323 -0.233593 0.972291
26.512042 63.583227 -17.842386 1.487856 -0.003967 -0.008230 -0.234493 0.972075
26.667339 64.585042 -18.315414 1.522774 -0.003679 -0.009058 -0.232506 0.972546
26.731020 64.872475 -18.468397 1.531757 -0.004006 -0.009420 -0.233015 0.972419
26.835506 65.516436 -18.772095 1.551057 -0.004910 -0.008874 -0.231194 0.972855
26.965171 66.273646 -19.150052 1.578495 -0.005057 -0.008214 -0.229853 0.973178
27.065225 66.775562 -19.387240 1.596645 -0.004988 -0.007911 -0.229172 0.973341
27.165171 67.314406 -19.635081 1.613529 -0.005653 -0.007299 -0.228178 0.973576
27.265171 67.858577 -19.892726 1.631108 -0.006093 -0.006624 -0.226811 0.973897
27.365174 68.397035 -20.158009 1.646450 -0.006393 -0.006313 -0.225738 0.974147
27.500297 69.130605 -20.519680 1.669949 -0.007128 -0.006278 -0.223492 0.974660
27.599948 69.581448 -20.755324 1.683576 -0.007489 -0.006065 -0.222819 0.974812
27.699673 70.095811 -20.969244 1.698472 -0.008115 -0.005559 -0.221472 0.975117
27.799424 70.611679 -21.209831 1.711595 -0.008972 -0.005274 -0.220204 0.975398
27.900072 71.152781 -21.449435 1.727370 -0.009101 -0.005224 -0.218931 0.975684
28.000171 71.689012 -21.703972 1.746188 -0.008940 -0.005317 -0.217426 0.976021
28.100321 72.216765 -21.936249 1.761591 -0.008943 -0.005666 -0.216084 0.976317
28.112167 72.280627 -21.963775 1.764663 -0.008923 -0.005550 -0.217197 0.976071
28.212144 73.032862 -22.293303 1.783107 -0.009647 -0.006525 -0.214878 0.976571
28.312091 73.678560 -22.588473 1.799827 -0.010336 -0.007393 -0.213974 0.976757
28.400673 73.676910 -22.592998 1.800713 -0.010338 -0.007369 -0.213995 0.976752
28.511967 74.871650 -23.122856 1.838909 -0.009671 -0.008003 -0.211947 0.977200
28.612115 75.359940 -23.345488 1.858026 -0.009329 -0.008066 -0.211581 0.977283
28.712043 75.866165 -23.564785 1.880446 -0.009602 -0.007709 -0.210635 0.977487
28.812015 76.370628 -23.778537 1.896500 -0.009727 -0.007188 -0.210146 0.977595
28.965168 77.128525 -24.118240 1.924487 -0.010388 -0.007112 -0.208834 0.977870
29.011994 77.240436 -24.170867 1.925302 -0.010634 -0.007543 -0.209690 0.977681
29.111993 77.782572 -24.385135 1.945238 -0.012503 -0.007597 -0.208235 0.977969
29.212017 78.281764 -24.594539 1.959813 -0.013095 -0.007449 -0.208380 0.977932
29.365100 79.014498 -24.914252 1.985106 -0.013481 -0.006597 -0.208605 0.977885
29.465197 79.337669 -25.049770 1.994310 -0.013717 -0.006424 -0.209206 0.977754
29.565148 79.728140 -25.201027 2.007436 -0.015087 -0.005355 -0.210197 0.977528
29.665246 80.126954 -25.384170 2.017278 -0.015905 -0.004239 -0.212208 0.977086
29.712045 80.309415 -25.461506 2.024639 -0.016017 -0.003398 -0.213606 0.976783
29.865220 80.978974 -25.774351 2.048767 -0.015629 -0.001278 -0.217739 0.975881
29.912118 81.098480 -25.829555 2.054348 -0.015273 -0.001280 -0.218790 0.975652
30.012017 81.501706 -26.012519 2.068400 -0.015986 -0.000323 -0.223407 0.974594
30.165074 82.037856 -26.247890 2.082350 -0.016826 -0.000085 -0.229488 0.973166
30.212165 82.096668 -26.279255 2.083224 -0.016952 0.000066 -0.230812 0.972851
30.365121 82.531899 -26.502197 2.098738 -0.017039 0.000016 -0.238460 0.971003
30.465147 82.748118 -26.600083 2.112742 -0.017110 -0.000623 -0.241610 0.970222
30.565199 82.965855 -26.723272 2.118418 -0.017566 -0.002127 -0.246307 0.969030
30.665048 83.191609 -26.856488 2.122119 -0.018427 -0.003389 -0.251521 0.967670
30.765249 83.417042 -26.980204 2.121632 -0.018691 -0.003769 -0.257362 0.966127
30.812066 83.517513 -27.045268 2.126077 -0.018665 -0.003701 -0.260857 0.965190
30.912014 83.785706 -27.206363 2.130600 -0.018611 -0.003699 -0.269598 0.962786
31.012114 84.031757 -27.365316 2.145002 -0.018122 -0.004173 -0.277097 0.960662
31.112018 84.257718 -27.501946 2.155706 -0.018255 -0.004283 -0.284548 0.958479
31.212017 84.477292 -27.657763 2.166476 -0.019085 -0.004772 -0.292411 0.956090
31.312142 84.679754 -27.811869 2.176564 -0.020565 -0.005123 -0.300986 0.953393
31.412070 84.888127 -27.954995 2.177460 -0.021371 -0.005865 -0.309852 0.950527
31.512115 85.081588 -28.133337 2.189813 -0.021758 -0.006693 -0.319749 0.947229
31.612093 85.303815 -28.278335 2.197273 -0.022657 -0.007011 -0.330324 0.943570
31.712070 85.515775 -28.472477 2.205422 -0.023572 -0.007378 -0.341665 0.939497
31.811968 85.744369 -28.682894 2.212224 -0.024153 -0.007142 -0.354352 0.934773
31.965265 86.092374 -29.043752 2.233661 -0.025099 -0.006273 -0.375075 0.926633
32.065299 86.271950 -29.227945 2.240537 -0.025577 -0.005821 -0.384057 0.922937
32.165216 86.457441 -29.458010 2.252321 -0.026684 -0.006096 -0.399379 0.916377
32.265318 86.673144 -29.715275 2.258864 -0.027880 -0.006747 -0.415745 0.909029
32.365244 86.878045 -30.012088 2.269913 -0.027468 -0.007578 -0.432784 0.901047
32.465293 87.105466 -30.315597 2.288269 -0.027400 -0.007959 -0.449861 0.892643
32.565268 87.333745 -30.613862 2.295838 -0.027429 -0.007712 -0.467826 0.883361
32.665265 87.549699 -30.964829 2.307115 -0.027092 -0.008252 -0.486102 0.873443
32.765391 87.747511 -31.348077 2.331025 -0.025868 -0.009591 -0.503825 0.863365
32.865391 87.950421 -31.726712 2.360788 -0.024412 -0.009613 -0.522436 0.852275
32.965241 88.128808 -32.154295 2.385642 -0.025357 -0.007756 -0.540844 0.840705
33.065265 88.303086 -32.584439 2.398202 -0.025989 -0.006623 -0.559551 0.828362
33.165414 88.455758 -33.031945 2.411102 -0.025168 -0.006551 -0.577936 0.815668
33.265319 88.584656 -33.512316 2.431916 -0.023465 -0.007327 -0.595610 0.802897
33.365241 88.691592 -34.014749 2.452371 -0.020754 -0.008741 -0.612819 0.789902
33.411992 88.755699 -34.253930 2.475160 -0.018119 -0.009496 -0.621276 0.783325
33.512044 88.872621 -34.846232 2.503606 -0.017622 -0.008472 -0.640427 0.767770
33.612094 88.974507 -35.447724 2.530737 -0.018233 -0.008091 -0.653952 0.756273
33.769015 89.079063 -36.405065 2.570621 -0.019027 -0.007740 -0.674315 0.738158
33.900272 89.112442 -37.039794 2.597841 -0.019103 -0.007628 -0.687134 0.726240
33.965141 89.099805 -37.312346 2.605976 -0.019353 -0.007643 -0.692924 0.720710
34.002283 89.100945 -37.492166 2.611480 -0.019895 -0.008459 -0.699908 0.713906
34.200372 89.011729 -38.645654 2.660463 -0.019768 -0.008456 -0.731053 0.681982
34.202481 89.028893 -38.628549 2.662420 -0.018758 -0.008696 -0.727939 0.685330
34.365292 88.923453 -39.568355 2.698687 -0.019684 -0.007684 -0.751923 0.658912
34.465143 88.813405 -40.173194 2.723901 -0.019501 -0.007743 -0.763478 0.645493
34.565191 88.691249 -40.746719 2.751130 -0.018169 -0.007556 -0.774868 0.631817
34.665141 88.539828 -41.336461 2.777383 -0.016291 -0.007041 -0.785497 0.618611
34.765192 88.376698 -41.925351 2.797982 -0.015330 -0.006809 -0.795429 0.605815
34.812097 88.305872 -42.179166 2.804808 -0.013974 -0.006951 -0.800414 0.599245
34.912044 88.093740 -42.827036 2.826998 -0.012376 -0.010260 -0.809007 0.587579
35.099326 87.676072 -44.033428 2.870115 -0.012993 -0.014836 -0.817816 0.575141
35.199475 87.479558 -44.593707 2.897298 -0.013071 -0.015217 -0.821563 0.569764
35.215031 87.445366 -44.668035 2.895338 -0.013860 -0.015860 -0.822740 0.568027
35.326351 87.157995 -45.421541 2.930051 -0.014086 -0.018529 -0.824825 0.564908
35.415032 86.930147 -46.004977 2.960626 -0.013525 -0.018897 -0.826617 0.562284
35.517302 86.644099 -46.719734 3.000435 -0.012609 -0.018860 -0.827442 0.561092
35.611993 86.380922 -47.388876 3.032296 -0.012470 -0.018935 -0.828307 0.559815
35.712144 86.084213 -48.123713 3.067097 -0.012061 -0.019395 -0.828606 0.559366
35.812092 85.771961 -48.878231 3.101896 -0.011787 -0.019612 -0.828659 0.559285
35.912018 85.472924 -49.640189 3.139084 -0.010691 -0.019617 -0.828405 0.559683
36.012467 85.165210 -50.423519 3.179508 -0.009625 -0.018515 -0.828214 0.560024
36.113364 84.861442 -51.213472 3.210964 -0.008624 -0.017645 -0.827962 0.560440
36.212067 84.549410 -52.008755 3.242224 -0.007724 -0.016789 -0.827754 0.560787
36.312067 84.227127 -52.831284 3.262824 -0.008039 -0.016814 -0.827677 0.560895
36.412117 83.890667 -53.655525 3.298199 -0.006998 -0.019364 -0.827486 0.561109
36.512043 83.554144 -54.484703 3.326309 -0.006647 -0.020341 -0.827430 0.561162
36.601323 83.258471 -55.246713 3.363998 -0.007777 -0.020672 -0.827625 0.560847
36.712088 82.864023 -56.234774 3.398243 -0.009074 -0.022375 -0.827067 0.561584
36.812166 82.526597 -57.101145 3.437111 -0.010441 -0.023111 -0.827028 0.561589
36.912116 82.181100 -57.973549 3.488689 -0.011067 -0.021861 -0.827538 0.560875
37.034179 81.757972 -59.062887 3.545329 -0.010537 -0.018200 -0.827870 0.560526
37.134678 81.425537 -59.918075 3.578281 -0.010108 -0.016149 -0.828472 0.559707
37.212167 81.165853 -60.582702 3.602170 -0.009764 -0.014939 -0.829002 0.558960
37.311994 80.793008 -61.507782 3.638691 -0.008427 -0.014617 -0.829199 0.558699
37.412139 80.435600 -62.423012 3.677492 -0.008292 -0.015111 -0.829517 0.558215
37.512089 80.057200 -63.356989 3.712890 -0.008361 -0.015808 -0.829930 0.557581
37.612040 79.680317 -64.288660 3.751305 -0.008247 -0.016358 -0.830123 0.557279
37.712033 79.294961 -65.231282 3.786614 -0.008773 -0.016352 -0.830286 0.557028
37.811965 78.915607 -66.163582 3.822127 -0.007740 -0.017518 -0.830311 0.556971
37.912136 78.530160 -67.099295 3.863644 -0.005935 -0.017826 -0.830015 0.557424
38.012034 78.141259 -68.042983 3.911165 -0.004424 -0.017693 -0.829762 0.557820
38.112036 77.761996 -68.971408 3.948049 -0.004506 -0.019008 -0.829238 0.558554
38.212008 77.392629 -69.905230 3.984468 -0.006018 -0.020809 -0.828784 0.559150
38.312009 77.024454 -70.835294 4.019890 -0.006893 -0.021197 -0.828606 0.559389
38.411982 76.643733 -71.786905 4.067435 -0.005941 -0.021175 -0.828215 0.559979
38.511984 76.279680 -72.721984 4.108266 -0.006007 -0.019954 -0.827808 0.560624
38.612109 75.908563 -73.683907 4.152270 -0.006190 -0.020226 -0.827338 0.561306
38.712032 75.540860 -74.628496 4.190984 -0.007353 -0.020217 -0.826826 0.562046
38.812061 75.159246 -75.600169 4.231806 -0.007671 -0.020777 -0.826184 0.562965
38.912089 74.786162 -76.563922 4.272864 -0.007398 -0.020498 -0.825694 0.563697
39.012038 74.409557 -77.545416 4.317145 -0.006802 -0.019773 -0.825226 0.564416
39.112111 74.026302 -78.533653 4.357710 -0.005311 -0.019423 -0.824723 0.565179
39.246917 73.517230 -79.867078 4.414714 -0.004042 -0.018983 -0.823738 0.566639
39.312162 73.313031 -80.411997 4.434943 -0.003831 -0.018835 -0.824287 0.565846
39.411967 72.926652 -81.421493 4.475991 -0.003624 -0.019515 -0.823130 0.567507
39.511968 72.545476 -82.433803 4.511892 -0.003551 -0.020252 -0.822810 0.567945
39.611993 72.158102 -83.464001 4.551664 -0.003084 -0.020701 -0.822561 0.568292
39.712066 71.771196 -84.488984 4.588931 -0.003364 -0.021555 -0.822387 0.568510
39.811996 71.391630 -85.506832 4.632406 -0.004670 -0.022983 -0.822016 0.568981
39.912092 71.017324 -86.527281 4.671338 -0.005754 -0.023520 -0.822065 0.568878
40.012015 70.639806 -87.560843 4.717891 -0.006028 -0.023071 -0.822233 0.568651
40.120043 70.230023 -88.677599 4.764196 -0.005205 -0.021604 -0.822133 0.568862
40.219872 69.854628 -89.681530 4.807233 -0.004214 -0.021015 -0.822687 0.568091
40.320395 69.469964 -90.704949 4.844907 -0.003563 -0.021143 -0.822981 0.567664
40.412118 69.116862 -91.649959 4.886486 -0.002993 -0.021286 -0.823108 0.567478
40.512014 68.707679 -92.719951 4.925369 -0.002929 -0.022651 -0.823284 0.567170
40.612094 68.303108 -93.789514 4.970894 -0.004162 -0.023538 -0.823646 0.566600
40.713285 67.887211 -94.883991 5.004778 -0.004560 -0.023832 -0.824016 0.566047
40.817451 67.466774 -95.986614 5.060290 -0.003748 -0.022652 -0.824326 0.565649
40.920465 67.041660 -97.100076 5.092705 -0.002004 -0.021683 -0.824708 0.565140
41.037223 66.556508 -98.349250 5.143509 0.001024 -0.021276 -0.824742 0.565108
41.137374 66.162625 -99.358282 5.183572 0.001575 -0.021069 -0.824953 0.564807
41.214958 65.857353 -100.148854 5.202440 0.000094 -0.023596 -0.825074 0.564531
41.312067 65.433662 -101.242540 5.256861 -0.003132 -0.025261 -0.825139 0.564356
41.412068 65.009859 -102.383709 5.301308 -0.004079 -0.022914 -0.825477 0.563955
41.512014 64.578610 -103.504625 5.348894 -0.002550 -0.019694 -0.825853 0.563536
41.611997 64.144797 -104.637764 5.382768 -0.001059 -0.016388 -0.826087 0.563303
41.712016 63.711124 -105.769038 5.415122 -0.000894 -0.015120 -0.826250 0.563100
41.812114 63.276344 -106.897149 5.438492 -0.002186 -0.016219 -0.826184 0.563162
41.925860 62.783125 -108.153771 5.476670 -0.003842 -0.018337 -0.825795 0.563659
42.012071 62.422551 -109.075211 5.505161 -0.003915 -0.020260 -0.825634 0.563829
42.112039 61.966804 -110.200035 5.567877 -0.003585 -0.021944 -0.824981 0.564722
42.213136 61.521568 -111.357291 5.610174 -0.003721 -0.021601 -0.824629 0.565250
42.312091 61.092999 -112.476959 5.664129 -0.002448 -0.020972 -0.824210 0.565890
42.412020 60.670464 -113.615814 5.706632 -0.003032 -0.018853 -0.824067 0.566170
42.512093 60.248038 -114.756301 5.742603 -0.004535 -0.017260 -0.823837 0.566546
42.628819 59.754174 -116.079672 5.786620 -0.005871 -0.016378 -0.823462 0.567105
42.712120 59.421929 -116.957654 5.816888 -0.005530 -0.016063 -0.823756 0.566689
42.820894 58.953864 -118.210809 5.861190 -0.004334 -0.016279 -0.823370 0.567255
42.912044 58.570068 -119.226438 5.898950 -0.003625 -0.016614 -0.823345 0.567287
43.012091 58.126778 -120.384917 5.940570 -0.003518 -0.017231 -0.823050 0.567696
43.112066 57.693957 -121.546363 5.981838 -0.003494 -0.016977 -0.822907 0.567912
43.212119 57.254840 -122.708994 6.022756 -0.003212 -0.016626 -0.822868 0.567980
43.321016 56.771495 -123.983631 6.064782 -0.003442 -0.016414 -0.822865 0.567990
43.412068 56.398999 -125.011222 6.098112 -0.004083 -0.017114 -0.822845 0.567994
43.519324 55.920446 -126.276847 6.146411 -0.005079 -0.017848 -0.822857 0.567946
43.612068 55.532096 -127.328734 6.184961 -0.004920 -0.017882 -0.822988 0.567756
43.725034 55.026919 -128.667635 6.238586 -0.004144 -0.016772 -0.823085 0.567656
43.820195 54.629747 -129.730600 6.274589 -0.003530 -0.015953 -0.823671 0.566832
43.920146 54.190202 -130.894006 6.310786 -0.002776 -0.015791 -0.823785 0.566676
44.012045 53.788184 -131.968145 6.344652 -0.002627 -0.015748 -0.824046 0.566299
44.112119 53.328647 -133.176213 6.377776 -0.002536 -0.016222 -0.824276 0.565949
44.219728 52.836160 -134.467047 6.420668 -0.002992 -0.016681 -0.824529 0.565566
44.319671 52.372554 -135.648845 6.454973 -0.003285 -0.017497 -0.825010 0.564837
44.417952 51.928976 -136.809347 6.493601 -0.002944 -0.017900 -0.825362 0.564312
44.512044 51.493516 -137.930663 6.530764 -0.000909 -0.018533 -0.825550 0.564024
44.611996 51.016433 -139.156814 6.573664 0.001518 -0.018239 -0.825731 0.563767
44.712093 50.533771 -140.372045 6.613441 0.001842 -0.019586 -0.825995 0.563334
44.812040 50.062968 -141.587097 6.638191 -0.000303 -0.021359 -0.826297 0.562829
44.916904 49.575273 -142.859819 6.686046 -0.002027 -0.021721 -0.826480 0.562543
45.013413 49.132674 -144.008720 6.722570 -0.002316 -0.020269 -0.826672 0.562315
45.112018 48.665732 -145.215667 6.770312 -0.001531 -0.019941 -0.826540 0.562523
45.212039 48.180172 -146.451718 6.807041 -0.000467 -0.020260 -0.826358 0.562780
45.341488 47.555769 -148.049212 6.862413 0.001075 -0.020689 -0.825889 0.563451
45.441165 47.133881 -149.128856 6.896104 0.001584 -0.020773 -0.825736 0.563672
45.541442 46.688995 -150.280481 6.933700 0.001320 -0.021180 -0.825323 0.564262
45.637747 46.250161 -151.408896 6.967188 0.001724 -0.021110 -0.824998 0.564738
45.713286 45.910202 -152.316684 6.993139 0.001947 -0.020858 -0.824878 0.564923
45.813296 45.412243 -153.615926 7.029870 0.000617 -0.021008 -0.824154 0.565976
45.911992 44.931671 -154.889793 7.074548 0.001038 -0.020943 -0.823853 0.566415
46.011995 44.450479 -156.192612 7.118996 0.001602 -0.019912 -0.823461 0.567021
46.112019 43.957535 -157.482406 7.154529 0.000952 -0.019848 -0.823250 0.567330
46.212018 43.474445 -158.787971 7.182547 -0.000134 -0.019579 -0.823163 0.567468
46.312065 42.985315 -160.083379 7.226633 -0.000731 -0.018482 -0.823052 0.567665
46.412013 42.492951 -161.389000 7.258872 -0.000227 -0.017679 -0.823138 0.567566
46.512069 42.012224 -162.666667 7.303415 -0.000062 -0.017812 -0.822958 0.567823
46.612065 41.529239 -163.951210 7.340737 -0.000230 -0.018081 -0.822886 0.567918
46.717130 41.025560 -165.300593 7.376883 -0.000325 -0.018775 -0.822841 0.567961
46.812119 40.579846 -166.489755 7.415530 -0.000078 -0.018993 -0.822892 0.567880
46.911969 40.090125 -167.794840 7.453877 0.001524 -0.018856 -0.823019 0.567698
47.011993 39.590773 -169.099712 7.493841 0.002611 -0.018512 -0.823108 0.567577
47.112142 39.104061 -170.403897 7.527993 0.002215 -0.019179 -0.823513 0.566969
47.212067 38.612749 -171.697517 7.559168 0.001086 -0.019640 -0.823830 0.566495
47.312042 38.112944 -173.018850 7.595629 0.000931 -0.019085 -0.824164 0.566028
47.412038 37.616942 -174.327316 7.632442 0.001636 -0.018260 -0.824486 0.565585
47.512066 37.115988 -175.636813 7.673760 0.002289 -0.017689 -0.824795 0.565150
47.612091 36.606174 -176.947587 7.706554 0.002685 -0.017210 -0.825119 0.564690
47.712119 36.111840 -178.248731 7.737219 0.003334 -0.016988 -0.825357 0.564345
47.812069 35.604049 -179.558684 7.775408 0.003127 -0.016877 -0.825700 0.563848
47.912041 35.115197 -180.856696 7.805876 0.002955 -0.016453 -0.826101 0.563275
48.012041 34.615204 -182.157834 7.838125 0.002752 -0.016608 -0.826404 0.562826
48.112142 34.120921 -183.439402 7.865839 0.002489 -0.015790 -0.826707 0.562406
48.219324 33.581715 -184.825540 7.902190 0.002654 -0.016193 -0.826722 0.562371
48.312142 33.123868 -185.996994 7.918742 0.003435 -0.015627 -0.826845 0.562202
48.437772 32.467069 -187.639069 7.961623 0.006854 -0.017992 -0.826358 0.562817
48.537899 32.005040 -188.810570 7.997946 0.008709 -0.018602 -0.826110 0.563135
48.637649 31.531215 -190.018457 8.026633 0.008356 -0.020104 -0.825707 0.563678
48.737950 31.065953 -191.233241 8.050902 0.005975 -0.020890 -0.825523 0.563950
48.812144 30.713680 -192.159596 8.059550 0.004188 -0.019980 -0.825841 0.563533
48.937276 30.069647 -193.834350 8.098513 0.005890 -0.018673 -0.825361 0.564266
49.037798 29.579054 -195.103322 8.127268 0.006152 -0.018878 -0.825362 0.564254
49.137475 29.077389 -196.368163 8.155925 0.006560 -0.022156 -0.825185 0.564390
49.237224 28.588699 -197.627558 8.192085 0.006745 -0.022231 -0.824880 0.564831
49.337222 28.092852 -198.923331 8.228409 0.007234 -0.021850 -0.824763 0.565010
49.412114 27.724468 -199.891281 8.248311 0.005932 -0.019615 -0.824821 0.565023
49.511967 27.206506 -201.263897 8.280020 0.004903 -0.016930 -0.824357 0.565796
49.601279 26.760298 -202.473929 8.302531 0.004187 -0.015118 -0.824368 0.565837
49.720023 26.152185 -204.107423 8.330765 0.004180 -0.014331 -0.823807 0.566673
49.819772 25.646927 -205.415932 8.352193 0.004439 -0.014229 -0.823741 0.566771
49.920518 25.142316 -206.749566 8.374972 0.005711 -0.014167 -0.823296 0.567407
50.020591 24.638353 -208.071752 8.399700 0.006442 -0.014556 -0.822837 0.568054
50.112070 24.185708 -209.276779 8.417000 0.006754 -0.015087 -0.822558 0.568442
50.219622 23.643005 -210.731819 8.440537 0.007015 -0.014911 -0.822097 0.569109
50.319920 23.156712 -212.045301 8.460693 0.007147 -0.014656 -0.822126 0.569072
50.412118 22.697757 -213.270081 8.479031 0.007197 -0.014404 -0.822173 0.569010
50.512092 22.197663 -214.633181 8.492471 0.007074 -0.014135 -0.822096 0.569129
50.612043 21.695605 -215.969918 8.516542 0.007255 -0.014533 -0.822212 0.568949
50.712045 21.205777 -217.305563 8.539649 0.006640 -0.013788 -0.822287 0.568868
50.817277 20.682171 -218.708568 8.554933 0.006297 -0.014052 -0.822408 0.568689
50.912012 20.230025 -219.935199 8.575344 0.006330 -0.012945 -0.822704 0.568287
51.019524 19.691302 -221.369276 8.595530 0.006948 -0.012163 -0.822815 0.568137
51.111966 19.249918 -222.569722 8.613165 0.007343 -0.011638 -0.823237 0.567531
51.211995 18.766636 -223.873957 8.626121 0.007443 -0.011206 -0.823387 0.567321
51.312070 18.257308 -225.214451 8.639504 0.007588 -0.011161 -0.823728 0.566824
51.420696 17.711284 -226.653317 8.648134 0.008433 -0.011122 -0.823806 0.566700
51.537751 17.142338 -228.158955 8.657653 0.010706 -0.012337 -0.824015 0.566332
51.637950 16.677287 -229.391611 8.665810 0.013238 -0.013900 -0.823968 0.566310
51.737597 16.186251 -230.647909 8.678837 0.015626 -0.015705 -0.823496 0.566889
51.824685 15.756766 -231.764984 8.683458 0.016849 -0.016267 -0.823267 0.567171
51.937649 15.186891 -233.273274 8.691693 0.016471 -0.015238 -0.822658 0.568093
52.038295 14.704303 -234.561636 8.686721 0.016155 -0.013542 -0.822758 0.568000
52.138344 14.222535 -235.865725 8.692629 0.016393 -0.011971 -0.822427 0.568508
52.212094 13.868628 -236.820811 8.693431 0.015497 -0.011764 -0.822759 0.568058
52.312017 13.348224 -238.215127 8.685313 0.011560 -0.012296 -0.822744 0.568162
52.412015 12.839474 -239.574208 8.696934 0.010319 -0.011293 -0.823217 0.567520
52.512114 12.329514 -240.952814 8.696008 0.011481 -0.008140 -0.823416 0.567264
52.611995 11.811358 -242.327420 8.698515 0.011815 -0.007480 -0.823719 0.566826
52.712067 11.307312 -243.663918 8.688374 0.011123 -0.007303 -0.824090 0.566303
52.811944 10.807237 -244.992165 8.688488 0.009695 -0.006938 -0.824264 0.566080
52.912118 10.303534 -246.330120 8.686349 0.007605 -0.007437 -0.824449 0.565836
53.012041 9.799237 -247.660382 8.695745 0.006531 -0.007613 -0.824865 0.565240
53.112043 9.303610 -248.976636 8.702264 0.008016 -0.007141 -0.824780 0.565352
53.212139 8.803251 -250.284889 8.710055 0.009817 -0.007321 -0.824623 0.565550
53.311995 8.292008 -251.606465 8.712793 0.010420 -0.007483 -0.824400 0.565862
53.446945 7.617145 -253.396526 8.710083 0.011121 -0.005135 -0.824212 0.566149
53.512096 7.353501 -254.097214 8.708322 0.013283 -0.003621 -0.824494 0.565703
53.611943 6.840755 -255.428803 8.697919 0.010318 -0.006097 -0.824043 0.566400
53.712139 6.333113 -256.762928 8.687560 0.005431 -0.009835 -0.824114 0.566313
53.812116 5.821196 -258.117072 8.713466 0.004400 -0.010549 -0.823922 0.566588
53.912115 5.312266 -259.485073 8.729350 0.006465 -0.008176 -0.823980 0.566524
54.011943 4.806875 -260.830901 8.740027 0.008875 -0.005185 -0.824032 0.566451
54.112117 4.311491 -262.159909 8.732428 0.010397 -0.003004 -0.824219 0.566168
54.211990 3.807380 -263.487465 8.725706 0.009577 -0.001652 -0.824120 0.566332
54.311992 3.308847 -264.818509 8.715686 0.008847 -0.001199 -0.824343 0.566020
54.412045 2.801725 -266.158488 8.718553 0.009431 -0.000777 -0.824516 0.565759
54.512120 2.295554 -267.484356 8.700613 0.011112 -0.000511 -0.824202 0.566187
54.611994 1.786986 -268.812658 8.692225 0.013072 -0.001071 -0.824216 0.566124
54.712114 1.279032 -270.144656 8.674504 0.013420 -0.001474 -0.824137 0.566229
54.812070 0.780696 -271.481551 8.658402 0.013410 -0.002262 -0.824314 0.565969
54.911991 0.278255 -272.814859 8.642463 0.013903 -0.001126 -0.824292 0.565993
55.012142 -0.230633 -274.151536 8.624118 0.015860 -0.000620 -0.824321 0.565900
55.111992 -0.736238 -275.476260 8.601045 0.017709 -0.000274 -0.823953 0.566381
55.212043 -1.240148 -276.799554 8.572230 0.018820 -0.000728 -0.823764 0.566621
55.312094 -1.733417 -278.126575 8.544885 0.018192 -0.000940 -0.823725 0.566697
55.412119 -2.240908 -279.463714 8.522665 0.019195 -0.000234 -0.823642 0.566785
55.511994 -2.743465 -280.790552 8.480776 0.021739 -0.000622 -0.823289 0.567206
55.639719 -3.373185 -282.460160 8.431638 0.020810 -0.004470 -0.822900 0.567788
55.711961 -3.704661 -283.314462 8.414661 0.019665 -0.006804 -0.822830 0.567907
55.813239 -4.215434 -284.663665 8.402976 0.021269 -0.007529 -0.822606 0.568163
55.937500 -4.820761 -286.305715 8.371589 0.024625 -0.007640 -0.822338 0.568415
56.024686 -5.225529 -287.400700 8.349654 0.025772 -0.007095 -0.822165 0.568621
56.138022 -5.787860 -288.895303 8.313905 0.026846 -0.006370 -0.822013 0.568800
56.238122 -6.272146 -290.181395 8.276089 0.026993 -0.006263 -0.822100 0.568668
56.337773 -6.756731 -291.473051 8.244180 0.025546 -0.006787 -0.822239 0.568528
56.438246 -7.248026 -292.784115 8.208976 0.025108 -0.006554 -0.822162 0.568662
56.538171 -7.741696 -294.118653 8.172794 0.025491 -0.005201 -0.822328 0.568419
56.638499 -8.238050 -295.455943 8.130064 0.025253 -0.004013 -0.822596 0.568051
56.738497 -8.734183 -296.790408 8.087510 0.024630 -0.003714 -0.822767 0.567833
56.838345 -9.237757 -298.137412 8.043311 0.024574 -0.004572 -0.822866 0.567686
56.938721 -9.750121 -299.494180 8.003060 0.024023 -0.007442 -0.822818 0.567749
57.038772 -10.262072 -300.853383 7.977751 0.021909 -0.010552 -0.822862 0.567720
57.123288 -10.700139 -302.008329 7.963241 0.020276 -0.012202 -0.823235 0.567207
57.212139 -11.177784 -303.302072 7.952225 0.020774 -0.011236 -0.823490 0.566839
57.338625 -11.867654 -305.169016 7.921532 0.023878 -0.005148 -0.823322 0.567049
57.438823 -12.363136 -306.515501 7.881467 0.025383 -0.002135 -0.823481 0.566771
57.539095 -12.878247 -307.881134 7.829934 0.024655 -0.001034 -0.823701 0.566487
57.620270 -13.295798 -308.982693 7.782649 0.023188 -0.001273 -0.823932 0.566213
57.712092 -13.794686 -310.299785 7.740487 0.023272 -0.002393 -0.824248 0.565746
57.839046 -14.501532 -312.143686 7.684847 0.025254 -0.003845 -0.824192 0.565734
57.938971 -15.022323 -313.504389 7.642296 0.026185 -0.005401 -0.824208 0.565655
58.038871 -15.550933 -314.868278 7.603580 0.027067 -0.006520 -0.824404 0.565317
58.138720 -16.084264 -316.242752 7.565099 0.028508 -0.006528 -0.824506 0.565098
58.238744 -16.612924 -317.622309 7.516752 0.029557 -0.005457 -0.824981 0.564361
58.338549 -17.134266 -319.009960 7.475243 0.029183 -0.005004 -0.825067 0.564258
58.438795 -17.677806 -320.422706 7.422631 0.026892 -0.003801 -0.825382 0.563920
58.516733 -18.094372 -321.517695 7.384991 0.025914 -0.003356 -0.825880 0.563241
58.611992 -18.637561 -322.942383 7.333949 0.026199 -0.002133 -0.826207 0.562754
58.738325 -19.364708 -324.823118 7.272369 0.027406 -0.001446 -0.826774 0.561864
58.838373 -19.931087 -326.225917 7.217096 0.027941 -0.000910 -0.827145 0.561292
58.938448 -20.471036 -327.628277 7.169243 0.029046 -0.000083 -0.827559 0.560627
59.037975 -21.024710 -329.024811 7.108701 0.029492 0.000461 -0.827896 0.560105
59.138225 -21.583868 -330.440468 7.051573 0.029420 0.000157 -0.828206 0.559651
59.237752 -22.138604 -331.845582 6.993475 0.028647 0.000136 -0.828540 0.559196
59.337526 -22.701075 -333.253714 6.945628 0.030206 0.000157 -0.828780 0.558758
59.437149 -23.257021 -334.656325 6.880896 0.030508 0.001203 -0.829292 0.557980
59.537575 -23.829352 -336.077296 6.818917 0.030696 0.001485 -0.829477 0.557694
59.637795 -24.401743 -337.497835 6.757560 0.031380 0.002568 -0.829658 0.557383
59.737099 -24.961359 -338.908127 6.696412 0.030678 0.003555 -0.829862 0.557113
59.836551 -25.518247 -340.315867 6.627752 0.028790 0.002639 -0.830240 0.556657
59.936400 -26.097325 -341.729157 6.568295 0.026799 0.001587 -0.830763 0.555979
60.036775 -26.670663 -343.149827 6.514150 0.027500 0.001618 -0.830790 0.555904
60.136375 -27.244405 -344.567994 6.457304 0.028839 0.002318 -0.830621 0.556087
60.236301 -27.825782 -345.974729 6.400350 0.029617 0.002711 -0.830630 0.556030
60.336401 -28.407523 -347.394183 6.334811 0.030755 0.003400 -0.830425 0.556270
60.436225 -28.970939 -348.791529 6.273449 0.031688 0.003813 -0.830494 0.556112
60.535953 -29.540789 -350.190513 6.205140 0.031590 0.003744 -0.830406 0.556250
60.635902 -30.096385 -351.581011 6.137729 0.031997 0.004307 -0.830665 0.555835
60.746676 -30.727382 -353.121432 6.065399 0.032186 0.005656 -0.830722 0.555727
60.825055 -31.143651 -354.161797 6.012402 0.031656 0.006304 -0.830981 0.555363
60.911996 -31.669054 -355.428219 5.942674 0.031108 0.007166 -0.831578 0.554490
61.046873 -32.489844 -357.411830 5.843188 0.032625 0.008595 -0.832052 0.553671
61.146775 -33.044329 -358.749542 5.763903 0.033795 0.008796 -0.831841 0.553914
61.244726 -33.596389 -360.072673 5.691920 0.035382 0.008111 -0.832202 0.553283
61.341436 -34.149046 -361.393475 5.614853 0.035892 0.007059 -0.832497 0.552821
61.436554 -34.693120 -362.698287 5.537947 0.035194 0.006055 -0.832993 0.552130
61.511995 -35.122802 -363.741581 5.476967 0.034501 0.005238 -0.833624 0.551229
61.612090 -35.728273 -365.184126 5.401217 0.034687 0.005645 -0.834451 0.549960
61.712142 -36.334038 -366.614277 5.318822 0.034650 0.005471 -0.834888 0.549301
61.812094 -36.932971 -368.020020 5.244237 0.034815 0.004460 -0.835329 0.548628
61.937250 -37.676949 -369.757495 5.157683 0.035716 0.004200 -0.835649 0.548085
62.036649 -38.221967 -371.011424 5.090940 0.036379 0.004194 -0.835675 0.548002
62.137200 -38.770196 -372.297181 5.023121 0.036814 0.004774 -0.836315 0.546990
62.236550 -39.311395 -373.557677 4.952704 0.037197 0.005626 -0.836577 0.546556
62.336451 -39.855170 -374.814336 4.877679 0.037892 0.005994 -0.837031 0.545809
62.437473 -40.421352 -376.094891 4.805529 0.038797 0.004592 -0.837150 0.545577
62.541239 -40.982222 -377.386950 4.727360 0.037768 0.003862 -0.837272 0.545467
62.636826 -41.497428 -378.565574 4.660132 0.036553 0.001893 -0.837344 0.545450
62.711994 -41.906733 -379.507640 4.613708 0.035807 0.002063 -0.837716 0.544928
62.811994 -42.483356 -380.835019 4.536754 0.035154 0.004060 -0.838113 0.544347
62.912093 -43.055476 -382.155501 4.466273 0.035603 0.005492 -0.838339 0.543958
63.012143 -43.620105 -383.442562 4.389102 0.036506 0.006781 -0.838363 0.543846
63.146772 -44.380119 -385.160181 4.282746 0.037280 0.006525 -0.838517 0.543560
63.211991 -44.713569 -385.879660 4.243254 0.037873 0.006633 -0.838717 0.543209
63.312069 -45.221653 -387.093260 4.173096 0.037491 0.007007 -0.838477 0.543601
63.412093 -45.776307 -388.349840 4.090910 0.035947 0.006985 -0.839005 0.542889
63.511993 -46.325780 -389.590511 4.012605 0.035225 0.007560 -0.839406 0.542309
63.612067 -46.874404 -390.824927 3.942977 0.035510 0.008806 -0.839705 0.541809
63.712093 -47.424816 -392.048904 3.867274 0.035184 0.009009 -0.840204 0.541053
63.812165 -47.975231 -393.267372 3.792594 0.035325 0.008464 -0.840476 0.540630
63.904221 -48.471544 -394.369282 3.734043 0.035959 0.008707 -0.840968 0.539818
64.004220 -49.034437 -395.593356 3.661014 0.036389 0.008610 -0.841464 0.539018
64.104172 -49.573712 -396.788803 3.585743 0.036668 0.008713 -0.841925 0.538276
64.204171 -50.105864 -397.956496 3.518997 0.037096 0.009389 -0.842680 0.537053
64.304172 -50.622256 -399.088715 3.453596 0.036469 0.010168 -0.843357 0.536018
64.404220 -51.146223 -400.212309 3.382102 0.035364 0.010280 -0.844537 0.534230
64.504123 -51.674490 -401.329770 3.313538 0.033978 0.009959 -0.845618 0.532613
64.612115 -52.235026 -402.524632 3.235364 0.032746 0.009595 -0.847133 0.530284
64.704224 -52.703181 -403.511567 3.183378 0.032467 0.009436 -0.847971 0.528963
64.900271 -53.761716 -405.681005 3.051711 0.034317 0.009943 -0.849857 0.525801
65.000197 -54.295258 -406.678754 2.980427 0.034156 0.010306 -0.849850 0.525816
65.004222 -54.309171 -406.722938 2.985574 0.035259 0.010881 -0.849875 0.525690
65.104397 -54.873104 -407.840028 2.909030 0.036558 0.010193 -0.852427 0.521467
65.204373 -55.436798 -408.945401 2.833260 0.037149 0.009286 -0.854006 0.518852
65.304397 -56.018361 -410.064844 2.759772 0.037332 0.008067 -0.855565 0.516285
65.404347 -56.586983 -411.169299 2.679806 0.037144 0.007129 -0.857157 0.513665
65.504442 -57.175126 -412.265529 2.610812 0.038157 0.006927 -0.858600 0.511178
65.644826 -57.996449 -413.799418 2.506416 0.038371 0.007246 -0.860372 0.508169
65.712040 -58.355120 -414.485641 2.462254 0.037820 0.007394 -0.861168 0.506857
65.812066 -58.919750 -415.504128 2.396506 0.035543 0.007527 -0.863082 0.503756
65.912066 -59.511063 -416.551501 2.324194 0.034786 0.008440 -0.864947 0.500585
66.030913 -60.232563 -417.793827 2.238725 0.036491 0.009190 -0.867330 0.496309
66.146900 -60.911815 -418.958425 2.154313 0.037939 0.009550 -0.869132 0.493031
66.244701 -61.490088 -419.914716 2.086499 0.038450 0.008887 -0.871217 0.489310
66.346747 -62.096334 -420.907868 2.014761 0.039098 0.008213 -0.873666 0.484883
66.412089 -62.500780 -421.536958 1.976692 0.039697 0.007365 -0.875393 0.481724
66.511996 -63.180295 -422.595513 1.888672 0.035506 0.008574 -0.878787 0.475815
66.612091 -63.854929 -423.636921 1.816455 0.032911 0.008880 -0.881612 0.470742
66.712018 -64.538729 -424.669780 1.752597 0.031900 0.010804 -0.883998 0.466275
66.812067 -65.221750 -425.684286 1.679234 0.032263 0.011605 -0.886203 0.462027
66.912142 -65.918515 -426.672417 1.607513 0.032515 0.010910 -0.888040 0.458486
67.012017 -66.608261 -427.647143 1.542899 0.032754 0.009473 -0.889224 0.456200
67.111968 -67.300979 -428.605189 1.481896 0.033823 0.008351 -0.889592 0.455425
67.212115 -67.995388 -429.569150 1.417237 0.034795 0.007259 -0.889400 0.455746
67.339442 -68.856725 -430.782867 1.335521 0.035630 0.006073 -0.888271 0.457896
67.439442 -69.461870 -431.665050 1.278887 0.035995 0.005459 -0.887113 0.460115
67.535352 -70.065221 -432.539611 1.217919 0.037030 0.004658 -0.885394 0.463341
67.633631 -70.666976 -433.442425 1.161694 0.038266 0.004596 -0.883131 0.467540
67.733709 -71.279645 -434.356138 1.104427 0.038921 0.004678 -0.880732 0.471990
67.835727 -71.894838 -435.309665 1.040779 0.038337 0.005263 -0.878298 0.476546
67.937649 -72.482530 -436.238902 0.971715 0.037611 0.005889 -0.875933 0.480929
68.036725 -73.044536 -437.144634 0.909598 0.037768 0.006665 -0.873693 0.484963
68.136375 -73.597108 -438.052796 0.848759 0.038410 0.007645 -0.871641 0.488577
68.299997 -74.475562 -439.549133 0.745878 0.038725 0.008018 -0.868518 0.494078
68.399499 -74.898764 -440.326840 0.696059 0.038398 0.008078 -0.867311 0.496218
68.499000 -75.364237 -441.138842 0.636592 0.037343 0.007634 -0.866011 0.498570
68.599050 -75.845324 -441.962572 0.578259 0.036857 0.007043 -0.865084 0.500221
68.698975 -76.320668 -442.809221 0.527269 0.036600 0.006958 -0.864263 0.501659
68.798925 -76.810713 -443.678132 0.461913 0.036604 0.007904 -0.863632 0.502730
68.898776 -77.309467 -444.562577 0.406023 0.037031 0.008126 -0.863053 0.503688
68.998725 -77.812232 -445.459413 0.340138 0.036877 0.008630 -0.862858 0.504026
69.098526 -78.312194 -446.359703 0.282875 0.037100 0.008264 -0.862688 0.504306
69.198651 -78.825090 -447.275959 0.213969 0.037399 0.008322 -0.862474 0.504650
69.299000 -79.350549 -448.208773 0.153999 0.038106 0.008073 -0.862422 0.504688
69.399349 -79.864146 -449.141044 0.086127 0.038437 0.008569 -0.862305 0.504856
69.499748 -80.376505 -450.051431 0.026658 0.038377 0.008534 -0.862357 0.504771
69.600022 -80.877981 -450.968679 -0.042355 0.038371 0.008416 -0.862643 0.504286
69.646825 -81.112912 -451.401680 -0.073875 0.038354 0.008470 -0.862736 0.504127
69.746716 -81.669858 -452.419373 -0.145837 0.039961 0.008940 -0.862810 0.503866
69.841713 -82.195147 -453.346468 -0.211598 0.040351 0.009364 -0.862920 0.503640
69.941538 -82.746549 -454.326953 -0.284032 0.040730 0.009112 -0.862898 0.503652
70.044728 -83.290514 -455.300085 -0.351641 0.040535 0.008945 -0.863179 0.503189
70.197941 -84.085726 -456.711584 -0.453580 0.040725 0.009243 -0.863298 0.502964
70.295698 -84.471939 -457.418213 -0.501791 0.040381 0.009352 -0.863796 0.502134
70.395607 -84.886001 -458.159068 -0.557663 0.040882 0.009101 -0.863849 0.502007
70.438891 -85.070967 -458.482434 -0.578149 0.041425 0.008800 -0.863881 0.501912
70.524411 -85.485318 -459.201104 -0.633068 0.041823 0.008995 -0.863667 0.502244
70.639594 -86.023905 -460.146346 -0.704898 0.041598 0.009124 -0.863666 0.502262
70.740161 -86.468509 -460.949535 -0.765409 0.041622 0.008861 -0.863860 0.501930
70.840713 -86.906131 -461.732707 -0.820374 0.041869 0.008886 -0.863878 0.501880
70.940638 -87.326467 -462.480875 -0.873740 0.042172 0.008918 -0.863831 0.501935
71.040286 -87.733675 -463.219845 -0.921644 0.042001 0.009152 -0.863587 0.502364
71.144679 -88.151220 -463.966180 -0.980502 0.042169 0.009414 -0.863271 0.502888
71.241187 -88.524241 -464.632956 -1.025945 0.042325 0.009609 -0.863102 0.503161
71.344603 -88.908908 -465.316737 -1.076581 0.042247 0.009925 -0.862819 0.503647
71.444454 -89.263731 -465.967707 -1.126081 0.042518 0.010333 -0.862753 0.503729
71.541361 -89.599291 -466.568592 -1.165659 0.042938 0.010521 -0.862540 0.504055
71.640961 -89.932485 -467.172364 -1.213340 0.042628 0.010362 -0.862316 0.504467
71.744604 -90.265143 -467.777741 -1.253146 0.042071 0.010186 -0.862181 0.504748
71.844581 -90.571695 -468.337777 -1.297986 0.041656 0.010129 -0.862037 0.505029
71.944728 -90.875359 -468.882697 -1.338223 0.041470 0.009896 -0.861957 0.505186
72.044879 -91.176167 -469.414077 -1.380080 0.041167 0.009142 -0.861835 0.505432
72.144780 -91.472670 -469.945106 -1.412513 0.041088 0.008926 -0.861851 0.505415
72.246794 -91.760962 -470.469354 -1.451699 0.040740 0.009042 -0.861858 0.505430
72.346922 -92.039567 -470.970797 -1.488224 0.040232 0.008630 -0.862082 0.505095
72.412116 -92.214493 -471.291238 -1.512722 0.039737 0.008350 -0.862303 0.504762
72.546898 -92.626580 -472.028545 -1.568602 0.039793 0.008215 -0.862647 0.504172
72.612019 -92.804428 -472.348632 -1.589926 0.039597 0.008381 -0.862846 0.503844
72.744802 -93.199335 -473.059478 -1.642558 0.039886 0.008184 -0.863168 0.503273
72.846971 -93.467198 -473.540548 -1.671967 0.039756 0.008103 -0.863340 0.502989
72.946874 -93.729900 -474.001586 -1.708623 0.039793 0.008570 -0.863692 0.502374
73.044675 -93.986826 -474.458093 -1.741441 0.039858 0.008507 -0.864261 0.501389
73.147147 -94.257877 -474.933217 -1.775465 0.039945 0.008770 -0.864792 0.500461
73.207372 -94.417009 -475.207255 -1.798059 0.040294 0.008985 -0.865122 0.499859
73.307300 -94.709217 -475.718259 -1.834762 0.041214 0.009148 -0.865631 0.498900
73.407423 -94.981399 -476.191727 -1.869707 0.041340 0.009118 -0.866207 0.497890
73.507426 -95.246454 -476.640604 -1.901405 0.041205 0.008850 -0.866545 0.497316
73.607475 -95.496890 -477.068465 -1.931698 0.041225 0.008990 -0.867045 0.496440
73.707475 -95.732408 -477.479696 -1.964861 0.041305 0.008969 -0.867471 0.495689
73.810253 -95.968648 -477.878241 -1.993646 0.041264 0.008635 -0.867833 0.495064
73.910101 -96.187112 -478.243236 -2.022199 0.041544 0.008535 -0.868164 0.494462
74.010251 -96.390494 -478.593122 -2.045343 0.041659 0.008562 -0.868389 0.494056
74.110303 -96.585346 -478.930035 -2.070016 0.041561 0.008985 -0.868522 0.493824
74.223541 -96.792463 -479.282081 -2.096174 0.041955 0.009123 -0.868651 0.493560
74.310228 -96.938219 -479.524468 -2.111949 0.042037 0.009252 -0.868813 0.493265
74.410378 -97.106813 -479.812111 -2.135365 0.042085 0.009233 -0.868933 0.493051
74.510324 -97.256508 -480.070251 -2.155198 0.042106 0.009033 -0.869057 0.492835
74.610327 -97.410280 -480.317983 -2.172739 0.041940 0.008730 -0.869220 0.492565
74.710525 -97.552269 -480.559256 -2.190804 0.041421 0.008781 -0.869330 0.492414
74.810326 -97.678084 -480.786257 -2.208494 0.041304 0.009100 -0.869380 0.492331
74.910428 -97.797827 -480.996695 -2.224133 0.041525 0.009127 -0.869366 0.492337
75.010428 -97.909358 -481.182125 -2.237341 0.041455 0.008997 -0.869419 0.492251
75.110573 -98.024070 -481.373887 -2.252328 0.041510 0.009083 -0.869454 0.492184
75.210427 -98.131412 -481.556804 -2.266340 0.041523 0.009169 -0.869344 0.492375
75.310498 -98.227003 -481.722969 -2.276795 0.041394 0.009234 -0.869360 0.492357
75.424907 -98.337368 -481.908907 -2.291117 0.041308 0.009625 -0.869157 0.492714
75.510574 -98.406462 -482.030430 -2.300693 0.041278 0.009920 -0.869111 0.492791
75.610573 -98.494509 -482.177390 -2.311315 0.041202 0.009812 -0.869018 0.492965
75.710526 -98.571230 -482.315911 -2.322166 0.040753 0.009292 -0.868934 0.493160
75.810572 -98.650937 -482.449094 -2.331041 0.040108 0.008761 -0.868933 0.493224
75.910472 -98.722635 -482.577141 -2.342341 0.039617 0.008471 -0.868838 0.493436
76.010523 -98.793151 -482.704287 -2.350041 0.039433 0.008473 -0.868697 0.493699
76.110526 -98.871216 -482.840291 -2.362458 0.039450 0.008567 -0.868496 0.494050
76.210624 -98.950661 -482.967513 -2.370697 0.039581 0.008412 -0.868487 0.494057
76.310649 -99.035142 -483.108704 -2.382631 0.039633 0.008247 -0.868380 0.494244
76.410647 -99.114294 -483.247873 -2.392060 0.039687 0.008129 -0.868180 0.494593
76.507698 -99.189244 -483.379319 -2.401025 0.039546 0.008182 -0.868125 0.494700
76.607703 -99.275805 -483.522753 -2.413205 0.039534 0.008356 -0.868087 0.494765
76.707803 -99.365852 -483.677957 -2.425786 0.039614 0.008383 -0.867842 0.495188
76.807752 -99.455450 -483.821254 -2.436795 0.039581 0.008302 -0.867686 0.495464
76.907802 -99.538700 -483.968472 -2.446316 0.039463 0.008239 -0.867654 0.495532
77.007902 -99.621640 -484.113134 -2.457981 0.039415 0.008637 -0.867631 0.495568
77.102992 -99.702142 -484.254437 -2.470183 0.039321 0.008789 -0.867432 0.495921
77.202941 -99.797152 -484.407652 -2.481677 0.039350 0.008620 -0.867275 0.496197
77.302942 -99.883151 -484.559703 -2.492809 0.039479 0.008731 -0.867153 0.496398
77.402917 -99.972730 -484.717921 -2.503438 0.039723 0.008670 -0.867109 0.496457
77.502991 -100.061678 -484.873580 -2.514626 0.039759 0.008693 -0.866889 0.496837
77.603041 -100.154783 -485.029638 -2.526836 0.039789 0.008888 -0.866817 0.496956
77.703091 -100.242935 -485.188279 -2.539508 0.039784 0.009036 -0.866647 0.497252
77.803091 -100.329265 -485.341206 -2.550969 0.039738 0.008997 -0.866485 0.497537
77.903091 -100.420540 -485.499572 -2.562886 0.039629 0.008923 -0.866367 0.497753
78.003041 -100.505729 -485.651603 -2.575177 0.039715 0.009027 -0.866306 0.497851
78.103142 -100.599407 -485.814200 -2.588515 0.040095 0.009003 -0.866269 0.497885
78.203166 -100.688031 -485.964016 -2.600080 0.040529 0.008532 -0.866086 0.498176
78.303290 -100.780420 -486.121057 -2.609509 0.040866 0.008215 -0.865959 0.498375
78.403316 -100.855716 -486.262250 -2.619249 0.040796 0.008484 -0.865851 0.498564
78.503465 -100.925811 -486.394741 -2.629425 0.040574 0.008919 -0.865816 0.498635
78.700222 -101.067029 -486.640024 -2.648339 0.040773 0.009057 -0.865516 0.499137
78.800345 -101.101516 -486.697596 -2.651421 0.040573 0.008961 -0.865607 0.498997
78.844850 -101.121326 -486.730864 -2.656082 0.040496 0.009007 -0.865803 0.498663
78.944804 -101.177888 -486.828946 -2.664769 0.040882 0.009307 -0.865608 0.498963
79.011993 -101.217882 -486.893649 -2.669837 0.040814 0.009421 -0.865713 0.498786
79.144849 -101.288246 -487.016558 -2.680933 0.041015 0.009048 -0.865518 0.499113
79.246870 -101.332948 -487.092775 -2.686152 0.041134 0.008919 -0.865533 0.499080
79.346748 -101.373540 -487.165002 -2.690162 0.041119 0.008862 -0.865408 0.499299
79.411990 -101.398956 -487.206764 -2.693080 0.040907 0.009072 -0.865532 0.499097
79.546846 -101.448681 -487.295942 -2.700823 0.040822 0.009400 -0.865286 0.499525
79.646897 -101.470392 -487.329165 -2.703548 0.040651 0.009324 -0.865385 0.499368
79.712113 -101.478394 -487.341241 -2.703518 0.040651 0.009104 -0.865473 0.499221
79.812066 -101.501102 -487.383262 -2.707791 0.040061 0.008737 -0.865348 0.499492
80.000297 -101.542757 -487.463424 -2.713747 0.039145 0.008485 -0.865224 0.499783
80.003516 -101.533061 -487.443291 -2.713489 0.038810 0.008528 -0.865446 0.499425
80.103466 -101.561944 -487.502100 -2.717867 0.038757 0.008250 -0.865242 0.499786
