1.600321 0.141310 -0.003918 -0.000103 -0.000349 0.000329 0.003750 0.999993
1.700322 0.293009 0.016842 0.000236 -0.000340 0.000233 0.004289 0.999991
1.800247 0.418863 0.001296 0.000542 0.000039 0.000460 0.006970 0.999976
1.900320 0.591638 0.008821 0.003980 0.000189 0.000449 0.009467 0.999955
1.912091 0.617346 0.014226 0.002419 0.000550 0.000174 0.010214 0.999948
2.012164 0.921622 0.027093 0.008908 0.000216 0.000529 0.014228 0.999899
2.112165 1.135707 0.043699 0.003871 -0.000310 0.000640 0.017011 0.999855
2.212119 1.365081 0.070949 0.008668 -0.001641 0.001131 0.019735 0.999803
2.312166 1.584544 0.092541 0.007631 -0.002581 0.001934 0.022266 0.999747
2.412167 1.823205 0.110692 0.017751 -0.003635 0.002254 0.025383 0.999669
2.511966 2.051517 0.122007 0.013829 -0.003533 0.001901 0.028098 0.999597
2.612068 2.290032 0.143515 0.021756 -0.002610 0.001561 0.031267 0.999506
2.712046 2.542443 0.160702 0.014115 -0.002016 0.001649 0.034132 0.999414
2.812168 2.778910 0.190002 0.022367 -0.002696 0.002221 0.036604 0.999324
2.912067 3.034832 0.205413 0.021505 -0.003113 0.002465 0.038475 0.999252
3.012020 3.289541 0.220221 0.033093 -0.003469 0.002139 0.039107 0.999227
3.104301 3.506463 0.245027 0.031199 -0.003093 0.000730 0.038838 0.999240
3.212118 3.806612 0.251123 0.041888 -0.003573 -0.000579 0.036176 0.999339
3.334979 4.131871 0.281887 0.028482 -0.003993 -0.000855 0.032797 0.999454
3.440212 4.393617 0.302078 0.030709 -0.003966 -0.000641 0.028675 0.999581
3.504726 4.581736 0.306340 0.024000 -0.004045 0.000015 0.026476 0.999641
3.612118 4.947100 0.309072 0.039252 -0.003877 0.000948 0.017847 0.999833
3.712171 5.240748 0.317172 0.033241 -0.003504 0.000415 0.011116 0.999932
3.812020 5.536939 0.316325 0.034897 -0.002152 -0.000208 0.002984 0.999993
3.912118 5.869074 0.294002 0.034177 -0.001101 -0.000114 -0.005564 0.999984
4.012146 6.202505 0.285102 0.054254 -0.001120 0.001517 -0.015464 0.999879
4.112070 6.533000 0.270538 0.050664 -0.003041 0.003117 -0.025247 0.999672
4.212096 6.878465 0.249557 0.060000 -0.003920 0.003044 -0.036725 0.999313
4.312068 7.204444 0.200530 0.048548 -0.003726 0.001711 -0.048350 0.998822
4.478314 7.756939 0.124519 0.062975 -0.002814 -0.000126 -0.071863 0.997411
4.576519 8.037324 0.078040 0.064717 -0.003087 -0.000369 -0.081176 0.996695
4.640815 8.218442 0.039925 0.068561 -0.003965 -0.000625 -0.090137 0.995921
4.740936 8.584502 -0.044464 0.064981 -0.003843 -0.002019 -0.114222 0.993446
4.809587 8.831223 -0.128056 0.070228 -0.003506 -0.002911 -0.128929 0.991643
4.910590 9.234126 -0.271203 0.067398 -0.002430 -0.004017 -0.156438 0.987677
5.040737 9.732927 -0.477986 0.079249 -0.001154 -0.003221 -0.187015 0.982351
5.101649 9.888974 -0.535121 0.070313 -0.000928 -0.002707 -0.195947 0.980610
5.238169 10.377435 -0.797529 0.087835 0.001563 -0.000832 -0.234412 0.972136
5.303124 10.591498 -0.932395 0.082566 0.002349 -0.000386 -0.245274 0.969451
5.465150 11.128105 -1.333950 0.095683 0.003636 0.001133 -0.288541 0.957460
5.512117 11.293937 -1.419017 0.093175 0.004384 0.001222 -0.293264 0.956021
5.612115 11.577731 -1.697339 0.117822 0.006156 0.000739 -0.321390 0.946927
5.712069 11.884836 -1.981516 0.115459 0.006074 0.000381 -0.346621 0.937986
5.840213 12.280802 -2.389864 0.131562 0.005030 0.000185 -0.377790 0.925878
5.945875 12.582212 -2.723287 0.115141 0.003586 -0.000008 -0.399815 0.916589
6.011269 12.751181 -2.932990 0.128158 0.002789 -0.000317 -0.414183 0.910190
6.146373 13.089004 -3.430649 0.103275 0.001352 0.000083 -0.450077 0.892988
6.210326 13.267682 -3.674080 0.121548 0.002744 0.000459 -0.463219 0.886240
6.345900 13.564115 -4.242534 0.109805 0.005255 0.000699 -0.498645 0.866790
6.465117 13.822852 -4.744077 0.127384 0.005472 0.001221 -0.523268 0.852150
6.565066 14.020382 -5.156860 0.113539 0.004665 0.002003 -0.543416 0.839448
6.665170 14.188507 -5.615019 0.114607 0.003673 0.003316 -0.564484 0.825429
6.765047 14.355026 -6.113775 0.097857 0.004293 0.003800 -0.585091 0.810947
6.801900 14.392528 -6.300698 0.101867 0.005391 0.003355 -0.592830 0.805303
6.945894 14.545919 -7.153578 0.085317 0.010359 0.003093 -0.620714 0.783962
7.012141 14.648138 -7.499549 0.099969 0.011445 0.003479 -0.629574 0.776849
7.145846 14.786872 -8.347959 0.077971 0.011520 0.006079 -0.646694 0.762638
7.245823 14.863156 -8.914940 0.084143 0.013796 0.005160 -0.656140 0.754495
7.312144 14.911445 -9.309025 0.049045 0.014848 0.003562 -0.662300 0.749083
7.445895 15.001859 -10.216136 0.057402 0.015716 -0.001097 -0.673396 0.739114
7.512042 15.061828 -10.584290 0.022694 0.014290 -0.000911 -0.677271 0.735594
7.612166 15.111737 -11.333539 0.044571 0.014534 -0.000587 -0.683467 0.729836
7.712041 15.156530 -12.055774 0.007186 0.014008 0.000416 -0.688630 0.724977
7.845898 15.201270 -13.030411 0.010899 0.014675 -0.000609 -0.694384 0.719454
7.946097 15.237378 -13.607229 -0.011470 0.014350 -0.000871 -0.698078 0.715877
8.012113 15.224064 -14.050486 -0.003860 0.014526 -0.001162 -0.700298 0.713702
8.146195 15.227838 -15.130884 -0.026709 0.015827 -0.001096 -0.703255 0.710761
8.291968 15.246765 -16.147716 -0.035542 0.017136 -0.000711 -0.706490 0.707515
8.314581 15.261371 -16.195600 -0.037019 0.017054 -0.000789 -0.706833 0.707174
8.412067 15.248206 -17.022962 -0.050869 0.016961 0.000049 -0.708032 0.705977
8.533881 15.229520 -18.067166 -0.072619 0.017491 -0.000082 -0.709834 0.704152
8.612140 15.256826 -18.667949 -0.083542 0.018200 -0.000494 -0.710991 0.702966
8.712117 15.246902 -19.541384 -0.095151 0.019210 -0.001025 -0.711031 0.702898
8.827028 15.239178 -20.508259 -0.113588 0.019616 -0.001979 -0.711677 0.702230
8.912067 15.229434 -21.172928 -0.128248 0.019649 -0.002631 -0.712139 0.701759
9.012071 15.220807 -22.029332 -0.143873 0.019866 -0.002943 -0.712046 0.701845
9.150686 15.191389 -23.234472 -0.165203 0.020443 -0.003641 -0.712613 0.701250
9.222860 15.202357 -23.719401 -0.175559 0.020293 -0.003700 -0.712899 0.700963
9.350886 15.168797 -24.794889 -0.191493 0.020607 -0.004236 -0.712566 0.701289
9.412168 15.168827 -25.272046 -0.203493 0.020251 -0.004414 -0.712897 0.700962
9.565199 15.135073 -26.695860 -0.223708 0.021128 -0.004026 -0.712611 0.701230
9.665076 15.141006 -27.488832 -0.237095 0.021105 -0.004062 -0.713447 0.700380
9.765125 15.132014 -28.326287 -0.244116 0.020513 -0.003579 -0.713375 0.700474
9.865129 15.118121 -29.187013 -0.262819 0.019662 -0.003317 -0.713538 0.700332
9.965173 15.102822 -30.099236 -0.280270 0.019136 -0.003082 -0.713745 0.700138
10.065149 15.092535 -31.050759 -0.293184 0.018999 -0.002682 -0.714036 0.699846
10.165201 15.066046 -32.026230 -0.311968 0.018711 -0.002183 -0.714279 0.699607
10.265200 15.048026 -33.019878 -0.332883 0.019052 -0.001417 -0.714948 0.698917
10.365105 15.036967 -34.020993 -0.344837 0.019788 -0.000955 -0.715039 0.698804
