1.600321 0.150533685 0.014344607 0.000197427 -0.000498572 0.000284643 0.003860490 0.999992383
1.700322 0.302685841 0.031680353 -0.000589428 -0.000459589 0.000192645 0.004412168 0.999990142
1.800247 0.426122238 0.016526930 0.002053689 -0.000032437 0.000448165 0.007005686 0.999975359
1.900320 0.584507670 0.032199444 0.003547492 0.000075822 0.000428223 0.009356113 0.999956136
1.912091 0.614330679 0.035302609 0.004242344 0.000549232 0.000194529 0.010044730 0.999949381
2.012164 0.881445874 0.049752093 0.006234862 0.000065229 0.000569869 0.014054601 0.999901065
2.112165 1.111625522 0.069166394 0.006719046 -0.000521090 0.000676660 0.017087074 0.999853641
2.212119 1.336546085 0.073779712 0.008267726 -0.001896277 0.001165116 0.019777626 0.999801926
2.312166 1.558150040 0.099295788 0.008806712 -0.002720615 0.001968890 0.022567255 0.999739686
2.412167 1.773148161 0.098866292 0.014562684 -0.003805882 0.002279606 0.025784202 0.999657688
2.511966 1.993952377 0.123914128 0.016811981 -0.003571147 0.001896699 0.028374531 0.999589183
2.612068 2.220389766 0.155009794 0.018155705 -0.002699450 0.001530942 0.031471891 0.999499820
2.712046 2.466005006 0.170746828 0.018646009 -0.002107784 0.001714454 0.034071295 0.999415712
2.812168 2.701159144 0.205471163 0.020708527 -0.002836943 0.002252488 0.036383720 0.999331328
2.912067 2.946460716 0.221846011 0.023380330 -0.003220154 0.002431038 0.038295159 0.999258326
3.012020 3.203273621 0.247538812 0.029848579 -0.003543529 0.002175885 0.038731889 0.999240987
3.104301 3.440584184 0.256705553 0.035815965 -0.003239104 0.000796211 0.038539266 0.999251519
3.212118 3.734540633 0.270704773 0.038646996 -0.003576512 -0.000533327 0.035809382 0.999352096
3.334979 4.073075602 0.285020417 0.032852894 -0.003978906 -0.000791463 0.031748679 0.999487650
3.440212 4.342808544 0.300367981 0.028765171 -0.004093181 -0.000547524 0.028410816 0.999587801
3.504726 4.516844387 0.294266395 0.031225387 -0.004205314 0.000124573 0.026350733 0.999643906
3.612118 4.862344416 0.292366473 0.035597396 -0.004017429 0.001020211 0.017912103 0.999830974
3.712171 5.159343005 0.294101608 0.038984854 -0.003506637 0.000476779 0.011504291 0.999927561
3.812020 5.470584231 0.283190145 0.032043439 -0.002278014 -0.000152519 0.003294551 0.999991967
3.912118 5.799200290 0.275033114 0.038952430 -0.001279587 0.000061001 -0.004723884 0.999988022
4.012146 6.128656684 0.253727477 0.051178121 -0.001269665 0.001509921 -0.014683312 0.999890248
4.112070 6.463816178 0.220777772 0.055380410 -0.003304177 0.003215668 -0.024347110 0.999692933
4.212096 6.801612665 0.205326154 0.054881534 -0.004116493 0.003078257 -0.035500666 0.999356434
4.312068 7.147877159 0.169301826 0.053972345 -0.003765536 0.001804666 -0.047392695 0.998867607
4.478314 7.718130283 0.085742123 0.064119384 -0.002901810 -0.000063300 -0.070722113 0.997491834
4.576519 7.969862290 0.050536087 0.069606514 -0.003257639 -0.000280604 -0.077840968 0.996960427
4.640815 8.155636259 0.018663200 0.069154694 -0.004124911 -0.000513129 -0.087560328 0.996150546
4.740936 8.531271425 -0.082097670 0.069115048 -0.003841001 -0.001914098 -0.112918966 0.993594933
4.809587 8.795735518 -0.169295150 0.069596475 -0.003626872 -0.002774849 -0.127082570 0.991881629
4.910590 9.179390164 -0.297518751 0.071897183 -0.002514580 -0.003840949 -0.153976930 0.988063778
5.040737 9.672988884 -0.508438799 0.078027374 -0.001335607 -0.003264553 -0.183717439 0.982972767
5.101649 9.854337210 -0.575624267 0.075852168 -0.000986298 -0.002757237 -0.192397686 0.981312669
5.238169 10.336506352 -0.852937175 0.085923542 0.001420574 -0.000812210 -0.231179181 0.972909815
5.303124 10.508103711 -0.964666287 0.090989654 0.002170558 -0.000338375 -0.239438642 0.970909013
5.465150 11.052512534 -1.357662121 0.097621051 0.003473425 0.001256831 -0.283301069 0.959023910
5.512117 11.135035486 -1.445176101 0.101753173 0.004263152 0.001348378 -0.280921457 0.959720346
5.612115 11.556545161 -1.781163501 0.112883098 0.005990254 0.000905875 -0.317143776 0.948358119
5.712069 11.857868658 -1.955027411 0.123267490 0.006105458 0.000538294 -0.346490711 0.938033379
5.840213 12.245736490 -2.272741400 0.129849148 0.004774760 0.000405260 -0.380507795 0.924765297
5.945875 12.539122419 -2.657550382 0.121923250 0.003409698 0.000074524 -0.400296430 0.916379363
6.011269 12.692079824 -2.918537913 0.120392017 0.002546764 -0.000056480 -0.410281439 0.911955400
6.146373 13.063902865 -3.385107500 0.108611794 0.001342276 0.000092164 -0.448542102 0.893760691
6.210326 13.229611589 -3.630982460 0.108451352 0.002559446 0.000611503 -0.459581799 0.888131547
6.345900 13.503092711 -4.174021801 0.113037795 0.005251434 0.000720198 -0.495226864 0.868747522
6.465117 13.767617398 -4.682394696 0.122464080 0.005205011 0.001362719 -0.519948897 0.854180423
6.565066 13.952554240 -5.149292490 0.121567467 0.004466369 0.002184609 -0.535958563 0.844229648
6.665170 14.124898899 -5.575402693 0.111161266 0.003491268 0.003424043 -0.555379576 0.831582596
6.765047 14.261307690 -6.048838073 0.103992912 0.004329482 0.004033713 -0.580123224 0.814507232
6.801900 14.351231565 -6.259676411 0.096969490 0.005409831 0.003571113 -0.591043896 0.806613349
6.945894 14.501927819 -7.122278852 0.086691344 0.010487700 0.003178832 -0.620123121 0.784427956
7.012141 14.625871719 -7.626861827 0.094773356 0.011430692 0.003649780 -0.632581253 0.774401044
7.145846 14.771205069 -8.359489238 0.083211619 0.011558212 0.006180952 -0.648475939 0.761122303
7.245823 14.848300710 -8.959959131 0.074933696 0.013626184 0.005220102 -0.657770902 0.753076701
7.312144 14.914362568 -9.347377706 0.059813477 0.015068703 0.003435418 -0.665039307 0.746648412
7.445895 14.955451334 -10.152283111 0.049072823 0.015586752 -0.001074664 -0.673055075 0.739427322
7.512042 14.970085022 -10.470094353 0.044839193 0.014476662 -0.000962888 -0.676072601 0.736692159
7.612166 14.983070024 -11.117061806 0.031542604 0.014149877 -0.000087990 -0.679737877 0.733318615
7.712041 14.999452181 -11.810247848 0.024270375 0.014065063 0.000416553 -0.684110155 0.729242961
7.845898 15.027637636 -12.770282240 0.006968714 0.014393357 -0.000229876 -0.689951206 0.723712728
7.946097 15.072624612 -13.444941636 -0.000831556 0.014239691 -0.000785027 -0.695209529 0.718665656
8.012113 15.076234862 -13.847984169 -0.011254412 0.014410921 -0.000996955 -0.697235824 0.716696265
8.146195 15.064065444 -14.878963157 -0.024876739 0.015941829 -0.001154220 -0.700131776 0.713834731
8.291968 15.093580070 -15.953183171 -0.034883434 0.017040381 -0.000457221 -0.703969701 0.710025405
8.314581 15.112628650 -15.972122891 -0.034929431 0.017066432 -0.000495272 -0.704984643 0.709017028
8.412067 15.107094349 -16.709784090 -0.049526406 0.016928697 0.000225011 -0.703977266 0.710020688
8.533881 15.160951645 -17.830108578 -0.069997370 0.017610876 -0.000012094 -0.706717284 0.707276847
8.612140 15.162387378 -18.442140745 -0.084021358 0.018360198 -0.000130500 -0.708524657 0.705447161
8.712117 15.154953713 -19.250321551 -0.092083977 0.019435944 -0.000984410 -0.708201078 0.705742523
8.827028 15.164719463 -20.269240758 -0.109292460 0.019760152 -0.001888019 -0.709041580 0.704887232
8.912067 15.155099575 -20.956988103 -0.126882074 0.019674149 -0.002426227 -0.709516905 0.704409542
9.012071 15.146293215 -21.796806344 -0.141108747 0.020029164 -0.002806451 -0.709445965 0.704469573
9.150686 15.123815461 -23.038753162 -0.164406926 0.020225652 -0.003313339 -0.710303635 0.703596966
9.222860 15.127137827 -23.550747586 -0.174490347 0.020285135 -0.003525444 -0.711248754 0.702638808
9.350886 15.109919934 -24.595347054 -0.188788681 0.020554081 -0.003915310 -0.710743086 0.703140431
9.412168 15.110929318 -25.062897242 -0.201288343 0.020341454 -0.004058541 -0.711095870 0.702789027
9.565199 15.090036568 -26.457264549 -0.225394605 0.021118182 -0.003881211 -0.710271649 0.703600130
9.665076 15.090482925 -27.300573348 -0.234499094 0.021094577 -0.003675922 -0.712098725 0.701752743
9.765125 15.062860407 -28.086083108 -0.247394259 0.020545441 -0.003356712 -0.712014087 0.701856508
9.865129 15.087437676 -29.128812159 -0.263114431 0.019788735 -0.003144833 -0.712647466 0.701236127
9.965173 15.080845560 -30.029555212 -0.279380001 0.019177881 -0.002763655 -0.712633455 0.701268942
10.065149 15.117067479 -31.123749579 -0.293931776 0.019242248 -0.002496264 -0.714150896 0.699722803
10.165201 15.118068285 -32.135974824 -0.308647702 0.018842338 -0.001890318 -0.714386252 0.699495301
10.265200 15.111021176 -33.093908848 -0.330560406 0.019182348 -0.001161180 -0.714538840 0.699331778
10.365105 15.142492674 -34.219858464 -0.344830403 0.019936985 -0.000843761 -0.715696349 0.698126450
