1.600321 0.150534 0.014345 0.000197 -0.000499 0.000285 0.003860 0.999992
1.700322 0.302686 0.031680 -0.000589 -0.000460 0.000193 0.004412 0.999990
1.800247 0.426122 0.016527 0.002054 -0.000032 0.000448 0.007006 0.999975
1.900320 0.584508 0.032199 0.003547 0.000076 0.000428 0.009356 0.999956
1.912091 0.614331 0.035303 0.004242 0.000549 0.000195 0.010045 0.999949
2.012164 0.881446 0.049752 0.006235 0.000065 0.000570 0.014055 0.999901
2.112165 1.111626 0.069166 0.006719 -0.000521 0.000677 0.017087 0.999854
2.212119 1.336546 0.073780 0.008268 -0.001896 0.001165 0.019778 0.999802
2.312166 1.558150 0.099296 0.008807 -0.002721 0.001969 0.022567 0.999740
2.412167 1.785247 0.125237 0.014563 -0.003805 0.002281 0.025428 0.999667
2.511966 2.012979 0.147514 0.016812 -0.003571 0.001897 0.028195 0.999594
2.612068 2.250017 0.170445 0.018156 -0.002700 0.001531 0.031623 0.999495
2.712046 2.495632 0.186183 0.018646 -0.002108 0.001714 0.034222 0.999411
2.812168 2.742112 0.208545 0.020709 -0.002838 0.002251 0.036879 0.999313
2.912067 2.987413 0.224920 0.023380 -0.003221 0.002429 0.038790 0.999239
3.012020 3.248613 0.243809 0.029849 -0.003545 0.002173 0.039445 0.999213
3.104301 3.484093 0.256271 0.035816 -0.003240 0.000794 0.039166 0.999227
3.212118 3.776723 0.268012 0.038647 -0.003576 -0.000536 0.036497 0.999327
3.334979 4.115258 0.282328 0.032853 -0.003978 -0.000794 0.032436 0.999466
3.440212 4.379668 0.302111 0.028765 -0.004093 -0.000549 0.028780 0.999577
3.504726 4.560661 0.302851 0.031225 -0.004205 0.000125 0.026309 0.999645
3.612118 4.921052 0.301054 0.035597 -0.004017 0.001021 0.017594 0.999837
3.712171 5.214017 0.302876 0.038985 -0.003506 0.000478 0.011155 0.999932
3.812020 5.524816 0.293802 0.032043 -0.002278 -0.000151 0.002662 0.999994
3.912118 5.852753 0.285816 0.038952 -0.001280 0.000062 -0.005505 0.999984
4.012146 6.182975 0.261519 0.051178 -0.001268 0.001511 -0.015540 0.999877
4.112070 6.520365 0.228230 0.055380 -0.003301 0.003219 -0.025394 0.999667
4.212096 6.861057 0.208868 0.054882 -0.004113 0.003083 -0.036557 0.999318
4.312068 7.200568 0.171351 0.053972 -0.003764 0.001809 -0.048448 0.998817
4.478314 7.760535 0.088614 0.064119 -0.002902 -0.000060 -0.071780 0.997416
4.576519 8.037463 0.039545 0.069607 -0.003258 -0.000273 -0.080300 0.996765
4.640815 8.223237 0.007672 0.069155 -0.004126 -0.000503 -0.090017 0.995932
4.740936 8.584488 -0.082605 0.069115 -0.003844 -0.001908 -0.114598 0.993403
4.809587 8.824981 -0.158908 0.069596 -0.003630 -0.002770 -0.128332 0.991721
4.910590 9.211423 -0.294360 0.071897 -0.002523 -0.003836 -0.156113 0.987728
5.040737 9.699464 -0.500368 0.078027 -0.001344 -0.003261 -0.186336 0.982480
5.101649 9.882758 -0.575505 0.075852 -0.000995 -0.002754 -0.195324 0.980734
5.238169 10.359598 -0.850671 0.085924 0.001418 -0.000817 -0.234358 0.972149
5.303124 10.570569 -0.974422 0.090990 0.002169 -0.000349 -0.244380 0.969677
5.465150 11.114978 -1.367418 0.097621 0.003480 0.001239 -0.288181 0.957569
5.512117 11.282286 -1.442597 0.101753 0.004279 0.001296 -0.292758 0.956176
5.612115 11.584973 -1.726261 0.112883 0.005994 0.000879 -0.321367 0.946935
5.712069 11.890462 -2.027860 0.123267 0.006105 0.000540 -0.346255 0.938120
5.840213 12.290765 -2.427714 0.129849 0.004773 0.000422 -0.377293 0.926082
5.945875 12.569356 -2.775715 0.121923 0.003410 0.000078 -0.399340 0.916797
6.011269 12.742524 -2.981857 0.120392 0.002547 -0.000066 -0.413641 0.910437
6.146373 13.094806 -3.480739 0.108612 0.001342 0.000091 -0.449499 0.893280
6.210326 13.266269 -3.720348 0.108451 0.002562 0.000601 -0.463126 0.886289
6.345900 13.569562 -4.293394 0.113038 0.005254 0.000698 -0.498860 0.866666
6.465117 13.834087 -4.801767 0.122464 0.005211 0.001341 -0.523521 0.851996
6.565066 14.017870 -5.237270 0.121567 0.004487 0.002142 -0.543893 0.839140
6.665170 14.188736 -5.706338 0.111161 0.003531 0.003383 -0.565126 0.824990
6.765047 14.328122 -6.189674 0.103993 0.004356 0.004006 -0.585387 0.810732
6.801900 14.367686 -6.361105 0.096969 0.005418 0.003559 -0.592778 0.805340
6.945894 14.517193 -7.177907 0.086691 0.010489 0.003175 -0.620374 0.784230
7.012141 14.595763 -7.538301 0.094773 0.011412 0.003707 -0.628707 0.777550
7.145846 14.712077 -8.345169 0.083212 0.011540 0.006214 -0.646294 0.762976
7.245823 14.789173 -8.945639 0.074934 0.013611 0.005259 -0.655612 0.754957
7.312144 14.822633 -9.340251 0.059813 0.015054 0.003498 -0.661951 0.749388
7.445895 14.885279 -10.254663 0.049073 0.015588 -0.001059 -0.672313 0.740102
7.512042 14.914476 -10.655301 0.044839 0.014476 -0.000975 -0.676684 0.736130
7.612166 14.968947 -11.358215 0.031543 0.014150 -0.000131 -0.681966 0.731247
7.712041 15.006905 -12.067867 0.024270 0.014066 0.000367 -0.686650 0.726852
7.845898 15.035091 -13.027901 0.006969 0.014392 -0.000280 -0.692471 0.721302
7.946097 15.063239 -13.663770 -0.000832 0.014238 -0.000812 -0.696585 0.717332
8.012113 15.077974 -14.105461 -0.011254 0.014409 -0.001030 -0.698881 0.715092
8.146195 15.080990 -15.144060 -0.024877 0.015939 -0.001192 -0.701827 0.712168
8.291968 15.092781 -16.179065 -0.034883 0.017040 -0.000484 -0.705089 0.708914
8.314581 15.117659 -16.238514 -0.034929 0.017066 -0.000526 -0.706255 0.707752
8.412067 15.132119 -17.034404 -0.049526 0.016929 0.000185 -0.705646 0.708363
8.533881 15.137123 -18.037014 -0.069997 0.017611 -0.000020 -0.707021 0.706973
8.612140 15.138559 -18.649046 -0.084021 0.018360 -0.000138 -0.708828 0.705143
8.712117 15.134732 -19.490710 -0.092084 0.019435 -0.000996 -0.708631 0.705311
8.827028 15.135894 -20.458510 -0.109292 0.019760 -0.001892 -0.709169 0.704759
8.912067 15.126274 -21.146257 -0.126882 0.019674 -0.002430 -0.709644 0.704281
9.012071 15.115971 -22.011701 -0.141109 0.020029 -0.002810 -0.709560 0.704355
9.150686 15.086467 -23.219225 -0.164407 0.020226 -0.003313 -0.710297 0.703604
9.222860 15.092685 -23.757510 -0.174490 0.020285 -0.003529 -0.711362 0.702524
9.350886 15.080343 -24.864095 -0.188789 0.020553 -0.003923 -0.711010 0.702870
9.412168 15.081261 -25.344371 -0.201288 0.020339 -0.004070 -0.711495 0.702385
9.565199 15.059334 -26.769369 -0.225395 0.021116 -0.003892 -0.710633 0.703235
9.665076 15.057542 -27.610900 -0.234499 0.021093 -0.003685 -0.712391 0.701456
9.765125 15.039258 -28.482686 -0.247394 0.020543 -0.003372 -0.712537 0.701326
9.865129 15.042554 -29.353396 -0.263114 0.019788 -0.003146 -0.712701 0.701182
9.965173 15.035962 -30.254139 -0.279380 0.019178 -0.002765 -0.712687 0.701215
10.065149 15.033651 -31.172219 -0.293932 0.019246 -0.002470 -0.713206 0.700686
10.165201 15.021764 -32.115932 -0.308648 0.018846 -0.001855 -0.713067 0.700841
10.265200 15.014717 -33.073866 -0.330560 0.019185 -0.001125 -0.713219 0.700677
10.365105 15.004561 -34.066836 -0.344830 0.019940 -0.000775 -0.713282 0.700593
