1.600665 0.004304197 0.000898050 0.001777492 0.000093327 -0.000386372 0.003682634 0.999993140
1.700692 0.242595425 0.026422585 0.003600789 0.000347825 -0.000371669 0.014254328 0.999898272
1.800590 0.448957137 0.048705182 0.003279224 0.000509268 -0.000355916 0.017069563 0.999854111
1.901000 0.649646233 0.079579282 0.002545587 0.000633608 -0.000333395 0.026069632 0.999659873
2.001000 0.825574670 0.115657757 0.002854693 0.000675659 -0.000221239 0.035917173 0.999354517
2.100678 0.825351876 0.118422395 0.002931425 0.000679857 -0.000226472 0.035883576 0.999355720
2.200673 1.312649083 0.244560153 0.004720773 -0.000004451 0.000086495 0.069033190 0.997614360
2.300787 1.415787269 0.277105002 0.006290900 0.000120689 -0.000311178 0.073732951 0.997277966
2.400786 1.512202401 0.316462490 0.007458273 0.000379789 -0.000682085 0.089504604 0.995986103
2.501000 1.684459809 0.376583759 0.006323524 0.000649172 -0.000808004 0.107185506 0.994238499
2.601000 1.949637984 0.461529372 0.008176067 0.000734319 -0.001041030 0.125475455 0.992095906
2.701000 2.245804468 0.566347171 0.010606046 0.000373930 -0.001049208 0.144967901 0.989435732
2.800898 2.245887311 0.566017128 0.010549765 0.000369603 -0.001044135 0.144979746 0.989434003
2.900891 2.882267390 0.876371359 0.014451166 -0.002876091 0.000446658 0.200566536 0.979675759
3.001000 3.098680494 1.008758500 0.011500461 -0.003296450 0.000533158 0.210732394 0.977538085
3.100873 3.086636590 1.002454143 0.011501928 -0.003341697 0.000544571 0.210468043 0.977594875
3.200751 3.538050306 1.339908617 0.007148160 -0.005125031 0.002711792 0.269644451 0.962942496
3.300887 3.802073693 1.521440150 0.008043474 -0.004437600 0.003204422 0.282500827 0.959251438
3.400799 4.048352560 1.726328884 0.010438877 -0.004761780 0.006022960 0.305579571 0.952135587
3.500883 4.287547365 1.949453187 0.011193738 -0.007338869 0.007962044 0.329561347 0.944072066
3.600518 4.532547725 2.212335677 0.002811972 -0.010001623 0.008521519 0.354265938 0.935052403
3.700217 4.758946795 2.482892816 -0.010419684 -0.012983897 0.009859724 0.379101957 0.925211279
3.800702 4.998029444 2.790152529 -0.027576380 -0.014158627 0.011970084 0.404344657 0.914418749
3.900615 5.218014171 3.097608404 -0.034096965 -0.014269165 0.014413474 0.429258587 0.902953880
4.000796 5.423114762 3.443752591 -0.032367418 -0.014394413 0.015976136 0.454874678 0.890295789
4.100579 5.626358786 3.799763844 -0.040029446 -0.014056530 0.016696683 0.480109896 0.876936784
4.201000 5.796870009 4.168673300 -0.056815395 -0.014046878 0.015758088 0.504822580 0.862964965
4.300686 5.800386121 4.168992336 -0.056574931 -0.014061496 0.015821136 0.504826151 0.862961484
4.400443 6.025791020 5.164095252 -0.109865879 -0.015253648 0.013768820 0.558745628 0.829084476
4.500640 6.233569037 5.572885770 -0.124038595 -0.014336154 0.013976430 0.573758288 0.818779922
4.600819 6.429150477 5.970561739 -0.141504320 -0.013454890 0.014494084 0.593218320 0.804798678
4.700465 6.564657373 6.391084268 -0.157681107 -0.012604754 0.015643578 0.611979896 0.790618116
4.801000 6.645194132 6.853793722 -0.171586148 -0.013134097 0.017585358 0.628918017 0.777161746
4.901000 6.662878154 7.357867544 -0.187436653 -0.015007830 0.018820578 0.645557311 0.763332371
5.000869 6.660024988 7.360787561 -0.186495586 -0.015014184 0.018870622 0.645626792 0.763272245
5.100878 6.556590223 8.632793040 -0.242760961 -0.017999936 0.018723970 0.677101537 0.735431114
5.200658 6.656250969 9.113515425 -0.266369308 -0.016585127 0.017694308 0.685489106 0.727678865
5.300671 6.748626674 9.558529142 -0.286750292 -0.016559664 0.017013996 0.694676889 0.718929984
5.400669 6.795917601 10.039653549 -0.306963141 -0.015361550 0.017134656 0.702359069 0.711450746
5.500640 6.793986897 10.567350176 -0.325703698 -0.014028341 0.018824497 0.708914170 0.704903925
5.600624 6.749297776 11.158803612 -0.342580530 -0.013822743 0.019487159 0.714827864 0.698892200
5.701000 6.692996508 11.765916988 -0.361773263 -0.014750234 0.017946799 0.719164281 0.694451640
5.800869 6.692394804 11.763596433 -0.361723652 -0.014809581 0.017958690 0.719145866 0.694469139
5.901000 6.589282665 12.990000699 -0.415451817 -0.016000378 0.016729055 0.725950087 0.687357693
6.000738 6.590239120 12.988349051 -0.415181558 -0.016061014 0.016766851 0.725981066 0.687322638
6.101000 6.497334149 14.255314138 -0.477978560 -0.017173695 0.018354333 0.728517732 0.684565627
6.200700 6.496146653 14.248192279 -0.476965795 -0.017225098 0.018406997 0.728523551 0.684556728
6.301000 6.417224310 15.528132852 -0.533096332 -0.018512610 0.019260314 0.729560177 0.683394667
6.401000 6.378729944 16.180961651 -0.558923344 -0.017890193 0.018894099 0.729923058 0.683033882
6.500829 6.377339052 16.182731439 -0.558742484 -0.017954840 0.018901290 0.729916969 0.683038493
6.601000 6.265342993 17.542161507 -0.621093658 -0.016813092 0.018074757 0.731329572 0.681577347
6.701000 6.210852723 18.256072517 -0.652739796 -0.017639469 0.017673848 0.731499216 0.681384899
6.800468 6.213587753 18.257253758 -0.652671605 -0.017665618 0.017708455 0.731535749 0.681344102
6.901000 6.087957108 19.672639782 -0.719352014 -0.020009852 0.018553765 0.731016168 0.681814290
7.000656 6.090170506 19.673264535 -0.718157845 -0.020183435 0.018464347 0.731019942 0.681807554
7.100652 5.927246297 21.575489647 -0.809028558 -0.019650576 0.016955966 0.730348391 0.682581554
7.200829 5.898908042 22.241990404 -0.840811074 -0.016965687 0.015804065 0.731150500 0.681822076
7.300838 5.862284780 22.800836794 -0.862891050 -0.015010772 0.015055330 0.731140478 0.681895605
7.400795 5.803192382 23.392836262 -0.886366962 -0.015861744 0.015186503 0.730591412 0.682461694
7.514736 5.770787032 23.775679514 -0.913203090 -0.017352360 0.015716401 0.730652909 0.682347578
7.601000 5.758230095 24.357392991 -0.933472137 -0.019293432 0.019154045 0.730453384 0.682421233
7.700827 5.754643044 24.386263491 -0.933381381 -0.019352656 0.019274082 0.730500991 0.682365215
7.800842 5.679620562 25.980549552 -1.006894415 -0.016006193 0.023910016 0.730929192 0.681846485
7.901000 5.609735425 26.835427837 -1.048698254 -0.014332453 0.021833569 0.731452558 0.681391981
8.000740 5.607887470 26.848040437 -1.049244086 -0.014267581 0.021941055 0.731424732 0.681419759
8.100764 5.429892784 28.850605896 -1.129586049 -0.009601474 0.018621951 0.732326900 0.680630844
8.201000 5.343091067 29.779179880 -1.169606552 -0.009226312 0.020116686 0.732648314 0.680247486
8.300754 5.341927455 29.772613573 -1.168027801 -0.009139757 0.020167924 0.732608518 0.680289996
8.400827 5.158429801 31.742437773 -1.226247705 -0.009207355 0.021166675 0.732770968 0.680083748
8.501000 5.100783170 32.491558329 -1.256455176 -0.011290844 0.021173612 0.733267919 0.679516265
8.601000 5.063695308 33.221292005 -1.288699903 -0.011438178 0.021902962 0.733275664 0.679482324
8.700827 5.067013374 33.208431223 -1.288234477 -0.011371546 0.022076514 0.733271002 0.679482858
8.801000 4.972415194 34.732357238 -1.352847324 -0.010257500 0.023854340 0.733111757 0.679612320
8.901000 4.897932704 35.542038693 -1.377823884 -0.010178659 0.023335740 0.733336011 0.679389530
9.001000 4.813936387 36.404710220 -1.405035220 -0.009854825 0.023524170 0.733420834 0.679296236
9.100288 4.814773850 36.408183770 -1.405228576 -0.009838400 0.023578718 0.733425710 0.679289318
9.200631 4.603612227 38.402213670 -1.472114980 -0.009421062 0.023787249 0.733070299 0.679671499
9.300491 4.569131560 39.228309330 -1.519774234 -0.008353268 0.024178295 0.733952371 0.678719050
9.401000 4.538699748 40.009066205 -1.549533589 -0.005280403 0.024363965 0.734657612 0.677979873
9.500633 4.540605037 39.996516772 -1.549876269 -0.005235942 0.024474661 0.734649272 0.677985268
9.600801 4.405706415 41.832525674 -1.604361215 -0.004532413 0.026356934 0.734867194 0.677683537
9.700895 4.323528091 42.612873696 -1.635872598 -0.007569691 0.027663740 0.735770595 0.676623270
9.800781 4.246637342 43.444469210 -1.674999069 -0.008943141 0.028959685 0.736215618 0.676067985
9.900882 4.163422232 44.298775399 -1.710762790 -0.008578790 0.028515077 0.736239580 0.676065511
10.001000 4.070768648 45.188272068 -1.747302888 -0.007984189 0.027085263 0.736674754 0.675657419
10.100856 4.069529265 45.193018335 -1.747557225 -0.008042838 0.027035782 0.736687666 0.675644627
10.200694 3.832133305 47.246513534 -1.824820068 -0.009613994 0.025459897 0.737550282 0.674743615
10.301000 3.764358757 48.178460248 -1.868412702 -0.010611898 0.026173235 0.737939304 0.674275859
10.400673 3.771579367 48.171781721 -1.866211875 -0.010699970 0.026177170 0.738008859 0.674198184
10.500688 3.589190492 50.201041765 -1.955878608 -0.013923597 0.024555873 0.739431741 0.672639460
10.600718 3.534454723 50.965199374 -1.991056539 -0.012043025 0.024593263 0.740104896 0.671933687
10.701000 3.474973107 51.682631787 -2.017308663 -0.010838204 0.025608922 0.740717006 0.671241413
10.800891 3.475912731 51.667692782 -2.015564186 -0.010887998 0.025585389 0.740611939 0.671357427
10.901000 3.286457436 53.241022291 -2.073914034 -0.011734319 0.025594392 0.740664774 0.671284534
11.000816 3.290059552 53.244323657 -2.073756561 -0.011666133 0.025781145 0.740701336 0.671238232
11.100907 3.055626998 55.105466377 -2.145992028 -0.012327717 0.026013109 0.741847063 0.669950953
11.200905 2.965494997 56.053188955 -2.192172866 -0.013259255 0.024958615 0.741206818 0.670681528
11.300706 2.890762030 56.977418460 -2.238191692 -0.016143085 0.023676904 0.741400235 0.670450965
11.400796 2.789250169 57.900189240 -2.280813434 -0.018865388 0.023025365 0.741053028 0.670786359
11.501000 2.676574447 58.815486087 -2.320280334 -0.020157394 0.022968736 0.740072128 0.671832838
11.600897 2.677185255 58.813639356 -2.319603547 -0.020195211 0.023003578 0.740112704 0.671785810
11.700795 2.450892552 60.825686888 -2.423572940 -0.020232483 0.024771480 0.737753383 0.674312217
11.800899 2.377347443 61.664683182 -2.471500671 -0.018808197 0.024220938 0.737962491 0.674144613
11.900797 2.303340801 62.492422389 -2.508607603 -0.016972927 0.023658087 0.737570590 0.674642008
12.000797 2.248767312 63.309366990 -2.543913073 -0.015571616 0.023119866 0.737910319 0.674322888
12.100898 2.186355629 64.134033754 -2.578728254 -0.015605172 0.022455611 0.737676147 0.674600716
12.200895 2.103019536 65.006493685 -2.618996893 -0.017232254 0.021556521 0.737301656 0.674999729
12.300895 2.007317451 65.888686371 -2.659851372 -0.018009815 0.020776706 0.736745187 0.675611208
12.400783 1.922218212 66.823888581 -2.703612266 -0.017917407 0.020255716 0.736854702 0.675510045
12.500784 1.838743352 67.758470936 -2.747350674 -0.017808487 0.019763908 0.736776864 0.675612388
12.600685 1.745065748 68.694913901 -2.794716617 -0.017394163 0.020240205 0.736345943 0.676078715
12.701000 1.662771913 69.626520116 -2.831571011 -0.016257014 0.020642479 0.736169310 0.676287176
12.801000 1.590110438 70.541752365 -2.867468222 -0.015058206 0.021274891 0.736185957 0.676277211
12.900779 1.591347425 70.537616053 -2.868549153 -0.014978781 0.021355696 0.736122563 0.676345432
13.000758 1.432901232 72.644790625 -2.945898809 -0.013201468 0.021401721 0.735694684 0.676846378
13.100869 1.352749068 73.511329174 -2.985235382 -0.012973258 0.021689936 0.735925706 0.676590420
13.200528 1.264638378 74.340254620 -3.027787810 -0.013521777 0.022274699 0.735268381 0.677274987
13.300840 1.180052575 75.212035435 -3.067523647 -0.015700637 0.022287382 0.734412433 0.678155690
13.400706 1.103332098 76.128181666 -3.106366489 -0.016595608 0.022510311 0.733772273 0.678819654
13.500851 1.024797093 77.090727456 -3.145908304 -0.016313286 0.022750377 0.733358366 0.679265635
13.601000 0.943650069 78.101194402 -3.195086816 -0.015164680 0.023482380 0.733268788 0.679364037
13.700854 0.946339712 78.109104128 -3.194635835 -0.015277916 0.023345746 0.733261799 0.679373753
13.801000 0.804113955 80.088814476 -3.287009288 -0.015305022 0.023475027 0.733104268 0.679538676
13.900671 0.802619812 80.091847463 -3.286977079 -0.015372325 0.023430097 0.733099160 0.679544218
14.000718 0.614041538 82.433823834 -3.393093192 -0.014040243 0.023449255 0.733023322 0.679654187
14.100700 0.525425099 83.309807793 -3.428355316 -0.015394519 0.022291595 0.733373280 0.679286189
14.200702 0.447329617 84.134498876 -3.459382863 -0.017224054 0.022463700 0.733338566 0.679274070
14.301000 0.388968014 84.945440104 -3.489122890 -0.018009258 0.022603158 0.733599017 0.678967779
14.400637 0.388452494 84.939995805 -3.488500918 -0.018051403 0.022634479 0.733603316 0.678960972
14.501000 0.250129491 86.673814601 -3.566189222 -0.018042786 0.022143012 0.733811064 0.678752876
14.601000 0.174043840 87.605088708 -3.619474930 -0.018979882 0.021613843 0.733804242 0.678751752
14.700843 0.173674605 87.614703675 -3.620281640 -0.018895521 0.021707832 0.733821021 0.678732966
14.800561 -0.004536951 89.802294811 -3.746823869 -0.020396884 0.022497977 0.733666909 0.678830372
14.900833 -0.084213714 90.728293630 -3.773913082 -0.021159087 0.021581871 0.733501170 0.679015869
15.000359 -0.152548268 91.553288259 -3.798434543 -0.022102473 0.021138453 0.732680230 0.679885525
15.101000 -0.222856722 92.376803943 -3.829662005 -0.022426861 0.020126379 0.732370089 0.680239677
15.201000 -0.294054068 93.244446039 -3.877964380 -0.022273145 0.019769106 0.732022653 0.680629065
15.300675 -0.292809135 93.248081852 -3.878767412 -0.022303607 0.019778251 0.732019218 0.680631497
15.401000 -0.435718924 95.073151004 -3.972943761 -0.021090053 0.018020626 0.731581255 0.681189646
15.501000 -0.504880740 96.046929520 -4.014677956 -0.020918968 0.018059050 0.731673790 0.681094511
15.600817 -0.506334263 96.051584636 -4.015725083 -0.020932733 0.018089030 0.731688996 0.681076957
15.701000 -0.645519799 97.929969935 -4.102135643 -0.022258121 0.020581083 0.732232722 0.680379480
15.800446 -0.648507500 97.929325779 -4.102233128 -0.022318841 0.020549994 0.732230843 0.680380453
15.901000 -0.804850461 99.752930161 -4.189182727 -0.021988590 0.021217509 0.733550928 0.678947240
16.001000 -0.877362094 100.657246927 -4.229634839 -0.021115876 0.020577294 0.734271742 0.678215087
16.101000 -0.956803813 101.547313150 -4.264529476 -0.019957453 0.020456972 0.734988933 0.677476553
16.201000 -1.032905363 102.451024044 -4.301976348 -0.018471057 0.021184989 0.735640008 0.676789329
16.301000 -1.112983481 103.360419951 -4.358415730 -0.018150301 0.023021472 0.736598283 0.675694863
16.401000 -1.185793488 104.279331917 -4.419436175 -0.019076825 0.024317040 0.737423394 0.674723272
16.500759 -1.185755897 104.280950286 -4.418447651 -0.019014054 0.024372939 0.737416108 0.674730990
16.600875 -1.416661077 106.607909566 -4.560898208 -0.022911702 0.027886069 0.739125203 0.672600443
16.700697 -1.492543040 107.400518067 -4.575192049 -0.021658869 0.026066895 0.740078782 0.671665696
16.800589 -1.569376932 108.135826385 -4.589037392 -0.021656714 0.023014019 0.740763231 0.671022486
16.900783 -1.660497565 108.870163166 -4.632075208 -0.022250665 0.020429325 0.741345359 0.670443592
17.000483 -1.754239506 109.669601238 -4.695004788 -0.022410077 0.020736989 0.741896780 0.669818583
17.101000 -1.854395225 110.568687999 -4.758782701 -0.022944252 0.022535243 0.742755344 0.668790119
17.200866 -1.854383407 110.576402399 -4.758916306 -0.022993998 0.022484715 0.742766150 0.668778109
17.276000 -2.092139961 112.528355899 -4.866196037 -0.020244943 0.025305867 0.744999453 0.666277397
17.393857 -2.221548318 113.815330108 -4.912026187 -0.019054243 0.023492317 0.745394278 0.665937247
17.501000 -2.303199567 114.682901335 -4.949890994 -0.019544938 0.023047684 0.745764739 0.665523669
17.601000 -2.385150977 115.447761205 -4.992375221 -0.019637307 0.022640692 0.745969070 0.665305886
17.686714 -2.385596683 115.432756347 -4.992705408 -0.019609926 0.022724426 0.745941539 0.665334706
17.801000 -2.592710124 117.043922031 -5.083562206 -0.019357231 0.022381714 0.746177571 0.665089009
17.900637 -2.592953375 117.047422352 -5.081402427 -0.019522283 0.022244018 0.746199341 0.665064379
18.001000 -2.823899666 118.805752911 -5.169304879 -0.019974073 0.021833837 0.745918403 0.665379633
18.124336 -2.869838369 119.453571065 -5.203296850 -0.020494270 0.021140181 0.746178763 0.665094228
18.224736 -2.965791920 119.995824300 -5.223210763 -0.020508844 0.020541081 0.746018927 0.665291824
18.300531 -2.967973795 119.987514195 -5.222981128 -0.020462750 0.020596872 0.745961936 0.665355419
18.400846 -3.175624642 121.200741832 -5.281055888 -0.018026404 0.020829895 0.744345492 0.667226313
18.501000 -3.251684711 121.849605423 -5.316977393 -0.019757833 0.020992865 0.744197046 0.667337759
18.601000 -3.315281410 122.710174325 -5.358502572 -0.018845018 0.021221844 0.743904713 0.667682766
18.700908 -3.317328143 122.720896336 -5.359171166 -0.018820935 0.021294392 0.743924047 0.667659594
18.800793 -3.533157636 124.790267663 -5.469784908 -0.016520418 0.021696681 0.742608797 0.669170011
18.900587 -3.649073080 125.833296045 -5.510099004 -0.018374201 0.020696480 0.742745728 0.669001366
19.000684 -3.752591462 126.792979452 -5.542354948 -0.017751578 0.021189437 0.742222622 0.669583055
19.100863 -3.853129102 127.671664027 -5.578193101 -0.018168974 0.021137990 0.741990191 0.669831046
19.201000 -3.944807766 128.532287949 -5.624122138 -0.021037784 0.022113538 0.741389045 0.670381001
19.301000 -4.021959619 129.386840964 -5.669371645 -0.021744537 0.022824854 0.741301171 0.670431783
19.400628 -4.021051352 129.385584456 -5.670021034 -0.021549861 0.023186401 0.741234382 0.670499504
19.500571 -4.221593313 131.302893634 -5.758930253 -0.018234153 0.022034746 0.739835853 0.672179214
19.600848 -4.311762540 132.166615387 -5.793550258 -0.015428344 0.022226341 0.739843281 0.672234985
19.700705 -4.398524935 133.034453848 -5.836277985 -0.014499879 0.022209011 0.739459587 0.672678253
19.801000 -4.481672882 133.894945779 -5.873110977 -0.016216626 0.022221802 0.739488740 0.672606584
19.900769 -4.478800305 133.892779808 -5.873584642 -0.016204506 0.022249399 0.739504926 0.672588167
20.000794 -4.670909981 135.833911255 -5.948126873 -0.015681656 0.026116623 0.739080123 0.672928361
20.101000 -4.750631488 136.706400598 -5.990869356 -0.018022025 0.024879433 0.738865310 0.673152490
20.200894 -4.750205542 136.705794503 -5.990827290 -0.017938368 0.025024946 0.738819119 0.673200027
20.300671 -4.928699424 138.593153501 -6.097360089 -0.023025998 0.027897271 0.738159227 0.673656070
20.400868 -5.013219723 139.362220470 -6.136093241 -0.022151538 0.028320492 0.738048756 0.673788759
20.500861 -5.095253444 140.114022628 -6.174235364 -0.022488050 0.028238673 0.737805841 0.674047036
20.600597 -5.161492236 140.888440459 -6.215344131 -0.022735968 0.026677790 0.737689496 0.674229619
20.700876 -5.248659965 141.703462236 -6.268775238 -0.022961434 0.026030159 0.737807498 0.674118164
20.800877 -5.336660981 142.548885517 -6.322628515 -0.024109293 0.025501932 0.737543474 0.674387142
20.900771 -5.414279367 143.399182526 -6.370482978 -0.025228196 0.025495810 0.737277631 0.674637085
21.001000 -5.492451397 144.232062964 -6.418839007 -0.026202069 0.025915302 0.737189090 0.674680735
21.101000 -5.567299080 145.019486603 -6.464119905 -0.026276686 0.026215767 0.737048627 0.674819672
21.200881 -5.566871611 145.022182373 -6.463727606 -0.026382726 0.026183070 0.737038383 0.674827993
21.329547 -5.682714598 146.412277787 -6.544895462 -0.026099923 0.025415282 0.736696773 0.675241232
21.400875 -5.678434898 146.386519696 -6.539425209 -0.026146914 0.025746428 0.736788655 0.675126609
21.500874 -5.799187414 147.624188287 -6.612933193 -0.024448574 0.024742417 0.737736682 0.674191863
21.600618 -5.877039149 148.324220625 -6.657382026 -0.024791513 0.024592978 0.738192588 0.673685586
21.700616 -5.956059673 149.069273495 -6.699551821 -0.024825875 0.024822477 0.738936977 0.672859320
21.800740 -6.032435699 149.829263179 -6.739922015 -0.025120301 0.025053978 0.739312767 0.672426874
21.900744 -6.117400883 150.586077945 -6.781077988 -0.025557357 0.024488431 0.739590570 0.672125678
22.000867 -6.189706891 151.341451980 -6.825248903 -0.024903004 0.024418909 0.739710987 0.672020248
22.100716 -6.252224839 152.054823445 -6.870195492 -0.024086962 0.024784891 0.739626849 0.672129193
22.200546 -6.313639897 152.746345976 -6.910597916 -0.023913129 0.025357532 0.739350957 0.672417519
22.300839 -6.370887722 153.423887393 -6.946470678 -0.024210388 0.025652992 0.739129006 0.672639647
22.400820 -6.440476029 154.088927254 -6.983913317 -0.025029200 0.026249731 0.738728216 0.673026830
22.501000 -6.510406467 154.749082336 -7.023907968 -0.025196241 0.026704397 0.737971802 0.673832060
22.601000 -6.572098030 155.404439991 -7.062062255 -0.025267337 0.026686855 0.737031173 0.674858817
22.700430 -6.572843869 155.401514667 -7.061305178 -0.025338856 0.026665302 0.737052441 0.674833759
22.800831 -6.739902220 157.137898144 -7.164945855 -0.024569136 0.025607655 0.734342771 0.677850500
22.900852 -6.752444945 157.643515906 -7.193590709 -0.024965319 0.024079536 0.732978641 0.679366780
23.001000 -6.759747351 158.085172340 -7.213616617 -0.025355546 0.023265872 0.730758501 0.681768149
23.101000 -6.782538161 158.529849643 -7.235256276 -0.025284307 0.022104610 0.728195853 0.684545755
23.201000 -6.823799679 159.051609598 -7.263854330 -0.024597118 0.020837889 0.724732445 0.688275851
23.301000 -6.871842955 159.631332009 -7.298300327 -0.023009946 0.020155728 0.721246142 0.692003101
23.400859 -6.870564806 159.637639566 -7.298301267 -0.023143711 0.020066456 0.721288745 0.691956828
23.500722 -6.926801311 161.186984202 -7.383648708 -0.021784790 0.017101245 0.710980610 0.702666025
23.601000 -6.913372249 161.792547407 -7.411270295 -0.023792598 0.018514352 0.709312612 0.704249068
23.700847 -6.913447725 161.771076748 -7.410178118 -0.023814821 0.018519213 0.709460515 0.704099191
23.800587 -6.847261529 163.190907825 -7.467826792 -0.025185070 0.018899555 0.695967062 0.717382999
23.900871 -6.847183462 163.563562137 -7.486744864 -0.025623821 0.018093472 0.693670050 0.719609552
24.000703 -6.847897779 163.880392665 -7.506194253 -0.025952418 0.017420209 0.687893324 0.725138458
24.100844 -6.829753795 164.256790931 -7.528839130 -0.027396106 0.016702591 0.681972398 0.730673747
24.200662 -6.760104844 164.719146829 -7.555035802 -0.027953259 0.017187386 0.675141639 0.736957920
24.300648 -6.681737474 165.296105239 -7.580956351 -0.028544423 0.017540700 0.667432089 0.743916626
24.400416 -6.599469509 165.930133275 -7.605913048 -0.030196508 0.017718761 0.659356912 0.751014433
24.500422 -6.529847239 166.573260782 -7.641884187 -0.031885381 0.017023711 0.650495226 0.758649772
24.600570 -6.458994826 167.162990421 -7.682140345 -0.033113327 0.015346225 0.641293224 0.766427428
24.700495 -6.358005590 167.697035759 -7.714702044 -0.033110942 0.013488020 0.632116580 0.774048040
24.800303 -6.233028264 168.196562260 -7.740592029 -0.033151140 0.012304055 0.623084916 0.781354465
24.901000 -6.086259725 168.699481312 -7.766238643 -0.032999425 0.011871462 0.613141788 0.789194053
25.001000 -5.939620510 169.210211213 -7.791511566 -0.033336694 0.011267009 0.603096578 0.796891610
25.100721 -5.943612748 169.210744566 -7.791029147 -0.033386428 0.011205890 0.603138313 0.796858802
25.201000 -5.622621848 170.212691767 -7.830145745 -0.035310554 0.009783974 0.581480210 0.812735015
25.300646 -5.617345422 170.214041309 -7.830078410 -0.035402957 0.009734001 0.581434175 0.812764529
25.400824 -5.106049387 171.426205952 -7.881561141 -0.036628000 0.008551480 0.549215036 0.834834178
25.501000 -4.919111795 171.867961057 -7.914127789 -0.036124114 0.009314966 0.542880210 0.838981142
25.600641 -4.920943138 171.845540844 -7.912509660 -0.036227480 0.009361942 0.543104813 0.838830785
25.700682 -4.378973298 172.820492867 -7.969501262 -0.037632683 0.010510041 0.508451491 0.860203698
25.800816 -4.177642642 173.209346334 -7.984679361 -0.037777013 0.010508981 0.501526128 0.864253436
25.900828 -3.971141896 173.547730914 -7.990713321 -0.038463741 0.010177077 0.487835757 0.872028235
26.000845 -3.720568416 173.892131955 -8.005870490 -0.038708187 0.009404175 0.473397197 0.879947914
26.100851 -3.447015569 174.282421939 -8.026569998 -0.039454193 0.008521703 0.457876818 0.888098850
26.200547 -3.121280495 174.724907184 -8.051602624 -0.040654014 0.007742608 0.442249286 0.895936868
26.300843 -2.751894763 175.154432749 -8.074269338 -0.041497671 0.007319598 0.426493980 0.903508302
26.401000 -2.364103059 175.555273947 -8.095401609 -0.041581218 0.006334117 0.410080113 0.911079131
26.501000 -1.983874330 175.945312567 -8.111866896 -0.042006473 0.005469137 0.393738066 0.918246089
26.601000 -1.587537987 176.326337490 -8.132604267 -0.041865281 0.005023513 0.377406885 0.925087080
26.701000 -1.192243701 176.690204942 -8.149741241 -0.042100904 0.004540313 0.360448847 0.931817326
26.800697 -1.194460198 176.687626943 -8.149132889 -0.042152889 0.004527278 0.360477037 0.931804134
26.901000 -0.337968067 177.387102732 -8.181707527 -0.043087188 0.003565989 0.326776164 0.944112343
27.000869 -0.342171440 177.381964713 -8.180273332 -0.043248299 0.003674933 0.326824915 0.944087683
27.101000 0.543421614 177.983678366 -8.203555920 -0.043603754 0.003351150 0.293932295 0.954825266
27.200756 0.544329967 177.982236411 -8.202834966 -0.043651536 0.003413714 0.293854993 0.954846654
27.300885 1.817510588 178.560791661 -8.215668486 -0.045730793 0.001854736 0.249691645 0.967243163
27.400885 2.257313931 178.954992702 -8.237056081 -0.044072437 0.001877492 0.240144721 0.969734298
27.500813 2.633259110 179.234759002 -8.248506610 -0.043965322 0.001530686 0.226305107 0.973062540
27.601000 3.053705977 179.424271247 -8.253642480 -0.043870531 0.001684811 0.213022854 0.976060347
27.700866 3.051887080 179.413752438 -8.252909467 -0.043865934 0.001708775 0.213140507 0.976034827
27.800821 4.314413543 179.700160404 -8.246609507 -0.044574597 -0.000511625 0.178127474 0.982997175
27.900825 4.816100102 179.955656462 -8.257390809 -0.045297712 0.000024232 0.171012579 0.984227014
28.000513 5.257021030 180.163688532 -8.269566033 -0.045255194 0.000274172 0.158469679 0.986326139
28.100515 5.745296946 180.330617316 -8.273860420 -0.044214075 -0.000120974 0.144609004 0.988500550
28.201000 6.306670602 180.454957301 -8.272857925 -0.043514237 0.000592507 0.131446261 0.990367629
28.301000 6.897248145 180.550178810 -8.266452339 -0.044095182 0.001208771 0.118457164 0.991978858
28.401000 7.492297067 180.644075620 -8.264039958 -0.044786824 0.001487547 0.105821336 0.993374940
28.501000 8.091794376 180.736969251 -8.266139369 -0.045732046 0.001751071 0.093818427 0.994536885
28.601000 8.706534339 180.851876693 -8.269956331 -0.044867148 0.001728316 0.081243487 0.995682403
28.700788 8.705725625 180.851196691 -8.270182279 -0.044964576 0.001737656 0.081253620 0.995677165
28.800894 10.427012720 180.995845637 -8.264707447 -0.046980619 -0.000702194 0.047466525 0.997767136
28.900407 10.914168272 181.116265577 -8.269778033 -0.047149109 -0.000879781 0.041514106 0.998024432
29.000631 11.352558503 181.189210244 -8.274968687 -0.047280081 -0.000168960 0.030841591 0.998405409
29.101000 11.859748403 181.206821188 -8.271940835 -0.046085388 0.000329987 0.022096127 0.998693041
29.201000 12.502085388 181.190950467 -8.263981096 -0.045827781 0.000666988 0.013263102 0.998861081
29.301000 13.223504559 181.166536050 -8.255716544 -0.045940915 0.000259977 0.005354416 0.998929775
29.400535 13.233991450 181.164911748 -8.255608108 -0.046003727 0.000317204 0.005292498 0.998927198
29.500322 15.246577698 181.053723166 -8.233838061 -0.042419550 0.000233700 -0.012570714 0.999020773
29.601000 15.855785421 181.096591949 -8.231023519 -0.041328103 0.000780325 -0.012810938 0.999063191
29.701000 16.348354398 181.135509275 -8.232738336 -0.040360380 0.001762458 -0.014620500 0.999076661
29.800850 16.322661777 181.136566847 -8.233090241 -0.040313298 0.001798362 -0.014461188 0.999080817
29.900814 17.902369786 181.124362158 -8.236113440 -0.037200280 0.005186946 -0.016849036 0.999152313
30.001000 18.503875960 181.057432579 -8.227751631 -0.037347038 0.005237222 -0.017421637 0.999136756
30.100857 18.474605618 181.053535554 -8.228189399 -0.037492150 0.005285679 -0.017212974 0.999134683
30.200700 20.212346393 180.913824695 -8.219648920 -0.035955784 0.004972214 -0.015777445 0.999216458
30.300518 20.760377131 180.936793715 -8.220397066 -0.035664995 0.003918277 -0.016321967 0.999222822
30.401000 21.306790923 180.960637194 -8.218723041 -0.034853122 0.003413760 -0.015566835 0.999265370
30.500497 21.294540285 180.961025847 -8.219507481 -0.034908856 0.003474592 -0.015487212 0.999264452
30.601000 22.540505066 180.953349009 -8.214030015 -0.035704867 0.003867880 -0.013138397 0.999268525
30.700643 22.544663125 180.948887825 -8.213625178 -0.035676723 0.003891985 -0.013165133 0.999269084
30.801000 23.975393144 180.905452193 -8.207955874 -0.037017791 0.004385700 -0.010771478 0.999246928
30.901000 24.774654479 180.887018574 -8.205304590 -0.037226782 0.005302763 -0.009485345 0.999247755
31.001000 25.551788271 180.881678281 -8.203445829 -0.037476823 0.006275763 -0.008583871 0.999240922
31.100582 25.555708982 180.880801330 -8.203825994 -0.037630424 0.006305525 -0.008672556 0.999234196
31.201000 27.024731937 180.863746114 -8.201104533 -0.036850201 0.006320707 -0.007159152 0.999275166
31.300855 27.022166712 180.862288972 -8.201494529 -0.036894576 0.006369015 -0.007236743 0.999272663
31.401000 28.417055103 180.852322836 -8.204914754 -0.036877595 0.006147351 -0.006580943 0.999279212
31.500572 28.414330564 180.851068944 -8.205561495 -0.036875228 0.006203244 -0.006568385 0.999279037
31.600580 30.338165468 180.841922222 -8.208361805 -0.034919195 0.006575075 -0.005313188 0.999354386
31.700726 30.890068900 180.822903610 -8.199915501 -0.034096864 0.006391438 -0.007429943 0.999370477
31.800701 31.354814712 180.798075109 -8.192339723 -0.034984651 0.005765860 -0.007881830 0.999340135
31.901000 31.858149255 180.790449639 -8.192191308 -0.036234151 0.005074116 -0.008358897 0.999295486
32.000573 31.840059849 180.793523767 -8.193422263 -0.036288249 0.005120003 -0.008333373 0.999293502
32.100854 33.402314924 180.803051713 -8.201255281 -0.037544606 0.004316269 -0.012175860 0.999211450
32.200718 34.084420148 180.799829434 -8.204878229 -0.037883439 0.005230306 -0.015820873 0.999143227
32.300729 34.689624702 180.771533578 -8.200038456 -0.039160584 0.005944996 -0.021005511 0.998994431
32.400730 35.274484183 180.727611182 -8.189210610 -0.040439887 0.005823247 -0.028113676 0.998769406
32.500573 35.843432112 180.684514928 -8.181943320 -0.041260531 0.006216027 -0.036490459 0.998462506
32.600706 36.452245990 180.613425515 -8.180330961 -0.041887598 0.006142028 -0.047635208 0.997967230
32.700568 37.073677232 180.560748790 -8.180338593 -0.042738267 0.004867968 -0.059479418 0.997302332
32.800856 37.731596889 180.479908557 -8.177413558 -0.043743978 0.003272442 -0.073669327 0.996317513
32.900705 38.377947625 180.377730301 -8.169778372 -0.043999704 0.001774113 -0.088838456 0.995072162
33.000853 39.028004242 180.243416207 -8.152498676 -0.043704767 -0.000077306 -0.105534944 0.993454711
33.101000 39.636079552 180.090170331 -8.138267577 -0.043360824 -0.000939939 -0.123689116 0.991372764
33.200532 39.633867182 180.089232825 -8.138366756 -0.043414031 -0.000903761 -0.123601237 0.991381430
33.300573 41.192341467 179.621657324 -8.088548233 -0.042726988 -0.003154400 -0.169565876 0.984587156
33.400802 41.764956796 179.399340762 -8.073130412 -0.040983432 -0.002503505 -0.180503442 0.982716947
33.500637 42.170080508 179.194558294 -8.054011878 -0.038982563 -0.001733275 -0.196861260 0.979654531
33.601000 42.572904329 178.968690552 -8.031083588 -0.038950851 0.001302578 -0.214668966 0.975908996
33.701000 43.020387573 178.735218676 -8.018699140 -0.036792123 0.002323748 -0.231533624 0.972128140
33.801000 43.527133958 178.451558095 -8.009927373 -0.034150456 0.002090714 -0.248513024 0.968024097
33.901000 44.068554618 178.131487526 -7.992766503 -0.033852483 0.001878551 -0.266022975 0.963370260
34.001000 44.621222053 177.785898110 -7.974517274 -0.035160980 0.001140535 -0.283954727 0.958192109
34.101000 45.169469105 177.423450751 -7.960534793 -0.035566881 0.000073497 -0.301392778 0.952836494
34.200809 45.169056865 177.423522908 -7.959979279 -0.035520052 0.000138110 -0.301405109 0.952834334
34.301000 46.139993928 176.640884100 -7.917223944 -0.032949839 0.000973609 -0.336193445 0.941215877
34.400740 46.134539967 176.645777139 -7.917402779 -0.033032042 0.001055003 -0.336220539 0.941203230
34.500880 47.251160702 175.601834884 -7.864463079 -0.033575233 0.002397301 -0.381412737 0.923791795
34.601000 47.731334129 175.140953492 -7.844667623 -0.032428290 0.000247054 -0.393298864 0.918838587
34.700773 47.713094374 175.154281848 -7.844481802 -0.032530452 0.000469478 -0.392895467 0.919007454
34.801000 48.458002449 174.254418202 -7.811851335 -0.031272948 -0.002782089 -0.425809295 0.904268051
34.900142 48.440320207 174.268428332 -7.811421848 -0.031262630 -0.002741380 -0.425575046 0.904378800
34.999684 49.099784045 173.205055609 -7.761464381 -0.029464891 -0.005557461 -0.465373098 0.884606587
35.100020 49.522274545 172.662716945 -7.718181419 -0.028571601 -0.004918482 -0.475763969 0.879095056
35.201000 49.885965464 172.126393341 -7.684315229 -0.027265124 -0.004954640 -0.489561884 0.871528098
35.301000 50.177705880 171.584118016 -7.659639436 -0.026153672 -0.005514526 -0.503079631 0.863826638
35.401000 50.436789654 171.021721172 -7.634486762 -0.025424647 -0.006020147 -0.516527921 0.855871633
35.501000 50.690883229 170.446053800 -7.607094561 -0.024851587 -0.006704977 -0.529067346 0.848189357
35.600886 50.689787533 170.446564705 -7.606395798 -0.024836355 -0.006688519 -0.529032813 0.848211473
35.701000 51.200373327 169.234305053 -7.543805572 -0.023813886 -0.008760134 -0.551892308 0.833529267
35.801000 51.451161528 168.613061381 -7.509720972 -0.023394681 -0.009473412 -0.562327505 0.826529322
35.900769 51.451438941 168.614846256 -7.509553865 -0.023382113 -0.009480085 -0.562335014 0.826524492
36.000882 51.942335230 167.010624977 -7.420247864 -0.024450388 -0.012869499 -0.584426613 0.810976010
36.101000 52.173737535 166.372892233 -7.383545690 -0.025475165 -0.012741738 -0.591609758 0.805721142
36.201000 52.357875183 165.789044720 -7.349465312 -0.026496814 -0.013209819 -0.599225469 0.800032660
36.300383 52.354892806 165.803264341 -7.350391841 -0.026438718 -0.013248490 -0.599171456 0.800074395
36.401000 52.679626855 164.546370479 -7.272059860 -0.024691761 -0.013048220 -0.611107280 0.791054962
36.500452 52.671917493 164.548221872 -7.272628115 -0.024715791 -0.013008556 -0.611026919 0.791116939
36.600755 53.053365891 162.791512881 -7.159593798 -0.022607805 -0.011865600 -0.619209010 0.784810994
36.701000 53.219738602 162.051609400 -7.118761027 -0.024589909 -0.011329122 -0.622347350 0.782272819
36.801000 53.392273238 161.375151028 -7.089563554 -0.025652577 -0.009755765 -0.625909532 0.779412617
36.900807 53.390180664 161.387382537 -7.090611146 -0.025603631 -0.009748829 -0.625861632 0.779452778
37.000277 53.805398194 159.645682299 -7.013490925 -0.026935533 -0.005200387 -0.631626742 0.774787126
37.100187 53.922597856 158.947218862 -6.962473991 -0.027831718 -0.004468864 -0.636530917 0.770735893
37.199990 54.038093367 158.275800123 -6.913983514 -0.029558583 -0.001845415 -0.641240993 0.766767810
37.300000 54.181173935 157.573313144 -6.883803477 -0.030125462 -0.000600879 -0.646367512 0.762431069
37.401000 54.308390434 156.839228634 -6.865220705 -0.029980281 -0.001964065 -0.652033131 0.757594959
37.499750 54.308911418 156.838081872 -6.865046884 -0.029956846 -0.001886090 -0.652078514 0.757557022
37.598826 54.600387225 155.006505484 -6.797673730 -0.030767749 -0.006413314 -0.661943927 0.748894154
37.698581 54.683827661 154.141803219 -6.732140222 -0.030769791 -0.007506940 -0.666821174 0.744544416
37.801000 54.749902484 153.322231121 -6.658882036 -0.029181849 -0.007030198 -0.670735942 0.741088585
37.901000 54.802239606 152.552596611 -6.600404868 -0.027404888 -0.005497544 -0.674644553 0.737613365
37.999765 54.800335143 152.559056889 -6.600536314 -0.027509628 -0.005358019 -0.674599278 0.737651900
38.100851 54.955543230 150.670614157 -6.495766938 -0.019596764 -0.005686811 -0.680108740 0.732827216
38.200858 55.033014398 149.864249240 -6.480442126 -0.020668591 -0.007644656 -0.681694104 0.731305351
38.300732 55.098695877 149.082142256 -6.461895843 -0.019747870 -0.009440798 -0.683275738 0.729832282
38.400861 55.161096355 148.307414972 -6.420431015 -0.020175772 -0.010334158 -0.683181076 0.729897089
38.500706 55.210078919 147.524328977 -6.365711309 -0.021410739 -0.012320033 -0.683031471 0.729971100
38.600475 55.253554944 146.723648970 -6.306278111 -0.022322644 -0.015329223 -0.681788837 0.731047670
38.700189 55.298908480 145.895475463 -6.261079903 -0.022758568 -0.016524657 -0.680843939 0.731888320
38.800795 55.369078074 144.985315479 -6.214562625 -0.021910897 -0.014633116 -0.680079510 0.732664756
38.900795 55.471301364 144.069057568 -6.170415378 -0.020260824 -0.011743238 -0.678281316 0.734429065
39.000876 55.552234816 143.180756728 -6.114960807 -0.017458494 -0.012690321 -0.676631331 0.736005570
39.101000 55.633584766 142.276916438 -6.059343689 -0.016963351 -0.013770054 -0.674709539 0.737759899
39.200892 55.633700952 142.281295937 -6.059494948 -0.016896472 -0.013812647 -0.674705636 0.737764207
39.300674 55.845262716 140.136365912 -5.936572392 -0.016858994 -0.015255952 -0.669611666 0.742363285
39.401000 55.925049285 139.287769766 -5.901624148 -0.017525185 -0.014100230 -0.669379621 0.742579945
39.500889 55.922685974 139.311468826 -5.902632851 -0.017394630 -0.014122976 -0.669455708 0.742513989
39.600670 56.177849790 137.378524785 -5.824661853 -0.016412985 -0.011897805 -0.664527106 0.746989144
39.701000 56.280385367 136.604918886 -5.772774040 -0.017271987 -0.012373589 -0.664610913 0.746887479
39.800677 56.277516956 136.619020960 -5.773704431 -0.017161574 -0.012302212 -0.664558963 0.746937427
39.900637 56.541251111 134.850862186 -5.658895532 -0.017858724 -0.014231368 -0.661130829 0.749923037
40.000252 56.626435367 134.047592286 -5.618022862 -0.019395002 -0.013420151 -0.661832633 0.749280521
40.100693 56.715683950 133.273268034 -5.588733384 -0.020734236 -0.011621020 -0.661847582 0.749261518
40.201000 56.827511531 132.514240467 -5.555715199 -0.020957601 -0.009116945 -0.662309765 0.748881457
40.300449 56.821516841 132.527139784 -5.557122766 -0.020866125 -0.009129309 -0.662295984 0.748896047
40.401000 57.036177402 131.038786537 -5.478756978 -0.022177986 -0.006249665 -0.663260064 0.748034201
40.500745 57.033984317 131.039943656 -5.478672891 -0.022015391 -0.006284242 -0.663239304 0.748057121
40.600884 57.290565200 129.238722281 -5.386023110 -0.024792328 -0.005028863 -0.665431737 0.746029929
40.701000 57.386109838 128.341582306 -5.340386827 -0.024265937 -0.005438988 -0.665642885 0.745855972
40.801000 57.476668057 127.456446839 -5.292537796 -0.024222794 -0.004129727 -0.666212777 0.745356786
40.900899 57.475919646 127.456763901 -5.293228252 -0.024183303 -0.004104241 -0.666216939 0.745354488
41.001000 57.675690407 125.698858449 -5.204507802 -0.023517893 -0.003272226 -0.667173767 0.744523583
41.100712 57.675950195 125.702475141 -5.204794852 -0.023485992 -0.003214316 -0.667193067 0.744507547
41.200713 57.923708729 123.732167476 -5.121925343 -0.023983482 -0.002070594 -0.668479953 0.743340472
41.300588 58.024139596 122.844593692 -5.077730221 -0.023704567 -0.002091043 -0.668420878 0.743402483
41.400338 58.120019709 121.970126872 -5.027766454 -0.023488022 -0.001311377 -0.668712215 0.743149088
41.501000 58.209956806 121.105971473 -4.988160719 -0.022368806 0.000465783 -0.669193192 0.742751567
41.600839 58.210239612 121.115008917 -4.987909479 -0.022378375 0.000504945 -0.669210259 0.742735877
41.701000 58.396388506 119.359115217 -4.921037549 -0.020272487 -0.002552829 -0.669741205 0.742313429
41.801000 58.496227985 118.505433675 -4.891359899 -0.021497951 -0.004655545 -0.670074475 0.741967898
41.901000 58.600145359 117.624477217 -4.850397098 -0.022575127 -0.005861074 -0.670114521 0.741891192
42.000051 58.601827099 117.627070978 -4.849527699 -0.022823532 -0.005623615 -0.670113886 0.741886003
42.100694 58.828478012 115.645104697 -4.742416301 -0.022625309 -0.007584990 -0.670294663 0.741711284
42.200760 58.912881387 114.842370954 -4.699298363 -0.025098791 -0.004403556 -0.670314095 0.741639855
42.301000 59.007860306 114.030598174 -4.656152921 -0.026190706 -0.003486120 -0.669865198 0.742012473
42.401000 59.106768014 113.187196432 -4.616949599 -0.026256724 -0.003057276 -0.669829087 0.742044629
42.500496 59.106343031 113.193951039 -4.619165319 -0.026274483 -0.003035548 -0.669825206 0.742047593
42.600045 59.302923150 111.325317851 -4.527618556 -0.024633736 -0.005242475 -0.669871331 0.742049928
42.700751 59.381071271 110.484028377 -4.477085789 -0.024127538 -0.006853777 -0.670168679 0.741784894
42.800643 59.481055502 109.686921775 -4.439245781 -0.024865612 -0.006383612 -0.669712742 0.742176390
42.901000 59.577159228 108.880088455 -4.404436718 -0.027942181 -0.004693696 -0.669878219 0.741930169
43.000786 59.575585978 108.888847524 -4.406780254 -0.027852841 -0.004797716 -0.669867006 0.741942986
43.101000 59.774363812 107.251670250 -4.305034887 -0.027743667 -0.004650214 -0.670240430 0.741610700
43.201000 59.867634092 106.388539994 -4.245286399 -0.027559628 -0.003003470 -0.670270377 0.741598994
43.300805 59.866658097 106.392905729 -4.248295855 -0.027622851 -0.002935336 -0.670282192 0.741586236
43.401000 60.050995092 104.647099930 -4.161749846 -0.024709796 -0.003346720 -0.670026738 0.741918052
43.500753 60.048529779 104.645716967 -4.160615925 -0.024826868 -0.003167169 -0.669965395 0.741970327
43.600568 60.265871640 102.552297841 -4.072757800 -0.022565526 -0.005841474 -0.669500486 0.742445805
43.700609 60.349877428 101.775689781 -4.034426542 -0.023704747 -0.004175708 -0.670404171 0.741605620
43.800736 60.432903455 101.063669923 -3.991973229 -0.023999123 -0.004507402 -0.670809369 0.741227709
43.901000 60.522250468 100.335454591 -3.947784292 -0.024385813 -0.005746810 -0.671692335 0.740406452
44.001000 60.606446070 99.552198593 -3.906857850 -0.025522777 -0.006715293 -0.672546604 0.739584044
44.100621 60.605015605 99.551871084 -3.906463184 -0.025371957 -0.006848209 -0.672561706 0.739574281
44.201000 60.751628779 97.905278522 -3.818443572 -0.023649841 -0.009917831 -0.673539803 0.738705933
44.301000 60.827480380 97.036968354 -3.775271802 -0.022250302 -0.009041158 -0.673757371 0.738562243
44.401000 60.906511394 96.140414658 -3.730766651 -0.021686555 -0.007195548 -0.674124399 0.738264324
44.500094 60.907230004 96.132176730 -3.731117226 -0.021767019 -0.007143267 -0.674094891 0.738289407
44.601000 61.080819246 94.381627186 -3.659227221 -0.019236929 -0.007017909 -0.674564941 0.737931454
44.700830 61.081644538 94.379318787 -3.655295700 -0.019029158 -0.006990640 -0.674559322 0.737942236
44.800843 61.271150379 92.396842105 -3.573367846 -0.017508813 -0.008319410 -0.675030297 0.737535306
44.900588 61.355825845 91.534723025 -3.521020942 -0.017122958 -0.009457345 -0.674725380 0.737809612
45.000595 61.449446880 90.641251187 -3.473215682 -0.017302260 -0.008510735 -0.675001904 0.737563983
45.100867 61.536571748 89.750169937 -3.435400995 -0.017445852 -0.007815061 -0.674880910 0.737679012
45.201000 61.615405518 88.877970330 -3.397492097 -0.018981959 -0.008821046 -0.674501370 0.737976813
45.301000 61.699878291 88.014230283 -3.360887356 -0.019684636 -0.009951478 -0.674179296 0.738238282
45.400887 61.698303323 88.020154104 -3.361872157 -0.019816943 -0.009797163 -0.674183978 0.738232530
45.500769 61.885517391 86.131183788 -3.273686633 -0.019319610 -0.007783400 -0.672917975 0.739423810
45.600787 61.978242802 85.283274912 -3.224403680 -0.018086556 -0.006304905 -0.672923217 0.739464312
45.700798 62.074979820 84.450360735 -3.184610503 -0.017956042 -0.004609897 -0.672412495 0.739944435
45.800791 62.159053795 83.606472660 -3.150084537 -0.018501360 -0.004601945 -0.672183028 0.740139513
45.901000 62.250327617 82.728774463 -3.113958533 -0.020089969 -0.005543584 -0.672017100 0.740242312
46.000712 62.250214684 82.735630198 -3.114599276 -0.020079531 -0.005500721 -0.672026211 0.740234642
46.100898 62.450614301 80.824740614 -3.030881308 -0.022604341 -0.005828387 -0.671895223 0.740278247
46.200627 62.530342674 79.968927391 -2.988230935 -0.022210644 -0.004690848 -0.672441485 0.739802090
46.300415 62.617425529 79.098805402 -2.944272196 -0.021579457 -0.003300273 -0.672667628 0.739622673
46.400864 62.715682342 78.217311369 -2.904712836 -0.020555574 -0.001797412 -0.673064991 0.739295446
46.500747 62.808970905 77.335344262 -2.871879665 -0.019765507 -0.000976000 -0.673431164 0.738985007
46.601000 62.902706650 76.435051031 -2.839958124 -0.019868621 -0.002057691 -0.673531062 0.738888971
46.672429 62.902587461 76.434224764 -2.841237212 -0.019604130 -0.002220949 -0.673572688 0.738857618
46.776000 63.065310896 74.656387182 -2.781103853 -0.019972010 -0.003340859 -0.674388790 0.738098718
46.900768 63.181273444 73.361629717 -2.725014309 -0.019240641 -0.002870208 -0.674466023 0.738049554
47.000718 63.269944750 72.506511631 -2.678569447 -0.019064424 -0.001716527 -0.674673483 0.737868072
47.101000 63.361037564 71.657824194 -2.631645563 -0.018957999 -0.001819882 -0.675223254 0.737367507
47.200869 63.359140959 71.667359845 -2.632367244 -0.018858059 -0.001816513 -0.675242044 0.737352870
47.301000 63.523801118 69.966789614 -2.563365198 -0.020480155 -0.003865506 -0.675770202 0.736817654
47.400765 63.523104730 69.965611437 -2.564068496 -0.020419449 -0.003859306 -0.675783202 0.736807448
47.501000 63.683031510 68.209530137 -2.499067248 -0.022522466 -0.004091620 -0.676380938 0.736196186
47.582818 63.681616071 68.211182297 -2.499292212 -0.022456767 -0.004103794 -0.676387282 0.736192296
47.673727 63.842916010 66.399728014 -2.411258256 -0.025447001 -0.004089818 -0.677389775 0.735172644
47.788500 63.958050026 65.205525629 -2.344558589 -0.025242257 -0.003149022 -0.677628806 0.734964022
47.851000 64.004535093 64.715587970 -2.317366757 -0.023762318 -0.003399840 -0.677498511 0.735132343
48.001000 64.118968323 63.462316724 -2.256686062 -0.022807720 -0.003044012 -0.677739328 0.734942137
48.100543 64.117611164 63.476047041 -2.257751526 -0.022883306 -0.002959387 -0.677718723 0.734959134
48.167667 64.235687421 61.911988334 -2.186094674 -0.021333149 -0.003530855 -0.677939378 0.734799720
48.300433 64.333071785 60.719393982 -2.133203134 -0.020203770 -0.004093420 -0.677954541 0.734814733
48.401000 64.409889050 59.945674538 -2.100903508 -0.019755172 -0.005498104 -0.677928828 0.734841485
48.500454 64.408617925 59.961300173 -2.101247057 -0.019704503 -0.005576567 -0.677969015 0.734805178
48.600546 64.581459858 58.117410449 -2.020906273 -0.019273319 -0.005586957 -0.678131275 0.734666795
48.700714 64.646331119 57.364358123 -1.986678271 -0.017432593 -0.005827752 -0.678328843 0.734528504
48.801000 64.702160375 56.608803207 -1.944672569 -0.016810832 -0.005566139 -0.678100171 0.734756131
48.900599 64.702924109 56.619184700 -1.946058553 -0.016723930 -0.005595259 -0.678207979 0.734658384
49.001000 64.829689378 54.983683931 -1.869300397 -0.016854664 -0.007187602 -0.678527676 0.734346275
49.101000 64.912389472 54.092183718 -1.833963264 -0.016656098 -0.007829624 -0.678320591 0.734535531
49.201000 65.000216481 53.175947419 -1.799168798 -0.016163160 -0.007892600 -0.678480273 0.734398378
49.300690 64.999404779 53.175076507 -1.799663912 -0.016183041 -0.007767571 -0.678508381 0.734373305
49.400697 65.185709299 50.964230998 -1.712097835 -0.015319493 -0.007686311 -0.679176020 0.733775284
49.501000 65.242735884 50.206557700 -1.664414106 -0.015521494 -0.008304789 -0.679165495 0.733774041
49.601000 65.301385025 49.519461000 -1.623704774 -0.014284556 -0.008929026 -0.679036435 0.733911265
49.700531 65.300183531 49.535790660 -1.624111337 -0.014324437 -0.008894517 -0.678938351 0.734001644
49.800261 65.457486676 47.747793354 -1.540352988 -0.011518765 -0.009182918 -0.679474452 0.733551267
49.900583 65.501090593 47.030278393 -1.525514703 -0.011488138 -0.008912242 -0.678720731 0.734252521
50.000788 65.542408491 46.289297564 -1.496837945 -0.011507427 -0.010058948 -0.678628182 0.734322945
50.101000 65.614952861 45.520329839 -1.447900658 -0.014930163 -0.009799150 -0.678276419 0.734589795
50.200635 65.617579579 45.523743470 -1.448820887 -0.014822470 -0.009854885 -0.678317934 0.734552895
50.300713 65.772610098 43.683785242 -1.368919617 -0.007771868 -0.008655079 -0.677954393 0.735011924
50.400519 65.837744236 42.905717901 -1.346966695 -0.005511355 -0.006420373 -0.677893573 0.735111357
50.501000 65.904429328 42.135529046 -1.330070694 -0.007594352 -0.010473534 -0.677315290 0.735579111
50.600373 65.906101531 42.140562155 -1.328908027 -0.007567895 -0.010427793 -0.677393329 0.735508168
50.701000 66.040324156 40.516234920 -1.272265212 -0.009464125 -0.011768147 -0.676288030 0.736482479
50.800668 66.041901123 40.513268859 -1.272569476 -0.009341198 -0.011800378 -0.676302311 0.736470419
50.900537 66.215223731 38.479183115 -1.172376121 -0.006752112 -0.012445483 -0.675764748 0.736981360
51.001000 66.297017126 37.680017519 -1.130179549 -0.011864013 -0.015785728 -0.675294256 0.737284018
51.100015 66.298098584 37.696709020 -1.131691140 -0.011641722 -0.016035742 -0.675384361 0.737199627
51.201000 66.453825608 36.173609168 -1.064006192 -0.008862713 -0.016075039 -0.674669083 0.737892047
51.301000 66.513378210 35.473019113 -1.037730085 -0.006239755 -0.013247411 -0.674275003 0.738335149
51.400786 66.509377342 35.482465596 -1.035592193 -0.006117535 -0.013307357 -0.674344985 0.738271178
51.500876 66.643026224 33.746990120 -0.984871692 0.000682315 -0.012878015 -0.674871159 0.737822885
51.600844 66.717578869 33.008214325 -0.955442029 -0.003209602 -0.013509227 -0.674565744 0.738084179
51.700568 66.790175029 32.299752780 -0.918246469 -0.004650645 -0.015299496 -0.675171595 0.737487365
51.800359 66.857363162 31.546579804 -0.879405777 -0.005629046 -0.017262364 -0.676123080 0.736564936
51.901000 66.923680847 30.769214780 -0.844148515 -0.006055842 -0.018858457 -0.676599436 0.736084838
52.000438 66.923022539 30.770000682 -0.843934435 -0.006009607 -0.018848187 -0.676581450 0.736102012
52.100538 67.066428370 28.909481911 -0.757013251 -0.007386799 -0.017855734 -0.678141963 0.734676858
52.200488 67.151161375 28.126730713 -0.723377024 -0.006135242 -0.016175673 -0.677522970 0.735298124
52.300737 67.230537800 27.422905272 -0.695977489 -0.005603678 -0.014163933 -0.677215966 0.735626615
52.401000 67.297485673 26.729307937 -0.664293637 -0.004614036 -0.013970647 -0.677348797 0.735514880
52.500890 67.294121516 26.739392079 -0.663711900 -0.004632068 -0.013870192 -0.677408742 0.735461459
52.600780 67.415963223 25.101797815 -0.604133030 -0.001621522 -0.015327848 -0.677183400 0.735652819
52.700896 67.459811010 24.409503418 -0.577628241 -0.002476158 -0.015215281 -0.677271521 0.735571649
52.800665 67.518229239 23.747961688 -0.546146114 -0.001134567 -0.015350945 -0.677119614 0.735711961
52.900645 67.584472587 23.101646229 -0.513902256 0.000231358 -0.014884594 -0.676990742 0.735840968
53.000738 67.647990413 22.476537782 -0.479806706 0.000343918 -0.013291256 -0.677111015 0.735760761
53.100524 67.695820982 21.888029121 -0.455736681 0.000836518 -0.013278881 -0.677651786 0.735262557
53.201000 67.748952209 21.314345167 -0.438704591 0.000056537 -0.014031104 -0.678096637 0.734838809
53.300339 67.749881483 21.320597173 -0.438293205 0.000107926 -0.014062438 -0.678022124 0.734906957
53.400551 67.858411848 19.981181767 -0.394874250 -0.002906144 -0.014244448 -0.679802023 0.733251566
53.500757 67.897218725 19.527855301 -0.374168213 -0.003020003 -0.014327611 -0.679777779 0.733271962
53.600796 67.923567643 19.140431939 -0.354222008 -0.002507892 -0.014846466 -0.680253252 0.732822493
53.700809 67.948603691 18.798381810 -0.334719240 -0.002284369 -0.015992872 -0.680754171 0.732333782
53.800450 67.963368385 18.444222775 -0.316500613 -0.003414603 -0.017368783 -0.681176225 0.731905470
53.900828 67.982547224 18.050047181 -0.298710107 -0.005331549 -0.017810096 -0.681443004 0.731635023
54.001000 68.029531825 17.601771332 -0.279018709 -0.005645044 -0.016360385 -0.681003514 0.732075600
54.101000 68.069295001 17.122706242 -0.260857697 -0.005498677 -0.015323151 -0.680967424 0.732132729
54.201000 68.113084349 16.632691746 -0.242921915 -0.005257941 -0.014120083 -0.680768849 0.732343329
54.300588 68.114656600 16.624357061 -0.242618974 -0.005266871 -0.014070419 -0.680788805 0.732325670
54.400555 68.215159875 15.455062348 -0.199573070 -0.007100607 -0.010171696 -0.680749497 0.732411251
54.500855 68.243485643 15.057752034 -0.173235839 -0.008204655 -0.010964780 -0.680639468 0.732490527
54.600859 68.271766124 14.718997359 -0.151614634 -0.008532515 -0.010586071 -0.681024427 0.732134456
54.700733 68.299707730 14.377486898 -0.138625981 -0.008840252 -0.009369148 -0.681900795 0.731331235
54.800725 68.327809606 14.017103509 -0.129779820 -0.009938833 -0.008206175 -0.682980755 0.730322645
54.900725 68.360452919 13.650214209 -0.120814385 -0.011419165 -0.008218095 -0.685036312 0.728373062
55.001000 68.395287502 13.229623070 -0.105492158 -0.011854609 -0.007724570 -0.687843594 0.725721014
55.100566 68.394618906 13.226414666 -0.104992541 -0.011839871 -0.007732404 -0.687875225 0.725691189
55.201000 68.438206338 12.374859231 -0.068866869 -0.012493345 -0.006114984 -0.692557677 0.721228388
55.300586 68.436861530 12.371441807 -0.067553122 -0.012585208 -0.006050976 -0.692546811 0.721237764
55.400726 68.465903321 11.277497277 -0.030396891 -0.014270916 -0.006056052 -0.699579805 0.714386284
55.500579 68.464209127 11.003220200 -0.013768599 -0.013812946 -0.006207679 -0.700676523 0.713318356
55.600556 68.466234086 10.792346147 0.000971841 -0.013867338 -0.005676592 -0.703036509 0.710995879
55.701000 68.454822657 10.605757459 0.009618993 -0.014341258 -0.006368912 -0.705383830 0.708651831
55.800645 68.455623959 10.614745287 0.009053090 -0.014371723 -0.006326170 -0.705316928 0.708718184
55.900588 68.434422676 9.964199902 0.031816411 -0.016879158 -0.007295990 -0.713422215 0.700493116
56.000791 68.429819442 9.627954183 0.045328146 -0.016508778 -0.005412746 -0.714985315 0.698923574
56.100577 68.442446377 9.282978412 0.063754869 -0.016411891 -0.004141265 -0.719579671 0.694203570
56.201000 68.448396438 8.942079506 0.080242881 -0.015495202 -0.003906171 -0.725294520 0.688253224
56.301000 68.423274306 8.611495366 0.087185454 -0.014477136 -0.004370133 -0.730645112 0.682589947
56.400454 68.421919569 8.610890296 0.087638530 -0.014457686 -0.004333287 -0.730637238 0.682599021
56.501000 68.330899177 7.946150321 0.107192984 -0.013233295 -0.005515672 -0.740870762 0.671494580
56.601000 68.277543525 7.629428761 0.128113246 -0.012280589 -0.005345124 -0.745788461 0.666048188
56.700792 68.278520916 7.629724325 0.127929823 -0.012284577 -0.005316061 -0.745796225 0.666039653
56.800664 68.167333453 6.786815966 0.173321550 -0.011259372 -0.004294014 -0.759180808 0.650768230
56.900582 68.099893368 6.566446697 0.173541214 -0.011040497 -0.004093017 -0.760497459 0.649234141
57.000614 68.048584249 6.409743893 0.168476811 -0.010008788 -0.004308581 -0.764242482 0.644836947
57.101000 68.003844832 6.251012095 0.169608972 -0.008852263 -0.005840330 -0.767725565 0.640691021
57.200676 68.004317681 6.253851296 0.169603476 -0.008842271 -0.005863583 -0.767664901 0.640763632
57.300798 67.890310241 5.714557137 0.185600884 -0.006681050 -0.008673315 -0.776400467 0.630144787
57.400798 67.820530152 5.495206898 0.204409535 -0.006823942 -0.008252596 -0.775979318 0.630667446
57.500693 67.774073441 5.301586058 0.220880256 -0.006630072 -0.008255118 -0.777140763 0.629237737
57.601000 67.743941800 5.106920793 0.229200077 -0.006729769 -0.008274181 -0.777378738 0.628942402
57.701000 67.719543182 4.930557757 0.228315700 -0.006615022 -0.008486757 -0.777525441 0.628759418
57.800884 67.721885244 4.932153851 0.227794205 -0.006605807 -0.008465098 -0.777506759 0.628782908
57.900886 67.637092021 4.465652973 0.226547474 -0.008393458 -0.010195612 -0.776590695 0.629867043
58.000756 67.597551745 4.349284282 0.239776247 -0.009606747 -0.010277276 -0.775532365 0.631151043
58.100871 67.575676752 4.266136969 0.253112369 -0.010323375 -0.011096555 -0.773243782 0.633927716
58.201000 67.551649529 4.155832849 0.264394555 -0.009514809 -0.011283612 -0.770085226 0.637770251
58.300615 67.554061658 4.155367429 0.264352402 -0.009449261 -0.011272125 -0.770077941 0.637780225
58.400616 67.468519198 3.749939373 0.285452392 -0.008892050 -0.011653347 -0.761100260 0.648468600
58.500746 67.459234101 3.577984008 0.280337891 -0.008663617 -0.011431274 -0.759117336 0.650795773
58.600873 67.464124661 3.430697389 0.277851115 -0.008163672 -0.011582257 -0.754091206 0.656616827
58.700753 67.462667573 3.286778490 0.286706768 -0.008179767 -0.011737840 -0.748006174 0.663537549
58.800729 67.449173167 3.131206363 0.296077456 -0.009420943 -0.011879602 -0.741986417 0.670243447
58.901000 67.446306648 2.954648198 0.299471171 -0.011205411 -0.013091895 -0.733907394 0.679030911
59.001000 67.457571779 2.765730971 0.304368837 -0.012563047 -0.014060196 -0.725918371 0.687522362
59.100852 67.458293812 2.768881550 0.304359303 -0.012566223 -0.014069130 -0.725880010 0.687562623
59.200695 67.430005737 2.371451165 0.313075584 -0.013193442 -0.016723153 -0.702848892 0.711020185
59.301000 67.502138179 2.118052495 0.325109458 -0.012316167 -0.015069743 -0.692958217 0.720715009
59.400848 67.511295483 2.129437723 0.325462106 -0.012312375 -0.015041140 -0.693073657 0.720604660
59.500855 67.591995479 1.632117162 0.354258367 -0.011693981 -0.011553201 -0.659508642 0.751517215
59.600855 67.723559968 1.326846742 0.361057621 -0.011104788 -0.009995831 -0.647580299 0.761850723
59.701000 67.850708596 1.069844161 0.361531017 -0.010167950 -0.009749822 -0.630771332 0.775840886
59.800764 67.845782193 1.076774298 0.361868655 -0.010143549 -0.009722504 -0.630794214 0.775822944
59.900806 68.029603241 0.583255997 0.364103519 -0.007122793 -0.010182147 -0.591259818 0.806385403
60.001000 68.128584333 0.346741133 0.387957790 -0.006783908 -0.007553077 -0.574536687 0.818415863
60.067667 68.127213356 0.358129614 0.389649592 -0.006638019 -0.007499940 -0.574692024 0.818308478
60.201000 68.402691073 -0.095716281 0.427464928 -0.007602168 -0.001449155 -0.535908165 0.844240810
60.300477 68.402382032 -0.091721738 0.429126378 -0.007374822 -0.001311402 -0.535873606 0.844264988
60.400762 68.687376727 -0.557140946 0.413695297 -0.003155231 -0.000955268 -0.488953930 0.872303380
60.501000 68.905456674 -0.831239739 0.414434946 -0.003408855 -0.002579114 -0.469247759 0.883056209
60.600884 68.912756978 -0.831897643 0.416049613 -0.003340672 -0.002548940 -0.469256002 0.883052177
60.700762 69.348453256 -1.362991641 0.445102574 -0.003609537 -0.003651585 -0.416911218 0.908932711
60.801000 69.651411991 -1.613814502 0.459728607 -0.004259557 -0.001975966 -0.396181794 0.918160083
60.900775 69.654917882 -1.612604717 0.461015553 -0.004112270 -0.001920949 -0.396226982 0.918141371
61.000788 70.257789066 -2.051124593 0.461770301 0.000219113 -0.005543055 -0.343483074 0.939142483
61.100795 70.593412018 -2.247295800 0.455268933 0.000812046 -0.006492502 -0.322786539 0.946449173
61.201000 70.919338369 -2.447108741 0.457467029 -0.000918307 -0.005722609 -0.301177306 0.953550543
61.300895 70.917341387 -2.442700939 0.457374499 -0.000835688 -0.005706245 -0.301268695 0.953521848
61.400626 71.593980903 -2.775157159 0.477879269 -0.010174667 0.000738819 -0.255049188 0.966874264
61.500558 71.955617670 -2.943834201 0.482073454 -0.007633861 0.000072881 -0.236027129 0.971716478
61.601000 72.332782022 -3.100754633 0.482603793 -0.004986302 -0.000068717 -0.216346085 0.976304002
61.700747 72.332808020 -3.093501145 0.482976461 -0.004941296 -0.000035342 -0.216405125 0.976291147
61.800880 73.145967078 -3.401176825 0.493512288 -0.000234445 0.002360683 -0.173715973 0.984792939
61.901000 73.583788136 -3.524650587 0.499590251 -0.002771874 0.003338756 -0.154907004 0.987919526
62.001000 74.020830641 -3.615392772 0.497300333 -0.003857580 0.003828602 -0.136626881 0.990607670
62.081000 74.021782919 -3.607106883 0.498281995 -0.003781735 0.003848232 -0.136522704 0.990622249
62.185615 74.935466166 -3.800032928 0.493877458 -0.008724944 0.003861553 -0.107802001 0.994126598
62.289889 75.436290806 -3.886920966 0.490558173 -0.009225972 0.004688153 -0.095250156 0.995399573
62.392304 75.919490307 -3.988722869 0.495337740 -0.010414883 0.005598839 -0.086289070 0.996199970
62.501000 76.405868600 -4.085079739 0.497833472 -0.011289938 0.005785873 -0.080816936 0.996648225
62.600764 76.396453802 -4.085065047 0.498900145 -0.011364478 0.005838225 -0.080848422 0.996644519
62.701000 77.338317748 -4.245768098 0.494039498 -0.012699766 0.006542376 -0.073075030 0.997224124
62.801000 77.829678456 -4.315382225 0.490073194 -0.013618489 0.006841244 -0.071317091 0.997337258
62.900708 77.826472386 -4.311342677 0.491132081 -0.013556614 0.006877689 -0.071369934 0.997334070
63.000716 79.036287226 -4.448625439 0.488610895 -0.015371735 0.006800878 -0.069912094 0.997411528
63.101000 79.560450188 -4.515428573 0.491177544 -0.013982217 0.006422633 -0.068497964 0.997532594
63.201000 80.040007121 -4.553602674 0.483035704 -0.012409490 0.006106350 -0.067609471 0.997615997
63.301000 80.486897990 -4.631076918 0.481459602 -0.011411305 0.005670409 -0.066979115 0.997673006
63.417832 80.780002523 -4.677343139 0.476473921 -0.011858052 0.005482555 -0.065356214 0.997776475
63.501000 81.089452210 -4.744659227 0.472243080 -0.009225949 0.006578093 -0.066051152 0.997751901
63.600904 81.098862295 -4.740838753 0.472367383 -0.009259329 0.006594555 -0.066071011 0.997750168
63.701000 82.002548839 -4.887504887 0.485735966 -0.009425403 0.005041351 -0.066432990 0.997733634
63.801000 82.566480327 -4.948608956 0.497259125 -0.011220629 0.004250569 -0.066850334 0.997690865
63.900904 82.579138230 -4.943462493 0.497278582 -0.011238513 0.004303356 -0.066756710 0.997696707
64.000902 83.946141103 -5.093822352 0.495612812 -0.008736470 0.003008032 -0.068152153 0.997632152
64.100896 84.628725954 -5.173774529 0.480421717 -0.005859624 0.002724339 -0.066315294 0.997777793
64.201000 85.302276536 -5.243008885 0.477784691 -0.009468926 0.005034729 -0.066135810 0.997752998
64.300802 85.293774593 -5.241134289 0.478417771 -0.009489095 0.005038887 -0.066153426 0.997751618
64.400801 86.663504226 -5.398260168 0.481508914 -0.013783012 0.007799841 -0.067622258 0.997585295
64.501000 87.158325351 -5.434002799 0.493594080 -0.010485733 0.006349077 -0.066075229 0.997739346
64.600899 87.127841867 -5.431859087 0.494840058 -0.010556251 0.006425545 -0.066017064 0.997741963
64.700794 88.163075297 -5.568424691 0.517627138 -0.009448358 0.006727538 -0.066652018 0.997708864
64.800766 88.507361639 -5.639328214 0.507860238 -0.009943022 0.006186646 -0.065919378 0.997756231
64.901000 88.831017653 -5.711659057 0.497895869 -0.010283149 0.006406106 -0.066663196 0.997701978
65.000546 88.819843860 -5.708739541 0.497843994 -0.010312561 0.006417390 -0.066714420 0.997698178
65.101000 89.511651103 -5.829846871 0.491590302 -0.008736460 0.006016328 -0.069590927 0.997519213
65.200643 89.510860075 -5.824051099 0.491582351 -0.008731659 0.006046814 -0.069567152 0.997520729
65.301000 90.253118655 -5.950231021 0.500738148 -0.009162800 0.006610031 -0.072340531 0.997315997
65.400900 90.257739272 -5.946791851 0.501893294 -0.009155970 0.006644562 -0.072239007 0.997323189
65.500694 91.207188647 -6.088350757 0.504026460 -0.008197283 0.006680054 -0.076509090 0.997012809
65.600793 91.664919288 -6.128036088 0.497342402 -0.006859301 0.006471941 -0.075887381 0.997071798
65.700895 92.138321722 -6.185252837 0.495575845 -0.006135936 0.006147803 -0.076345658 0.997043577
65.801000 92.634507993 -6.265751620 0.493657758 -0.006046493 0.004767172 -0.076953155 0.997004978
65.901000 93.152275043 -6.357126299 0.497286996 -0.005507174 0.003168903 -0.077181490 0.996996814
66.000783 93.156011235 -6.356691380 0.496563702 -0.005522401 0.003177123 -0.077149593 0.996999172
66.101000 94.217715879 -6.508603076 0.501065495 -0.004519517 0.002409673 -0.077203831 0.997002174
66.201000 94.755361706 -6.593422886 0.500731574 -0.003272889 0.002686524 -0.076992565 0.997022676
66.300602 94.752202030 -6.590343297 0.500638178 -0.003346161 0.002704736 -0.076892937 0.997030072
66.400527 96.058405866 -6.795551206 0.500417011 -0.001155284 0.003287905 -0.077679052 0.996972327
66.500521 96.584059124 -6.852292115 0.499855245 -0.001083929 0.002894753 -0.073809819 0.997267545
66.600592 97.085798553 -6.915606585 0.504554504 -0.001166136 0.003045196 -0.071792294 0.997414274
66.700883 97.578353433 -6.961452102 0.502136558 -0.001459930 0.003955164 -0.070020465 0.997536646
66.800887 98.066509003 -7.021157386 0.500636796 -0.001388593 0.004704074 -0.068173003 0.997661458
66.900675 98.571465445 -7.088249326 0.502648720 -0.001039990 0.005178548 -0.066047863 0.997802476
67.000786 99.103716685 -7.165285264 0.506243419 -0.001101077 0.005835503 -0.063732654 0.997949339
67.100895 99.659666234 -7.196403267 0.504304242 -0.001322658 0.005689029 -0.061188652 0.998109129
67.201000 100.219869612 -7.249688048 0.503647717 -0.001890960 0.003874340 -0.058389121 0.998284591
67.300894 100.222148896 -7.259146804 0.503731588 -0.001894849 0.003888508 -0.058385688 0.998284729
67.401000 101.351242292 -7.375632933 0.504359435 -0.004210351 0.002385432 -0.053316567 0.998565935
67.500897 101.344915004 -7.380114403 0.504565738 -0.004216205 0.002429917 -0.053299306 0.998566724
67.600797 102.777463634 -7.483501450 0.511506468 -0.006638568 0.001907824 -0.047962302 0.998825264
67.700798 103.314077137 -7.549693963 0.514493286 -0.005298638 0.002979962 -0.045909803 0.998927092
67.800704 103.751996710 -7.611492630 0.519822561 -0.004871350 0.004009336 -0.044099113 0.999007239
67.900702 104.156042885 -7.661090374 0.527452286 -0.005276664 0.005512943 -0.043842212 0.999009322
68.000904 104.584740771 -7.697446036 0.532244651 -0.007004871 0.006345478 -0.043889539 0.998991679
68.100814 105.061392839 -7.710138311 0.528664510 -0.008352158 0.006337579 -0.044392734 0.998959139
68.200723 105.595936636 -7.735829488 0.519802652 -0.008883365 0.006480906 -0.045223234 0.998916384
68.301000 106.148204743 -7.770766543 0.515658254 -0.009014666 0.006469642 -0.047201129 0.998823775
68.376000 106.155067248 -7.770826176 0.516637381 -0.009046017 0.006509349 -0.047140982 0.998826074
68.482250 107.423710164 -7.907334935 0.519146908 -0.009319176 0.007447671 -0.051972225 0.998577274
68.601000 108.021311533 -7.943788218 0.523914949 -0.010639309 0.008296561 -0.051845308 0.998563987
68.696833 108.003768741 -7.951459816 0.525213348 -0.010617048 0.008328534 -0.051862809 0.998563049
68.786714 109.125457800 -8.096386812 0.526031260 -0.012547476 0.009835991 -0.057839639 0.998198573
68.900741 109.599690404 -8.137354937 0.519388993 -0.012357752 0.009513526 -0.058488521 0.998166255
69.000740 109.918555294 -8.171541252 0.514562821 -0.012729156 0.009157626 -0.060903472 0.998020478
69.100825 110.244140082 -8.238026660 0.510585487 -0.012208123 0.009215684 -0.064514741 0.997799519
69.200827 110.611235392 -8.308040840 0.509380334 -0.010469450 0.009584740 -0.068230442 0.997568609
69.300914 111.045325830 -8.386086346 0.512308600 -0.009049706 0.009898330 -0.072364119 0.997288103
69.400743 111.525078436 -8.456720746 0.510655043 -0.009761244 0.007378298 -0.075606996 0.997062616
69.500913 112.018635066 -8.526968649 0.511730747 -0.008781583 0.003272882 -0.079613441 0.996781757
69.600909 112.502072496 -8.601990349 0.512988325 -0.008996754 0.000591320 -0.083368694 0.996477982
69.701000 112.959056155 -8.689167763 0.523280990 -0.008982701 -0.004709973 -0.085834880 0.996257748
69.800908 112.958194744 -8.688443809 0.523696229 -0.008994061 -0.004715151 -0.085871326 0.996254480
69.897429 114.078658101 -8.898818274 0.563425569 -0.009540486 -0.020378992 -0.094967456 0.995226034
69.998973 114.428450774 -8.951680597 0.556843836 -0.009189994 -0.016654424 -0.094545197 0.995338827
70.099578 114.689980577 -8.998711748 0.550735017 -0.007026097 -0.014468243 -0.096486877 0.995204294
70.200206 114.973536036 -9.057261745 0.564922472 -0.005402910 -0.013243478 -0.098330849 0.995050985
70.301000 115.304857144 -9.126192550 0.587854412 -0.006577612 -0.007613913 -0.100999674 0.994835579
70.401000 115.696748343 -9.193308832 0.617449133 -0.007880749 -0.002740700 -0.103573511 0.994586804
70.500900 115.705647240 -9.198282567 0.616172103 -0.007895698 -0.002771516 -0.103489416 0.994595354
70.600897 116.752008012 -9.455242276 0.663817536 -0.008454306 0.007061615 -0.109845831 0.993887595
70.701000 117.164624438 -9.524689698 0.648729197 -0.006831148 0.003330657 -0.110038255 0.993898297
70.800748 117.150112285 -9.522299417 0.649464677 -0.006820088 0.003366795 -0.110008571 0.993901537
70.900721 118.110830712 -9.757748425 0.617119424 -0.004746404 0.001704564 -0.118415069 0.992951377
71.000855 118.361524430 -9.806936953 0.633043429 -0.006900772 0.001527048 -0.119001653 0.992868901
71.100682 118.562597432 -9.856435976 0.651370496 -0.006617218 0.002370229 -0.122338912 0.992463493
71.200839 118.798658036 -9.926137202 0.660645892 -0.006332304 0.003465994 -0.125655072 0.992047727
71.300374 119.107302578 -10.030978142 0.670075934 -0.007529416 0.005333549 -0.129051880 0.991594914
71.400784 119.490801220 -10.142519220 0.664994549 -0.009284069 0.008148876 -0.132491540 0.991107156
71.501000 119.928860419 -10.250337928 0.656694133 -0.006311622 0.012140440 -0.134947640 0.990758249
71.600860 119.935660980 -10.249374524 0.656795229 -0.006320303 0.012130870 -0.134846905 0.990772026
71.700889 121.015290417 -10.548119727 0.631237530 -0.000082268 0.023554323 -0.141806225 0.989614158
71.801000 121.351451800 -10.609966836 0.633462613 -0.001413825 0.023326934 -0.140584844 0.989792785
71.900700 121.328753134 -10.606437808 0.636473302 -0.001384965 0.023414597 -0.140574020 0.989792293
72.000796 122.104470596 -10.841571419 0.653320375 -0.001876777 0.028735065 -0.145311112 0.988966862
72.101000 122.306667033 -10.905486521 0.633095307 -0.005326209 0.022400785 -0.144842601 0.989186766
72.200894 122.283393300 -10.902888715 0.634234294 -0.005322873 0.022439304 -0.144932080 0.989172804
72.300671 122.803974177 -11.122204408 0.569010778 -0.005329048 0.014524716 -0.148770983 0.988750640
72.401000 123.038924086 -11.178342104 0.571468064 -0.001881209 0.012500178 -0.147439687 0.988990266
72.501000 123.268283148 -11.227602342 0.590845216 0.000063181 0.008595620 -0.145415824 0.989333285
72.600696 123.272067344 -11.225386020 0.591497485 0.000068026 0.008611848 -0.145398555 0.989335682
72.700784 123.901206183 -11.355584608 0.610767651 0.004477602 -0.003897363 -0.133650446 0.991010757
72.800678 124.174402549 -11.429175532 0.586626476 0.003644951 -0.001301466 -0.128498281 0.991702179
72.901000 124.420251946 -11.475651034 0.572414710 0.001737177 0.002931305 -0.116832520 0.993145786
73.000674 124.416884295 -11.477778698 0.572600299 0.001738187 0.002900733 -0.116828539 0.993146342
73.101000 124.926786020 -11.539318435 0.571593265 0.000797349 0.002003793 -0.089085106 0.996021683
73.201000 125.202927901 -11.525377219 0.581126428 0.000526111 0.000956398 -0.072489274 0.997368595
73.300889 125.206688235 -11.529109469 0.582098711 0.000542824 0.000937384 -0.072486829 0.997368781
73.400665 125.805983386 -11.492936366 0.604398681 -0.000770422 0.000755276 -0.030578351 0.999531791
73.500663 126.072596945 -11.489158486 0.598668873 -0.000491222 0.001091459 -0.016257124 0.999867128
73.601000 126.323749354 -11.506842555 0.584703536 -0.000250725 0.001589901 0.004819272 0.999987092
73.700771 126.319438945 -11.506450297 0.584464280 -0.000250746 0.001607473 0.004817369 0.999987073
73.800657 126.845917359 -11.460165734 0.567509215 -0.000380105 0.003946310 0.054112917 0.998526952
73.901000 127.150862755 -11.361757066 0.585655640 -0.000591482 0.005023239 0.073209049 0.997303791
74.000657 127.149831957 -11.365498081 0.586750768 -0.000596797 0.005020736 0.073111203 0.997310979
74.100774 127.768887861 -11.093890112 0.623374902 -0.004203640 0.009100789 0.122444932 0.992424679
74.201000 128.056997639 -11.010446943 0.606751990 -0.005293378 0.007235269 0.143134150 0.989662693
74.300763 128.051649014 -11.018343477 0.607156970 -0.005249870 0.007281592 0.142974686 0.989685635
74.400757 128.601155803 -10.728861699 0.561097506 -0.008309654 0.007147660 0.193891133 0.980961818
74.500637 128.865956501 -10.606666949 0.562747803 -0.005908219 0.007528269 0.214284101 0.976724497
74.600876 129.150109447 -10.484414436 0.586895905 -0.004473343 0.009005865 0.236491491 0.971581524
74.701000 129.438928398 -10.312439908 0.592915190 -0.004489856 0.009789485 0.259399329 0.965710099
74.800874 129.437708437 -10.312168297 0.593235824 -0.004479128 0.009817591 0.259493547 0.965684551
74.900715 130.005681199 -9.772766547 0.574306709 -0.012308961 0.010955402 0.310521118 0.950423645
75.001000 130.319699895 -9.512832830 0.547131925 -0.008819896 0.011428086 0.331390894 0.943383105
75.100759 130.316666843 -9.512402307 0.547552965 -0.008864005 0.011503379 0.331294642 0.943415583
75.200634 130.924027293 -8.812030106 0.498860014 -0.008617320 0.013850791 0.381104749 0.924387942
75.300870 131.200328666 -8.532010177 0.514899314 -0.009967361 0.011868906 0.402582419 0.915252521
75.400746 131.439150262 -8.224760705 0.515545830 -0.009558179 0.011600518 0.425790943 0.904696713
75.500874 131.659465791 -7.883198084 0.509399414 -0.009075397 0.011342152 0.448195566 0.893817502
75.600874 131.862861915 -7.506616969 0.496237769 -0.008747147 0.009419834 0.470594449 0.882255982
75.700872 132.066289274 -7.097983333 0.477649245 -0.008636274 0.006912219 0.492222255 0.870399269
75.787667 132.241677979 -6.712388519 0.457868788 -0.007606189 0.006639635 0.510818925 0.859629041
75.896455 132.458589962 -6.148766992 0.442415392 -0.006618933 0.008095876 0.534284608 0.845239968
76.001000 132.674903180 -5.632180981 0.443052680 -0.008410855 0.009555838 0.551338187 0.834184720
76.051000 132.677491460 -5.636018019 0.443707877 -0.008426815 0.009523369 0.551214197 0.834266866
76.178778 133.071409405 -4.527542608 0.433121442 -0.014052508 0.009863867 0.579545876 0.814758743
76.293857 133.278527322 -3.861365412 0.404580632 -0.012627580 0.008981656 0.594960668 0.803605424
76.396238 133.426458828 -3.347108233 0.372144133 -0.011953583 0.009487010 0.605690751 0.795553784
76.497000 133.550956465 -2.849333666 0.349813540 -0.011219133 0.010990964 0.615479925 0.787996060
76.600539 133.659751362 -2.308747956 0.346182325 -0.010862287 0.012863781 0.624382769 0.780937060
76.700843 133.745144267 -1.728346668 0.344770901 -0.012005794 0.014327490 0.631582112 0.775083621
76.801000 133.846683717 -1.118298888 0.329446704 -0.013352022 0.014878209 0.637102515 0.770519790
76.900674 133.843425968 -1.118464520 0.329596295 -0.013345409 0.014940529 0.637077526 0.770539361
77.001000 134.030296764 0.157301911 0.274016837 -0.013419059 0.015613612 0.646833593 0.762353230
77.100678 134.032961465 0.160245152 0.273977792 -0.013467937 0.015718554 0.646815897 0.762365226
77.200836 134.254567769 1.874624019 0.194248667 -0.014303286 0.016743140 0.655243778 0.755096467
77.301000 134.338706571 2.505286057 0.180589118 -0.014698771 0.017021129 0.655787446 0.754610531
77.400831 134.341626993 2.484423171 0.181014527 -0.014750038 0.017088612 0.655749115 0.754641315
77.500660 134.565429338 4.066795335 0.128222032 -0.016556487 0.019319223 0.656674315 0.753744980
77.600655 134.641050572 4.638987310 0.095721232 -0.016772308 0.019240059 0.656399453 0.753981610
77.701000 134.731145379 5.206310180 0.060716283 -0.015555563 0.020586900 0.655691212 0.754588125
77.800828 134.728585007 5.189551304 0.061409187 -0.015547156 0.020678442 0.655612893 0.754653843
77.900758 134.985390587 6.669275860 -0.037074899 -0.010870992 0.026493765 0.653244552 0.756605219
78.001000 135.084249002 7.356726706 -0.050857917 -0.010828573 0.024484105 0.653599669 0.756366805
78.100878 135.081046883 7.350466852 -0.049036431 -0.010773914 0.024583452 0.653636591 0.756332455
78.200873 135.345219934 9.043852279 -0.083226838 -0.006645574 0.021012760 0.652138660 0.757779300
78.300741 135.446692927 9.776389745 -0.134901181 -0.006072939 0.020853134 0.652173982 0.757758117
78.400610 135.539084694 10.469663925 -0.179551398 -0.006322646 0.021519696 0.651486393 0.758328693
78.500870 135.643092495 11.170651768 -0.199932145 -0.006855588 0.022321561 0.650199634 0.759404494
78.600742 135.746025074 11.869272919 -0.208594623 -0.007591999 0.022470426 0.649396633 0.760079900
78.700869 135.849683131 12.599605044 -0.227312215 -0.008725510 0.022475055 0.648693062 0.760668159
78.801000 135.970348717 13.364566858 -0.266729883 -0.008747429 0.022891625 0.648405708 0.760900449
78.900743 135.975079933 13.367165008 -0.266445556 -0.008737654 0.022916784 0.648379338 0.760922275
79.001000 136.246370828 14.941170527 -0.336501000 -0.008373361 0.023297846 0.647249583 0.761876023
79.100870 136.249701096 14.953487584 -0.336673439 -0.008363928 0.023342239 0.647261574 0.761864581
79.200730 136.620910993 17.004723974 -0.419640385 -0.007797863 0.022226678 0.646161159 0.762837417
79.300731 136.722112492 17.837443383 -0.451134252 -0.007640887 0.022963961 0.646096489 0.762871942
79.400740 136.804622538 18.594049500 -0.476174047 -0.007411612 0.023805799 0.645283905 0.763535876
79.500624 136.907217816 19.334830087 -0.502368171 -0.007247118 0.024304949 0.645313488 0.763496726
79.601000 137.016471597 20.085081741 -0.529332396 -0.006890123 0.024462830 0.645564589 0.763282685
79.700636 137.020199614 20.073711431 -0.528628165 -0.006893267 0.024509212 0.645579993 0.763268140
79.800636 137.328231805 21.945549587 -0.602633226 -0.005527310 0.025186231 0.646179716 0.762749551
