1.501000 0.105314628 0.006097647 0.001239425 -0.000010606 -0.000476171 0.003859044 0.999992440
1.600665 0.105232075 0.005932676 0.000896755 0.000000864 -0.000504933 0.003880220 0.999992344
1.700692 0.375454702 0.035710663 0.003556359 0.000304311 -0.000662552 0.014762490 0.999890763
1.800590 0.569056644 0.055055999 0.005382103 0.000433349 -0.000654452 0.017189793 0.999851936
1.901000 0.749994715 0.084004304 0.005710693 0.000706727 -0.000520832 0.026391999 0.999651285
2.001000 0.921151894 0.113988192 0.005205544 0.000804186 -0.000592900 0.035951779 0.999353026
2.100678 0.918168926 0.114068233 0.005733556 0.000785656 -0.000557958 0.035940111 0.999353481
2.200673 1.408557919 0.223627167 0.008740428 -0.000082906 -0.000197966 0.069140503 0.997606909
2.300787 1.290624774 0.203061709 0.009804252 -0.000007836 -0.000750522 0.062425474 0.998049346
2.400786 1.381371262 0.245623680 0.009682702 0.000315556 -0.001013793 0.075575697 0.997139502
2.501000 1.506883069 0.312177099 0.009380429 0.000594775 -0.001161431 0.091613625 0.995793774
2.601000 1.754298919 0.379686390 0.008998490 0.000671338 -0.001434305 0.109237343 0.994014434
2.701000 2.063043388 0.475103542 0.012740190 0.000224843 -0.001317442 0.127018009 0.991899511
2.800898 2.070055653 0.477139376 0.013168620 0.000220967 -0.001273662 0.127108223 0.991888012
2.900891 2.631982973 0.704755137 0.020039435 -0.003032453 0.000249991 0.178747209 0.983890328
3.001000 2.855104115 0.785371614 0.017732688 -0.003432627 0.000423497 0.182466694 0.983205952
3.100873 2.845674201 0.777587795 0.018232820 -0.003469779 0.000460461 0.182160283 0.983262620
3.200751 3.404281255 1.105447589 0.013649538 -0.005193423 0.002495531 0.242241257 0.970198935
3.300887 3.697426192 1.230027493 0.013996705 -0.004594446 0.002943750 0.250622362 0.968069552
3.400799 3.873705893 1.394653500 0.018092452 -0.004831441 0.005891533 0.271753037 0.962336861
3.500883 4.051478617 1.592193286 0.018510741 -0.007279499 0.007658929 0.298487421 0.954355075
3.600518 4.261076961 1.842375079 0.010900463 -0.009756066 0.008533771 0.323938217 0.945989442
3.700217 4.476871311 2.087348273 0.000106148 -0.012729467 0.010038170 0.347864150 0.937404784
3.800702 4.785896430 2.409030290 -0.016401269 -0.013834171 0.012084736 0.377047737 0.926011652
3.900615 4.995410165 2.711813941 -0.025838012 -0.013954772 0.014431409 0.401230447 0.915757133
4.000801 5.172615915 3.035299597 -0.028172979 -0.014068056 0.016171993 0.425440396 0.904732571
4.100579 5.491144835 3.431910125 -0.037517992 -0.013722978 0.016774167 0.456875685 0.889266504
4.201000 5.680053595 3.790943840 -0.053047977 -0.013922045 0.015798038 0.481296156 0.876305089
4.300686 5.677918169 3.793530837 -0.052446063 -0.013890393 0.015913927 0.481333522 0.876282971
4.400443 6.036820166 4.689341974 -0.103285033 -0.014808580 0.013996946 0.536252120 0.843811860
4.500640 6.506341613 4.897538875 -0.120015456 -0.014067054 0.014192692 0.545726490 0.837725064
4.600819 6.542579938 5.291936799 -0.139569158 -0.013107251 0.014903490 0.564077522 0.825483274
4.700465 6.526920717 5.748691965 -0.155823929 -0.012326005 0.015766362 0.583641752 0.811764619
4.801000 6.529463685 6.219548572 -0.168113543 -0.012606758 0.017901916 0.600884289 0.799036083
4.901000 6.651658942 6.711078969 -0.181402271 -0.014603932 0.018907226 0.620241590 0.784046945
5.000869 6.645664722 6.712026967 -0.180402905 -0.014607774 0.019022051 0.620340993 0.783965450
5.100878 6.677054871 7.839542231 -0.231661448 -0.017395350 0.019283960 0.652794940 0.757089359
5.200658 6.753828642 8.265560251 -0.258748729 -0.016051539 0.018223793 0.660730822 0.750229979
5.300671 6.728789285 8.849767509 -0.283086390 -0.016385611 0.017280616 0.674086161 0.738268745
5.400669 6.865895168 9.392254976 -0.307798305 -0.015157824 0.017412144 0.687740001 0.725589931
5.500640 6.982821030 9.920634381 -0.326973844 -0.013994925 0.018940638 0.697533528 0.716165045
5.600624 6.993443636 10.461568343 -0.341156719 -0.013694324 0.019741590 0.705447234 0.708355091
5.701000 6.971717267 11.005769338 -0.359074794 -0.014651209 0.018092941 0.711588705 0.702210440
5.800869 6.977822299 11.003826502 -0.358476858 -0.014654790 0.018134175 0.711590345 0.702207640
5.901000 6.807993200 12.204580584 -0.408147693 -0.015860588 0.016958914 0.720557106 0.693006706
6.000738 6.813100696 12.203289730 -0.407755264 -0.015959526 0.016968372 0.720573751 0.692986896
6.101000 6.641007450 13.365360341 -0.467420167 -0.017163157 0.018449545 0.723718380 0.689635228
6.200700 6.641632907 13.363412062 -0.466827455 -0.017197433 0.018506022 0.723700160 0.689651981
6.301000 6.571849633 14.497235569 -0.526922791 -0.018521407 0.019226848 0.725888070 0.687294548
6.401000 6.548488599 15.057004923 -0.556858335 -0.017877607 0.018908886 0.727096794 0.686041615
6.500829 6.550226377 15.058275986 -0.555529182 -0.017957789 0.018957943 0.727097552 0.686037364
6.601000 6.474380620 16.206769323 -0.618429740 -0.016874495 0.018283142 0.729646540 0.683371718
6.701000 6.435312661 16.816630364 -0.649909259 -0.017544402 0.017958937 0.729961617 0.683026872
6.800468 6.434602200 16.820311908 -0.649305753 -0.017634942 0.017938212 0.729950404 0.683037069
6.901000 6.305209151 18.166077818 -0.714173451 -0.019843817 0.018608462 0.731075907 0.681753597
7.000656 6.309679392 18.166267075 -0.713345186 -0.020042566 0.018532518 0.731163863 0.681655520
7.100652 6.151813936 19.943743497 -0.799010996 -0.019596471 0.017417367 0.730376027 0.682541921
7.200829 6.111263253 20.606353781 -0.836405674 -0.016790690 0.016363659 0.731522366 0.681414215
7.300838 6.038511825 21.434902098 -0.869597496 -0.014612430 0.015872097 0.731831634 0.681143900
7.400798 5.982301347 22.158591846 -0.898045476 -0.015553987 0.015819069 0.731488767 0.681492490
7.514736 5.932130963 22.911668472 -0.935495160 -0.017124952 0.016121950 0.731256291 0.681697188
7.601000 5.859783285 23.697442666 -0.952778654 -0.019210053 0.019384326 0.731740942 0.681036281
7.700827 5.863246640 23.691448981 -0.950350804 -0.019253383 0.019493224 0.731816478 0.680950780
7.800842 5.726222262 25.408316322 -1.024581695 -0.015907718 0.024358448 0.732188677 0.680480236
7.901000 5.667950090 26.174147763 -1.063891042 -0.014193426 0.022139878 0.732465175 0.680296361
8.000740 5.664541962 26.172749091 -1.064181652 -0.014117440 0.022241353 0.732447869 0.680313265
8.100764 5.513436062 28.087110761 -1.139978789 -0.009123298 0.019082692 0.732945559 0.679958399
8.201000 5.474783956 28.724210975 -1.174807305 -0.009594246 0.020027841 0.733807760 0.678994114
8.300754 5.476278160 28.710374088 -1.172897614 -0.009557297 0.020065751 0.733729787 0.679077774
8.400827 5.309393248 30.406304635 -1.215438559 -0.009020997 0.021264616 0.732769031 0.680085278
8.501000 5.277556519 31.123122416 -1.240174818 -0.011269387 0.021345681 0.733540594 0.679216873
8.601000 5.216820669 31.841706324 -1.274907394 -0.011281180 0.022282559 0.733884965 0.678814467
8.700827 5.222646184 31.833693576 -1.276062800 -0.011234945 0.022396482 0.733906387 0.678788324
8.801000 5.082733432 33.549372873 -1.350067621 -0.010915458 0.023344497 0.734023241 0.678635225
8.901000 5.011068474 34.313674909 -1.382055682 -0.010735734 0.022835854 0.734245856 0.678414542
9.001000 4.922222894 35.167493940 -1.412891961 -0.010257515 0.023172147 0.733926089 0.678756459
9.100288 4.924282045 35.162848125 -1.412267979 -0.010271315 0.023228205 0.733926394 0.678754004
9.200631 4.741105034 36.899736460 -1.486262792 -0.009325822 0.023866198 0.733473551 0.679234852
9.300491 4.683457643 37.781640475 -1.523413787 -0.008668918 0.024181337 0.734435389 0.678192282
9.401000 4.645502046 38.537911230 -1.549144082 -0.005646489 0.024351260 0.735255908 0.677328489
9.500633 4.649684256 38.534069620 -1.547390897 -0.005628287 0.024436310 0.735180844 0.677407054
9.600801 4.486735371 40.431958791 -1.599921060 -0.004555385 0.026419151 0.735112776 0.677414558
9.700895 4.412959687 41.291895356 -1.639551379 -0.007658017 0.027629937 0.736065706 0.676302608
9.800781 4.312114550 42.426242619 -1.680509094 -0.008913551 0.029119442 0.736439912 0.675817182
9.900882 4.215515906 43.351316833 -1.719113990 -0.008699349 0.028714298 0.736678973 0.675576717
10.001000 4.127015091 44.250999009 -1.759446071 -0.008274001 0.027006650 0.737104799 0.675187897
10.100856 4.126451908 44.253450804 -1.759267278 -0.008293809 0.027018456 0.737111332 0.675180050
10.200694 3.915716206 46.300383280 -1.838917003 -0.010440412 0.025076480 0.738407417 0.673807579
10.301000 3.860790383 47.079989633 -1.876944824 -0.010824681 0.026335851 0.738734262 0.673395084
10.400673 3.864561898 47.068256392 -1.875772707 -0.010965644 0.026293601 0.738768821 0.673356541
10.500688 3.657292234 49.017253706 -1.953583318 -0.013665200 0.024909240 0.740296477 0.671679923
10.600718 3.609190960 49.781549026 -1.992924493 -0.012249050 0.024593555 0.740679573 0.671296423
10.701000 3.542399197 50.618975468 -2.029856719 -0.011153714 0.025542200 0.741165248 0.670743816
10.800891 3.546579467 50.604652124 -2.028913377 -0.011203103 0.025520761 0.741113092 0.670801436
10.901000 3.342370244 52.348724055 -2.098399853 -0.011979816 0.025593516 0.741578720 0.670270436
11.000816 3.343272955 52.346047205 -2.098064033 -0.011939288 0.025724549 0.741534459 0.670315110
11.100907 3.119337008 54.073611537 -2.172559661 -0.012415782 0.026024315 0.742331099 0.669412521
11.200905 3.025594365 54.941312484 -2.209763292 -0.013856142 0.024849914 0.741966637 0.669832814
11.300706 2.972298263 55.859344791 -2.249003371 -0.016498457 0.023670389 0.742640158 0.669068837
11.400796 2.838555268 56.865377624 -2.290404072 -0.019207483 0.022978219 0.742276876 0.669423718
11.501000 2.748176277 57.775199717 -2.332962050 -0.020361047 0.023083616 0.741718419 0.670004748
11.600897 2.750497590 57.772160171 -2.333086813 -0.020383410 0.023115289 0.741740343 0.669978704
11.700795 2.579172065 59.619600602 -2.436040634 -0.020277653 0.025124103 0.739843899 0.672003424
11.800899 2.457398060 60.415136590 -2.482433503 -0.018886034 0.024512283 0.740335644 0.671524832
11.900797 2.355451097 61.359987726 -2.522986709 -0.017126291 0.023971676 0.740068544 0.671885852
12.000797 2.281648621 62.285096877 -2.561806176 -0.015863954 0.023210322 0.739919538 0.672107650
12.100898 2.203857583 63.197699677 -2.600211094 -0.015990777 0.022606443 0.739586483 0.672491694
12.200895 2.113648433 64.090703327 -2.641503967 -0.017317920 0.021801121 0.739409653 0.672679839
12.300895 2.028056753 64.992838116 -2.682064921 -0.018215095 0.021151971 0.739208045 0.672898411
12.400783 1.942179930 65.865742608 -2.720065134 -0.018094795 0.020606197 0.739023064 0.673121738
12.500784 1.857896730 66.782346867 -2.759650204 -0.018211417 0.019800371 0.738606271 0.673600079
12.600685 1.752432976 67.806471914 -2.806982027 -0.017806091 0.020164283 0.738181695 0.674065376
12.701000 1.671182074 68.724274624 -2.850288891 -0.016584777 0.020862557 0.738086396 0.674179628
12.801000 1.586531822 69.630429006 -2.888580482 -0.015675446 0.021112163 0.737998841 0.674289454
12.900779 1.587875409 69.633622645 -2.890015130 -0.015642989 0.021197951 0.737998993 0.674287350
13.000758 1.448672175 71.584514757 -2.966213286 -0.013548883 0.021364484 0.737839593 0.674501832
13.100869 1.369398634 72.317710709 -3.002791287 -0.013263628 0.021925966 0.738114965 0.674188124
13.200528 1.283950973 73.208722108 -3.041645912 -0.014126447 0.021900972 0.737371748 0.674984219
13.300840 1.192523332 74.156989821 -3.083394521 -0.015838333 0.022250101 0.736599769 0.675777227
13.400706 1.095741800 75.108211596 -3.128430723 -0.016790397 0.022632389 0.736083993 0.676303344
13.500851 1.008903845 76.066185326 -3.172871631 -0.016584068 0.022706618 0.735656451 0.676770984
13.601000 0.922293761 77.039318413 -3.219976314 -0.015672603 0.023248076 0.735591067 0.676845388
13.700854 0.922763398 77.046407554 -3.220028842 -0.015774637 0.023177462 0.735603252 0.676832197
13.801000 0.742401402 79.028176003 -3.310632000 -0.015605396 0.023486350 0.734694442 0.677811877
13.900671 0.744203296 79.033122288 -3.311272433 -0.015590789 0.023540270 0.734700314 0.677803977
14.000718 0.605100605 81.058139235 -3.414642605 -0.013957971 0.023982704 0.735225548 0.677254309
14.100700 0.518205843 81.943848061 -3.449314562 -0.016061971 0.022022962 0.735476225 0.677002012
14.200702 0.430492541 82.854771448 -3.485381267 -0.017643058 0.022417638 0.735385501 0.677048253
14.301000 0.334407001 83.828030326 -3.518473229 -0.018865512 0.022082660 0.735401331 0.677009107
14.400637 0.334641817 83.822071417 -3.517837942 -0.018742180 0.022250329 0.735381469 0.677028618
14.501000 0.151558153 85.715170145 -3.604651833 -0.018306046 0.022224701 0.735143071 0.677300241
14.601000 0.095469657 86.528352617 -3.655122474 -0.019006840 0.021880064 0.735177142 0.677255176
14.700843 0.099558758 86.525594637 -3.656097311 -0.019042699 0.021884223 0.735176611 0.677254611
14.800561 -0.056476401 88.510770037 -3.766846022 -0.020680814 0.022676532 0.734971058 0.677403590
14.900833 -0.093708116 89.293255589 -3.800875276 -0.021457344 0.021503883 0.735405873 0.676945616
15.000359 -0.169937715 90.163826715 -3.837473717 -0.022401695 0.020967309 0.734844877 0.677540805
15.101000 -0.275380430 91.063175818 -3.874866115 -0.022629777 0.020281020 0.734146600 0.678310654
15.201000 -0.372699247 91.948360618 -3.918838510 -0.022532419 0.019768736 0.733483937 0.679045508
15.300675 -0.370549546 91.950113661 -3.919750781 -0.022482994 0.019836769 0.733447203 0.679084839
15.401000 -0.544429043 93.814289548 -4.006603376 -0.021461315 0.018004053 0.733053412 0.679593968
15.501000 -0.592993830 94.865645570 -4.050219341 -0.021135173 0.018108667 0.733847741 0.678743600
15.600817 -0.591135141 94.869503744 -4.050724549 -0.021145932 0.018136725 0.733868775 0.678719772
15.701000 -0.745474240 96.628503252 -4.137779830 -0.022276836 0.020848696 0.733976271 0.678489431
15.800446 -0.745539260 96.622843257 -4.136739198 -0.022338684 0.020774951 0.733948030 0.678520209
15.901000 -0.885229133 98.200993172 -4.221024382 -0.022259849 0.021032809 0.735023656 0.677349500
16.001000 -0.946318929 98.956841433 -4.263750911 -0.021196721 0.020800459 0.735511870 0.676860642
16.101000 -1.019119982 99.751932182 -4.300561226 -0.020276160 0.020259436 0.735901686 0.676481442
16.201000 -1.079016307 100.479213356 -4.341049121 -0.018888824 0.021165037 0.736046613 0.676336187
16.301000 -1.151624977 101.375886010 -4.389463515 -0.018563456 0.022824400 0.736832689 0.675434699
16.401000 -1.230605910 102.442213767 -4.440105238 -0.019148963 0.024467583 0.737640464 0.674478465
16.500759 -1.228118857 102.439089758 -4.441047639 -0.019123541 0.024482103 0.737602408 0.674520277
16.600875 -1.460928805 104.619261656 -4.564465594 -0.022468083 0.028272363 0.738769797 0.672989633
16.700697 -1.541127259 105.440341000 -4.599848107 -0.021435011 0.025902290 0.739934778 0.671837879
16.800589 -1.637687693 106.340992732 -4.640682258 -0.022025871 0.022837722 0.740504101 0.671302448
16.900783 -1.772096609 107.463770429 -4.690665095 -0.022466896 0.020385636 0.741064993 0.670747599
17.000483 -1.881056202 108.435138649 -4.737610702 -0.022777646 0.020626693 0.742329268 0.669330245
17.101000 -1.987456098 109.442949964 -4.789252789 -0.022940999 0.022769617 0.743161187 0.668331284
17.200866 -1.985037302 109.439084510 -4.789437767 -0.022954959 0.022770700 0.743220168 0.668265177
17.276000 -2.224261361 111.466242582 -4.879932081 -0.020564105 0.025163231 0.745751076 0.665431636
17.393857 -2.332695111 112.495041323 -4.935427847 -0.018899676 0.023985887 0.745615458 0.665676399
17.501000 -2.447948662 113.541253085 -4.991621296 -0.019898956 0.022700975 0.745774353 0.665514322
17.601000 -2.544351054 114.423820828 -5.041683141 -0.019778984 0.022655141 0.746615569 0.664575600
17.686714 -2.540824194 114.406303065 -5.040512779 -0.019828466 0.022651261 0.746605069 0.664586054
17.801000 -2.741173889 116.033212182 -5.128198030 -0.019381429 0.022675340 0.747236245 0.663888682
17.900640 -2.743833965 116.030810224 -5.127352466 -0.019449628 0.022652735 0.747227168 0.663897676
18.001000 -2.966034051 117.604066314 -5.212364487 -0.019890989 0.022123596 0.746975738 0.664185322
18.124336 -3.038378716 118.365219712 -5.266052661 -0.020089072 0.021480674 0.746954346 0.664224522
18.224736 -3.114039052 118.988874709 -5.301071942 -0.020265916 0.020672567 0.747177081 0.663994237
18.300531 -3.114444038 118.973179989 -5.296715696 -0.020287597 0.020658874 0.747150455 0.664023962
18.400846 -3.341755826 120.571095513 -5.366066162 -0.017808075 0.020855785 0.745659033 0.665763108
18.501000 -3.444313298 121.430450108 -5.401075034 -0.020173258 0.020737633 0.745741872 0.665606529
18.601000 -3.516533666 122.225495840 -5.438720385 -0.019051785 0.021232974 0.745764268 0.665598863
18.700909 -3.512378880 122.226148745 -5.439236877 -0.019073915 0.021286450 0.745786856 0.665571212
18.800793 -3.749666763 124.350524828 -5.543585782 -0.016922800 0.021133547 0.744652533 0.666902989
18.900587 -3.861617929 125.209320778 -5.587834324 -0.018788085 0.020683563 0.744742553 0.666766622
19.000684 -4.040318335 126.276814588 -5.623836744 -0.018179730 0.021094687 0.743539759 0.668111622
19.100863 -4.141091437 127.275462722 -5.667539067 -0.018221128 0.021362238 0.743336049 0.668328635
19.201000 -4.181712269 128.144072182 -5.709044643 -0.021147350 0.022020870 0.743269597 0.668294978
19.301000 -4.283637681 129.120505034 -5.752417473 -0.021164174 0.023629734 0.743191196 0.668326687
19.400628 -4.283760823 129.111986681 -5.753227985 -0.021269643 0.023556038 0.743122652 0.668402154
19.500571 -4.503716343 131.047053120 -5.829878696 -0.019713674 0.020706736 0.741436252 0.670413967
19.600848 -4.576252073 131.738884779 -5.868586066 -0.015830233 0.021656370 0.742285977 0.669546065
19.700705 -4.683172270 132.758978897 -5.911905445 -0.015428822 0.021387294 0.741561312 0.670366583
19.801000 -4.781348021 133.711388472 -5.949275553 -0.016733747 0.021670230 0.741115238 0.670819340
19.900769 -4.780608777 133.703561767 -5.949603615 -0.016744963 0.021674926 0.741154398 0.670775642
20.000794 -5.013553319 135.564555682 -6.017734469 -0.017150226 0.024765881 0.740193355 0.671718927
20.101000 -5.068486532 136.296485848 -6.063969586 -0.018559776 0.024165872 0.740427368 0.671445350
20.200894 -5.063200741 136.294463703 -6.065688910 -0.018459838 0.024327545 0.740472475 0.671392522
20.300671 -5.248165415 138.215495644 -6.169447885 -0.023246834 0.027523749 0.739885128 0.671767836
20.400868 -5.327523297 139.073467129 -6.212415093 -0.022778106 0.027389437 0.739621077 0.672080083
20.500861 -5.412879035 139.913878625 -6.255903631 -0.023266619 0.027401983 0.739439335 0.672262795
20.600597 -5.494552252 140.747375078 -6.304867076 -0.023243680 0.026110207 0.739557660 0.672184837
20.700876 -5.566963607 141.578315184 -6.358000968 -0.023860816 0.025150968 0.739582295 0.672172685
20.800877 -5.614005510 142.410092168 -6.410337842 -0.024421671 0.024897958 0.739953203 0.671753624
20.900771 -5.775384475 143.357220966 -6.458028786 -0.025419370 0.025001610 0.738854422 0.672921183
21.001000 -5.842621777 144.181352973 -6.502224358 -0.026741694 0.025192198 0.738716341 0.673014414
21.101000 -5.928702635 144.989125169 -6.545345147 -0.026727607 0.025726415 0.738776609 0.672928606
21.200881 -5.928418562 144.986614268 -6.544517689 -0.026953264 0.025565761 0.738758394 0.672945725
21.329547 -6.062026009 146.518969951 -6.633464390 -0.026574505 0.024275475 0.738339183 0.673468446
21.400875 -6.060381542 146.506819577 -6.627721096 -0.026590562 0.024746772 0.738338232 0.673451702
21.500874 -6.150526557 147.576511942 -6.703083762 -0.024268831 0.024374297 0.739899921 0.671837052
21.600618 -6.227624143 148.226084613 -6.744068183 -0.024863042 0.024432072 0.740065197 0.671631154
21.700616 -6.314222707 148.957515500 -6.783027885 -0.025095025 0.024459164 0.740276896 0.671388194
21.800740 -6.395989440 149.699564467 -6.818648533 -0.025893104 0.023960896 0.740349454 0.671295843
21.900744 -6.474569460 150.439278015 -6.855808368 -0.026392043 0.023628474 0.740688301 0.670914298
22.000867 -6.557739754 151.274171736 -6.900864396 -0.025475718 0.023711432 0.740844620 0.670774184
22.100716 -6.625152090 152.005497218 -6.947696768 -0.024370600 0.024406086 0.740837332 0.670798378
22.200546 -6.710198982 152.828247399 -6.990725665 -0.024083219 0.024994624 0.740292135 0.671388727
22.300839 -6.790412230 153.636879804 -7.029564286 -0.024453601 0.025263908 0.739877822 0.671821825
22.400820 -6.847288284 154.355204901 -7.066883921 -0.025432557 0.025657182 0.739918193 0.671726106
22.501000 -6.936090088 155.056663799 -7.104174456 -0.025975602 0.025804823 0.739298119 0.672382087
22.601000 -7.000462757 155.713909219 -7.138213448 -0.026091674 0.025656813 0.738601068 0.673148881
22.700430 -7.000423623 155.708174320 -7.137951517 -0.026150962 0.025637593 0.738626436 0.673119476
22.800831 -7.168924445 157.240335482 -7.228837615 -0.025257699 0.024898174 0.736529171 0.675475321
22.900852 -7.192469708 157.696701416 -7.263791475 -0.025094741 0.023633697 0.735561333 0.676580541
23.001000 -7.222733686 158.255638830 -7.299685058 -0.025893237 0.022643747 0.733526713 0.678789630
23.101000 -7.260366773 158.877526945 -7.331466672 -0.026151153 0.021175970 0.731115755 0.681423105
23.201000 -7.292441910 159.431825430 -7.359207911 -0.024980151 0.020146229 0.728560686 0.684229091
23.301000 -7.326939934 159.944774222 -7.389026308 -0.023758049 0.019268449 0.725579587 0.687458032
23.400859 -7.330988472 159.936827439 -7.387970321 -0.023865191 0.019150491 0.725642578 0.687391126
23.500722 -7.388916970 161.340361862 -7.450728699 -0.022279916 0.016346832 0.716761642 0.696770504
23.601000 -7.412445015 161.812359903 -7.478270973 -0.023882018 0.017974163 0.715833272 0.697631211
23.700847 -7.410524561 161.792142684 -7.478033960 -0.024056470 0.017862750 0.715964512 0.697493388
23.800587 -7.418491255 163.190220024 -7.536831132 -0.025884345 0.017989677 0.703091398 0.710400491
23.900871 -7.421670554 163.575699109 -7.561396309 -0.026245269 0.017042789 0.702149431 0.711341624
24.000703 -7.409501432 164.109121791 -7.587793045 -0.026256626 0.016489252 0.696213286 0.717165081
24.100844 -7.358597851 164.720470747 -7.615376779 -0.027627002 0.015831397 0.691514778 0.721660188
24.200662 -7.285869521 165.341434360 -7.642573735 -0.028504907 0.016067908 0.686197855 0.726678606
24.300648 -7.221293320 165.850801771 -7.662956867 -0.029373961 0.016047071 0.679634187 0.732787168
24.400416 -7.174593359 166.484350923 -7.683943752 -0.030749964 0.016519747 0.670660282 0.740942861
24.500422 -7.116172016 167.063373528 -7.714286767 -0.032613110 0.015780761 0.662701167 0.748007029
24.600570 -7.045002629 167.627495642 -7.749333089 -0.033388632 0.014391962 0.654146110 0.755493836
24.700495 -6.950226993 168.259174098 -7.779428153 -0.033737298 0.012260863 0.642832992 0.765164826
24.800303 -6.853066770 168.801751753 -7.808719348 -0.033804031 0.011051217 0.633539022 0.772892920
24.901000 -6.743809874 169.318219608 -7.836889618 -0.033818695 0.010383777 0.624532255 0.780197370
25.001000 -6.619825446 169.813896327 -7.861904105 -0.033854003 0.009886897 0.615389214 0.787433979
25.100721 -6.620118828 169.814567848 -7.861693936 -0.033926490 0.009845168 0.615375769 0.787441889
25.201000 -6.327835596 170.728478767 -7.900364687 -0.035633048 0.008384758 0.596215409 0.801989506
25.300646 -6.328466685 170.723368804 -7.900296024 -0.035693147 0.008361292 0.596298720 0.801925136
25.400824 -5.921477855 171.752183745 -7.949198902 -0.037017377 0.007287649 0.568425742 0.821869077
25.501000 -5.791171152 172.128755267 -7.978055007 -0.036402596 0.007849469 0.565071549 0.824201056
25.600641 -5.788289045 172.114454145 -7.977489957 -0.036520520 0.007906899 0.565142425 0.824146693
25.700682 -5.271587646 173.012085417 -8.028142196 -0.037803606 0.009216749 0.534517863 0.844260975
25.800816 -5.157227083 173.383441527 -8.046217852 -0.038415591 0.008367184 0.530038564 0.847061600
25.900828 -4.911366558 173.932880781 -8.059266129 -0.038653409 0.008438838 0.513529481 0.857159362
26.000845 -4.660253714 174.359734909 -8.077845897 -0.039069928 0.007700849 0.497911507 0.866313090
26.100851 -4.358526575 174.868297472 -8.096537744 -0.039394919 0.007051951 0.480353687 0.876161313
26.200547 -4.032613123 175.342612262 -8.116900288 -0.040699084 0.006255920 0.464491801 0.884619588
26.300843 -3.674368151 175.788346830 -8.138818859 -0.041503771 0.005768128 0.448001210 0.893050436
26.401000 -3.338503161 176.213126129 -8.158648787 -0.041565288 0.004846689 0.431387079 0.901195886
26.501000 -2.974988220 176.617209890 -8.178842808 -0.041812449 0.004074892 0.415507918 0.908618888
26.601000 -2.563890907 177.071131236 -8.199452684 -0.041709154 0.003688417 0.397155226 0.916795762
26.701000 -2.169570370 177.459876786 -8.215633947 -0.041864810 0.003199079 0.380187556 0.923955911
26.800697 -2.168254484 177.461486463 -8.215021398 -0.041918437 0.003189442 0.380164779 0.923962885
26.901000 -1.422187350 178.189760815 -8.245594641 -0.042598228 0.002036325 0.346685610 0.937011383
27.000869 -1.423708467 178.185413599 -8.244202684 -0.042710870 0.002149336 0.346714738 0.936995226
27.101000 -0.690603798 178.470809660 -8.265145790 -0.043097550 0.001152818 0.327837712 0.943749812
27.200756 -0.692301330 178.466435820 -8.263996919 -0.043219872 0.001247485 0.327796305 0.943758480
27.300885 0.333042343 179.042332424 -8.275832237 -0.044658774 -0.000261871 0.288639298 0.956395776
27.400885 0.667722028 179.479345834 -8.286981571 -0.044174091 -0.000296434 0.279021719 0.959268180
27.500813 1.148248473 179.748805272 -8.295840080 -0.043635202 -0.000704381 0.265469054 0.963131172
27.601000 1.724549199 180.413074416 -8.301979197 -0.043417709 0.000402745 0.229555449 0.972326610
27.700866 1.711356358 180.404264951 -8.301582142 -0.043461565 0.000455540 0.229704452 0.972289437
27.800821 3.036707606 180.977303808 -8.301637268 -0.043848092 -0.000964185 0.183493246 0.982042079
27.900825 3.399731835 180.870467637 -8.310641406 -0.044652115 -0.001643612 0.196067523 0.979571852
28.000513 3.925401666 181.095422077 -8.318140491 -0.044914111 -0.001208622 0.181208182 0.982417863
28.100515 4.531820608 181.301869296 -8.323191886 -0.043545883 -0.001367510 0.163544771 0.985573434
28.201000 5.140969108 181.405476074 -8.323501796 -0.043375644 -0.000670674 0.150250571 0.987695737
28.301000 5.689828289 181.532073864 -8.321154765 -0.043848970 0.000121665 0.137288678 0.989560040
28.401000 6.160998069 181.644848559 -8.316832270 -0.044417475 0.000267496 0.128086132 0.990767863
28.501000 6.673731807 181.758488678 -8.313789534 -0.045293650 0.000335814 0.117095119 0.992087247
28.601000 7.203474003 181.868883646 -8.314430467 -0.044700926 0.000325874 0.105591162 0.993404363
28.700788 7.202366943 181.866470480 -8.314955856 -0.044751314 0.000346956 0.105536317 0.993407915
28.800894 8.804293870 181.991463992 -8.307249452 -0.046071159 -0.001907629 0.070535131 0.996442976
28.900407 9.237073087 182.155971889 -8.312664948 -0.046665478 -0.002313641 0.067686221 0.996612039
29.000631 9.787665196 182.260919435 -8.316331358 -0.046817644 -0.001882753 0.056591640 0.997297323
29.101000 10.394792352 182.320261374 -8.314340994 -0.045627586 -0.001211057 0.045824292 0.997906203
29.201000 11.090090142 182.355958687 -8.310278096 -0.045690026 -0.000691938 0.034257453 0.998367853
29.301000 11.738451506 182.367494963 -8.301943706 -0.045419179 -0.000993117 0.025844424 0.998633155
29.400535 11.733916402 182.362873759 -8.301336282 -0.045412457 -0.000946662 0.026004000 0.998629363
29.500322 13.558670258 182.284367488 -8.281551737 -0.041769956 -0.000715811 0.006430894 0.999106302
29.601000 14.079372080 182.331879950 -8.274427037 -0.040756595 -0.000240032 0.005605185 0.999153354
29.701000 14.831644600 182.314081806 -8.271320639 -0.039347606 0.000890139 0.000340852 0.999225128
29.800850 14.809885760 182.317395150 -8.271981258 -0.039429473 0.000923818 0.000467769 0.999221819
29.900814 16.357426935 182.336717336 -8.270652309 -0.036772608 0.004662986 -0.002920207 0.999308513
30.001000 16.911550694 182.800179742 -8.268927260 -0.036802142 0.004862530 -0.018997308 0.999130152
30.100857 16.884459901 182.801757140 -8.268606259 -0.036861505 0.004960642 -0.018873719 0.999129823
30.200700 18.597218214 182.795865832 -8.269762826 -0.035264112 0.004979213 -0.021800376 0.999127816
30.300518 19.025342414 182.583142878 -8.266268886 -0.035648317 0.003653689 -0.020403515 0.999149411
30.401000 19.738223605 182.238088905 -8.259850295 -0.034682847 0.002925962 -0.012070388 0.999321192
30.500497 19.719529086 182.235202113 -8.258979221 -0.034646249 0.002942055 -0.011965080 0.999323681
30.601000 21.246289361 182.064114163 -8.249115707 -0.035133210 0.003125372 -0.005208727 0.999364177
30.700643 21.239974730 182.062888385 -8.249057757 -0.034947133 0.003149271 -0.005108362 0.999371145
30.801000 22.535508717 182.178366645 -8.241173668 -0.036460114 0.003879644 -0.007443859 0.999299854
30.901000 23.153243054 182.169576708 -8.241487562 -0.037352137 0.004660320 -0.005535135 0.999275969
31.001000 23.676347713 182.125402595 -8.240709116 -0.037610910 0.005610018 -0.002950763 0.999272355
31.100582 23.675767801 182.122914397 -8.240712547 -0.037728044 0.005659249 -0.002981951 0.999267570
31.201000 25.058016961 182.111883961 -8.238737851 -0.036688844 0.005908803 0.000083202 0.999309265
31.300855 25.076491154 182.106953411 -8.238406844 -0.036752964 0.005929623 -0.000123648 0.999306782
31.401000 26.299140529 182.218979267 -8.238293249 -0.036465822 0.005815913 -0.007241011 0.999291743
31.500572 26.304159504 182.217330560 -8.238427671 -0.036558583 0.005884718 -0.007265943 0.999287769
31.600580 28.078350152 182.227903334 -8.238813503 -0.033785813 0.006400953 -0.005853527 0.999391456
31.700726 28.741554583 182.198491346 -8.231093191 -0.033781761 0.006116606 -0.008387776 0.999375317
31.800701 29.519518364 182.160321727 -8.223076208 -0.034123781 0.005104899 -0.005518459 0.999389341
31.901000 30.267255636 182.132646636 -8.221877814 -0.035286691 0.004369775 -0.002256256 0.999365130
32.000573 30.249963265 182.132635751 -8.222454009 -0.035379765 0.004422969 -0.002120369 0.999361903
32.100854 31.820594428 182.151110221 -8.222267634 -0.036572054 0.003730545 -0.004481790 0.999314005
32.200718 32.412762466 182.161962077 -8.222512296 -0.037031146 0.004655317 -0.010225599 0.999250949
32.300729 33.127128011 182.130618880 -8.216942961 -0.038247560 0.005161178 -0.015898472 0.999128483
32.400730 33.866019794 182.108003322 -8.213442176 -0.040043405 0.005174013 -0.022129122 0.998939466
32.500573 34.655794666 182.078963175 -8.209524687 -0.040972000 0.005678219 -0.033771395 0.998573255
32.600706 35.309418383 182.024029587 -8.204879217 -0.041558344 0.005674896 -0.042794533 0.998203049
32.700568 36.192351697 181.921640100 -8.198299249 -0.041926385 0.006148098 -0.096607058 0.994420160
32.800856 36.886680639 181.735092896 -8.191560075 -0.042536766 0.005114973 -0.126345689 0.991060658
32.900705 37.490661785 181.594475618 -8.181296380 -0.042509749 0.003737170 -0.144717052 0.988552441
33.000853 37.957800231 181.673060350 -8.168257989 -0.042633555 -0.000449663 -0.104682141 0.993591378
33.101000 38.522753144 181.610218297 -8.157596508 -0.042899467 -0.001735968 -0.109413462 0.993068636
33.200532 38.527836145 181.607680472 -8.158614317 -0.042977395 -0.001734212 -0.109397654 0.993067012
33.300573 39.843212034 181.254265861 -8.116541163 -0.041574840 -0.004098105 -0.151708678 0.987542007
33.400802 40.702806505 181.177967725 -8.094251290 -0.040037678 -0.002325558 -0.184519209 0.982010304
33.500637 41.290360843 180.943902915 -8.069468685 -0.038043423 -0.001696518 -0.205205727 0.977977724
33.601000 41.854981894 180.671532392 -8.047185173 -0.037706049 0.001343926 -0.226166075 0.973357773
33.701000 42.340155705 180.394668053 -8.034344389 -0.035783667 0.002441222 -0.242098354 0.969588550
33.801000 42.856658014 180.084869018 -8.020687776 -0.033019199 0.002222382 -0.260007358 0.965039361
33.901000 42.565440485 180.047610814 -8.001260691 -0.032800194 0.000211540 -0.226046899 0.973564020
34.001000 43.083583357 179.775276748 -7.989254587 -0.033991596 -0.000483842 -0.244303810 0.969102670
34.101000 43.509555431 179.509997567 -7.977989235 -0.034396915 -0.001360293 -0.260927425 0.964744464
34.200809 43.507329757 179.511743007 -7.978991601 -0.034469236 -0.001313749 -0.261017992 0.964717448
34.301000 44.679809271 178.703346432 -7.941114472 -0.032171616 -0.000272293 -0.301867974 0.952806717
34.400740 44.681034791 178.704129554 -7.941453683 -0.032231114 -0.000201816 -0.301884082 0.952799620
34.500880 45.749382293 177.780917695 -7.885586211 -0.032531058 0.001277645 -0.346859783 0.937351795
34.601000 46.229921302 177.463566574 -7.864508099 -0.031742310 -0.000719720 -0.355008418 0.934323783
34.700773 46.225836525 177.468059501 -7.866398064 -0.031807861 -0.000639381 -0.354813024 0.934395831
34.801000 47.181687789 176.472823046 -7.830007146 -0.030257342 -0.003690242 -0.394602851 0.918346049
34.900142 47.172499535 176.480318253 -7.830489934 -0.030253134 -0.003651105 -0.394529015 0.918378067
34.999684 47.714436165 175.424240990 -7.776238454 -0.028002128 -0.006502177 -0.428117744 0.903265631
35.100020 47.932841563 175.029514435 -7.739531513 -0.027611662 -0.005957684 -0.430836071 0.901988016
35.201000 48.226014804 174.454682740 -7.706772847 -0.026245926 -0.006106341 -0.444291799 0.895476779
35.301000 49.045690557 173.954678160 -7.678691184 -0.025084691 -0.006298941 -0.472645255 0.880873172
35.401000 49.234843366 173.384017874 -7.653776312 -0.024242106 -0.006849199 -0.484709610 0.874312303
35.501000 49.555868679 172.884386504 -7.624665194 -0.023590694 -0.007330943 -0.497745348 0.866971340
35.600886 49.551346081 172.889211991 -7.625437442 -0.023677641 -0.007302218 -0.497752291 0.866965227
35.701000 50.302496513 171.697240859 -7.567365909 -0.022764592 -0.009100076 -0.527407180 0.849258870
35.801000 50.530318031 171.097848906 -7.537086220 -0.022201223 -0.010042619 -0.537139145 0.843141619
35.900769 50.531554212 171.098633869 -7.536499906 -0.022151657 -0.010055227 -0.537109812 0.843161459
36.000882 51.072042531 169.627473721 -7.460445471 -0.023410738 -0.012990111 -0.564575279 0.824947240
36.101000 51.307399413 169.137439701 -7.418338844 -0.024423259 -0.012977543 -0.568219417 0.822412173
36.201000 51.558642334 168.463169367 -7.376975088 -0.025330039 -0.013537090 -0.577150801 0.816132397
36.300383 51.562980790 168.478410697 -7.377634688 -0.025229054 -0.013559494 -0.577167752 0.816123165
36.401000 52.108633411 167.073286078 -7.294748338 -0.023897508 -0.013021977 -0.598106789 0.800954185
36.500452 52.108498166 167.077477948 -7.295333165 -0.023847168 -0.013035486 -0.598042673 0.801003340
36.600755 52.380061625 165.546856071 -7.198423790 -0.021402464 -0.011735723 -0.604030003 0.796587699
36.701000 52.532727030 164.853033938 -7.158822906 -0.023596700 -0.011408351 -0.609384397 0.792441608
36.801000 52.754237386 164.142107951 -7.123889509 -0.024472351 -0.010039426 -0.614398239 0.788552546
36.900807 52.755975147 164.152704247 -7.124448768 -0.024552277 -0.009939468 -0.614395381 0.788553555
37.000277 53.090486526 162.419703689 -7.042487347 -0.026204042 -0.005204147 -0.620538964 0.783720396
37.100187 53.222952220 161.730608089 -6.998505908 -0.026783621 -0.004375447 -0.627102318 0.778463985
37.199990 53.386658044 160.993502373 -6.954027886 -0.028629449 -0.001734471 -0.632020474 0.774420730
37.300000 53.553592816 160.157562860 -6.925051435 -0.028842968 -0.000936693 -0.637910935 0.769569259
37.401000 53.700210381 159.302914447 -6.896910714 -0.028988007 -0.001807293 -0.644310993 0.764211864
37.499750 53.696294849 159.309482470 -6.897332234 -0.029008704 -0.001775014 -0.644406557 0.764130574
37.598826 53.983041593 157.515369219 -6.827237264 -0.029438520 -0.006323668 -0.652902945 0.756842869
37.698581 54.085609495 156.719525181 -6.778469076 -0.029619247 -0.007401440 -0.657183735 0.753111849
37.801000 54.171195178 155.956204141 -6.725432006 -0.027908004 -0.007244785 -0.661025857 0.749808957
37.901000 54.291591371 155.024644650 -6.667224287 -0.026652716 -0.005181021 -0.665155451 0.746211107
37.999765 54.289584669 155.027805106 -6.667022035 -0.026646042 -0.005193663 -0.665189862 0.746180582
38.100851 54.464811868 153.309619692 -6.554633378 -0.019215528 -0.004790756 -0.670619879 0.741536776
38.200858 54.544718808 152.637686726 -6.525798811 -0.019990925 -0.007118130 -0.672990271 0.739346867
38.300732 54.630095150 151.855281121 -6.502101520 -0.018872660 -0.008915850 -0.675428897 0.737129660
38.400861 54.705666596 151.032752843 -6.468639012 -0.019585212 -0.009674133 -0.676001924 0.736576017
38.500706 54.793366206 150.096242416 -6.425203147 -0.020561145 -0.011608159 -0.676805463 0.735783158
38.600475 54.873374540 149.238874454 -6.374080428 -0.021462159 -0.014526704 -0.676684555 0.735816801
38.700189 54.973999474 148.411789647 -6.327152101 -0.021983058 -0.015846019 -0.677027235 0.735458885
38.800795 55.025239867 147.457635435 -6.272232520 -0.021593527 -0.013751878 -0.676793437 0.735727700
38.900795 55.100891026 146.601669797 -6.225042244 -0.019636330 -0.011208670 -0.675635710 0.736888843
39.000876 55.181482299 145.623631003 -6.171446766 -0.016956389 -0.011837757 -0.675004551 0.737523698
39.101000 55.262532348 144.725061473 -6.123452318 -0.016303417 -0.013107226 -0.673158602 0.739202202
39.200892 55.263585722 144.723937025 -6.124176988 -0.016210969 -0.013171959 -0.673119733 0.739238479
39.300674 55.453363280 142.804199028 -6.023217509 -0.016971072 -0.013580086 -0.668183104 0.743679301
39.401000 55.529852515 142.082025244 -5.986608517 -0.016940815 -0.013110917 -0.668618744 0.743296770
39.500889 55.528806799 142.096551986 -5.988704128 -0.016783633 -0.013167566 -0.668636595 0.743283276
39.600670 55.770219763 140.265376451 -5.906556003 -0.015805132 -0.010889268 -0.663574991 0.747863526
39.701000 55.867016847 139.560094720 -5.862207240 -0.016173977 -0.011849203 -0.664533061 0.746989833
39.800677 55.864334829 139.570479697 -5.860128801 -0.016230404 -0.011704188 -0.664503262 0.747017403
39.900637 56.136186635 137.710190301 -5.757622233 -0.017443911 -0.013361939 -0.660319557 0.750663207
40.000252 56.214306718 136.992420817 -5.712339650 -0.018672100 -0.012876108 -0.661435881 0.749658678
40.100693 56.310656912 136.130528934 -5.668970246 -0.020191858 -0.010929468 -0.660681237 0.750315360
40.201000 56.451430879 135.158970857 -5.626144848 -0.020354908 -0.008359966 -0.660152133 0.750809530
40.300449 56.448697504 135.171869805 -5.627512489 -0.020278847 -0.008364447 -0.660087922 0.750867991
40.401000 56.679789844 133.413128502 -5.538136579 -0.021415722 -0.005935551 -0.659383497 0.751478236
40.500745 56.679145904 133.419803987 -5.539765949 -0.021382378 -0.005804625 -0.659371244 0.751490960
40.600884 56.963234566 131.742077968 -5.454128696 -0.024319990 -0.004552817 -0.661493246 0.749542857
40.701000 57.068804785 130.954220296 -5.418161576 -0.023699214 -0.004974858 -0.661730174 0.749350902
40.801000 57.213015878 129.979091764 -5.383163155 -0.023488290 -0.003614536 -0.662260102 0.748897051
40.900899 57.211840313 129.983740948 -5.382719780 -0.023478716 -0.003573217 -0.662261595 0.748896229
41.001000 57.390897413 128.399589141 -5.298483161 -0.023343730 -0.002144595 -0.663153600 0.748116150
41.100712 57.389861630 128.405452905 -5.299477054 -0.023283516 -0.002140507 -0.663166680 0.748106443
41.200713 57.595686667 126.792660799 -5.213562326 -0.023276764 -0.001628148 -0.664090093 0.747288358
41.300588 57.715601964 125.898048359 -5.174793471 -0.023245042 -0.001607071 -0.664133505 0.747250810
41.400338 57.834046787 124.933489376 -5.136223254 -0.022226637 -0.001157791 -0.664717846 0.746762895
41.501000 57.951455980 123.986271790 -5.103477172 -0.020929342 0.000379518 -0.665225815 0.746348735
41.600839 57.950853192 123.992492735 -5.103405213 -0.021090648 0.000571706 -0.665201629 0.746365628
41.701000 58.180624255 122.112711457 -5.038570330 -0.018952862 -0.002398386 -0.666138954 0.745582947
41.801000 58.261736079 121.380809327 -5.004406097 -0.021560165 -0.003117474 -0.666213206 0.745443093
41.901000 58.354084464 120.553789810 -4.959901947 -0.022798109 -0.004543444 -0.666263355 0.745354107
42.000051 58.355031878 120.551002622 -4.958369614 -0.022774564 -0.004540688 -0.666265030 0.745353346
42.100694 58.586561147 118.535629229 -4.851381241 -0.024188998 -0.004855551 -0.666405790 0.745180944
42.200760 58.688447448 117.792395663 -4.810188161 -0.024760703 -0.003495065 -0.666622837 0.744975628
42.301000 58.790566940 116.999567274 -4.771045130 -0.026368010 -0.002116714 -0.666222193 0.745283998
42.401000 58.892764979 116.141218062 -4.732693442 -0.026800511 -0.001480909 -0.666144613 0.745339449
42.500496 58.891131691 116.153168721 -4.734908924 -0.026706227 -0.001513115 -0.666163503 0.745325885
42.600045 59.131860394 114.251203580 -4.641270629 -0.025273058 -0.003550219 -0.666625943 0.744955382
42.700751 59.230375453 113.296734012 -4.591514922 -0.025920368 -0.003854345 -0.667212248 0.744406538
42.800643 59.335226333 112.427434037 -4.557672955 -0.025612485 -0.004489589 -0.666793836 0.744788443
42.901000 59.429700452 111.588094490 -4.523148198 -0.027280847 -0.004173635 -0.666931872 0.744607423
43.000786 59.429469277 111.588908586 -4.525982821 -0.027177222 -0.004249691 -0.666895908 0.744642993
43.101000 59.675797639 109.702115632 -4.424460183 -0.027688387 -0.003572454 -0.667260804 0.744300753
43.201000 59.764206907 109.009147033 -4.375945057 -0.027509650 -0.002058117 -0.667369918 0.744215275
43.300805 59.764230774 109.008915784 -4.377063922 -0.027476177 -0.002051856 -0.667370438 0.744216063
43.401000 59.925201482 107.507182207 -4.294020913 -0.025049506 -0.002108599 -0.666756611 0.744851460
43.500753 59.924377771 107.509043483 -4.296180388 -0.025029381 -0.002039906 -0.666706714 0.744896990
43.600568 60.128368125 105.751137565 -4.220259695 -0.022345127 -0.004817329 -0.666517573 0.745138788
43.700609 60.199771086 105.058949209 -4.183326798 -0.024198259 -0.002681050 -0.667155776 0.744520266
43.800736 60.292266695 104.355865532 -4.138581674 -0.023965717 -0.003576474 -0.667789209 0.743955930
43.901000 60.382468153 103.522348516 -4.092734047 -0.025228013 -0.004113069 -0.667824089 0.743880109
44.001000 60.493547352 102.529299636 -4.049944550 -0.025562452 -0.005488629 -0.668309262 0.743423948
44.100621 60.492820225 102.532931566 -4.048817622 -0.025361262 -0.005685987 -0.668324682 0.743415493
44.201000 60.704193718 100.619034086 -3.959375381 -0.024726573 -0.007956451 -0.669305900 0.742532763
44.301000 60.801923171 99.717498877 -3.916295717 -0.022826856 -0.007354486 -0.669510899 0.742414979
44.401000 60.886962773 98.868232425 -3.870321689 -0.021249791 -0.006437196 -0.669396598 0.742573366
44.500094 60.887207186 98.867408771 -3.871004481 -0.021191763 -0.006468826 -0.669402068 0.742569818
44.601000 61.077423668 97.016317444 -3.795606212 -0.019377977 -0.005546710 -0.669766693 0.742297989
44.700830 61.078567754 97.012972332 -3.795720468 -0.019200835 -0.005636057 -0.669771647 0.742297450
44.800843 61.252367119 95.474138416 -3.727587725 -0.016622423 -0.007777534 -0.670620412 0.741573643
44.900588 61.352666819 94.639926064 -3.687037861 -0.018156810 -0.007749003 -0.670670286 0.741492853
45.000595 61.422959210 93.900120488 -3.645727645 -0.018080104 -0.006768185 -0.670657545 0.741515852
45.100867 61.538244613 92.849706791 -3.606807429 -0.017430909 -0.006779912 -0.670598239 0.741584923
45.201000 61.679809006 91.750786032 -3.560362934 -0.018286216 -0.008255663 -0.671300007 0.740914137
45.301000 61.775789161 90.823986582 -3.517870816 -0.019490550 -0.008601287 -0.670866655 0.741271925
45.400887 61.773230649 90.830191688 -3.518398856 -0.019520426 -0.008543730 -0.670846881 0.741289700
45.500769 61.973712232 89.002840592 -3.426242171 -0.019011661 -0.006765512 -0.669751458 0.742311100
45.600787 62.052645067 88.188825391 -3.387570166 -0.017952768 -0.005099212 -0.670055727 0.742076154
45.700798 62.158448976 87.194215365 -3.355334996 -0.018113682 -0.003060586 -0.669529853 0.742557946
45.800791 62.261881835 86.258095576 -3.321816491 -0.018456815 -0.003336206 -0.669309198 0.742747207
45.901000 62.369259296 85.366107803 -3.288832026 -0.019708324 -0.004483386 -0.669285392 0.742730466
46.000712 62.367762923 85.369898101 -3.289437038 -0.019737958 -0.004445171 -0.669272093 0.742741892
46.100898 62.583804161 83.496428128 -3.210226975 -0.023101958 -0.003951529 -0.668859434 0.743019342
46.200627 62.660059743 82.685138243 -3.167413900 -0.022006703 -0.003373467 -0.669410619 0.742558919
46.300415 62.753843648 81.804167759 -3.121021738 -0.021519173 -0.002126241 -0.669360133 0.742623334
46.400864 62.859650767 80.801468019 -3.079729142 -0.020054720 -0.000964592 -0.669588716 0.742460658
46.500747 62.959353099 79.910691742 -3.046673039 -0.019785671 0.000497354 -0.669902669 0.742185080
46.601000 63.060713707 79.014755329 -3.013405869 -0.020087218 -0.000338026 -0.670027213 0.742064635
46.672429 63.059664197 79.017415611 -3.013702791 -0.019933987 -0.000401705 -0.670010952 0.742083418
46.776000 63.227393844 77.398641091 -2.965363075 -0.019269205 -0.002390359 -0.671027345 0.741178310
46.900769 63.345786857 76.315367829 -2.924901870 -0.019485681 -0.001021027 -0.671141190 0.741072715
47.000718 63.443489357 75.354831061 -2.885763882 -0.018972551 -0.000472995 -0.671000567 0.741213908
47.101000 63.552006992 74.432930316 -2.843869075 -0.018710920 -0.000466344 -0.671259730 0.740985869
47.200869 63.553562095 74.435394404 -2.844004170 -0.018433962 -0.000618632 -0.671288251 0.740966862
47.301000 63.742283289 72.634327399 -2.769033594 -0.020644135 -0.002167135 -0.672309733 0.739978882
47.400765 63.743351089 72.635969328 -2.770234171 -0.020393794 -0.002387053 -0.672304896 0.739989542
47.501000 63.912359897 71.053636638 -2.694516626 -0.022820847 -0.002067290 -0.672545308 0.739701118
47.582818 63.914481425 71.060640269 -2.695850754 -0.022683802 -0.002172148 -0.672601222 0.739654192
47.673727 64.067226869 69.419648859 -2.600701783 -0.026991845 -0.001043945 -0.673787822 0.738430986
47.788500 64.164609223 68.351508410 -2.544452678 -0.026054795 -0.000997830 -0.673681185 0.738561990
47.851000 64.211269712 67.890723104 -2.524025037 -0.024680070 -0.001291986 -0.673424783 0.738842532
48.001000 64.350457357 66.558044420 -2.464449440 -0.023181763 -0.001361339 -0.674091804 0.738282461
48.100544 64.349481702 66.577161881 -2.465847826 -0.023239032 -0.001263911 -0.674085163 0.738286897
48.167667 64.496847485 64.991026921 -2.401217991 -0.020757683 -0.002257048 -0.674835738 0.737672523
48.300433 64.601147383 63.771265207 -2.347592559 -0.020981139 -0.002324141 -0.674520928 0.737953866
48.401000 64.676551775 62.986758560 -2.319147071 -0.019599962 -0.004367906 -0.674383450 0.738108207
48.500454 64.675975872 62.997078681 -2.320166180 -0.019547236 -0.004385180 -0.674398709 0.738095561
48.600546 64.864038768 60.969083402 -2.244258243 -0.018495089 -0.004898225 -0.674941392 0.737623248
48.700714 64.940187742 60.244124987 -2.204498083 -0.018496427 -0.003514928 -0.674775215 0.737783124
48.801000 65.016813478 59.447820607 -2.168470430 -0.016553915 -0.004615171 -0.674762012 0.737835277
48.900599 65.017878044 59.455466234 -2.168503324 -0.016624497 -0.004426156 -0.674805482 0.737795091
49.001000 65.204710915 57.618785767 -2.094641100 -0.016486031 -0.006223836 -0.675377713 0.737261432
49.101000 65.278011427 56.807008740 -2.060158771 -0.016746409 -0.006358965 -0.674975622 0.737622553
49.201000 65.331488658 56.082729717 -2.027001073 -0.016098806 -0.006557442 -0.674855710 0.737744941
49.300690 65.331719222 56.083993614 -2.027109972 -0.016171172 -0.006445531 -0.674885500 0.737717093
49.400697 65.489369574 54.259640435 -1.951775262 -0.015847284 -0.005669821 -0.675495201 0.737172266
49.501000 65.563711878 53.471817866 -1.911588871 -0.015610081 -0.006896660 -0.674973216 0.737644846
49.601000 65.653473121 52.670170067 -1.871704469 -0.014923038 -0.007214991 -0.675390412 0.737274059
49.700531 65.654939883 52.682242682 -1.872020838 -0.014878585 -0.007201313 -0.675346444 0.737315366
49.800261 65.812303142 51.023700226 -1.790999747 -0.011594728 -0.007807481 -0.675361786 0.737354097
49.900583 65.892733379 50.247740819 -1.769397621 -0.011183431 -0.008031684 -0.675265702 0.737446035
50.000788 66.001702335 49.223517867 -1.728711765 -0.011719974 -0.008611711 -0.675377618 0.737328661
50.101000 66.081050903 48.335930694 -1.686007682 -0.014691298 -0.008590962 -0.675027664 0.737596105
50.200635 66.082594382 48.337257268 -1.686290329 -0.014592459 -0.008596290 -0.675023845 0.737601500
50.300713 66.241038991 46.384463673 -1.617046237 -0.006950836 -0.007892252 -0.674851803 0.737878338
50.400519 66.312500604 45.685604033 -1.587194536 -0.006090443 -0.005573470 -0.675029747 0.737744321
50.501000 66.410608778 44.787436238 -1.560480222 -0.007531749 -0.009206297 -0.674595706 0.738091559
50.600373 66.411976749 44.794970735 -1.561872802 -0.007481866 -0.009151211 -0.674607669 0.738081818
50.701000 66.582654156 43.047482139 -1.508909414 -0.009004397 -0.011091707 -0.673446683 0.739097734
50.800668 66.583385573 43.047151118 -1.509364236 -0.008983620 -0.011012570 -0.673501143 0.739049544
50.900537 66.748581537 41.385644139 -1.429503221 -0.006856843 -0.011317985 -0.673053275 0.739475609
51.001000 66.817606913 40.630585539 -1.388917171 -0.011903806 -0.014697407 -0.672927491 0.739466617
51.100015 66.817909241 40.638233768 -1.390889967 -0.011678139 -0.014865449 -0.672986283 0.739413350
51.201000 66.993390267 38.926006148 -1.318360626 -0.009632047 -0.014549732 -0.672095925 0.740258466
51.301000 67.053433617 38.251177616 -1.285614441 -0.006234229 -0.012570017 -0.671876048 0.740530692
51.400786 67.052023685 38.258037460 -1.286982150 -0.006229009 -0.012548529 -0.671955220 0.740459260
51.500876 67.186924948 36.804244993 -1.232066370 0.000295991 -0.011755904 -0.672312702 0.740173859
51.600844 67.272031261 36.057908877 -1.211106419 -0.004325047 -0.011998734 -0.672129750 0.740323526
51.700568 67.369368152 35.197819757 -1.184248876 -0.004558838 -0.014217332 -0.672562956 0.739889286
51.800359 67.449277746 34.354249994 -1.148289941 -0.005904324 -0.015959239 -0.673045471 0.739405326
51.901000 67.518197411 33.531500020 -1.110567787 -0.006452337 -0.017675788 -0.673037267 0.739369171
52.000438 67.518598845 33.530304282 -1.109933605 -0.006411159 -0.017676945 -0.673005572 0.739398351
52.100538 67.686718682 31.697042829 -1.018188903 -0.007744279 -0.016347347 -0.673571413 0.738900766
52.200488 67.802934958 30.785832467 -0.979256977 -0.006653282 -0.014942322 -0.673619879 0.738896961
52.300737 67.881035225 30.061439637 -0.953880192 -0.005683146 -0.013469153 -0.673467255 0.739072487
52.401000 67.978541221 29.172023689 -0.923317488 -0.005111807 -0.012630047 -0.673892512 0.738703752
52.500890 67.978824673 29.188231048 -0.923984228 -0.004851458 -0.012729546 -0.673887990 0.738707925
52.600780 68.112509797 27.572175469 -0.868385160 -0.002500841 -0.013635361 -0.674229885 0.738391417
52.700896 68.149361577 27.006679470 -0.840116326 -0.003329524 -0.013742431 -0.674406504 0.738224848
52.800665 68.214201990 26.332066338 -0.807565739 -0.001762588 -0.014004463 -0.674220109 0.738395566
52.900645 68.282394994 25.648480210 -0.777333820 -0.001024505 -0.013462626 -0.674422095 0.738222559
53.000738 68.362145520 24.894401769 -0.748631434 -0.000489650 -0.012315497 -0.674578420 0.738100294
53.100524 68.425745969 24.253086792 -0.723067231 -0.000236237 -0.011898766 -0.674960548 0.737757834
53.201000 68.482324976 23.675250622 -0.700595925 -0.001110161 -0.012450539 -0.675255244 0.737478208
53.300339 68.481338649 23.679075198 -0.700089840 -0.001121671 -0.012364660 -0.675249514 0.737484882
53.400551 68.599390584 22.473808856 -0.651599046 -0.003714101 -0.012880966 -0.676774017 0.736068758
53.500757 68.651908162 21.909734907 -0.633820163 -0.004066768 -0.012886107 -0.677318112 0.735566166
53.600796 68.686310515 21.426703526 -0.619864053 -0.003228147 -0.013660394 -0.677764859 0.735144726
53.700809 68.720808526 20.969083699 -0.598773044 -0.003520977 -0.014547781 -0.677968942 0.734938146
53.800450 68.762259504 20.534409220 -0.573039433 -0.004636921 -0.015710664 -0.678310707 0.734592581
53.900828 68.811639998 20.095088186 -0.547777169 -0.006375712 -0.016154614 -0.678481279 0.734412373
54.001000 68.859697336 19.656588031 -0.525128165 -0.007369545 -0.014377421 -0.678313132 0.734595313
54.101000 68.903182184 19.211216598 -0.509683808 -0.006940392 -0.013352267 -0.678596126 0.734357437
54.201000 68.937672940 18.785740281 -0.497219505 -0.006638410 -0.012328734 -0.678471998 0.734492806
54.300588 68.939834372 18.777371825 -0.498561773 -0.006617777 -0.012360075 -0.678455214 0.734507968
54.400555 68.998142321 17.725957893 -0.465333777 -0.008097566 -0.008523231 -0.677738515 0.735209011
54.500855 69.015298459 17.390485530 -0.443987527 -0.009478791 -0.009472873 -0.677104403 0.735764938
54.600859 69.055878768 17.002295990 -0.423081892 -0.010106692 -0.008842978 -0.677631977 0.735278560
54.700733 69.100219156 16.594409524 -0.405504042 -0.010101540 -0.007622407 -0.679053811 0.733979414
54.800725 69.142643953 16.197923115 -0.387753474 -0.011010180 -0.006807453 -0.680763341 0.732389041
54.900725 69.185271991 15.790576287 -0.371975026 -0.012745713 -0.006673998 -0.683074444 0.730207032
55.001000 69.231524480 15.339569141 -0.360834556 -0.013482217 -0.006029286 -0.685339416 0.728074009
55.100566 69.232127651 15.342077482 -0.360827567 -0.013526504 -0.005964496 -0.685370256 0.728044690
55.201000 69.278073766 14.450385159 -0.335039030 -0.013984477 -0.004591648 -0.688575697 0.725015076
55.300586 69.277668589 14.450812441 -0.333031475 -0.014036729 -0.004455695 -0.688587851 0.725003371
55.400726 69.292241635 13.512580693 -0.308726506 -0.015827644 -0.004246815 -0.693115289 0.720640442
55.500579 69.300200198 13.274741357 -0.286705353 -0.015690335 -0.004473491 -0.693452683 0.720317415
55.600556 69.305758891 12.968113757 -0.263173487 -0.015686470 -0.003986163 -0.695919346 0.717937538
55.701000 69.319381908 12.654809612 -0.246886157 -0.015931195 -0.004708893 -0.698958043 0.714969704
55.800645 69.320914962 12.662719010 -0.247666200 -0.015971062 -0.004695411 -0.698936552 0.714989912
55.900588 69.346840537 11.949356889 -0.216818358 -0.018376757 -0.005519152 -0.709841583 0.704099965
56.000791 69.341233290 11.713466510 -0.209099640 -0.018371771 -0.003857001 -0.712489938 0.701431173
56.100577 69.344068316 11.364463280 -0.197017265 -0.018429531 -0.002176613 -0.718105526 0.695686761
56.201000 69.349529810 10.997832403 -0.183031352 -0.017464566 -0.001970509 -0.725174844 0.688340433
56.301000 69.304634330 10.551765585 -0.173272357 -0.016392226 -0.002537028 -0.725477073 0.688046420
56.400454 69.305168784 10.552004714 -0.173139944 -0.016411886 -0.002524807 -0.725426129 0.688099707
56.501000 69.225114360 9.940828341 -0.151587191 -0.015144135 -0.003857706 -0.732241623 0.680865610
56.601000 69.187824801 9.637456062 -0.135258146 -0.014248581 -0.003814452 -0.735969790 0.676853674
56.700792 69.187247878 9.635773328 -0.133473308 -0.014278610 -0.003727994 -0.736003623 0.676816733
56.800664 69.086991407 8.845010520 -0.101400154 -0.013414621 -0.002586564 -0.749167137 0.662240106
56.900582 69.092170118 8.414363492 -0.089709801 -0.012845103 -0.002825451 -0.732774933 0.680343970
57.000614 69.045867251 8.144197935 -0.080230525 -0.011838901 -0.003023472 -0.736762703 0.676040989
57.101000 69.027396569 8.074621694 -0.069790682 -0.010836830 -0.004391982 -0.745720448 0.666156353
57.200676 69.031139282 8.090978636 -0.070062572 -0.010815160 -0.004401037 -0.745639924 0.666246776
57.300798 68.828328665 7.209627699 -0.050596231 -0.008670956 -0.006873277 -0.773109133 0.634176507
57.400798 68.765955550 7.038108222 -0.042355810 -0.009028362 -0.006590803 -0.773270585 0.633977643
57.500693 68.726892152 6.882568457 -0.033125293 -0.009075690 -0.006365029 -0.774021414 0.633062373
57.601000 68.691757103 6.710064814 -0.024700472 -0.008742743 -0.006453938 -0.774619920 0.632333686
57.701000 68.667666725 6.556322734 -0.020502130 -0.008678170 -0.006720854 -0.774508587 0.632468156
57.800884 68.672287130 6.558182625 -0.021041084 -0.008691134 -0.006678952 -0.774493309 0.632487131
57.900886 68.603474052 6.177488935 -0.010539412 -0.010100950 -0.008158827 -0.773544619 0.633608812
58.000756 68.573394377 6.025548697 -0.003322284 -0.011764406 -0.008607423 -0.772776235 0.634511152
58.100871 68.539279086 5.881362623 0.001585513 -0.012428294 -0.009255256 -0.770578499 0.637156696
58.201000 68.512972195 5.732258445 0.009528904 -0.011554130 -0.009621758 -0.767503015 0.640868977
58.300615 68.516277128 5.732701521 0.009916521 -0.011546274 -0.009585024 -0.767481032 0.640895995
58.400616 68.446478189 5.339856049 0.030473338 -0.010969678 -0.009755373 -0.758389088 0.651636777
58.500746 68.447537640 5.183051998 0.036098328 -0.010648754 -0.009601959 -0.756493965 0.653843473
58.600873 68.448245867 5.032499772 0.039538762 -0.010091273 -0.009836077 -0.751433956 0.659657811
58.700753 68.438593745 4.891371570 0.045515523 -0.010252457 -0.009972100 -0.745564358 0.666280145
58.800729 68.439015312 4.755558762 0.048958522 -0.011354217 -0.010058419 -0.739558451 0.672921398
58.901000 68.448812110 4.595093156 0.054127393 -0.013023308 -0.011090507 -0.731551116 0.681571977
59.001000 68.455877659 4.435160615 0.059961353 -0.014128029 -0.011935811 -0.723094393 0.690501582
59.100852 68.454531596 4.433378333 0.060831961 -0.014169557 -0.011931525 -0.723034870 0.690563132
59.200695 68.495463934 4.038148559 0.070553968 -0.015157398 -0.014557026 -0.698319062 0.715478046
59.301000 68.558064168 3.817215950 0.079735380 -0.013931191 -0.012797845 -0.689832761 0.723721561
59.400848 68.564798495 3.821200959 0.079905302 -0.013947417 -0.012803148 -0.690014315 0.723548059
59.500855 68.664547467 3.333390173 0.095693326 -0.013984751 -0.009312986 -0.655491728 0.755015423
59.600855 68.754924380 3.048635626 0.107257742 -0.013003421 -0.007807719 -0.644616454 0.764355661
59.701000 68.831224242 2.796723970 0.114856652 -0.011640856 -0.007399628 -0.628152900 0.777967654
59.800764 68.827839604 2.804179904 0.114629482 -0.011642262 -0.007408338 -0.628242906 0.777894868
59.900806 68.968629672 2.236009158 0.129934777 -0.008605237 -0.007203065 -0.585641830 0.810492265
60.001000 69.112048906 1.955577126 0.143838485 -0.008351741 -0.005046264 -0.570834975 0.821006830
60.067667 69.115648148 1.964595769 0.145738974 -0.008158423 -0.004977647 -0.570959035 0.820922922
60.201000 69.421429379 1.441572734 0.173138826 -0.008727953 0.001091113 -0.532193724 0.846576915
60.300478 69.422715193 1.450164856 0.175612368 -0.008598483 0.001228279 -0.532224045 0.846558990
60.400762 69.751943079 0.942640769 0.165953014 -0.004578466 0.001874196 -0.483375633 0.875399064
60.501000 69.973757662 0.682753346 0.166119344 -0.004759405 -0.000032352 -0.464306744 0.885661670
60.600884 69.977256424 0.686775375 0.168853054 -0.004578624 0.000052557 -0.464399606 0.885613934
60.700762 70.410958196 0.203511314 0.187391504 -0.005282973 -0.000687190 -0.410943037 0.911645456
60.801000 70.697127777 -0.016457091 0.201908238 -0.005237894 0.000795168 -0.391190012 0.920294685
60.900775 70.697205388 -0.010350591 0.203696977 -0.005151959 0.000886472 -0.391487180 0.920168712
61.000788 71.253523938 -0.432868407 0.208043901 -0.001044106 -0.002496482 -0.338188190 0.941074612
61.100795 70.934996453 -0.598357237 0.197068739 -0.000210018 -0.003603631 -0.368062187 0.929794169
61.201000 71.587653415 -0.878978193 0.193564997 -0.001913420 -0.002704144 -0.346978180 0.937867352
61.300895 71.584126157 -0.874232517 0.194845823 -0.001810796 -0.002686702 -0.347075858 0.937831462
61.400626 72.504566360 -0.099697347 0.204347301 -0.010697383 0.004152215 -0.279455457 0.960090086
61.500558 71.760074744 -4.819046134 0.214488385 -0.008328453 0.002853078 -0.224612792 0.974408328
61.601000 72.728606714 -1.865715758 0.219330658 -0.005494309 0.002943894 -0.237679928 0.971323529
61.700747 72.728323155 -1.861779399 0.219565784 -0.005409764 0.002970324 -0.237707270 0.971317232
61.800880 74.452762942 1.224469931 0.231310043 -0.000915575 0.005575897 -0.229447765 0.973304574
61.901000 73.782806823 -3.333876278 0.225007118 -0.002955440 0.006404058 -0.160073608 0.987079882
62.001000 74.743169264 -0.722099211 0.220680736 -0.003797587 0.007028919 -0.175683517 0.984414280
62.081000 74.737015658 -0.716528133 0.221060431 -0.003789922 0.007040187 -0.175612895 0.984426830
62.185615 75.852244161 0.118278508 0.204384728 -0.009258999 0.007774377 -0.162682753 0.986604354
62.289889 75.662103735 -3.267585291 0.203157361 -0.009302913 0.007963536 -0.101555274 0.994754525
62.392304 76.543187290 -1.119294440 0.206867100 -0.010298272 0.009097706 -0.123715453 0.992222588
62.501000 77.615071704 1.151740787 0.209849635 -0.010865141 0.009680230 -0.153468306 0.988046416
62.600764 77.603354043 1.145293985 0.209935696 -0.010849319 0.009715573 -0.153614050 0.988023595
62.701000 78.728551114 1.813541173 0.200078845 -0.011977906 0.010615791 -0.154550391 0.987855258
62.801000 78.791618399 0.419115450 0.191780267 -0.012899593 0.010608317 -0.132260878 0.991074227
62.900708 78.789192699 0.421009372 0.191678335 -0.012924494 0.010637592 -0.132190462 0.991082984
63.000716 79.392849535 -2.177538164 0.176765355 -0.015122653 0.009921490 -0.082968767 0.996388003
63.101000 79.778020552 -2.902554277 0.178774785 -0.014027211 0.009337304 -0.066348699 0.997654200
63.201000 80.283093934 -3.011796096 0.174651410 -0.012572589 0.009151114 -0.062593728 0.997917939
63.301000 80.682653473 -3.002365994 0.172588191 -0.011430078 0.008762523 -0.062237522 0.997957445
63.417832 81.078734816 -2.997929940 0.157761918 -0.012200014 0.008430279 -0.061270943 0.998011003
63.501000 81.413105841 -3.027269660 0.149169452 -0.009178410 0.009412829 -0.061843925 0.997999241
63.600904 81.418948369 -3.027790044 0.150969265 -0.009127532 0.009379829 -0.061930536 0.997994647
63.701000 82.548899136 -3.079413677 0.159487886 -0.009191956 0.008212915 -0.061820802 0.998011144
63.801000 83.014484147 -3.130321470 0.168602788 -0.011127316 0.007319487 -0.061282428 0.998031599
63.900904 83.022153268 -3.131549978 0.169801704 -0.011093805 0.007361355 -0.061240132 0.998034260
64.000902 84.134481184 -3.229362525 0.166881776 -0.008520034 0.006110389 -0.063040847 0.997955873
64.100896 84.682884021 -3.288223513 0.150170873 -0.005671093 0.005808413 -0.061662940 0.998064017
64.201000 85.252113004 -3.380260941 0.147418719 -0.009160116 0.008125705 -0.061725116 0.998018074
64.300802 85.249199416 -3.383351269 0.148521197 -0.009230086 0.008184614 -0.061732914 0.998016465
64.400801 86.495430677 -3.544186744 0.143963199 -0.013649631 0.010996732 -0.063141836 0.997850624
64.501000 86.904650147 -3.580653140 0.148299141 -0.010457995 0.009526151 -0.061712716 0.997993699
64.600899 86.896169987 -3.571237219 0.149700017 -0.010450747 0.009565677 -0.061659422 0.997996691
64.700794 88.184182457 -3.744359200 0.156113785 -0.009352328 0.009983458 -0.062507851 0.997950717
64.800766 88.605649535 -3.776048767 0.151886515 -0.010129865 0.009462694 -0.061770596 0.997994107
64.901000 89.150213886 -3.855762193 0.147435754 -0.010052084 0.009484166 -0.061758944 0.997995410
65.000546 89.143419704 -3.856907434 0.147367575 -0.010030708 0.009521179 -0.061770831 0.997994537
65.101000 90.109439861 -4.000427036 0.136789218 -0.008505502 0.009144377 -0.063656889 0.997893700
65.200643 90.095078055 -3.994292800 0.136580487 -0.008527746 0.009168870 -0.063567062 0.997899012
65.301000 90.995508234 -4.109900712 0.133008057 -0.008616066 0.009556869 -0.065211141 0.997788523
65.400900 90.988967667 -4.112641677 0.134020285 -0.008626176 0.009599691 -0.065298832 0.997782290
65.500694 91.920719681 -4.247712620 0.127344453 -0.007632906 0.009756053 -0.069333368 0.997516638
65.600793 92.402437925 -4.286711524 0.122762216 -0.006558317 0.009424417 -0.067321085 0.997665295
65.700895 92.833695739 -4.351149628 0.121784398 -0.005666531 0.009142592 -0.068403861 0.997599727
65.801000 93.279851898 -4.421749557 0.117517992 -0.005465109 0.007792467 -0.069111612 0.997563529
65.901000 93.726108952 -4.482109503 0.117302343 -0.005120711 0.006128118 -0.069946377 0.997518786
66.000783 93.718758092 -4.476331874 0.117534231 -0.005099286 0.006154838 -0.069904752 0.997521649
66.101000 94.720119685 -4.620254724 0.114541709 -0.004310149 0.005474036 -0.069987988 0.997523503
66.201000 95.195917393 -4.667369697 0.111053579 -0.003563652 0.005847609 -0.070202156 0.997509280
66.300602 95.196323540 -4.662975241 0.110644631 -0.003538785 0.005836306 -0.070251427 0.997505966
66.400527 96.341516108 -4.836763166 0.105592337 -0.000826357 0.006530208 -0.072273268 0.997363148
66.500521 96.824686941 -4.873622251 0.105220481 -0.000688167 0.006045103 -0.070081774 0.997522696
66.600592 97.312065083 -4.934569930 0.103086301 -0.001009227 0.006302425 -0.067771405 0.997680459
66.700883 97.796969910 -5.016440581 0.099486287 -0.001298445 0.007220663 -0.065003297 0.997858080
66.800887 98.360599590 -5.079751832 0.094538237 -0.000980825 0.007879552 -0.063053284 0.997978574
66.900675 98.787766467 -5.186086695 0.093870061 -0.000931367 0.008376759 -0.058081828 0.998276246
67.000786 99.324646555 -5.298005292 0.092528570 -0.000978433 0.009001508 -0.053165882 0.998544643
67.100895 100.230131090 -5.224066924 0.086651253 -0.001276272 0.008915428 -0.060454156 0.998130343
67.201000 100.626022602 -5.332284940 0.080437518 -0.001721368 0.007122863 -0.053657179 0.998532528
67.300894 100.625391255 -5.333963610 0.080230010 -0.001728127 0.007127966 -0.053722318 0.998528977
67.401000 102.027644050 -5.442456333 0.071930234 -0.004079360 0.005499788 -0.053430325 0.998548102
67.500897 102.024725362 -5.444494035 0.073617259 -0.004091301 0.005571356 -0.053448989 0.998546657
67.600797 103.049652792 -5.538764736 0.073906033 -0.006478150 0.005259189 -0.047184296 0.998851349
67.700798 103.373192346 -5.578113914 0.078373812 -0.005285737 0.006331522 -0.045064497 0.998950031
67.800704 103.708491286 -5.584380477 0.081276393 -0.004636440 0.007223937 -0.045403645 0.998931843
67.900702 104.214114328 -5.622770500 0.080230229 -0.004990194 0.008691950 -0.044752050 0.998947847
68.000904 104.718314440 -5.668461260 0.080943882 -0.006539482 0.009501483 -0.044603285 0.998938188
68.100814 105.220841762 -5.706388143 0.077116825 -0.007990723 0.009600312 -0.044751788 0.998920047
68.200723 105.810441217 -5.731448363 0.069047028 -0.008497989 0.009809114 -0.048221586 0.998752344
68.301000 107.000942303 -5.714052303 0.064275457 -0.008519096 0.010027162 -0.073897455 0.997179045
68.376000 107.002606939 -5.716350059 0.065127474 -0.008543326 0.010042069 -0.073871732 0.997180593
68.482250 108.010911293 -5.963542701 0.056477367 -0.009315303 0.010896032 -0.045461598 0.998863226
68.601000 108.463542042 -5.967860939 0.058749705 -0.010335386 0.011542761 -0.045910626 0.998825390
68.696833 108.452566569 -5.961054660 0.059774976 -0.010309094 0.011563923 -0.045898372 0.998825980
68.786714 109.501051270 -6.069061638 0.050824733 -0.012474978 0.013087308 -0.052076419 0.998479416
68.900741 110.050123903 -6.111147996 0.042185776 -0.012350545 0.012670539 -0.052939975 0.998440925
69.000740 110.483822576 -6.162151844 0.036162379 -0.012660463 0.012234290 -0.055019240 0.998330065
69.100825 110.864209671 -6.201798182 0.030089817 -0.012203996 0.012305836 -0.057287739 0.998207265
69.200827 111.181180989 -6.242775983 0.025712883 -0.010425741 0.012674828 -0.059661896 0.998083719
69.300914 111.349751717 -6.271094686 0.023328017 -0.009094105 0.012915716 -0.063061233 0.997884644
69.400743 112.806510713 -6.455591047 0.018630749 -0.009564895 0.010366442 -0.070483584 0.997413211
69.500913 113.230567691 -6.524753607 0.019357089 -0.008623585 0.006365813 -0.074334853 0.997175732
69.600909 113.658493063 -6.598228088 0.018399430 -0.008902852 0.003665358 -0.078029555 0.996904556
69.701000 114.086609394 -6.671068630 0.021167476 -0.008875983 -0.001635435 -0.081018657 0.996671721
69.800908 114.094120211 -6.675224729 0.021478124 -0.008853541 -0.001649013 -0.081013209 0.996672341
69.897429 115.082626431 -6.877175592 0.049038349 -0.009531730 -0.017159560 -0.090519889 0.995701183
69.998973 115.483136142 -6.935750271 0.054522897 -0.009049728 -0.013271925 -0.089423214 0.995864171
70.099578 115.879086897 -6.999312283 0.057625136 -0.006729764 -0.011284962 -0.091511055 0.995717373
70.200206 116.274084379 -7.064435111 0.065667573 -0.005340184 -0.010063185 -0.093638577 0.995541075
70.301000 116.674930440 -7.126002647 0.068976044 -0.006501844 -0.004601416 -0.095790800 0.995369618
70.401000 117.064600400 -7.189534884 0.087976208 -0.007822547 0.000278292 -0.098123426 0.995143469
70.500900 117.060876675 -7.188523353 0.087497289 -0.007845625 0.000304520 -0.098060802 0.995149452
70.600897 117.990270357 -7.385296383 0.125874706 -0.008498452 0.010077887 -0.104984432 0.994386485
70.701000 118.372205751 -7.466316464 0.124502927 -0.006892148 0.006487504 -0.104406303 0.994489685
70.800748 118.355193543 -7.466475004 0.125423391 -0.006888410 0.006550262 -0.104327630 0.994497556
70.900721 119.249007794 -7.702368131 0.114456436 -0.004765583 0.004657247 -0.113203920 0.993549431
71.000855 119.559782144 -7.765231687 0.108861788 -0.006825056 0.004775044 -0.113745208 0.993475035
71.100682 119.464267698 -7.721988299 0.106176100 -0.006740430 0.005628707 -0.113618245 0.993485671
71.200839 119.529217182 -9.281030249 0.113085456 -0.006556571 0.006640102 -0.106461090 0.994273080
71.300374 119.893899315 -9.192353967 0.126774193 -0.007687189 0.008436185 -0.111211028 0.993731274
71.400784 119.772422725 -11.233325337 0.127142584 -0.009724102 0.011043276 -0.098276604 0.995050349
71.501000 120.122003039 -11.306851845 0.119003150 -0.006993007 0.015065945 -0.100547089 0.994793646
71.600860 120.124529864 -11.308234331 0.118858950 -0.006990168 0.015070744 -0.100536019 0.994794712
71.700889 121.738427216 -8.168021312 0.096107201 -0.000319161 0.026858918 -0.135369082 0.990431072
71.801000 122.099268944 -8.254169892 0.086963031 -0.001697794 0.026663340 -0.134289087 0.990581963
71.900700 122.092640486 -8.249150619 0.089244994 -0.001682023 0.026730800 -0.134261764 0.990583875
72.000796 122.880452922 -8.644593647 0.079702937 -0.002334751 0.031900309 -0.138155260 0.989893956
72.101000 123.181554026 -8.704730285 0.068821219 -0.005610332 0.025670691 -0.137827061 0.990107692
72.200894 123.164453593 -8.698238981 0.069242475 -0.005605479 0.025705091 -0.137856702 0.990102700
72.300671 123.856110547 -8.906178391 0.024901007 -0.005549975 0.017625314 -0.141682175 0.989739717
72.401000 124.451057301 -9.107350460 0.012420575 -0.002048216 0.015824848 -0.142318388 0.989692303
72.501000 124.671663278 -9.170124924 0.011404266 -0.000234990 0.011827785 -0.140100448 0.990066620
72.600696 124.659372497 -9.163957807 0.012920981 -0.000234707 0.011834214 -0.140185696 0.990054477
72.700784 125.182769714 -9.300194459 0.007984839 0.004204003 -0.000455862 -0.128697133 0.991674930
72.800678 124.866676756 -9.166722267 0.009504774 0.003553193 0.002167502 -0.135351944 0.990788841
72.901000 125.453174370 -8.393889641 0.014026295 0.001951304 0.006164000 -0.133292635 0.991055635
73.000674 125.447204489 -8.390391765 0.013375715 0.001961508 0.006163132 -0.133252494 0.991061018
73.101000 125.545104553 -10.431077799 0.006504953 0.000988926 0.005317632 -0.081292165 0.996675639
73.201000 124.472362573 -17.680218549 0.000531067 0.000250856 0.004304873 0.023408912 0.999716674
73.300889 124.477478798 -17.680462498 0.001162903 0.000265859 0.004319116 0.023434273 0.999716014
73.400665 124.824987461 -17.964563517 0.000537476 -0.000884576 0.003821184 0.064974086 0.997879243
73.500663 124.922233897 -20.140735761 0.009084300 -0.000763339 0.004394539 0.107307047 0.994215924
73.601000 125.374216598 -17.969643364 0.006608529 -0.000288087 0.004929799 0.102515445 0.994719155
73.700771 125.373425384 -17.967971648 0.006018226 -0.000284336 0.004932326 0.102520193 0.994718654
73.800657 128.405104067 -7.328770646 0.000517312 0.000531118 0.007152519 0.005125321 0.999961144
73.901000 128.154143857 -8.637657392 -0.001749984 0.000415796 0.008218176 0.037381355 0.999267193
74.000657 128.151759913 -8.637418175 -0.001135998 0.000430836 0.008248660 0.037230055 0.999272584
74.100774 128.432137244 -9.519940335 -0.001826464 -0.003335604 0.012339432 0.107137755 0.994162016
74.201000 127.858311206 -12.230327826 -0.001436076 -0.004628737 0.010403341 0.170816770 0.985237015
74.300763 127.848396437 -12.234046342 -0.001155758 -0.004639710 0.010448848 0.170633719 0.985268201
74.400757 128.221528693 -12.806272662 -0.013726214 -0.007657406 0.009908412 0.239467783 0.970823552
74.500637 128.451613072 -12.534776069 -0.027264004 -0.005021564 0.010591101 0.254844811 0.966910924
74.600876 130.373525603 -7.555232548 -0.026652028 -0.002671705 0.012275671 0.186345802 0.982403895
74.701000 129.575533395 -10.283316188 -0.028022078 -0.003381809 0.012827628 0.266922303 0.963626743
74.800874 129.580369717 -10.288111535 -0.027593612 -0.003370676 0.012873283 0.266893775 0.963634075
74.900715 130.801719008 -7.918177477 -0.043698740 -0.010271135 0.014237421 0.277617435 0.960531290
75.001000 130.252279096 -9.847245407 -0.062797251 -0.007546997 0.014534302 0.342484905 0.939380587
75.100759 130.245044843 -9.847547587 -0.062764470 -0.007563519 0.014579950 0.342261072 0.939461323
75.200634 131.550094296 -7.257393455 -0.095765846 -0.006497827 0.016950492 0.351239517 0.936109642
75.300870 131.873156384 -6.950319880 -0.102535776 -0.007665203 0.015114653 0.375258682 0.926765188
75.400746 132.128379558 -6.621742870 -0.116831301 -0.007383623 0.014767565 0.398736120 0.916917067
75.500874 132.371531568 -6.252792069 -0.123092467 -0.006893452 0.014248266 0.421792451 0.906554243
75.600874 132.658645893 -5.836264037 -0.131149462 -0.006477985 0.012295928 0.445897330 0.894976210
75.700872 132.921725462 -5.425976848 -0.144813496 -0.006257112 0.009831217 0.469675676 0.882762117
75.787667 133.242683640 -4.981285858 -0.164796583 -0.005385102 0.009319581 0.492161994 0.870437085
75.896455 133.471787206 -4.475342360 -0.179810794 -0.004227765 0.010748452 0.516301354 0.856329089
76.001000 133.683690592 -3.995603791 -0.184295787 -0.006041728 0.012139622 0.533969973 0.845394698
76.051000 133.680192343 -3.995464112 -0.183134934 -0.006022919 0.012148110 0.533912440 0.845431047
76.178778 133.995576571 -2.994994269 -0.194447007 -0.011850159 0.012231670 0.564223147 0.825446667
76.293857 134.188809259 -2.452782501 -0.216938785 -0.010081156 0.011626529 0.578165959 0.815774061
76.396238 134.336130009 -1.931820357 -0.246253101 -0.009433285 0.011948271 0.590135840 0.807160419
76.497000 134.444787338 -1.368650491 -0.273143588 -0.008656273 0.013528530 0.600905856 0.799158433
76.600539 134.608213193 -0.762766628 -0.288159382 -0.008268860 0.015279405 0.611437310 0.791102131
76.700843 134.709976902 -0.207577473 -0.296181648 -0.009443320 0.016680360 0.619895062 0.784450573
76.801000 134.787798161 0.402381336 -0.306833112 -0.010587688 0.017371124 0.627074842 0.778693320
76.900674 134.784942189 0.400709113 -0.306917191 -0.010616868 0.017409860 0.626949245 0.778793184
77.001000 134.909770415 1.637316397 -0.355666702 -0.010856165 0.018153035 0.639848391 0.768210028
77.100678 134.909036564 1.632926173 -0.355543769 -0.010908987 0.018201387 0.639812754 0.768237817
77.200836 135.283817733 2.972006645 -0.420867051 -0.012025586 0.018815744 0.652441701 0.757509855
77.301000 135.322264974 3.579889706 -0.444667178 -0.012261817 0.019395500 0.653549605 0.756535773
77.400831 135.321742961 3.569075113 -0.443921131 -0.012286703 0.019448462 0.653433589 0.756634218
77.500660 135.520490224 5.106607028 -0.510555903 -0.014272813 0.021447527 0.655183732 0.755030176
77.600655 135.590378588 5.638036636 -0.536838503 -0.014372615 0.021345743 0.656089185 0.754244502
77.701000 135.628019007 6.334544630 -0.567899281 -0.013055236 0.023018452 0.655601265 0.754643421
77.800828 135.627925413 6.318081585 -0.567144458 -0.013070692 0.023041393 0.655539675 0.754695956
77.900758 135.809932713 8.017006300 -0.654319936 -0.008566779 0.028760299 0.654535683 0.755435302
78.001000 135.789686921 8.709218210 -0.683011238 -0.008274699 0.026752189 0.654758622 0.755319136
78.100878 135.789788448 8.693926057 -0.681382736 -0.008239795 0.026848942 0.654770623 0.755305681
78.200873 136.098543275 10.375736918 -0.742811146 -0.004569424 0.023063854 0.656233448 0.754191515
78.300741 136.111266721 10.986987801 -0.777717058 -0.003802584 0.023007573 0.655385701 0.754934285
78.400610 136.266240819 11.792244906 -0.807832561 -0.004112112 0.023651542 0.655672487 0.754663690
78.500870 136.378746698 12.562393544 -0.828814888 -0.004513146 0.024562485 0.654312603 0.755811705
78.600742 136.554688433 13.269174281 -0.846681877 -0.005294547 0.024703396 0.654333050 0.755784341
78.700869 136.647429882 14.013324643 -0.869099478 -0.006530289 0.024594593 0.653759526 0.756274384
78.801000 136.775401265 14.869057610 -0.905621457 -0.006535366 0.025020933 0.653329738 0.756631677
78.900743 136.775074771 14.868800173 -0.906584005 -0.006533090 0.025041352 0.653331411 0.756629577
79.001000 137.033912548 16.450228425 -0.973157545 -0.006193471 0.025490830 0.652246646 0.757552751
79.100870 137.034732456 16.461734441 -0.973024898 -0.006145831 0.025575714 0.652272046 0.757528409
79.200730 137.336221055 18.104006369 -1.047315281 -0.005683903 0.024395510 0.650221444 0.759331697
79.300731 137.440729018 18.886424545 -1.080035137 -0.005526439 0.025233318 0.651056822 0.758589317
79.400740 137.555151501 19.663536735 -1.107036946 -0.005211274 0.026044003 0.650691081 0.758877902
79.500624 137.685747780 20.484606498 -1.133603397 -0.004968824 0.026529645 0.650314922 0.759185084
79.601000 137.809980505 21.307774699 -1.163153663 -0.004626815 0.026865625 0.650617060 0.758916512
79.700636 137.806243815 21.309441748 -1.164053602 -0.004659328 0.026882617 0.650693797 0.758849918
79.800636 138.094097956 23.097867616 -1.237477776 -0.003371329 0.027442490 0.650146432 0.759305710
