1.312040 0.206155 0.030684 0.008727 0.000919 -0.000059 -0.000118 1.000000
1.412140 0.479531 0.034915 0.015518 0.001034 0.000057 -0.000634 0.999999
1.512043 0.888959 0.016549 0.021656 0.000604 0.000658 -0.000176 1.000000
1.612141 1.326122 0.022479 0.029235 0.000278 0.001425 -0.001060 0.999998
1.712045 1.850781 0.034164 0.036653 -0.000526 0.002105 -0.001268 0.999997
1.865248 2.617748 0.031015 0.040272 -0.000353 0.002490 -0.002158 0.999995
1.965148 3.186539 0.036701 0.042777 -0.000251 0.002673 -0.001646 0.999995
2.012093 3.428063 0.027852 0.044703 -0.000233 0.003385 -0.002356 0.999991
2.112017 3.996142 0.031355 0.047163 0.000698 0.002310 -0.002469 0.999994
2.212094 4.569839 0.011356 0.047491 0.000922 0.002251 -0.003049 0.999992
2.312121 5.172535 0.000392 0.053792 0.001416 0.002796 -0.003534 0.999989
2.412042 5.782072 -0.003421 0.058341 0.001566 0.003798 -0.003741 0.999985
2.565220 6.665021 -0.026019 0.064132 0.002650 0.004343 -0.003783 0.999980
2.612143 6.992756 -0.036845 0.067042 0.001829 0.004451 -0.003878 0.999981
2.712094 7.609596 -0.057755 0.070096 0.002525 0.004446 -0.003294 0.999982
2.865198 8.595048 -0.066693 0.079106 0.002976 0.004446 -0.003531 0.999979
2.965198 9.249200 -0.061990 0.080051 0.002924 0.004209 -0.003382 0.999981
3.065196 9.918481 -0.051887 0.086570 0.002532 0.004437 -0.003065 0.999982
3.165121 10.583076 -0.057800 0.094235 0.002189 0.005122 -0.003125 0.999980
3.265199 11.275584 -0.058974 0.097746 0.001998 0.005860 -0.002838 0.999977
3.311995 11.625393 -0.059285 0.102927 0.001582 0.006489 -0.002986 0.999973
3.412144 12.327042 -0.056662 0.104208 0.001804 0.005598 -0.002780 0.999979
3.512091 13.066142 -0.070796 0.107488 0.001741 0.004818 -0.002824 0.999983
3.673173 14.216883 -0.107368 0.116253 0.002502 0.004831 -0.002858 0.999981
3.712042 14.547127 -0.094545 0.119435 0.002093 0.004251 -0.002709 0.999985
3.812143 15.302770 -0.083273 0.127445 0.002155 0.005356 -0.001824 0.999982
3.965243 16.533083 -0.075779 0.135259 0.001835 0.006003 -0.001073 0.999980
4.012014 16.960554 -0.074813 0.137333 0.001978 0.005616 -0.001061 0.999982
4.112192 17.768009 -0.085880 0.138187 0.001498 0.005304 -0.000643 0.999985
4.212089 18.638929 -0.105841 0.143605 0.001639 0.004993 0.000075 0.999986
4.312140 19.516588 -0.102252 0.145108 0.001544 0.004303 -0.000100 0.999990
4.412042 20.433618 -0.097809 0.151245 0.002164 0.004100 0.000348 0.999989
4.511991 21.371788 -0.100669 0.158194 0.001934 0.004277 0.000642 0.999989
4.612141 22.351017 -0.089143 0.163740 0.002091 0.004255 0.000883 0.999988
4.712089 23.339172 -0.075769 0.162931 0.002305 0.003978 0.001453 0.999988
4.812041 24.365011 -0.066214 0.173429 0.002647 0.003094 0.002040 0.999990
4.912138 25.408876 -0.056116 0.181179 0.002931 0.002693 0.002413 0.999989
5.012067 26.453892 -0.049332 0.191186 0.002796 0.003269 0.003192 0.999986
5.112041 27.554014 -0.019834 0.201413 0.002801 0.004177 0.003422 0.999981
5.212091 28.657169 -0.003348 0.211660 0.002280 0.004275 0.004135 0.999980
5.376589 30.506124 0.021848 0.219675 0.002352 0.004125 0.004471 0.999979
5.412090 30.882315 0.025554 0.221104 0.001470 0.004136 0.005200 0.999977
5.511993 32.036660 0.052525 0.231563 0.002046 0.004326 0.004946 0.999976
5.612037 33.220484 0.069074 0.242211 0.002040 0.004160 0.005844 0.999972
5.712044 34.423211 0.085726 0.247548 0.002463 0.004767 0.006198 0.999966
5.879709 36.462479 0.133555 0.256943 0.003648 0.005527 0.006669 0.999956
5.977712 37.613166 0.149329 0.261478 0.003313 0.005130 0.007860 0.999950
6.072673 38.749390 0.173800 0.267598 0.003825 0.005622 0.008084 0.999944
6.146798 39.638706 0.190634 0.274421 0.003697 0.006031 0.008567 0.999938
6.272352 41.180252 0.233378 0.283744 0.003776 0.006561 0.008861 0.999932
6.369039 42.329032 0.264422 0.285253 0.003496 0.006897 0.009508 0.999925
6.466442 43.498847 0.292388 0.293046 0.003526 0.007216 0.010005 0.999918
6.512017 44.042929 0.306349 0.295799 0.002627 0.006948 0.010693 0.999915
6.669035 46.022409 0.370059 0.301971 0.002788 0.005992 0.010717 0.999921
6.712141 46.524235 0.385907 0.299588 0.002227 0.005616 0.011468 0.999916
6.866440 48.456540 0.446184 0.312725 0.002291 0.005852 0.011474 0.999914
6.968961 49.700523 0.472987 0.319166 0.001843 0.005922 0.012529 0.999902
7.012045 50.215604 0.487352 0.322585 0.001610 0.005975 0.013301 0.999892
7.112165 51.454017 0.526158 0.327350 0.001689 0.005970 0.013450 0.999890
7.212092 52.688734 0.569462 0.331095 0.001483 0.006036 0.013939 0.999884
7.312066 53.927046 0.615537 0.334865 0.001262 0.006263 0.014539 0.999874
7.412116 55.148463 0.655758 0.337930 0.001473 0.006101 0.015270 0.999864
7.512068 56.361409 0.692279 0.340228 0.001467 0.005913 0.015983 0.999854
7.612041 57.574128 0.740978 0.344886 0.001370 0.006035 0.016661 0.999842
7.734781 59.033493 0.791145 0.350131 0.001350 0.006395 0.017175 0.999831
7.812142 59.928858 0.822735 0.354486 0.001361 0.006540 0.018174 0.999813
7.912042 61.110372 0.872527 0.360305 0.001352 0.006430 0.018489 0.999807
8.012119 62.284938 0.918196 0.361445 0.001188 0.006095 0.019193 0.999797
8.111995 63.443156 0.966707 0.361753 0.001150 0.005655 0.019689 0.999789
8.212116 64.605921 1.014955 0.366342 0.000947 0.005657 0.020556 0.999772
8.312069 65.742458 1.066508 0.371422 0.000678 0.005658 0.020672 0.999770
8.411997 66.854511 1.114997 0.373044 0.000796 0.005707 0.021252 0.999758
8.512167 67.973532 1.168163 0.373175 0.000952 0.005727 0.021335 0.999756
8.612094 69.068874 1.224174 0.379628 0.000595 0.005876 0.021379 0.999754
8.768889 70.802059 1.306438 0.384129 0.000440 0.006368 0.021755 0.999743
8.811993 71.231166 1.328912 0.384314 -0.000089 0.006431 0.022517 0.999726
8.912067 72.319566 1.380333 0.391123 0.000028 0.006610 0.022416 0.999727
9.036929 73.695144 1.447635 0.391023 0.000119 0.006734 0.022719 0.999719
9.112045 74.500794 1.484274 0.387999 0.000128 0.006638 0.023285 0.999707
9.212194 75.607051 1.546059 0.393165 0.000265 0.007180 0.023325 0.999702
9.312116 76.670951 1.603224 0.393248 0.000163 0.007452 0.023357 0.999699
9.411993 77.711031 1.652101 0.393955 0.000159 0.007311 0.023233 0.999703
9.512066 78.732493 1.698221 0.393126 0.000136 0.006882 0.023127 0.999709
9.612042 79.728339 1.745596 0.392535 0.000358 0.006783 0.022814 0.999717
9.712194 80.701552 1.790182 0.391752 0.000617 0.007038 0.022692 0.999718
9.812192 81.649819 1.836220 0.396363 0.001063 0.007256 0.022384 0.999723
9.911994 82.578541 1.878323 0.399403 0.001845 0.007377 0.022424 0.999720
10.012145 83.480937 1.926065 0.400166 0.002454 0.007896 0.022159 0.999720
10.111968 84.355914 1.968756 0.405949 0.002305 0.008015 0.022019 0.999723
10.212018 85.220642 2.010558 0.405858 0.002358 0.007542 0.021907 0.999729
10.312168 86.066331 2.047706 0.407127 0.002553 0.007161 0.021876 0.999732
10.411991 86.903519 2.092231 0.407817 0.002988 0.006373 0.021517 0.999744
10.512117 87.727922 2.127473 0.408141 0.003294 0.005700 0.021319 0.999751
10.612143 88.531734 2.165302 0.409280 0.002870 0.005512 0.021060 0.999759
10.712116 89.338067 2.203157 0.412765 0.002598 0.005905 0.020861 0.999762
10.812067 90.136868 2.238091 0.419604 0.002309 0.006655 0.020676 0.999761
10.912115 90.929238 2.274280 0.420265 0.001817 0.006555 0.020475 0.999767
11.012166 91.689936 2.311883 0.421867 0.001640 0.006252 0.019508 0.999789
11.112065 92.450351 2.346848 0.420865 0.001061 0.005812 0.018763 0.999807
11.212091 93.201690 2.381566 0.419378 0.000856 0.005866 0.018040 0.999820
11.312166 93.938294 2.408498 0.424164 0.000380 0.006256 0.017512 0.999827
11.412169 94.674690 2.436579 0.426497 0.000361 0.006252 0.016760 0.999840
11.512020 95.392997 2.461352 0.430831 0.000473 0.006385 0.016081 0.999850
11.612064 96.112709 2.490003 0.433286 0.000085 0.006307 0.015425 0.999861
11.712114 96.817551 2.514142 0.433667 0.000004 0.006055 0.014700 0.999874
11.812093 97.518849 2.543119 0.433032 0.000156 0.006136 0.014065 0.999882
11.938618 98.413412 2.568247 0.435282 0.000390 0.006394 0.013594 0.999887
12.012116 98.866782 2.581144 0.435058 0.000425 0.006220 0.013687 0.999887
12.135007 99.741934 2.611251 0.440433 0.000830 0.006322 0.013735 0.999885
12.212117 100.247652 2.625127 0.437878 0.000599 0.006423 0.014270 0.999877
12.334381 101.113948 2.657935 0.440277 0.001260 0.006836 0.015641 0.999854
12.436900 101.796038 2.687884 0.442165 0.001064 0.007066 0.016558 0.999837
12.512043 102.288200 2.710753 0.442023 0.001244 0.007017 0.017379 0.999824
12.636829 103.167660 2.747341 0.446094 0.001284 0.006675 0.018920 0.999798
12.712041 103.644571 2.771118 0.443837 0.001178 0.006405 0.019715 0.999784
12.838398 104.533180 2.810468 0.443625 0.001254 0.005653 0.020525 0.999773
12.939793 105.188530 2.842753 0.444082 0.001357 0.005295 0.021043 0.999764
13.039322 105.840349 2.870754 0.444013 0.001431 0.004727 0.021294 0.999761
13.111942 106.311279 2.896607 0.445721 0.001368 0.004445 0.021560 0.999757
13.212116 107.020403 2.932814 0.446207 0.001739 0.004982 0.021756 0.999749
13.311992 107.733737 2.976708 0.447614 0.001804 0.005138 0.021906 0.999745
13.412091 108.448569 3.013306 0.448393 0.001852 0.005118 0.022237 0.999738
13.512118 109.168054 3.050198 0.448972 0.001852 0.005081 0.022599 0.999730
13.612014 109.888906 3.087338 0.446942 0.001947 0.004792 0.022858 0.999725
13.712013 110.612569 3.123224 0.446133 0.002152 0.004778 0.023111 0.999719
13.811991 111.335476 3.160720 0.448285 0.002307 0.004810 0.023299 0.999714
13.912167 112.067812 3.198328 0.449348 0.001987 0.004894 0.023475 0.999710
14.012016 112.797009 3.233918 0.447451 0.001826 0.005121 0.023863 0.999700
14.112017 113.520570 3.268220 0.447349 0.001854 0.005274 0.024044 0.999695
14.212067 114.252963 3.304715 0.447664 0.001829 0.004886 0.024365 0.999690
14.312037 114.980264 3.343970 0.446937 0.001980 0.004722 0.024341 0.999691
14.412015 115.709873 3.385729 0.444876 0.001624 0.004769 0.024599 0.999685
14.512069 116.450056 3.423758 0.444398 0.001397 0.004802 0.024901 0.999677
14.612141 117.191985 3.465568 0.446016 0.001491 0.005299 0.025051 0.999671
14.712065 117.927688 3.506397 0.445765 0.001233 0.005549 0.025333 0.999663
14.812068 118.683726 3.546247 0.446431 0.001074 0.005631 0.025743 0.999652
14.937426 119.631793 3.602451 0.446900 0.000999 0.005310 0.025893 0.999650
15.012066 120.109501 3.632207 0.447342 0.000710 0.005056 0.026275 0.999642
15.111989 120.872996 3.684231 0.448325 0.000608 0.005235 0.026451 0.999636
15.237272 121.837405 3.745092 0.448225 0.000559 0.005348 0.027303 0.999613
15.334983 122.517562 3.784418 0.450590 0.000560 0.005046 0.028498 0.999581
15.411992 123.065577 3.825167 0.450726 0.000182 0.005005 0.029266 0.999559
15.512115 123.852262 3.877519 0.447655 -0.000309 0.004551 0.030450 0.999526
15.612091 124.642944 3.935085 0.447595 -0.000636 0.004353 0.031698 0.999488
15.712137 125.430633 3.989878 0.447194 -0.000731 0.004173 0.032796 0.999453
15.812141 126.200486 4.049889 0.450044 -0.000441 0.004261 0.034058 0.999411
15.902557 126.909544 4.094984 0.447678 -0.000534 0.004599 0.035123 0.999372
16.012139 127.809422 4.172931 0.447166 -0.000619 0.004670 0.036452 0.999324
16.138395 128.810952 4.245944 0.443994 -0.000556 0.004530 0.037481 0.999287
16.212093 129.305599 4.287112 0.446172 -0.000630 0.004330 0.038170 0.999262
16.312020 130.138708 4.363259 0.446877 -0.000490 0.004049 0.038865 0.999236
16.412021 130.977353 4.430448 0.446041 -0.000477 0.003699 0.039827 0.999200
16.512190 131.822561 4.497189 0.443069 -0.000520 0.003370 0.040537 0.999172
16.612037 132.662023 4.579445 0.437646 -0.000584 0.002943 0.041131 0.999149
16.800347 134.326471 4.728298 0.438109 0.000008 0.002836 0.042013 0.999113
16.899897 134.954767 4.777569 0.430172 -0.000000 0.002384 0.042065 0.999112
16.999922 135.709667 4.852080 0.438661 -0.000111 0.002310 0.042893 0.999077
17.100272 136.494984 4.928569 0.441763 0.000107 0.002246 0.043862 0.999035
17.101227 136.504322 4.926735 0.441347 0.000082 0.001750 0.044205 0.999021
17.202552 137.536443 5.019676 0.443918 -0.000029 0.002382 0.046444 0.998918
17.302553 138.527573 5.125903 0.446716 -0.000701 0.002735 0.046095 0.998933
17.412017 139.649489 5.239138 0.446527 -0.000815 0.003194 0.046707 0.998903
17.512069 140.668884 5.343450 0.441454 -0.001097 0.003154 0.047050 0.998887
17.640943 141.989842 5.482942 0.434001 -0.001102 0.002953 0.048305 0.998828
17.745772 143.009762 5.593808 0.431400 -0.000947 0.003011 0.048710 0.998808
17.845803 144.001233 5.690516 0.427652 -0.001407 0.002703 0.049020 0.998793
17.939366 144.942079 5.789827 0.429503 -0.000799 0.002441 0.049583 0.998767
18.011992 145.690700 5.868473 0.430111 -0.001357 0.002517 0.049957 0.998747
18.112091 146.786002 5.983634 0.428644 -0.001337 0.004107 0.050547 0.998712
18.201230 147.756317 6.074202 0.428311 -0.001109 0.005080 0.051036 0.998683
18.312044 148.999170 6.215671 0.422771 -0.001332 0.005282 0.051537 0.998656
18.412066 150.085879 6.337809 0.415518 -0.001376 0.004756 0.052040 0.998633
18.511968 151.181588 6.457921 0.413222 -0.000946 0.004492 0.052480 0.998611
18.612066 152.282792 6.574287 0.411367 -0.000661 0.004906 0.052904 0.998587
18.739571 153.686073 6.729687 0.403987 -0.000677 0.005408 0.053373 0.998560
18.838448 154.678612 6.838167 0.399505 -0.000059 0.005342 0.053355 0.998561
18.911945 155.450965 6.924678 0.397223 0.000033 0.005073 0.053824 0.998538
19.012067 156.590388 7.060066 0.391927 0.000410 0.005119 0.054747 0.998487
19.137446 158.022243 7.225066 0.391108 0.001318 0.004478 0.055120 0.998469
19.236552 159.089874 7.351148 0.383349 0.001776 0.003825 0.055166 0.998468
19.312089 159.903291 7.443838 0.384875 0.002047 0.003807 0.055875 0.998428
19.412115 161.087148 7.583593 0.383924 0.002472 0.004329 0.056532 0.998388
19.512069 162.267116 7.714421 0.390326 0.002265 0.004169 0.056953 0.998366
19.612043 163.461580 7.855519 0.383574 0.001566 0.003816 0.057244 0.998352
19.701251 164.520360 7.993706 0.377657 0.000555 0.003957 0.057498 0.998338
19.812095 165.904327 8.156358 0.375535 -0.000602 0.004452 0.057459 0.998338
19.912119 167.082890 8.302343 0.371129 -0.001519 0.004910 0.057838 0.998313
20.040918 168.637189 8.495050 0.363386 -0.002099 0.004395 0.057667 0.998324
20.112117 169.347155 8.579971 0.358275 -0.002602 0.003959 0.057076 0.998359
20.245876 171.027166 8.777317 0.352665 -0.002231 0.003977 0.057950 0.998309
20.340836 172.097910 8.903909 0.348371 -0.002033 0.004701 0.057343 0.998341
20.412069 172.936363 9.013190 0.344064 -0.001671 0.005633 0.058106 0.998293
20.540611 174.630995 9.219430 0.330538 -0.000083 0.006019 0.059028 0.998238
20.612042 175.491952 9.324729 0.330196 0.000609 0.005685 0.058072 0.998296
20.733311 177.108044 9.522918 0.322477 0.001870 0.006707 0.058888 0.998240
20.872306 178.873655 9.729566 0.314922 0.002431 0.008291 0.058494 0.998250
20.912119 179.218206 9.776706 0.317439 0.002448 0.008853 0.058400 0.998251
21.038397 180.898939 9.986559 0.308014 0.002043 0.006329 0.060193 0.998165
21.112094 181.831640 10.105827 0.301022 0.001375 0.005247 0.059418 0.998218
21.278611 184.068753 10.387565 0.299559 0.000266 0.004888 0.060102 0.998180
21.369163 185.089571 10.515645 0.289312 -0.000242 0.004897 0.059490 0.998217
21.410489 185.585286 10.580086 0.293684 -0.000873 0.005713 0.059462 0.998214
21.567018 187.709059 10.861128 0.288832 -0.000939 0.006920 0.061225 0.998100
21.668988 189.013549 11.021311 0.275152 -0.001018 0.006889 0.060322 0.998155
21.777812 190.413489 11.197390 0.267280 -0.001043 0.006579 0.060171 0.998166
21.872307 191.594238 11.351395 0.258654 -0.001244 0.006515 0.060435 0.998150
21.968915 192.834054 11.509814 0.251271 -0.001324 0.006376 0.060530 0.998145
22.066919 194.121867 11.684482 0.241139 -0.001131 0.005299 0.060828 0.998134
22.173025 195.507349 11.856824 0.239212 -0.000453 0.004530 0.060950 0.998130
22.273031 196.823330 12.028348 0.233486 -0.000006 0.004394 0.061530 0.998096
22.376169 198.194752 12.202569 0.232669 0.000537 0.004921 0.061410 0.998100
22.482301 199.605841 12.387899 0.232548 0.000978 0.005808 0.061535 0.998088
22.504084 199.889610 12.424839 0.228703 0.000843 0.005789 0.062303 0.998040
22.603860 201.398331 12.634322 0.225740 0.001781 0.006518 0.064094 0.997921
22.710030 202.966730 12.855556 0.216880 0.001750 0.007240 0.063896 0.997929
22.900171 205.775329 13.221624 0.199811 0.002030 0.008355 0.062530 0.998006
22.999872 206.955926 13.365085 0.184447 0.001928 0.007814 0.061873 0.998052
23.099797 208.278474 13.545740 0.178048 0.001080 0.007416 0.061228 0.998096
23.102385 208.306590 13.539557 0.176232 0.001022 0.007377 0.061536 0.998077
23.201715 209.743669 13.728380 0.170810 0.000406 0.008203 0.061996 0.998043
23.399797 212.628899 14.100784 0.146444 0.000840 0.007172 0.060203 0.998160
23.472280 213.593312 14.222128 0.132977 0.000491 0.006445 0.059049 0.998234
23.569685 214.997656 14.391102 0.123171 0.000531 0.007694 0.058896 0.998234
23.672332 216.495420 14.572897 0.111730 0.000284 0.008991 0.058276 0.998260
23.772353 217.950028 14.754738 0.091478 0.000099 0.008853 0.057786 0.998290
23.872401 219.409958 14.933922 0.073756 0.000036 0.008490 0.056968 0.998340
23.973202 220.907739 15.100207 0.056758 0.000493 0.008689 0.056797 0.998348
24.075070 222.415113 15.286365 0.042677 0.001126 0.009157 0.056692 0.998349
24.172304 223.804551 15.455062 0.025483 0.001457 0.009020 0.057069 0.998328
24.274948 225.325490 15.638819 0.013141 0.001769 0.009044 0.056754 0.998346
24.379108 226.874122 15.827045 -0.003220 0.001981 0.008936 0.056784 0.998345
24.474395 228.277163 15.992139 -0.015565 0.002166 0.009063 0.056543 0.998357
24.503637 228.712056 16.039493 -0.022519 0.002372 0.008884 0.057024 0.998330
24.603465 230.268100 16.236784 -0.034112 0.002917 0.009121 0.057702 0.998288
24.800072 233.334078 16.608640 -0.069214 0.002799 0.010085 0.056943 0.998323
24.899848 234.733653 16.755447 -0.089001 0.002517 0.010029 0.057339 0.998301
24.968964 235.748713 16.867671 -0.099390 0.002413 0.009517 0.057038 0.998324
25.010035 236.374648 16.955934 -0.112696 0.002230 0.008051 0.057185 0.998329
25.168939 238.828583 17.247791 -0.132731 0.003943 0.008758 0.057313 0.998310
25.272381 240.454728 17.429094 -0.149750 0.004396 0.009167 0.056755 0.998336
25.337895 241.481372 17.550197 -0.156382 0.004834 0.009695 0.056907 0.998321
25.437602 243.090062 17.739960 -0.173420 0.005333 0.010248 0.057354 0.998287
25.534062 244.653568 17.929673 -0.190542 0.005561 0.010653 0.057446 0.998276
25.633261 246.265840 18.124298 -0.210879 0.005647 0.010714 0.057839 0.998252
25.769288 248.498219 18.405374 -0.239039 0.006442 0.010265 0.058258 0.998228
25.872355 250.149228 18.590019 -0.268075 0.007443 0.009813 0.057078 0.998294
25.941217 251.229064 18.720030 -0.271486 0.008349 0.011941 0.057036 0.998266
26.048022 252.979635 18.922482 -0.288902 0.008498 0.014824 0.057467 0.998201
26.168988 254.911853 19.166075 -0.325286 0.007620 0.013170 0.058781 0.998155
26.269364 256.467338 19.353055 -0.348501 0.005899 0.011804 0.058665 0.998191
26.367046 258.010396 19.546272 -0.371441 0.004378 0.011928 0.058762 0.998191
26.467718 259.614874 19.759386 -0.389822 0.003439 0.013522 0.058651 0.998181
26.568961 261.202224 19.961100 -0.419485 0.002842 0.014481 0.058459 0.998181
26.633360 262.203334 20.079287 -0.434706 0.002595 0.014720 0.058697 0.998164
26.768938 264.402852 20.344304 -0.480489 0.002004 0.014360 0.058401 0.998188
26.810762 265.033402 20.424538 -0.491919 0.001828 0.013948 0.057787 0.998230
26.972254 267.648790 20.736221 -0.539628 0.002927 0.013987 0.058067 0.998210
27.066568 269.123216 20.906975 -0.563616 0.003129 0.013898 0.057503 0.998244
27.165746 270.683110 21.109236 -0.587607 0.003568 0.014437 0.058071 0.998202
27.266669 272.268178 21.299021 -0.614862 0.003712 0.014485 0.058316 0.998186
27.337327 273.365534 21.439498 -0.634198 0.003560 0.014524 0.058576 0.998171
27.466722 275.429371 21.690042 -0.668899 0.003494 0.014371 0.059052 0.998145
27.531866 276.430762 21.815033 -0.686519 0.003376 0.014285 0.059404 0.998126
27.666594 278.580567 22.077485 -0.723307 0.003357 0.014353 0.059881 0.998097
27.730618 279.565666 22.198265 -0.742792 0.003271 0.014311 0.059790 0.998103
27.869364 281.792733 22.461920 -0.780893 0.003040 0.014450 0.060102 0.998083
27.968941 283.338818 22.672546 -0.807659 0.002989 0.014528 0.059931 0.998092
28.031813 284.296927 22.797200 -0.826721 0.002808 0.014496 0.060407 0.998065
28.172183 286.521884 23.095280 -0.868943 0.003324 0.014665 0.060538 0.998053
28.269160 288.014673 23.269854 -0.900331 0.003554 0.014534 0.060098 0.998080
28.302559 288.526275 23.325992 -0.908990 0.003846 0.014375 0.060181 0.998077
28.401821 290.125753 23.531310 -0.939697 0.004098 0.014534 0.060540 0.998052
28.599699 293.300229 23.947663 -0.995131 0.003949 0.014793 0.060888 0.998027
28.640566 293.852101 24.010666 -1.009804 0.003912 0.014501 0.060301 0.998067
28.773600 295.942515 24.275251 -1.050190 0.003570 0.014770 0.060515 0.998052
28.872380 297.481426 24.458337 -1.078256 0.003382 0.014938 0.060428 0.998055
28.969685 298.987980 24.658006 -1.105063 0.003587 0.015322 0.060560 0.998041
29.072330 300.593806 24.868883 -1.133027 0.003629 0.015822 0.060516 0.998035
29.168911 302.109845 25.060242 -1.163467 0.003369 0.016150 0.060911 0.998007
29.269011 303.685861 25.260967 -1.198900 0.003129 0.016320 0.060770 0.998013
29.368891 305.254594 25.471868 -1.230823 0.003017 0.016670 0.060646 0.998016
29.472277 306.877476 25.685859 -1.262554 0.002634 0.016466 0.061200 0.997986
