1.312040 0.206155405 0.030683888 0.008726599 0.000919373 -0.000059462 -0.000118296 0.999999569
1.412140 0.479531068 0.034915480 0.015517760 0.001033818 0.000057082 -0.000633641 0.999999263
1.512043 0.888959032 0.016549255 0.021656453 0.000604038 0.000658010 -0.000176402 0.999999586
1.612141 1.326122392 0.022479217 0.029235497 0.000278412 0.001424982 -0.001059700 0.999998384
1.712045 1.850781117 0.034164303 0.036653136 -0.000525512 0.002105035 -0.001267685 0.999996843
1.865248 2.617747988 0.031014978 0.040272286 -0.000353406 0.002489788 -0.002158187 0.999994509
1.965148 3.186538697 0.036701269 0.042776643 -0.000251438 0.002673030 -0.001646083 0.999995041
2.012093 3.428062707 0.027851760 0.044702538 -0.000233130 0.003385369 -0.002355686 0.999991468
2.112017 3.983145135 0.037668750 0.047162654 0.000698793 0.002309757 -0.002641859 0.999993599
2.212094 4.555747601 0.004501817 0.047490853 0.000921501 0.002251408 -0.002947114 0.999992698
2.312121 5.158443294 -0.006461859 0.053791850 0.001416070 0.002795873 -0.003432438 0.999989198
2.412042 5.767370491 -0.014858752 0.058340927 0.001565507 0.003798568 -0.003492530 0.999985461
2.565220 6.646862962 -0.035460618 0.064132009 0.002648615 0.004343610 -0.003569749 0.999980687
2.612143 6.910680480 -0.073724537 0.067041522 0.001825129 0.004452831 -0.003024460 0.999983847
2.712094 7.589424664 -0.053465007 0.070096093 0.002525699 0.004445958 -0.003421515 0.999981074
2.865198 8.522157773 -0.086605206 0.079106252 0.002973941 0.004446911 -0.003062891 0.999980999
2.965198 9.125890715 -0.105086462 0.080051039 0.002919614 0.004211740 -0.002383207 0.999984029
3.065196 9.848254386 -0.072900438 0.086569842 0.002529966 0.004438609 -0.002517186 0.999983781
3.165121 10.552226635 -0.039628371 0.094235135 0.002191178 0.005120874 -0.003497581 0.999978371
3.265199 11.307495713 -0.023309658 0.097746018 0.002002154 0.005858104 -0.003547543 0.999974544
3.311995 11.701314563 0.015535066 0.102926811 0.001593219 0.006486319 -0.004644841 0.999966907
3.412144 12.453072526 0.033850892 0.104207867 0.001814907 0.005594409 -0.004714012 0.999971593
3.512091 13.206024367 0.057420972 0.107487653 0.001754154 0.004812906 -0.005525460 0.999971614
3.673173 14.363792421 0.048965597 0.116253286 0.002518162 0.004822860 -0.006161552 0.999966217
3.712042 14.609879482 0.007432843 0.119434767 0.002102492 0.004246728 -0.004850556 0.999977008
3.812143 15.379407539 0.045467315 0.127444699 0.002169191 0.005350196 -0.004501899 0.999973201
3.965243 16.562083720 0.007246628 0.135259484 0.001845056 0.005999888 -0.002749686 0.999976518
4.012014 16.961278772 -0.212142127 0.137332816 0.001962103 0.005621959 0.001855190 0.999980551
4.112192 17.754348128 -0.107424182 0.138187282 0.001495080 0.005304774 -0.000165539 0.999984798
4.212089 18.632544474 -0.128762069 0.143604569 0.001636192 0.004994164 0.000566141 0.999986030
4.312140 19.509263365 -0.119761163 0.145107660 0.001542175 0.004304071 0.000319112 0.999989497
4.412042 20.424715264 -0.128011252 0.151244646 0.002161253 0.004101486 0.001016958 0.999988736
4.511991 21.343911531 -0.183173661 0.158194438 0.001926565 0.004280033 0.002297564 0.999986345
4.612141 22.314655866 -0.165830056 0.163740306 0.002084757 0.004257787 0.002388220 0.999985911
4.712089 23.302810915 -0.152455562 0.162931008 0.002299500 0.003981050 0.002958793 0.999985054
4.812041 24.258275238 -0.123252823 0.173429082 0.002643519 0.003096743 0.003017908 0.999987157
4.912138 25.294154031 -0.099893477 0.181178946 0.002928938 0.002694844 0.003117294 0.999987221
5.012067 26.329596274 -0.080734552 0.191186439 0.002793929 0.003270278 0.003681298 0.999983974
5.112041 27.435886272 -0.062416110 0.201412805 0.002797847 0.004178595 0.004127997 0.999978835
5.212091 28.538515632 -0.044743161 0.211659934 0.002277519 0.004276629 0.004828791 0.999976603
5.376589 30.393036161 -0.027535387 0.219675336 0.002348261 0.004127388 0.005346497 0.999974432
5.412090 30.769227215 -0.023829465 0.221104431 0.001466203 0.004137566 0.006074795 0.999971913
5.511993 31.974005766 0.010117779 0.231562605 0.002042156 0.004327865 0.005766715 0.999971922
5.612037 33.158915774 0.031016463 0.242211279 0.002036376 0.004161473 0.006744218 0.999966525
5.712044 34.362333155 0.052253580 0.247548413 0.002459220 0.004769249 0.007032224 0.999960876
5.879709 36.404297961 0.099629799 0.256943050 0.003643723 0.005530208 0.007510634 0.999949864
5.977712 37.497618474 0.100475784 0.261478367 0.003307213 0.005133612 0.009045339 0.999940443
6.072673 38.658007144 0.136997583 0.267597801 0.003820433 0.005625807 0.008951649 0.999936809
6.146798 39.563938535 0.193001093 0.274421466 0.003696344 0.006031507 0.008660082 0.999937479
6.272352 41.107191230 0.281385166 0.283744269 0.003781869 0.006557089 0.007890094 0.999940222
6.369039 42.200775502 0.285221009 0.285253062 0.003498637 0.006896076 0.009150895 0.999928230
6.466442 43.391911994 0.384691389 0.293045984 0.003540215 0.007208696 0.008041067 0.999935419
6.512017 43.978528873 0.384875210 0.295798609 0.002637783 0.006943552 0.009152974 0.999930524
6.669035 45.968454060 0.615645266 0.301971056 0.002818908 0.005977138 0.005588283 0.999962549
6.712141 46.449137754 0.490978266 0.299588271 0.002239036 0.005611375 0.009279826 0.999938690
6.866440 48.458457299 0.561928609 0.312724554 0.002304509 0.005847355 0.009247422 0.999937489
6.968961 49.675161818 0.428508022 0.319166378 0.001835807 0.005923842 0.013781715 0.999885795
7.012045 50.190242250 0.442872455 0.322585412 0.001602941 0.005977383 0.014553776 0.999874937
7.112165 51.459397451 0.590273762 0.327350054 0.001696234 0.005968344 0.012255031 0.999905653
7.212092 52.744367085 0.661952489 0.331094798 0.001493751 0.006033112 0.012185387 0.999906439
7.312066 53.947610656 0.626372421 0.334865486 0.001262339 0.006262578 0.014490401 0.999874600
7.412116 55.169028235 0.666593706 0.337929906 0.001473310 0.006100571 0.015221749 0.999864446
7.512068 56.385266840 0.695675451 0.340228006 0.001466097 0.005913492 0.016118572 0.999851525
7.612041 57.552228024 0.744951003 0.344886239 0.001370107 0.006035208 0.016704273 0.999841321
7.734781 59.011593441 0.795117684 0.350130567 0.001349396 0.006394763 0.017217551 0.999830407
7.812142 59.883551478 0.804430364 0.354485604 0.001357581 0.006540761 0.018729644 0.999802268
7.912042 61.015946304 0.827305399 0.360305442 0.001344681 0.006431414 0.019615622 0.999786005
8.012119 62.188006865 0.876926072 0.361444780 0.001181500 0.006095956 0.020205603 0.999776564
8.111995 63.349161787 0.926639308 0.361752872 0.001144375 0.005656550 0.020656910 0.999769967
8.212116 64.511926285 0.974887142 0.366341793 0.000941220 0.005658207 0.021523717 0.999751883
8.312069 65.649927081 1.026535379 0.371421598 0.000672233 0.005658799 0.021609955 0.999750237
8.411997 66.763320993 1.074939378 0.373044202 0.000791010 0.005707280 0.022153637 0.999737974
8.512167 67.885880395 1.125422510 0.373175263 0.000946657 0.005727590 0.022284067 0.999734824
8.612094 68.980801809 1.183433661 0.379628462 0.000589737 0.005876230 0.022262957 0.999734706
8.768889 70.729049525 1.277609838 0.384129199 0.000435984 0.006368279 0.022394615 0.999728831
8.811993 71.154382528 1.304428741 0.384313579 -0.000091859 0.006430786 0.023031195 0.999714059
8.912067 72.255222264 1.379391018 0.391122854 0.000027935 0.006610040 0.022415063 0.999726898
9.036929 73.630384997 1.450125782 0.391022619 0.000119229 0.006733799 0.022647730 0.999720822
9.112045 74.422797326 1.484054297 0.387999369 0.000128317 0.006637520 0.023288261 0.999706749
9.212194 75.524351097 1.554894496 0.393164635 0.000265887 0.007179575 0.023132766 0.999706586
9.312116 76.590795600 1.608878126 0.393247738 0.000164182 0.007452425 0.023249486 0.999701903
9.411993 77.637338086 1.649111352 0.393955214 0.000158359 0.007311239 0.023274966 0.999702354
9.512066 78.658799889 1.695231677 0.393126436 0.000135600 0.006881555 0.023168576 0.999707879
9.612042 79.668084404 1.723232778 0.392535124 0.000355671 0.006783504 0.023229335 0.999707085
9.712194 80.631451218 1.723812373 0.391751923 0.000608650 0.007039104 0.023826730 0.999691136
9.812192 81.594163172 1.745497600 0.396363258 0.001051655 0.007257980 0.024003059 0.999684985
9.911994 82.547504796 1.788212927 0.399403343 0.001832340 0.007379622 0.024076451 0.999681203
10.012145 83.449900396 1.835954476 0.400166252 0.002440760 0.007900031 0.023810660 0.999682292
10.111968 84.343101974 1.855449566 0.405948605 0.002287764 0.008019403 0.024140453 0.999673794
10.212018 85.221287251 1.880773347 0.405857595 0.002339934 0.007547831 0.024356771 0.999672098
10.312168 86.066116253 1.921867508 0.407127210 0.002535854 0.007166733 0.024272551 0.999676473
10.411991 86.914014035 1.961261447 0.407816647 0.002970695 0.006381293 0.024161392 0.999683290
10.512117 87.727627810 2.018102910 0.408140607 0.003281155 0.005707005 0.023599219 0.999699825
10.612143 88.532653950 2.059317010 0.409279849 0.002857163 0.005518713 0.023347184 0.999708102
10.712116 89.339998342 2.100602680 0.412765462 0.002584962 0.005911115 0.023135821 0.999711514
10.812067 90.139177522 2.137337181 0.419604132 0.002293718 0.006659987 0.022967391 0.999711400
10.912115 90.932124853 2.175947339 0.420265277 0.001801499 0.006559330 0.022777521 0.999717417
11.012166 91.705380157 2.198847562 0.421867357 0.001622960 0.006256614 0.022216476 0.999732289
11.112065 92.451764228 2.254783208 0.420865183 0.001047461 0.005814088 0.021043029 0.999761117
11.212091 93.203103110 2.289500444 0.419377715 0.000842258 0.005867717 0.020319367 0.999775967
11.312166 93.940484118 2.317810416 0.424164325 0.000365074 0.006257028 0.019826346 0.999783793
11.412169 94.681869662 2.341694426 0.426496656 0.000345387 0.006253076 0.019247466 0.999795136
11.512020 95.400176897 2.366467632 0.430831382 0.000456870 0.006385960 0.018568796 0.999807087
11.612064 96.119852687 2.396703721 0.433286031 0.000069473 0.006307026 0.017940616 0.999819159
11.712114 96.812145444 2.437356008 0.433667160 -0.000009450 0.006055197 0.016838193 0.999839892
11.812093 97.473845041 2.514607260 0.433032357 0.000150896 0.006136085 0.014955282 0.999869324
11.938618 98.368408231 2.539734819 0.435282057 0.000384577 0.006394012 0.014483631 0.999874589
12.012116 98.846461522 2.528031437 0.435058087 0.000414828 0.006221158 0.015315476 0.999863271
12.135007 99.717455079 2.550267702 0.440433435 0.000817277 0.006323522 0.015677348 0.999856773
12.212117 100.210124645 2.560806623 0.437877674 0.000586081 0.006424262 0.016344006 0.999845618
12.334381 101.077300930 2.596176087 0.440277426 0.001246271 0.006838136 0.017643364 0.999820183
12.436900 101.763197093 2.610901852 0.442164814 0.001046491 0.007068738 0.019095671 0.999792125
12.512043 102.255359652 2.633771057 0.442023458 0.001225922 0.007020355 0.019916614 0.999776245
12.636829 103.133707642 2.655962074 0.446094166 0.001264793 0.006678716 0.021848837 0.999738177
12.712041 103.610618398 2.679739013 0.443837483 0.001158999 0.006408075 0.022643673 0.999722390
12.838398 104.478883474 2.722222406 0.443625158 0.001238795 0.005656468 0.023254626 0.999712805
12.939793 105.140500268 2.765396412 0.444082015 0.001344667 0.005298306 0.023383068 0.999711634
13.039322 105.775316529 2.794053977 0.444013327 0.001419934 0.004730225 0.023691241 0.999707124
13.111942 106.247272287 2.820569951 0.445721427 0.001357690 0.004448685 0.023960874 0.999702077
13.212116 106.944309594 2.854367565 0.446206702 0.001726360 0.004985965 0.024270751 0.999691498
13.311992 107.649734623 2.915675496 0.447613784 0.001794528 0.005141567 0.023779357 0.999702399
13.412091 108.371527647 2.960462296 0.448393432 0.001843088 0.005121642 0.023961047 0.999698074
13.512118 109.085425633 2.998679910 0.448971950 0.001843752 0.005084113 0.024258745 0.999691085
13.612014 109.810267304 3.047460842 0.446942012 0.001941087 0.004794146 0.024155221 0.999694840
13.712013 110.533929990 3.083346406 0.446133033 0.002145319 0.004781030 0.024408222 0.999688340
13.811991 111.277057978 3.139065720 0.448284860 0.002303645 0.004812277 0.024085261 0.999695671
13.912167 112.021316158 3.181038067 0.449348402 0.001983472 0.004895591 0.024140063 0.999694632
14.012016 112.750513154 3.216628197 0.447450618 0.001822171 0.005122241 0.024527610 0.999684370
14.112017 113.477926087 3.247485289 0.447349123 0.001849361 0.005275062 0.024858543 0.999675351
14.212067 114.209745518 3.286739735 0.447664032 0.001825107 0.004887081 0.025153868 0.999669980
14.312037 114.937046719 3.325994604 0.446937244 0.001976187 0.004724053 0.025129683 0.999671084
14.412015 115.666260898 3.368694252 0.444875507 0.001619850 0.004770298 0.025415344 0.999664284
14.512069 116.406779426 3.407784962 0.444397616 0.001392688 0.004803453 0.025719336 0.999656693
14.612141 117.145657092 3.452652346 0.446016278 0.001487955 0.005300276 0.025714509 0.999654169
14.712065 117.882465121 3.492850238 0.445765049 0.001229204 0.005549503 0.026019786 0.999645268
14.812068 118.637629801 3.532900697 0.446431403 0.001070237 0.005632184 0.026397630 0.999635083
14.937426 119.584043713 3.589873340 0.446900012 0.000996334 0.005311010 0.026475785 0.999634850
15.012066 120.062445175 3.619524625 0.447342051 0.000706907 0.005056280 0.026855531 0.999626288
15.111989 120.824722083 3.657981767 0.448325297 0.000603409 0.005235660 0.027401529 0.999610614
15.237272 121.789130867 3.718843424 0.448224758 0.000554130 0.005348785 0.028253438 0.999586328
15.334983 122.468534611 3.757509746 0.450589667 0.000555264 0.005046105 0.029427718 0.999554020
15.411992 123.008299784 3.789121983 0.450725822 0.000175835 0.005004872 0.030435514 0.999524187
15.512115 123.797728926 3.837443483 0.447654709 -0.000315028 0.004550207 0.031739749 0.999485760
15.612091 124.586783320 3.891672818 0.447594929 -0.000641913 0.004351871 0.033009925 0.999445343
15.712137 125.376621234 3.939935429 0.447193824 -0.000736735 0.004172350 0.034255919 0.999404113
15.812141 126.154510885 4.012644602 0.450044354 -0.000445038 0.004260619 0.034994653 0.999378318
15.902557 126.859765047 4.051342577 0.447677921 -0.000539241 0.004598509 0.036200137 0.999333835
16.012139 127.767213390 4.117143852 0.447166078 -0.000625096 0.004668863 0.037681343 0.999278704
16.138395 128.784470446 4.206553885 0.443994169 -0.000559726 0.004529747 0.038199868 0.999259695
16.212093 129.277915307 4.281854770 0.446171733 -0.000629185 0.004329976 0.038078665 0.999265165
16.312020 130.112336141 4.331281101 0.446877270 -0.000492287 0.004048377 0.039344083 0.999217399
16.412021 130.948769697 4.394694854 0.446040697 -0.000478772 0.003698543 0.040394503 0.999176849
16.512190 131.790250367 4.459717238 0.443068753 -0.000521526 0.003369299 0.041128612 0.999148044
16.612037 132.628180763 4.542895239 0.437645926 -0.000585992 0.002942605 0.041687568 0.999126190
16.800347 134.293486884 4.688042589 0.438109019 0.000006228 0.002836321 0.042677006 0.999084895
16.899897 134.875412674 4.741678151 0.430171851 -0.000001270 0.002384073 0.042533285 0.999092206
16.999922 135.630312881 4.816188841 0.438661013 -0.000112104 0.002309821 0.043361476 0.999056772
17.100272 136.448036101 4.853702787 0.441763293 0.000104054 0.002246521 0.045319735 0.998970002
17.101227 136.479076815 4.893138595 0.441347264 0.000081369 0.001749985 0.044754751 0.998996468
17.202552 137.533979188 4.981857571 0.443917669 -0.000031020 0.002382335 0.047256220 0.998879959
17.302553 138.534734224 5.088635079 0.446716223 -0.000703312 0.002734554 0.046952400 0.998893137
17.412017 139.652095964 5.204589581 0.446526695 -0.000817386 0.003193889 0.047432061 0.998869026
17.512069 140.671490452 5.308902418 0.441453998 -0.001099182 0.003153304 0.047774598 0.998852560
17.640943 141.958377356 5.438361239 0.434001343 -0.001104131 0.002952679 0.048996701 0.998793966
17.745772 142.978297583 5.549226737 0.431400154 -0.000949268 0.003010750 0.049401604 0.998774006
17.845803 143.919094599 5.626163329 0.427652386 -0.001409473 0.002701863 0.049859896 0.998751573
17.939366 144.808758614 5.773623739 0.429502559 -0.000799031 0.002441074 0.049499728 0.998770834
18.011992 145.487382873 5.818593997 0.430111009 -0.001357268 0.002516321 0.050245673 0.998732796
18.112091 146.538686936 5.924382962 0.428644118 -0.001338155 0.004106916 0.050874483 0.998695714
18.201230 147.516729686 6.011370458 0.428311167 -0.001110888 0.005079582 0.051462210 0.998661406
18.312044 148.767147145 6.160075731 0.422770626 -0.001333276 0.005281936 0.051851270 0.998639960
18.412066 149.877082155 6.304569619 0.415518357 -0.001376464 0.004755971 0.052063024 0.998631527
18.511968 150.972693311 6.423503713 0.413221838 -0.000945804 0.004491776 0.052521498 0.998609244
18.612066 152.115724917 6.533644353 0.411367485 -0.000662295 0.004905422 0.053176622 0.998572854
18.739571 153.548235622 6.689523574 0.403987252 -0.000678946 0.005408079 0.053738445 0.998540170
18.838448 154.540775093 6.798003776 0.399505291 -0.000060839 0.005341583 0.053720293 0.998541734
18.911945 155.290147325 6.867429744 0.397222721 0.000029766 0.005073397 0.054502823 0.998500727
19.012067 156.387041926 7.004379619 0.391926766 0.000406828 0.005119020 0.055323359 0.998455285
19.137446 157.820685171 7.171166568 0.391107622 0.001315657 0.004478438 0.055691402 0.998437119
19.236552 158.874889754 7.291984130 0.383349181 0.001773706 0.003826123 0.055801316 0.998432986
19.312089 159.644952092 7.380625099 0.384875235 0.002044162 0.003808093 0.056546163 0.998390631
19.412115 160.790512015 7.515908382 0.383924481 0.002468957 0.004330673 0.057255985 0.998347085
19.512069 161.972418310 7.652483747 0.390325866 0.002262009 0.004170495 0.057582349 0.998329486
19.612043 163.167866738 7.799633303 0.383574204 0.001563670 0.003817068 0.057757679 0.998322110
19.701251 164.262503935 7.949832459 0.377657021 0.000553398 0.003956852 0.057880697 0.998315512
19.812095 165.680890234 8.116808804 0.375535336 -0.000604145 0.004451707 0.057868851 0.998314086
19.912119 166.872692745 8.269522485 0.371128677 -0.001520313 0.004909138 0.058113833 0.998296735
20.040918 168.425834968 8.464883002 0.363386161 -0.002100355 0.004394861 0.057916483 0.998309549
20.112117 169.180390869 8.553249693 0.358275121 -0.002602931 0.003958104 0.057352613 0.998342745
20.245876 170.858917885 8.737491781 0.352664703 -0.002233344 0.003975630 0.058643674 0.998268564
20.340836 171.881766500 8.847881567 0.348371498 -0.002037339 0.004699400 0.058328957 0.998284277
20.412069 172.720219459 8.957162466 0.344064464 -0.001676702 0.005631146 0.059091550 0.998235277
20.540611 174.390295468 9.148532220 0.330537736 -0.000091455 0.006018474 0.060414301 0.998155239
20.612042 175.247996606 9.257652790 0.330196036 0.000601882 0.005685888 0.059241750 0.998227291
20.733311 176.813680976 9.436410445 0.322477261 0.001858766 0.006709699 0.060569830 0.998139680
20.872306 178.566373728 9.652096019 0.314922058 0.002420278 0.008294540 0.059788404 0.998173677
20.912119 178.872513548 9.698139853 0.317439270 0.002436656 0.008856286 0.059653114 0.998176906
21.038397 180.522920345 9.906557275 0.308014113 0.002034769 0.006332153 0.061546460 0.998082059
21.112094 181.563153854 10.050323455 0.301022186 0.001371050 0.005247661 0.060239238 0.998169232
21.278611 183.832608625 10.330932607 0.299559116 0.000260914 0.004888659 0.061236615 0.998111271
21.369163 184.884743854 10.467768708 0.289311739 -0.000247090 0.004896465 0.060482146 0.998157239
21.410489 185.262738542 10.523279625 0.293684203 -0.000877816 0.005712103 0.060383492 0.998158522
21.567018 187.505516359 10.826858797 0.288832324 -0.000944201 0.006919573 0.061971492 0.998053487
21.668988 188.969610992 10.997914428 0.275152411 -0.001024893 0.006888366 0.061269896 0.998096939
21.777812 190.347367156 11.171527581 0.267280437 -0.001050636 0.006577691 0.061257466 0.998099771
21.872307 191.565815184 11.330319964 0.258654325 -0.001249425 0.006513492 0.061294967 0.998097661
21.968915 192.919966397 11.509532708 0.251271197 -0.001327429 0.006375425 0.061059347 0.998112893
22.066919 194.207779309 11.684200464 0.241139250 -0.001134163 0.005298319 0.061358148 0.998101107
22.173025 195.682704271 11.878610335 0.239211771 -0.000452522 0.004530505 0.060848072 0.998136655
22.273031 196.998685715 12.050133762 0.233486093 -0.000005447 0.004394410 0.061427876 0.998101851
22.376169 198.378795199 12.243405732 0.232669036 0.000541108 0.004920416 0.060650448 0.998146793
22.482301 199.883523076 12.423159412 0.232547601 0.000978299 0.005808359 0.061556840 0.998086199
22.504084 200.167291843 12.460099485 0.228703357 0.000842486 0.005789007 0.062324641 0.998038785
22.603860 201.773367485 12.660722245 0.225740050 0.001777049 0.006519226 0.064726580 0.997880159
22.710030 203.341766581 12.881956276 0.216880344 0.001745419 0.007241425 0.064529269 0.997888014
22.900171 206.088956342 13.225014726 0.199810613 0.002022809 0.008356598 0.063427677 0.997949400
22.999872 206.958937541 13.245320675 0.184446508 0.001906774 0.007819149 0.064525797 0.997883584
23.099797 208.281485565 13.425976176 0.178048105 0.001060531 0.007419235 0.063880943 0.997929384
23.102385 208.255641650 13.423403813 0.176232044 0.001004751 0.007379381 0.063839581 0.997932384
23.201715 209.754679031 13.650972926 0.170810309 0.000394118 0.008203458 0.063468424 0.997950052
23.399797 212.610140150 14.027911931 0.146443607 0.000830941 0.007173426 0.061475440 0.998082472
23.472280 213.425395379 14.122365698 0.132976976 0.000479884 0.006445750 0.060754847 0.998131790
23.569685 214.910447263 14.300432237 0.123171360 0.000517235 0.007694608 0.060629484 0.998130548
23.672332 216.408211054 14.482227650 0.111729651 0.000268743 0.008991275 0.060009551 0.998157271
23.772353 217.956807111 14.688918323 0.091478099 0.000087438 0.008852745 0.059121890 0.998211512
23.872401 219.456162723 14.897327443 0.073755796 0.000028985 0.008489698 0.057796477 0.998292288
23.973202 220.986075630 15.080374702 0.056758478 0.000487962 0.008689439 0.057398393 0.998313418
24.075070 222.531886408 15.288993194 0.042676950 0.001123614 0.009157717 0.056911501 0.998336594
24.172304 223.974326734 15.482030590 0.025482631 0.001458012 0.009020037 0.056941464 0.998335706
24.274948 225.495265417 15.665787779 0.013141190 0.001770462 0.009043667 0.056626047 0.998352928
24.379108 227.087005918 15.865156325 -0.003219512 0.001984227 0.008934878 0.056469133 0.998362393
24.474395 228.464790150 16.080146540 -0.015565343 0.002178947 0.009060236 0.055130858 0.998435653
24.503637 228.883421227 16.128008886 -0.022519348 0.002385602 0.008880509 0.055508412 0.998415876
24.603465 230.475080042 16.412132326 -0.034112156 0.002946954 0.009111977 0.054474597 0.998469231
24.800072 233.541058303 16.783988383 -0.069214427 0.002831744 0.010075625 0.053715328 0.998501440
24.899848 234.868026958 16.748037240 -0.089001151 0.002508360 0.010030668 0.058191885 0.998251871
24.968964 235.874450538 16.854259312 -0.099389812 0.002404438 0.009518869 0.057943169 0.998271606
25.010035 236.440071755 16.922910233 -0.112696192 0.002220490 0.008054002 0.058408899 0.998257784
25.168939 238.816113069 17.375411830 -0.132731125 0.003964623 0.008748429 0.054884606 0.998446507
25.272381 240.355912317 17.444302858 -0.149749526 0.004398498 0.009165413 0.056443928 0.998354011
25.337895 241.402974059 17.565298693 -0.156381782 0.004836418 0.009693629 0.056687320 0.998333206
25.437602 243.099137221 17.786124899 -0.173419931 0.005339872 0.010244470 0.056658571 0.998326772
25.534062 244.662643354 17.975838104 -0.190542008 0.005568608 0.010649194 0.056750415 0.998316070
25.633261 246.197608268 18.170291967 -0.210879172 0.005656285 0.010708587 0.056967118 0.998302599
25.769288 248.371900439 18.414820123 -0.239038990 0.006444499 0.010262768 0.057971675 0.998244674
25.872355 249.865532522 18.546346633 -0.268074541 0.007440205 0.009815206 0.057385556 0.998276116
25.941217 250.945369030 18.676357716 -0.271485667 0.008344867 0.011943244 0.057343832 0.998248169
26.048022 252.766830735 18.837904666 -0.288901715 0.008477987 0.014835515 0.058847395 0.998120742
26.168988 254.642709369 19.004340477 -0.325285920 0.007587518 0.013189044 0.061234700 0.998007410
26.269364 256.104849852 19.156969870 -0.348500873 0.005865309 0.011820754 0.061469815 0.998021708
26.367046 257.647907200 19.350186956 -0.371440740 0.004344249 0.011939810 0.061566328 0.998022122
26.467718 259.366997765 19.649130197 -0.389821967 0.003415848 0.013527461 0.060372857 0.998078383
26.568961 261.088893989 19.889902155 -0.419485448 0.002823905 0.014484156 0.059717786 0.998106217
26.633360 262.212969027 20.031001110 -0.434705513 0.002577863 0.014722651 0.059846664 0.998095674
26.768938 264.439680312 20.291534268 -0.480488781 0.001984397 0.014363051 0.059743534 0.998108449
26.810762 265.159336164 20.386756404 -0.491919453 0.001810880 0.013950539 0.058992662 0.998159290
26.972254 267.690094322 20.701978326 -0.539627717 0.002912022 0.013990248 0.059114346 0.998148930
27.066568 269.413645937 20.914120858 -0.563615734 0.003118874 0.013900121 0.058225684 0.998201798
27.165746 270.804480706 21.028608567 -0.587606941 0.003538080 0.014444430 0.060152370 0.998078420
27.266669 272.381050699 21.221764991 -0.614861922 0.003682630 0.014492364 0.060352605 0.998065114
27.337327 273.483811079 21.373383830 -0.634198343 0.003535430 0.014530031 0.060237298 0.998072065
27.466722 275.532492001 21.639013343 -0.668898977 0.003472882 0.014375719 0.060486162 0.998059468
27.531866 276.580143825 21.798068320 -0.686519197 0.003362791 0.014288305 0.060323171 0.998070965
27.666594 278.649797862 22.037616425 -0.723307494 0.003339535 0.014356890 0.061065493 0.998024916
27.730618 279.565660289 22.163341536 -0.742791691 0.003257003 0.014313999 0.060768827 0.998043912
27.869364 281.920601661 22.434669674 -0.780892867 0.003023350 0.014454006 0.061269394 0.998012025
27.968941 283.466686834 22.645295330 -0.807658930 0.002972098 0.014531500 0.061097616 0.998021585
28.031813 284.239253454 22.718313518 -0.826721218 0.002782431 0.014500462 0.062171369 0.997956269
28.172183 286.470035232 23.013533290 -0.868942773 0.003296656 0.014670903 0.062387254 0.997938739
28.269160 288.037505923 23.212243320 -0.900331325 0.003532913 0.014539071 0.061554506 0.997991571
28.302559 288.489836776 23.247272732 -0.908990433 0.003818752 0.014382756 0.062079750 0.997960249
28.401821 290.081295567 23.484109609 -0.939696616 0.004079659 0.014538832 0.061776503 0.997975772
28.599699 293.477711463 23.911019074 -0.995131368 0.003926005 0.014798968 0.062455384 0.997930309
28.640566 293.948040255 23.965799656 -1.009803928 0.003889856 0.014507432 0.061853772 0.997972201
28.773600 296.029999123 24.118124380 -1.050190295 0.003501610 0.014786489 0.065134862 0.997760767
28.872380 297.541832067 24.378761187 -1.078256307 0.003342287 0.014947292 0.063068024 0.997891693
28.969685 298.852522629 24.512431579 -1.105062955 0.003526286 0.015336088 0.064488053 0.997794398
29.072330 300.590498495 24.790517080 -1.133027419 0.003585767 0.015832036 0.063235271 0.997866619
29.168911 302.107303419 24.990743257 -1.163466649 0.003326260 0.016158993 0.063546993 0.997842474
29.269011 303.683319945 25.191468150 -1.198899689 0.003085560 0.016328052 0.063405631 0.997849488
29.368891 305.305816976 25.420454294 -1.230823141 0.002977488 0.016677364 0.063004986 0.997869416
29.472277 306.974336906 25.657362285 -1.262554414 0.002599342 0.016471828 0.063294323 0.997855576
