1.412140 0.362558 -0.001553 0.009197 0.000394 0.000294 -0.000410 1.000000
1.512043 0.639321 -0.002064 0.018562 0.000091 0.000808 -0.000326 1.000000
1.612141 1.161818 0.004133 0.022427 -0.000033 0.001503 -0.000588 0.999999
1.712045 1.769652 0.013694 0.030449 -0.000740 0.002132 -0.000952 0.999997
1.865248 2.784911 0.020560 0.034777 -0.000475 0.002629 -0.001850 0.999995
1.965148 3.692513 0.026656 0.044425 -0.000252 0.002859 -0.002013 0.999994
2.012093 4.212934 0.030473 0.043029 -0.000299 0.003641 -0.001614 0.999992
2.112017 5.264386 0.018020 0.055134 0.000302 0.002605 -0.001969 0.999995
2.212094 6.492674 0.021989 0.052851 0.000684 0.002496 -0.002474 0.999994
2.312121 7.820048 0.012677 0.072350 0.001216 0.003019 -0.002587 0.999991
2.412042 9.270992 0.017169 0.068444 0.001488 0.004016 -0.002776 0.999987
2.565220 11.615143 0.007695 0.088719 0.002496 0.004754 -0.002607 0.999982
2.612143 12.273041 0.008071 0.082487 0.001927 0.004693 -0.001803 0.999986
2.712094 13.956877 -0.006165 0.108119 0.002903 0.004810 -0.002133 0.999982
2.865198 16.560907 0.005100 0.120085 0.002955 0.004918 -0.001977 0.999982
2.965198 18.184619 0.012513 0.122329 0.003077 0.004674 -0.001224 0.999984
3.065196 19.830181 0.020321 0.136184 0.002810 0.004911 -0.000908 0.999984
3.165121 21.475871 0.034738 0.143395 0.002448 0.005693 -0.000529 0.999981
3.265199 23.103435 0.035279 0.154970 0.002138 0.006420 -0.000239 0.999977
3.311995 23.842354 0.051399 0.159290 0.001842 0.007034 0.000308 0.999974
3.412144 25.583571 0.051546 0.166034 0.001876 0.006272 0.000130 0.999979
3.512091 27.316916 0.067072 0.172644 0.001962 0.005572 0.000604 0.999982
3.673173 30.145654 0.093239 0.187933 0.002743 0.005387 0.001221 0.999981
3.712042 30.707597 0.090939 0.185038 0.002323 0.004616 0.002075 0.999984
3.812143 32.365291 0.109755 0.207452 0.002560 0.005882 0.002468 0.999976
3.965243 34.841044 0.136993 0.214901 0.002192 0.006498 0.003018 0.999972
4.012014 35.523071 0.157812 0.220613 0.002001 0.006250 0.003488 0.999972
4.112192 37.029089 0.172091 0.216670 0.001744 0.005916 0.004040 0.999973
4.212089 38.501328 0.195937 0.229696 0.001962 0.005638 0.004691 0.999971
4.312140 39.995107 0.217434 0.225400 0.001770 0.004999 0.005284 0.999972
4.412042 41.451006 0.243619 0.239012 0.002380 0.004774 0.005900 0.999968
4.511991 42.921469 0.267201 0.237958 0.002223 0.004946 0.006646 0.999963
4.612141 44.373612 0.301236 0.251387 0.002535 0.004921 0.007159 0.999959
4.712089 45.791052 0.322146 0.246427 0.002377 0.004670 0.007912 0.999955
4.812041 47.219819 0.361913 0.265690 0.002795 0.003854 0.008334 0.999954
4.912138 48.630323 0.390517 0.260087 0.003052 0.003349 0.008804 0.999951
5.012067 50.016823 0.427821 0.281724 0.003284 0.003919 0.009509 0.999942
5.112041 51.396084 0.461599 0.283141 0.002785 0.004742 0.009914 0.999936
5.212091 52.785907 0.502497 0.298304 0.002536 0.005001 0.010593 0.999928
5.376589 55.081740 0.559635 0.307012 0.002407 0.004895 0.011010 0.999925
5.412090 55.436413 0.575678 0.298456 0.001844 0.004574 0.011783 0.999918
5.511993 56.823271 0.621395 0.317212 0.002696 0.005004 0.011830 0.999914
5.612037 58.182336 0.649045 0.312748 0.002648 0.004912 0.012540 0.999906
5.712044 59.546017 0.695572 0.328290 0.002994 0.005468 0.013328 0.999892
5.879709 61.785321 0.764376 0.332534 0.003719 0.006266 0.013793 0.999878
5.977712 62.980821 0.786722 0.332447 0.003670 0.005836 0.014584 0.999870
6.072673 64.178181 0.839067 0.337512 0.004066 0.006205 0.014823 0.999863
6.146798 65.092040 0.861022 0.338888 0.004124 0.006692 0.015555 0.999848
6.272352 66.684236 0.931723 0.350692 0.004023 0.007281 0.015652 0.999843
6.369039 67.844615 0.962720 0.345534 0.003760 0.007578 0.016593 0.999827
6.466442 69.012704 1.020169 0.361416 0.003783 0.007989 0.016979 0.999817
6.512017 69.558075 1.035929 0.353403 0.002686 0.007617 0.017440 0.999815
6.669035 71.528657 1.138025 0.359910 0.002994 0.006769 0.017662 0.999817
6.712141 72.004392 1.135882 0.355432 0.002387 0.006293 0.018454 0.999807
6.866440 73.922803 1.230126 0.368691 0.002480 0.006565 0.018589 0.999803
6.968961 75.090031 1.267949 0.365520 0.002293 0.006601 0.019460 0.999786
7.012045 75.546405 1.297454 0.376962 0.002070 0.006553 0.019916 0.999778
7.112165 76.732437 1.356353 0.371092 0.001946 0.006734 0.020202 0.999771
7.212092 77.918750 1.413274 0.380660 0.001910 0.006721 0.020829 0.999759
7.312066 79.095249 1.466772 0.373331 0.001650 0.006919 0.021414 0.999745
7.412116 80.245002 1.518225 0.384819 0.001957 0.006810 0.021937 0.999734
7.512068 81.376121 1.577710 0.377569 0.001784 0.006749 0.022368 0.999725
7.612041 82.476140 1.631321 0.387594 0.001809 0.006949 0.022815 0.999714
7.734781 83.800517 1.703206 0.384677 0.001733 0.007322 0.023597 0.999693
7.812142 84.521358 1.734402 0.392447 0.001877 0.007355 0.024283 0.999676
7.912042 85.568095 1.800099 0.391906 0.001789 0.007231 0.024438 0.999674
8.012119 86.599889 1.847471 0.393428 0.001606 0.006856 0.025108 0.999660
8.111995 87.624226 1.915874 0.391058 0.001502 0.006441 0.025445 0.999654
8.212116 88.655016 1.969585 0.392634 0.001547 0.006442 0.026057 0.999639
8.312069 89.664773 2.026846 0.393247 0.001234 0.006594 0.026202 0.999634
8.411997 90.668708 2.082659 0.396812 0.001313 0.006691 0.026349 0.999630
8.512167 91.668725 2.144278 0.393718 0.001342 0.006680 0.026721 0.999620
8.612094 92.646683 2.203582 0.399425 0.001158 0.006796 0.027055 0.999610
8.768889 94.209981 2.308120 0.398499 0.000904 0.007352 0.027254 0.999601
8.811993 94.382936 2.302706 0.393497 0.000648 0.007184 0.028322 0.999573
8.912067 95.337408 2.375328 0.395453 0.001072 0.007536 0.027530 0.999592
9.036929 96.567515 2.442142 0.392710 0.000946 0.007531 0.027873 0.999583
9.112045 97.270167 2.483840 0.393624 0.000796 0.007413 0.028572 0.999564
9.212194 98.257953 2.544480 0.393122 0.000798 0.007982 0.028473 0.999562
9.312116 99.260688 2.602019 0.392538 0.000812 0.008217 0.028798 0.999551
9.411993 100.217935 2.661739 0.388814 0.000723 0.008082 0.028640 0.999557
9.512066 101.180978 2.723090 0.387795 0.000936 0.007667 0.028377 0.999567
9.612042 102.114046 2.775381 0.382400 0.001109 0.007693 0.028265 0.999570
9.712194 103.026517 2.835850 0.383550 0.001347 0.007917 0.028003 0.999576
9.812192 103.912259 2.882819 0.381915 0.001822 0.008102 0.027751 0.999580
9.911994 104.776533 2.937973 0.387828 0.002503 0.008304 0.027643 0.999580
10.012145 105.625839 2.986321 0.380793 0.003115 0.008884 0.027450 0.999579
10.111968 106.472928 3.039384 0.390791 0.003240 0.008859 0.027193 0.999586
10.212018 107.306240 3.092692 0.377999 0.003205 0.008428 0.027055 0.999593
10.312168 108.130660 3.141654 0.388124 0.003610 0.008041 0.026800 0.999602
10.411991 108.945702 3.190078 0.374915 0.003931 0.007251 0.026684 0.999610
10.512117 109.755121 3.235360 0.389168 0.004146 0.006590 0.026326 0.999623
10.612143 110.567393 3.284342 0.374018 0.003614 0.006421 0.026091 0.999632
10.712116 111.366359 3.333213 0.386089 0.003592 0.006872 0.025898 0.999635
10.812067 112.154974 3.372524 0.379787 0.003137 0.007488 0.025817 0.999634
10.912115 112.927158 3.423423 0.388290 0.002694 0.007499 0.025464 0.999644
11.012166 113.694142 3.465668 0.381358 0.002591 0.007149 0.024630 0.999668
11.112065 114.458578 3.506443 0.383939 0.002156 0.006725 0.023866 0.999690
11.212091 115.207203 3.552816 0.377288 0.001697 0.006866 0.023112 0.999708
11.312166 115.939557 3.586200 0.381063 0.001445 0.007227 0.022315 0.999724
11.412169 116.658515 3.620153 0.381323 0.001234 0.007227 0.021837 0.999735
11.512020 117.376661 3.655879 0.384145 0.001437 0.007315 0.021103 0.999750
11.612064 118.073025 3.688650 0.380441 0.001219 0.007244 0.020506 0.999763
11.712114 118.780123 3.722693 0.381561 0.001167 0.007016 0.019759 0.999779
11.812093 119.486139 3.755017 0.378739 0.001175 0.007058 0.019088 0.999792
11.938618 120.375358 3.792182 0.381323 0.001353 0.007330 0.018542 0.999800
12.012116 120.787522 3.805888 0.377627 0.001499 0.007219 0.018478 0.999802
12.135007 121.695907 3.845785 0.382395 0.001935 0.007430 0.018718 0.999795
12.212117 122.170682 3.866310 0.371597 0.001896 0.007348 0.019244 0.999786
12.334381 123.086860 3.907287 0.377776 0.002389 0.007885 0.020471 0.999757
12.436900 123.712979 3.938152 0.371672 0.002222 0.008069 0.021530 0.999733
12.512043 124.202317 3.962079 0.376648 0.002546 0.008031 0.022518 0.999711
12.636829 125.118107 4.011988 0.372198 0.002522 0.007716 0.023970 0.999680
12.712041 125.549394 4.038684 0.371189 0.002526 0.007331 0.024595 0.999667
12.838398 126.447458 4.091115 0.365655 0.002504 0.006775 0.025477 0.999649
12.939793 127.076596 4.130618 0.363015 0.002951 0.006342 0.025897 0.999640
13.039322 127.707861 4.162152 0.361697 0.002953 0.005755 0.026295 0.999633
13.111942 128.183138 4.192730 0.360628 0.002854 0.005428 0.026740 0.999624
13.212116 128.946478 4.240700 0.361033 0.003170 0.006123 0.027007 0.999611
13.311992 129.671270 4.286703 0.358339 0.003236 0.006259 0.027029 0.999610
13.412091 130.389149 4.328438 0.357804 0.003311 0.006192 0.027321 0.999602
13.512118 131.101389 4.368677 0.354394 0.003365 0.006137 0.027561 0.999596
13.612014 131.795792 4.416952 0.351028 0.003601 0.005944 0.027851 0.999588
13.712013 132.504211 4.457549 0.348197 0.003684 0.005887 0.028057 0.999582
13.811991 133.201739 4.505604 0.347857 0.003938 0.005911 0.028139 0.999579
13.912167 133.921358 4.546565 0.345482 0.003699 0.006069 0.028395 0.999572
14.012016 134.621472 4.589145 0.342268 0.003421 0.006343 0.028849 0.999558
14.112017 135.337208 4.637151 0.338878 0.003489 0.006432 0.028941 0.999554
14.212067 136.068628 4.679617 0.338446 0.003636 0.006072 0.029290 0.999546
14.312037 136.807488 4.730515 0.333675 0.003731 0.005964 0.029386 0.999543
14.412015 137.546720 4.777561 0.329942 0.003486 0.005937 0.029429 0.999543
14.512069 138.297246 4.825312 0.328191 0.003196 0.006017 0.029718 0.999535
14.612141 139.026995 4.878682 0.326803 0.003261 0.006365 0.030061 0.999522
14.712065 139.752977 4.926527 0.325840 0.003071 0.006695 0.030295 0.999514
14.812068 140.506752 4.975384 0.323102 0.002936 0.006799 0.030469 0.999508
14.937426 141.451045 5.032205 0.318565 0.002932 0.006553 0.030650 0.999504
15.012066 141.887646 5.070696 0.319162 0.002670 0.006211 0.030942 0.999498
15.111989 142.707655 5.131063 0.310691 0.002675 0.006387 0.031151 0.999491
15.237272 143.698901 5.185550 0.313127 0.002498 0.006385 0.032153 0.999459
15.334983 144.297415 5.238382 0.311541 0.002431 0.006213 0.033137 0.999429
15.411992 144.865174 5.279099 0.312843 0.002217 0.005953 0.033803 0.999408
15.512115 145.690358 5.343917 0.306741 0.001610 0.005702 0.035097 0.999366
15.612091 146.481975 5.403928 0.304490 0.001276 0.005540 0.036463 0.999319
15.712137 147.244913 5.473427 0.298649 0.001306 0.005354 0.037521 0.999281
15.812141 148.010523 5.527696 0.305486 0.001440 0.005457 0.038657 0.999237
15.902557 148.699620 5.591120 0.293329 0.001338 0.005748 0.039867 0.999188
16.012139 149.609708 5.676336 0.298216 0.001395 0.005942 0.041084 0.999137
16.138395 150.575885 5.751455 0.288208 0.001365 0.005744 0.042124 0.999095
16.212093 151.022858 5.794794 0.292938 0.001354 0.005637 0.042751 0.999069
16.312020 151.903778 5.881272 0.283630 0.001536 0.005275 0.043824 0.999024
16.412021 152.740128 5.957718 0.285960 0.001636 0.004887 0.044496 0.998996
16.512190 153.587184 6.038219 0.274204 0.001543 0.004584 0.045181 0.998967
16.612037 154.425030 6.123029 0.276208 0.001448 0.004140 0.045951 0.998934
16.800347 156.063210 6.284240 0.269840 0.001886 0.004129 0.046796 0.998894
16.899897 156.412172 6.321504 0.262181 0.001959 0.003714 0.047038 0.998884
16.999922 157.072542 6.393751 0.268959 0.001918 0.003811 0.047523 0.998861
17.100272 157.898714 6.479918 0.261056 0.002217 0.003498 0.048673 0.998806
17.101227 157.945178 6.484127 0.266867 0.002322 0.002886 0.049182 0.998783
17.202552 159.205033 6.622593 0.258509 0.002055 0.003759 0.050263 0.998727
17.302553 160.442415 6.750499 0.256246 0.001515 0.004060 0.050622 0.998708
17.412017 161.668639 6.875337 0.250008 0.001422 0.004420 0.051909 0.998641
17.512069 162.658388 6.984722 0.244148 0.001194 0.004388 0.052445 0.998613
17.640943 163.941639 7.135055 0.235489 0.001035 0.004216 0.053323 0.998568
17.745772 164.804685 7.223144 0.235622 0.000978 0.004384 0.053779 0.998543
17.845803 165.672064 7.334978 0.222308 0.000761 0.004045 0.054207 0.998521
17.939366 166.549722 7.435058 0.230674 0.001435 0.003700 0.054376 0.998513
18.011992 167.315117 7.530131 0.216093 0.000909 0.003763 0.054955 0.998481
18.112091 168.475355 7.666464 0.219974 0.001102 0.005246 0.055390 0.998450
18.201230 169.483703 7.769753 0.212303 0.000999 0.006314 0.056134 0.998403
18.312044 170.780922 7.926207 0.206265 0.000863 0.006448 0.056578 0.998377
18.412066 171.817139 8.050873 0.197015 0.000863 0.006003 0.057064 0.998352
18.511968 172.882258 8.182258 0.191039 0.001304 0.005686 0.057452 0.998331
18.612066 173.964472 8.308572 0.185076 0.001567 0.006060 0.057965 0.998299
18.739571 175.362423 8.480710 0.179971 0.001538 0.006628 0.058324 0.998275
18.838448 176.276483 8.600870 0.175355 0.002043 0.006504 0.058522 0.998263
18.911945 177.043669 8.685497 0.169514 0.002213 0.006270 0.059005 0.998236
19.012067 178.263232 8.839705 0.159583 0.002542 0.006208 0.059880 0.998183
19.137446 179.752550 9.028571 0.160000 0.003449 0.005572 0.060230 0.998163
19.236552 180.706519 9.154853 0.145404 0.003921 0.005059 0.060470 0.998149
19.312089 181.513845 9.249037 0.148041 0.004372 0.004698 0.060952 0.998120
19.412115 182.760085 9.405114 0.139082 0.004701 0.005249 0.061698 0.998070
19.512069 183.970694 9.559284 0.148818 0.004570 0.005008 0.062085 0.998048
19.612043 185.160158 9.721354 0.132661 0.003813 0.004654 0.062355 0.998036
19.701251 186.206514 9.861806 0.136591 0.002775 0.004735 0.062623 0.998022
19.812095 187.596546 10.043551 0.126320 0.001621 0.005475 0.062897 0.998004
19.912119 188.727624 10.191260 0.124470 0.000620 0.005849 0.062991 0.997997
20.040918 190.261932 10.395877 0.111458 0.000004 0.005441 0.062956 0.998001
20.112117 190.918963 10.490885 0.108234 -0.000359 0.004793 0.062743 0.998018
20.245876 192.616870 10.709294 0.097895 -0.000046 0.005060 0.063180 0.997989
20.340836 193.629394 10.844401 0.094008 0.000102 0.005536 0.062753 0.998014
20.412069 194.506659 10.956098 0.083753 0.000454 0.006394 0.063263 0.997976
20.540611 196.315923 11.190330 0.071330 0.002047 0.007095 0.063707 0.997941
20.612042 197.087819 11.293674 0.066066 0.002774 0.006534 0.063539 0.997954
20.733311 198.757389 11.513918 0.059206 0.003957 0.007602 0.064006 0.997913
20.872306 200.520243 11.739228 0.047306 0.004618 0.009213 0.064195 0.997884
20.912119 200.766292 11.782673 0.052821 0.004624 0.009784 0.063970 0.997893
21.038397 202.467478 12.009204 0.035474 0.004178 0.007398 0.064721 0.997867
21.112094 203.403871 12.132383 0.032381 0.003608 0.006089 0.064483 0.997894
21.278611 205.700974 12.444287 0.025347 0.002441 0.005879 0.065014 0.997864
21.369163 206.596197 12.562741 0.016243 0.001976 0.005817 0.064581 0.997894
21.410489 207.060984 12.626892 0.023694 0.001318 0.006595 0.065056 0.997859
21.567018 209.195978 12.942649 0.008622 0.001268 0.008061 0.066148 0.997776
21.668988 210.445543 13.098222 -0.000918 0.001107 0.007686 0.065720 0.997808
21.777812 211.768603 13.275443 -0.015954 0.001040 0.007452 0.065940 0.997795
21.872307 212.898873 13.443868 -0.023609 0.000855 0.007424 0.066045 0.997789
21.968915 214.108786 13.611639 -0.036060 0.000859 0.007251 0.066255 0.997776
22.066919 215.374201 13.799248 -0.047273 0.000981 0.006255 0.066399 0.997773
22.173025 216.771788 13.981408 -0.055232 0.001771 0.005347 0.066327 0.997782
22.273031 218.085911 14.170165 -0.061791 0.002243 0.005227 0.066699 0.997757
22.376169 219.464098 14.358720 -0.061413 0.002714 0.005737 0.066796 0.997746
22.482301 220.889338 14.560352 -0.069926 0.003124 0.006748 0.067212 0.997711
22.504084 221.156054 14.595273 -0.071238 0.002969 0.006240 0.067404 0.997702
22.603860 222.827113 14.841223 -0.085251 0.003979 0.007432 0.068006 0.997649
22.710030 224.588005 15.086641 -0.093997 0.003812 0.008137 0.067719 0.997664
22.900171 227.670540 15.501942 -0.118473 0.004110 0.009721 0.067443 0.997667
22.999872 229.106153 15.700081 -0.158854 0.004061 0.008062 0.067987 0.997645
23.099797 230.547778 15.911943 -0.145110 0.003278 0.007962 0.067148 0.997706
23.102385 230.553759 15.903985 -0.170064 0.002850 0.007450 0.067225 0.997706
23.201715 231.947265 16.118781 -0.154417 0.002735 0.009026 0.066293 0.997756
23.399797 234.759526 16.509291 -0.178777 0.002812 0.008551 0.064670 0.997866
23.472280 235.794490 16.638382 -0.207602 0.002755 0.006877 0.064718 0.997876
23.569685 237.379868 16.849407 -0.211176 0.002711 0.008310 0.064185 0.997900
23.672332 238.979346 17.062934 -0.239893 0.002330 0.009580 0.063613 0.997926
23.772353 240.452323 17.255839 -0.258378 0.002301 0.009488 0.062953 0.997969
23.872401 241.910513 17.452722 -0.281317 0.002134 0.009096 0.062479 0.998003
23.973202 243.385496 17.638940 -0.298676 0.002627 0.009284 0.061980 0.998031
24.075070 244.866961 17.831145 -0.313970 0.003077 0.009961 0.062225 0.998008
24.172304 246.266453 18.006623 -0.335675 0.003457 0.009845 0.062100 0.998015
24.274948 247.791083 18.210722 -0.348322 0.003749 0.009769 0.062271 0.998004
24.379108 249.312718 18.404144 -0.371516 0.004060 0.009764 0.061934 0.998024
24.474395 250.684279 18.593421 -0.380666 0.004320 0.009694 0.062180 0.998009
24.503637 251.124092 18.639338 -0.394625 0.004406 0.009490 0.061945 0.998025
24.603465 252.597045 18.833334 -0.397057 0.004904 0.009853 0.062496 0.997985
24.800072 255.520571 19.235743 -0.435580 0.004597 0.011231 0.061576 0.998029
24.899848 256.844926 19.378504 -0.463081 0.004548 0.010745 0.062346 0.997986
24.968964 257.841010 19.532879 -0.470261 0.004364 0.010261 0.062292 0.997996
25.010035 258.491203 19.613048 -0.497083 0.004233 0.008730 0.062028 0.998027
25.168939 260.957977 19.922416 -0.515850 0.005785 0.009720 0.061803 0.998024
25.272381 262.606584 20.146859 -0.541430 0.006296 0.010075 0.061409 0.998042
25.337895 263.625135 20.268298 -0.536932 0.006784 0.010341 0.061919 0.998005
25.437602 265.258962 20.476891 -0.570256 0.007271 0.011053 0.062164 0.997978
25.534062 266.869041 20.695125 -0.574445 0.007558 0.011418 0.062553 0.997948
25.633261 268.540200 20.922286 -0.610884 0.007594 0.011589 0.062442 0.997952
25.769288 270.821648 21.213554 -0.632671 0.008389 0.011094 0.062985 0.997918
25.872355 272.422210 21.396344 -0.674400 0.009516 0.010509 0.061289 0.998019
25.941217 273.455755 21.534820 -0.661509 0.010450 0.012585 0.061986 0.997943
26.048022 275.153846 21.764672 -0.695945 0.010565 0.015785 0.063206 0.997820
26.168988 277.039777 22.021928 -0.724884 0.009462 0.014054 0.063679 0.997827
26.269364 278.473879 22.218020 -0.753397 0.007868 0.012569 0.063914 0.997845
26.367046 279.912564 22.397785 -0.776843 0.006281 0.012754 0.063788 0.997862
26.467718 281.441679 22.621795 -0.798124 0.005416 0.014239 0.063603 0.997859
26.568961 282.979355 22.830195 -0.829958 0.004810 0.015249 0.063551 0.997851
26.633360 283.966492 22.958218 -0.842748 0.004540 0.015407 0.063793 0.997834
26.768938 286.260154 23.282572 -0.898122 0.003861 0.015258 0.062921 0.997894
26.810762 286.849236 23.330160 -0.905974 0.004000 0.014253 0.063072 0.997899
26.972254 289.517908 23.687040 -0.961637 0.004729 0.015031 0.063192 0.997877
27.066568 290.964427 23.870108 -0.986336 0.005067 0.014614 0.062541 0.997923
27.165746 292.482109 24.079829 -1.015514 0.005481 0.015163 0.062855 0.997892
27.266669 294.018164 24.270026 -1.041770 0.005598 0.015268 0.063618 0.997842
27.337327 295.098737 24.422842 -1.064323 0.005541 0.015104 0.063798 0.997833
27.466722 297.202298 24.700099 -1.100959 0.005373 0.015291 0.063954 0.997821
27.531866 298.183939 24.826713 -1.125143 0.005410 0.014763 0.064655 0.997784
27.666594 300.385186 25.139748 -1.160487 0.005334 0.015227 0.064886 0.997762
27.730618 301.322117 25.260737 -1.188500 0.005381 0.014763 0.065092 0.997756
27.869364 303.564536 25.583861 -1.225065 0.004912 0.015256 0.065151 0.997747
27.968941 305.077047 25.781471 -1.257675 0.004971 0.015165 0.064974 0.997759
28.031813 306.011740 25.917948 -1.276196 0.004783 0.014979 0.065223 0.997747
28.172183 308.224215 26.231211 -1.320139 0.005229 0.015467 0.065397 0.997726
28.269160 309.674968 26.423491 -1.353254 0.005569 0.015168 0.065263 0.997737
28.302559 310.172223 26.475520 -1.362497 0.005920 0.014803 0.065422 0.997730
28.401821 311.781905 26.718097 -1.399231 0.006018 0.015234 0.065823 0.997697
28.599699 315.029770 27.163419 -1.458987 0.005767 0.015933 0.066056 0.997672
28.640566 315.475461 27.214898 -1.478075 0.006023 0.014792 0.065775 0.997707
28.773600 317.392308 27.482896 -1.508153 0.005481 0.015487 0.066008 0.997684
28.872380 318.814641 27.684963 -1.543677 0.005418 0.015513 0.066384 0.997659
28.969685 320.203786 27.889719 -1.564556 0.005588 0.015885 0.066310 0.997657
29.072330 321.724163 28.090420 -1.598748 0.005590 0.016454 0.066192 0.997656
29.168911 323.177690 28.300492 -1.627594 0.005273 0.016729 0.066433 0.997637
29.269011 324.696578 28.524613 -1.664811 0.005128 0.016965 0.066919 0.997601
29.368891 326.232062 28.742959 -1.698111 0.004975 0.017266 0.066516 0.997624
29.472277 327.852229 28.967605 -1.734536 0.004572 0.017057 0.066873 0.997605
