1.369063 0.335400 -0.043260 -0.004968 0.000401 0.000449 0.001095 0.999999
1.412067 0.829631 -0.066482 -0.006337 0.000038 0.000367 0.001910 0.999998
1.512040 1.928435 -0.015713 0.011068 0.002456 -0.000590 0.004354 0.999987
1.612013 3.079185 -0.027388 0.026617 0.002997 -0.001642 0.006230 0.999975
1.712068 4.244529 -0.001952 0.040451 0.003584 -0.002011 0.007127 0.999966
1.872302 6.104668 0.034996 0.077251 0.004259 -0.000930 0.008507 0.999954
1.912090 6.367989 0.052283 0.070211 0.003775 -0.000603 0.009230 0.999950
2.011969 7.671817 0.063766 0.105898 0.004578 -0.000327 0.009625 0.999943
2.112067 8.890519 0.109329 0.093445 0.004637 -0.000260 0.010315 0.999936
2.212019 10.066456 0.128346 0.139824 0.004850 -0.000572 0.010933 0.999928
2.312163 11.257405 0.169261 0.120032 0.005037 -0.001383 0.011584 0.999919
2.412020 12.413351 0.196530 0.181753 0.005478 -0.002076 0.012287 0.999907
2.512118 13.569441 0.240480 0.159051 0.004277 -0.001344 0.012420 0.999913
2.612090 14.724262 0.274362 0.223082 0.003925 -0.000160 0.012598 0.999913
2.712167 15.863274 0.316725 0.188925 0.002725 0.000490 0.012605 0.999917
2.812042 17.003670 0.352118 0.242974 0.002946 -0.000009 0.012426 0.999918
2.912015 18.137192 0.387572 0.204130 0.002940 -0.000799 0.012610 0.999916
3.012043 19.264085 0.421724 0.266374 0.003809 -0.001645 0.012182 0.999917
3.112119 20.398240 0.455364 0.230590 0.003843 -0.001534 0.011816 0.999922
3.211994 21.528665 0.485657 0.310317 0.004882 -0.000774 0.011025 0.999927
3.312096 22.645561 0.505854 0.267505 0.004551 -0.000063 0.009804 0.999942
3.465173 24.359613 0.549154 0.319452 0.005398 -0.000024 0.007375 0.999958
3.512045 24.585799 0.556127 0.285590 0.004492 -0.000096 0.008583 0.999953
3.612041 25.857613 0.551841 0.361236 0.005848 0.000168 0.004928 0.999971
3.712020 27.046778 0.589474 0.317098 0.006049 0.000550 0.003466 0.999976
3.811993 28.194135 0.591070 0.392253 0.007625 0.000742 0.001808 0.999969
3.912093 29.302569 0.601128 0.343337 0.007242 0.000918 -0.000128 0.999973
4.012090 30.397076 0.599545 0.422474 0.008278 0.001209 -0.002271 0.999962
4.112093 31.507628 0.604797 0.370924 0.006887 0.001449 -0.004264 0.999966
4.211994 32.586695 0.594480 0.440536 0.007238 0.000895 -0.006228 0.999954
4.312194 33.701841 0.587201 0.388634 0.005921 0.000396 -0.008430 0.999947
4.412040 34.812854 0.565661 0.447316 0.006816 0.000083 -0.010193 0.999925
4.512020 35.928784 0.548682 0.405563 0.006846 -0.000008 -0.011782 0.999907
4.612040 37.033249 0.521210 0.465631 0.008082 -0.000094 -0.012974 0.999883
4.712141 38.144364 0.493673 0.430530 0.007858 0.000100 -0.013712 0.999875
4.814734 39.289112 0.463269 0.501705 0.009142 -0.000425 -0.014237 0.999857
4.913040 40.352085 0.441470 0.468222 0.006724 -0.001364 -0.014914 0.999865
5.012042 41.484283 0.427765 0.500551 0.006589 -0.001625 -0.015197 0.999861
5.112044 42.605739 0.402462 0.485523 0.005302 0.000053 -0.015075 0.999872
5.212115 43.738696 0.370182 0.495815 0.005712 0.001516 -0.014679 0.999875
5.312166 44.864938 0.342808 0.500430 0.007259 0.002706 -0.014234 0.999869
5.446898 46.359859 0.299154 0.512373 0.008442 0.003146 -0.013380 0.999870
5.546848 47.193335 0.288642 0.517192 0.009188 0.002845 -0.013021 0.999869
5.646822 48.254178 0.261749 0.545826 0.008981 0.001792 -0.013002 0.999874
5.711991 48.989520 0.254621 0.522664 0.007673 0.000517 -0.012324 0.999894
5.812142 50.343796 0.222080 0.566714 0.007900 -0.000351 -0.011112 0.999907
5.941686 51.931851 0.202784 0.556490 0.007285 -0.000012 -0.009268 0.999931
6.012141 52.506283 0.195249 0.589595 0.007715 0.000366 -0.008260 0.999936
6.112139 53.741749 0.182297 0.569899 0.006268 0.000432 -0.006066 0.999962
6.212065 54.916109 0.186573 0.616001 0.005758 -0.000178 -0.003689 0.999977
6.368889 56.726055 0.199200 0.620101 0.003762 0.000095 -0.001539 0.999992
6.468939 57.473133 0.208787 0.621502 0.003534 0.000048 -0.000695 0.999994
6.512140 57.900254 0.205335 0.616016 0.002381 0.000673 -0.000812 0.999997
6.612119 59.228781 0.195645 0.626722 0.004122 0.000383 0.000009 0.999991
6.712113 60.500225 0.214183 0.632209 0.004863 -0.001698 0.001627 0.999985
6.812243 61.724485 0.221289 0.641539 0.005958 -0.004277 0.002256 0.999971
6.912167 62.911522 0.233045 0.675255 0.006306 -0.003877 0.003153 0.999968
7.044728 64.451245 0.249087 0.694077 0.006106 -0.000041 0.004259 0.999972
7.144728 65.397040 0.282878 0.703071 0.005888 0.002220 0.005376 0.999966
7.246724 66.466235 0.290988 0.700008 0.005646 0.003536 0.006078 0.999959
7.312191 67.177582 0.307442 0.712497 0.005736 0.002988 0.006929 0.999955
7.412042 68.480077 0.327776 0.701386 0.004303 0.001116 0.008554 0.999954
7.512090 69.736429 0.364595 0.718527 0.003907 -0.000139 0.010082 0.999942
7.612092 70.958312 0.397751 0.716450 0.003088 -0.000037 0.011746 0.999926
7.712115 72.184660 0.433566 0.737569 0.002424 0.000426 0.013831 0.999901
7.812115 73.387343 0.487595 0.734175 0.001682 0.000651 0.015739 0.999875
7.911992 74.584026 0.531071 0.750579 0.001305 0.000093 0.018056 0.999836
8.011995 75.774521 0.584313 0.751521 0.000198 -0.000057 0.020021 0.999800
8.112140 76.961867 0.655557 0.769176 -0.000209 0.000348 0.022168 0.999754
8.212144 78.150759 0.712036 0.775375 -0.000665 0.001166 0.024180 0.999707
8.312017 79.332126 0.786994 0.785989 -0.001092 0.001224 0.026738 0.999641
8.412039 80.522259 0.863794 0.795872 -0.001518 0.000478 0.029155 0.999574
8.512068 81.705534 0.940849 0.804480 -0.001770 0.000166 0.031279 0.999509
8.612189 82.888847 1.041707 0.814751 -0.002921 0.000664 0.033152 0.999446
8.712045 84.080922 1.122275 0.819273 -0.003251 0.001639 0.034799 0.999388
8.812164 85.249074 1.218073 0.832619 -0.003409 0.002454 0.036272 0.999333
8.912168 86.431037 1.313159 0.834306 -0.003765 0.003036 0.037533 0.999284
9.012093 87.593727 1.406715 0.845512 -0.004150 0.003037 0.038637 0.999240
9.103586 88.672994 1.500612 0.835182 -0.004150 0.002772 0.039940 0.999190
9.203462 89.938872 1.605898 0.857704 -0.003854 0.002942 0.041126 0.999142
9.303067 91.114435 1.715696 0.852108 -0.004324 0.002689 0.042429 0.999087
9.499797 93.464709 1.936056 0.861504 -0.003968 0.001930 0.043872 0.999027
9.599024 94.262348 2.012859 0.861316 -0.005089 0.001324 0.044763 0.998984
9.698701 94.959115 2.092008 0.878963 -0.004953 0.001752 0.045300 0.998960
9.798551 95.929688 2.183624 0.878019 -0.005986 0.002529 0.045390 0.998948
9.899200 97.004972 2.282603 0.881558 -0.005782 0.004049 0.046233 0.998906
10.000346 98.165474 2.406410 0.889622 -0.005727 0.005322 0.047038 0.998863
10.012140 98.324265 2.424302 0.883147 -0.006106 0.004932 0.047538 0.998839
10.112093 99.822968 2.584283 0.876493 -0.007304 0.000598 0.047277 0.998855
10.212145 101.355810 2.746342 0.892015 -0.007530 -0.000266 0.048470 0.998796
10.312121 102.771944 2.891927 0.879498 -0.006915 -0.000231 0.049389 0.998756
10.412167 104.107406 3.024285 0.902649 -0.005008 -0.000915 0.049472 0.998763
10.512116 105.368964 3.146371 0.893487 -0.003495 -0.001230 0.049988 0.998743
10.612040 106.583435 3.268563 0.934593 -0.001734 -0.000694 0.050265 0.998734
10.712090 107.779505 3.391655 0.932322 -0.001339 0.000691 0.050747 0.998710
10.812090 108.996968 3.521942 0.958165 -0.001228 0.001088 0.050834 0.998706
10.912091 110.182799 3.652602 0.945483 -0.001920 0.000928 0.051038 0.998694
11.011989 111.395657 3.778007 0.967283 -0.002253 0.000786 0.051265 0.998682
11.111995 112.638997 3.923622 0.954349 -0.002542 0.001165 0.051483 0.998670
11.211993 113.872528 4.059999 0.971789 -0.001926 0.001216 0.052008 0.998644
11.312115 115.136391 4.197856 0.958033 -0.001473 0.000837 0.052391 0.998625
11.412068 116.412743 4.335828 0.979299 -0.001004 -0.000224 0.052827 0.998603
11.512167 117.695966 4.485850 0.971880 -0.001210 -0.001489 0.053430 0.998570
11.612191 118.960976 4.619709 0.989013 -0.001186 -0.002200 0.054163 0.998529
11.711993 120.243304 4.770762 0.992858 -0.001854 -0.001531 0.054444 0.998514
11.812163 121.558698 4.920028 1.008798 -0.001884 0.000461 0.055016 0.998484
11.912041 122.862369 5.086018 1.010880 -0.001860 0.001835 0.055353 0.998463
12.012190 124.185874 5.235225 1.012056 -0.000659 0.001412 0.055863 0.998437
12.112040 125.543940 5.390661 1.017006 -0.000016 0.000162 0.056466 0.998405
12.212068 126.893975 5.542516 1.021406 0.001219 -0.001067 0.057280 0.998357
12.312043 128.243383 5.709981 1.028381 0.001218 -0.000957 0.057824 0.998326
12.412166 129.577844 5.869627 1.034943 0.001183 -0.000076 0.057877 0.998323
12.512039 130.966604 6.053126 1.043655 0.000134 0.000809 0.058315 0.998298
12.612092 132.351103 6.226259 1.047092 -0.000450 0.000151 0.058503 0.998287
12.712018 133.748799 6.403135 1.056636 -0.000356 -0.000788 0.059042 0.998255
12.812043 135.153219 6.564585 1.065994 0.000263 -0.000149 0.059591 0.998223
12.912042 136.574005 6.733075 1.078719 0.001041 0.001109 0.060326 0.998178
13.012116 137.983401 6.918649 1.093049 0.000669 0.002078 0.060867 0.998144
13.112041 139.370356 7.097862 1.096206 0.000324 0.002574 0.061514 0.998103
13.211991 140.760997 7.274433 1.106296 -0.000279 0.002525 0.062117 0.998066
13.312042 142.156882 7.464702 1.102900 -0.000324 0.002574 0.062636 0.998033
13.412089 143.562450 7.636976 1.117425 0.000076 0.002436 0.063626 0.997971
13.512092 144.950113 7.825828 1.115256 0.000844 0.002864 0.064277 0.997928
13.612042 146.326464 8.008296 1.131398 0.001886 0.003350 0.065138 0.997869
13.741415 148.125913 8.251652 1.134093 0.002290 0.005081 0.066215 0.997790
13.812039 148.917458 8.335313 1.137822 0.002692 0.006370 0.068071 0.997657
13.947646 150.863250 8.639032 1.136230 0.002011 0.009016 0.066428 0.997748
14.012193 151.582735 8.715573 1.140764 0.001604 0.009002 0.068849 0.997585
14.111997 153.043576 8.972832 1.111821 -0.000360 0.003006 0.066373 0.997790
