1.369063 0.238040457 -0.045615210 -0.009526330 0.000487409 0.000340837 0.001131354 0.999999183
1.412067 0.604833607 -0.076217256 -0.013395203 0.000137205 0.000246722 0.001991531 0.999997977
1.512040 1.594103419 -0.035553313 0.004887293 0.002532020 -0.000757241 0.004401331 0.999986822
1.612013 2.657622632 -0.035432509 0.018620439 0.002993647 -0.001752714 0.006384678 0.999973601
1.712068 3.782280738 -0.020084662 0.031417117 0.003681151 -0.002110616 0.007486402 0.999962973
1.872302 5.576779093 0.013312904 0.067142882 0.004269879 -0.000966800 0.008828867 0.999951441
1.912090 5.903724281 0.033895157 0.065398979 0.003830383 -0.000752157 0.009643918 0.999945877
2.011969 7.129234059 0.057131119 0.086455464 0.004478597 -0.000378523 0.010293722 0.999936917
2.112067 7.099058062 -0.237021149 0.093265659 0.004775857 -0.000539960 0.015231140 0.999872448
2.212019 8.282279596 -0.200604193 0.114815112 0.004906213 -0.000696304 0.015889597 0.999861473
2.312163 9.291073855 -0.441203845 0.126456881 0.005287711 -0.001533038 0.025050023 0.999671039
2.412020 10.972377452 -0.281231096 0.151669530 0.005371760 -0.002195377 0.024093421 0.999692869
2.512118 12.624337397 -0.070937050 0.172421901 0.004417790 -0.001480639 0.021027551 0.999768040
2.612090 14.148926027 0.197437006 0.189980621 0.003740470 -0.000235974 0.015809637 0.999867996
2.712167 15.323953403 0.227717377 0.204343186 0.003029889 0.000394168 0.016558631 0.999858228
2.812042 16.467139206 0.266360127 0.208939258 0.002828728 -0.000112229 0.016169598 0.999865256
2.912015 17.602841523 0.314763089 0.221800687 0.003182402 -0.000976275 0.015739552 0.999870584
3.012043 18.737452985 0.349766582 0.233798661 0.003614122 -0.001726249 0.015561901 0.999870884
3.112119 19.872713380 0.393651780 0.251016313 0.004178218 -0.001682557 0.014903342 0.999878794
3.211994 21.013337529 0.424547099 0.274215079 0.004703014 -0.000832434 0.014158657 0.999888354
3.312096 22.134165446 0.456769362 0.292971534 0.004904837 -0.000176551 0.012961199 0.999903955
3.465173 23.853549396 0.511686345 0.314578088 0.005162417 -0.000076306 0.010158841 0.999935069
3.512045 24.201180850 0.523347094 0.313910167 0.004861709 -0.000253983 0.011731091 0.999919337
3.612041 25.355613744 0.576207229 0.331563669 0.005687158 0.000197438 0.006598190 0.999962040
3.712020 26.504832902 0.590700383 0.342444611 0.006419143 0.000465960 0.004896522 0.999967300
3.811993 27.646507384 0.609553577 0.358582872 0.007373666 0.000672258 0.003180768 0.999967529
3.912093 28.761016612 0.623737536 0.371709237 0.007567202 0.000779573 0.000849777 0.999970703
4.012090 29.861980202 0.636104527 0.386683618 0.007967465 0.001110879 -0.001466568 0.999966567
4.112093 30.981734724 0.639399826 0.400266929 0.007297518 0.001337002 -0.003308143 0.999967007
4.211994 32.073316504 0.639216680 0.404949748 0.006848894 0.000832567 -0.005347315 0.999961902
4.312194 33.168996707 0.606360141 0.413369649 0.006397181 0.000252775 -0.006373961 0.999959192
4.412040 34.267448136 0.598107119 0.418783991 0.006393994 0.000065325 -0.008261949 0.999945425
4.512020 35.398103700 0.578969512 0.430676948 0.007226248 -0.000179495 -0.009972443 0.999924147
4.612040 36.515488539 0.555368997 0.440823052 0.007623825 0.000013230 -0.010983662 0.999910614
4.712141 37.635018027 0.531380310 0.454104209 0.008248053 -0.000000801 -0.011927398 0.999894848
4.814734 38.791760187 0.511447733 0.477810474 0.008729564 -0.000485682 -0.012757276 0.999880398
4.913040 39.869808363 0.486824059 0.492376052 0.006961588 -0.001507373 -0.013296805 0.999886223
5.012042 40.995658619 0.468357716 0.480707618 0.006109535 -0.001601316 -0.013344085 0.999891016
5.112044 42.121079555 0.445795085 0.501359304 0.005442186 -0.000068437 -0.013347578 0.999896105
5.212115 43.254519595 0.414536389 0.488990534 0.005586146 0.001629590 -0.013031920 0.999898149
5.312166 44.390555335 0.381412430 0.507731273 0.007475369 0.002695397 -0.012521847 0.999890022
5.446898 45.911163498 0.346565934 0.513754586 0.008450385 0.003072855 -0.012232456 0.999884751
5.546848 46.851596812 0.358521401 0.521535263 0.009217396 0.002726161 -0.012551972 0.999875020
5.646822 47.920432604 0.360231857 0.542214353 0.009001958 0.001674255 -0.012777394 0.999876442
5.711991 48.636850056 0.353447060 0.533900252 0.007723491 0.000468591 -0.012485747 0.999892111
5.812142 49.902137832 0.326281187 0.550955315 0.007805197 -0.000348381 -0.011970450 0.999897828
5.941686 51.441566907 0.309650541 0.565387449 0.007379584 -0.000052968 -0.009929616 0.999923468
6.012141 52.173096489 0.309644836 0.574550106 0.007506468 0.000366606 -0.008717028 0.999933764
6.112139 53.361572004 0.302703895 0.585405371 0.006425211 0.000450798 -0.006831608 0.999955920
6.212065 54.523411939 0.290287960 0.597131245 0.005576987 -0.000110937 -0.004185360 0.999975684
6.368889 56.327570976 0.262383084 0.617775029 0.003887060 0.000067812 -0.001110408 0.999991827
6.468939 57.248787275 0.278026568 0.616507350 0.003452638 0.000025361 0.000559804 0.999993883
6.512140 57.658839167 0.253504198 0.618452893 0.002400521 0.000683205 0.001324009 0.999996009
6.612119 58.818833108 0.332218587 0.624089206 0.004129423 0.000247039 -0.001118780 0.999990818
6.712113 60.008449517 0.298651107 0.635281144 0.004970181 -0.001589008 0.001126659 0.999985751
6.812243 61.193894453 0.292916572 0.642044037 0.005896315 -0.004023214 0.002153938 0.999972203
6.912167 62.375524158 0.301794299 0.673558135 0.006355614 -0.003524517 0.003562952 0.999967244
7.044728 63.915401196 0.309558565 0.697250572 0.006167220 0.000110233 0.004817936 0.999969370
7.144728 64.978432787 0.314389630 0.701618088 0.005776833 0.002445503 0.007039800 0.999955543
7.246724 66.122974710 0.277446848 0.703665112 0.005659178 0.003643108 0.008804967 0.999938585
7.312191 66.838987924 0.289818353 0.708086052 0.005795436 0.003207831 0.009598261 0.999931996
7.412042 68.052746096 0.219705235 0.707420006 0.004309980 0.001300412 0.012767486 0.999908358
7.512090 69.268952738 0.233451271 0.712450635 0.003856690 0.000181815 0.014664963 0.999885009
7.612092 70.479662913 0.276673880 0.722883530 0.003020515 0.000150371 0.016449086 0.999860131
7.712115 71.716188389 0.309436506 0.733669543 0.002382874 0.000674878 0.018690983 0.999822241
7.812115 72.933047837 0.339784337 0.739835531 0.001801661 0.000836590 0.021021578 0.999777049
7.911992 74.144055206 0.395038404 0.748061942 0.001170677 0.000326457 0.023242976 0.999729107
8.011995 75.315429836 0.565022897 0.757088233 0.000204822 0.000191050 0.022971474 0.999736082
8.112140 76.511389794 0.624736188 0.766801235 -0.000294570 0.000645162 0.025104144 0.999684590
8.212144 77.684392773 0.719128102 0.777684899 -0.000573447 0.001397698 0.026561828 0.999646031
8.312017 78.867330012 0.791458327 0.786007988 -0.001182994 0.001498032 0.028900216 0.999580479
8.412039 80.052671133 0.886499490 0.796355528 -0.001520966 0.000791908 0.031186801 0.999512102
8.512068 81.218494067 1.003222205 0.801795750 -0.001642064 0.000280238 0.032511347 0.999469978
8.612189 82.385758395 1.108443207 0.814554315 -0.002866658 0.000918705 0.033827420 0.999423156
8.712045 83.588489784 1.182814517 0.819586045 -0.003245973 0.001888701 0.035636937 0.999357746
8.812164 84.751587744 1.277282049 0.831521271 -0.003452691 0.002746292 0.037337099 0.999292989
8.912168 85.941619241 1.360860663 0.836081340 -0.003788115 0.003248724 0.039022367 0.999225876
9.012093 87.132020200 1.445408679 0.845176772 -0.004195899 0.003237867 0.040573197 0.999162512
9.103586 88.217469183 1.534707799 0.841832456 -0.004246320 0.003064784 0.042121439 0.999098774
9.203462 89.442256348 1.656443142 0.851538040 -0.003904372 0.003234226 0.042668879 0.999076405
9.303067 90.652559914 1.773258156 0.859065326 -0.004281278 0.002878760 0.043892154 0.999022954
9.499797 93.014612984 2.011683869 0.865186753 -0.004020621 0.001899892 0.045336223 0.998961887
9.599024 94.063533091 2.082093994 0.870928226 -0.005048353 0.001552497 0.046893223 0.998885944
9.698701 95.162269949 2.180246995 0.882013351 -0.005014680 0.001895184 0.048154023 0.998825536
9.798551 96.227695254 2.314866061 0.885713533 -0.006030113 0.002510001 0.048300154 0.998811510
9.899200 97.325965022 2.452457496 0.887329125 -0.005770345 0.004187208 0.047757299 0.998833525
10.000346 98.446913803 2.593500697 0.895390462 -0.005810725 0.005393188 0.047753489 0.998827689
10.012140 98.574078904 2.599113312 0.890490219 -0.006139324 0.005179355 0.048653534 0.998783418
10.112093 99.811480679 2.810474984 0.875242173 -0.007381729 0.000819174 0.046649503 0.998883708
10.212145 101.060597564 2.923564719 0.891074155 -0.007548923 -0.000013454 0.047403878 0.998847279
10.312121 102.308655052 3.038564877 0.888486186 -0.007077019 0.000005064 0.048191446 0.998813046
10.412167 103.553625179 3.154261512 0.898669280 -0.005194034 -0.000608146 0.048947750 0.998787650
10.512116 104.805681046 3.267387112 0.907124729 -0.003525652 -0.000945458 0.049686110 0.998758212
10.612040 106.021779726 3.386544223 0.926110798 -0.001851779 -0.000598017 0.050475778 0.998723390
10.712090 107.248569830 3.507323303 0.943703568 -0.001442908 0.000721258 0.051461295 0.998673687
10.812090 108.485660923 3.621227335 0.950527996 -0.001435717 0.001230128 0.052201060 0.998634806
10.912091 109.691531651 3.757932600 0.955372090 -0.002054103 0.000905464 0.052327927 0.998627432
11.011989 110.933488593 3.889526390 0.958964318 -0.002448154 0.000922835 0.052762186 0.998603678
11.111995 112.173582335 4.017151433 0.965859115 -0.002630561 0.001179444 0.053438644 0.998566973
11.211993 113.427849869 4.146646171 0.968214938 -0.002330634 0.001459370 0.054096695 0.998531915
11.312115 114.691665234 4.283279803 0.968828440 -0.001613089 0.000812884 0.054728249 0.998499652
11.412068 115.957877077 4.416946360 0.974498699 -0.001088112 -0.000129148 0.055265120 0.998471114
11.512167 117.241369757 4.570785654 0.984979099 -0.001276822 -0.001236428 0.055674745 0.998447377
11.612191 118.530071713 4.704394003 0.991897905 -0.001589558 -0.001888557 0.056561451 0.998396068
11.711993 119.827854847 4.828399341 1.004403569 -0.002043660 -0.001234358 0.057485190 0.998343504
11.812163 121.138591128 4.960785384 1.014741449 -0.002174187 0.000819790 0.057987387 0.998314612
11.912041 122.441062019 5.121835678 1.016918232 -0.002046167 0.001840310 0.058667363 0.998273794
12.012190 123.765285419 5.282233197 1.017612432 -0.000815632 0.001546342 0.059117483 0.998249501
12.112040 125.122997453 5.419982782 1.021399429 -0.000092125 0.000335872 0.060048975 0.998195371
12.212068 126.478892387 5.581998924 1.028254949 0.001072194 -0.000801530 0.060722565 0.998153785
12.312043 127.830442971 5.748562224 1.033049492 0.001070524 -0.000825955 0.061268550 0.998120402
12.412166 129.154488502 5.942234663 1.040632915 0.001027387 0.000035106 0.061057631 0.998133713
12.512039 130.514669002 6.132783199 1.049409417 -0.000124056 0.000755826 0.061471456 0.998108548
12.612092 131.903606404 6.315735104 1.056163145 -0.000648351 0.000391238 0.061916493 0.998081046
12.712018 133.289812931 6.497519182 1.062417402 -0.000460888 -0.000597059 0.061920224 0.998080817
12.812043 134.682218662 6.661530188 1.072249131 0.000242449 -0.000026462 0.062847442 0.998023116
12.912042 136.071461214 6.843223509 1.085061731 0.000945556 0.001322029 0.063404502 0.997986587
13.012116 137.489472557 7.015011657 1.098020271 0.000592791 0.002316262 0.064063137 0.997942983
13.112041 138.888151634 7.200870616 1.102831998 0.000236445 0.002717663 0.064718885 0.997899807
13.211991 140.309953057 7.369752373 1.109702576 -0.000329766 0.002643682 0.065877933 0.997824133
13.312042 141.709732413 7.557101213 1.112445155 -0.000508472 0.002684541 0.066402620 0.997789169
13.412089 143.118215039 7.740315734 1.121782632 -0.000096507 0.002586931 0.067619627 0.997707815
13.512092 144.518684907 7.926776981 1.127215859 0.000764519 0.003041146 0.068459263 0.997648984
13.612042 145.913843444 8.127610962 1.134621751 0.001619386 0.003474894 0.069590669 0.997568264
13.741415 147.722304465 8.376877133 1.139834864 0.002344469 0.005087353 0.070767995 0.997477074
13.812039 148.572295057 8.499739764 1.144088989 0.002570436 0.006637345 0.072913104 0.997312899
13.947646 150.479424671 8.787589808 1.146722682 0.001562829 0.008767343 0.071104654 0.997429105
14.012193 151.251024750 8.877880567 1.149843367 0.001244609 0.008960222 0.073994689 0.997217605
14.111997 152.607660819 9.094773533 1.132402345 -0.000984334 0.003098638 0.071856017 0.997409716
