1.369063 0.238040 -0.045615 -0.009526 0.000487 0.000341 0.001131 0.999999
1.412067 0.604834 -0.076217 -0.013395 0.000137 0.000247 0.001992 0.999998
1.512040 1.594103 -0.035553 0.004887 0.002532 -0.000757 0.004401 0.999987
1.612013 2.657623 -0.035433 0.018620 0.002994 -0.001753 0.006385 0.999974
1.712068 3.782281 -0.020085 0.031417 0.003681 -0.002111 0.007486 0.999963
1.872302 5.576779 0.013313 0.067143 0.004270 -0.000967 0.008829 0.999951
1.912090 5.903724 0.033895 0.065399 0.003830 -0.000752 0.009644 0.999946
2.011969 7.129234 0.057131 0.086455 0.004479 -0.000379 0.010294 0.999937
2.112067 8.313353 0.085701 0.093266 0.004773 -0.000561 0.010771 0.999930
2.212019 9.496575 0.122118 0.114815 0.004903 -0.000718 0.011429 0.999922
2.312163 10.673503 0.153017 0.126457 0.005267 -0.001601 0.012088 0.999912
2.412020 11.836779 0.184187 0.151670 0.005346 -0.002257 0.012646 0.999903
2.512118 13.013583 0.219348 0.172422 0.004406 -0.001517 0.012884 0.999906
2.612090 14.175624 0.260752 0.189981 0.003740 -0.000247 0.012852 0.999910
2.712167 15.325819 0.302557 0.204343 0.003031 0.000384 0.013053 0.999910
2.812042 16.472358 0.341473 0.208939 0.002828 -0.000121 0.012934 0.999912
2.912015 17.611438 0.380309 0.221801 0.003180 -0.000985 0.012917 0.999911
3.012043 18.745659 0.414329 0.233799 0.003609 -0.001736 0.012742 0.999911
3.112119 19.877968 0.452139 0.251016 0.004174 -0.001694 0.012223 0.999915
3.211994 21.016208 0.479633 0.274215 0.004701 -0.000845 0.011494 0.999923
3.312096 22.136202 0.507651 0.292972 0.004904 -0.000189 0.010337 0.999935
3.465173 23.860210 0.552320 0.314578 0.005162 -0.000088 0.007884 0.999956
3.512045 24.207841 0.563981 0.313910 0.004861 -0.000265 0.009456 0.999943
3.612041 25.367196 0.580683 0.331564 0.005687 0.000193 0.005775 0.999967
3.712020 26.517388 0.592804 0.342445 0.006420 0.000460 0.003974 0.999971
3.811993 27.661489 0.604406 0.358583 0.007374 0.000667 0.002514 0.999969
3.912093 28.785515 0.609115 0.371709 0.007567 0.000777 0.000520 0.999971
4.012090 29.894334 0.613444 0.386684 0.007967 0.001111 -0.001446 0.999967
4.112093 31.014584 0.615342 0.400267 0.007298 0.001337 -0.003295 0.999967
4.211994 32.106113 0.614687 0.404950 0.006849 0.000832 -0.005459 0.999961
4.312194 33.187939 0.600260 0.413370 0.006398 0.000244 -0.007695 0.999950
4.412040 34.298075 0.584773 0.418784 0.006394 0.000058 -0.009353 0.999936
4.512020 35.426636 0.564374 0.430677 0.007226 -0.000187 -0.011071 0.999913
4.612040 36.539859 0.540234 0.440823 0.007624 0.000005 -0.012044 0.999898
4.712141 37.659389 0.516245 0.454104 0.008248 -0.000010 -0.012988 0.999882
4.814734 38.812647 0.491511 0.477810 0.008729 -0.000493 -0.013595 0.999869
4.913040 39.890695 0.466887 0.492376 0.006960 -0.001513 -0.014134 0.999875
5.012042 41.000416 0.450843 0.480708 0.006108 -0.001608 -0.014360 0.999877
5.112044 42.118043 0.429744 0.501359 0.005442 -0.000074 -0.014389 0.999882
5.212115 43.246117 0.398408 0.488991 0.005588 0.001624 -0.014082 0.999884
5.312166 44.370937 0.366942 0.507731 0.007478 0.002689 -0.013443 0.999878
5.446898 45.888557 0.326452 0.513755 0.008452 0.003068 -0.012768 0.999878
5.546848 46.815782 0.315197 0.521535 0.009217 0.002729 -0.012224 0.999879
5.646822 47.850101 0.295222 0.542214 0.009000 0.001683 -0.011826 0.999888
5.711991 48.550571 0.287563 0.533900 0.007723 0.000475 -0.011665 0.999902
5.812142 49.816589 0.258180 0.550955 0.007805 -0.000342 -0.011097 0.999908
5.941686 51.362010 0.239812 0.565387 0.007380 -0.000046 -0.009035 0.999932
6.012141 52.085331 0.234202 0.574550 0.007506 0.000374 -0.007683 0.999942
6.112139 53.269742 0.220610 0.585405 0.006425 0.000459 -0.005599 0.999964
6.212065 54.436307 0.225655 0.597131 0.005577 -0.000107 -0.003540 0.999978
6.368889 56.244839 0.232489 0.617775 0.003887 0.000067 -0.001349 0.999992
6.468939 57.166055 0.248132 0.616507 0.003453 0.000025 0.000322 0.999994
6.512140 57.589720 0.258694 0.618453 0.002401 0.000680 0.000178 0.999997
6.612119 58.801631 0.254898 0.624089 0.004129 0.000253 0.000308 0.999991
6.712113 59.997439 0.255355 0.635281 0.004971 -0.001586 0.001764 0.999985
6.812243 61.197003 0.263031 0.642044 0.005898 -0.004021 0.002569 0.999971
6.912167 62.387261 0.279512 0.673558 0.006357 -0.003523 0.003827 0.999966
7.044728 63.927028 0.297972 0.697251 0.006167 0.000111 0.004881 0.999969
7.144728 65.008783 0.334917 0.701618 0.005778 0.002442 0.006486 0.999959
7.246724 66.138521 0.356651 0.703665 0.005665 0.003634 0.007206 0.999951
7.312191 66.854534 0.369022 0.708086 0.005801 0.003199 0.007999 0.999946
7.412042 68.051386 0.394018 0.707420 0.004315 0.001285 0.009128 0.999948
7.512090 69.255478 0.425678 0.712451 0.003857 0.000166 0.010639 0.999936
7.612092 70.466188 0.468901 0.722884 0.003021 0.000138 0.012423 0.999918
7.712115 71.697339 0.508217 0.733670 0.002386 0.000665 0.014460 0.999892
7.812115 72.904407 0.552868 0.739836 0.001805 0.000828 0.016471 0.999862
7.911992 74.115127 0.604991 0.748062 0.001172 0.000321 0.018692 0.999825
8.011995 75.322040 0.662070 0.757088 0.000205 0.000191 0.020757 0.999785
8.112140 76.518000 0.721783 0.766801 -0.000293 0.000646 0.022889 0.999738
8.212144 77.703348 0.790308 0.777685 -0.000571 0.001399 0.025030 0.999686
8.312017 78.886285 0.862638 0.786008 -0.001181 0.001500 0.027368 0.999624
8.412039 80.083604 0.944663 0.796356 -0.001520 0.000794 0.030023 0.999548
8.512068 81.276307 1.028150 0.801796 -0.001642 0.000281 0.032217 0.999480
8.612189 82.456006 1.119373 0.814554 -0.002867 0.000918 0.033945 0.999419
8.712045 83.644466 1.207590 0.819586 -0.003245 0.001890 0.035368 0.999367
8.812164 84.808063 1.301853 0.831521 -0.003452 0.002747 0.037068 0.999303
8.912168 85.983925 1.402170 0.836081 -0.003786 0.003252 0.038281 0.999255
9.012093 87.161479 1.499433 0.845177 -0.004192 0.003243 0.039407 0.999209
9.103586 88.239874 1.593578 0.841832 -0.004242 0.003071 0.040732 0.999156
9.203462 89.476079 1.698256 0.851538 -0.003902 0.003238 0.041784 0.999114
9.303067 90.684229 1.811883 0.859065 -0.004279 0.002882 0.043032 0.999060
9.499797 93.048901 2.039346 0.865187 -0.004020 0.001902 0.044806 0.998986
9.599024 94.086035 2.149778 0.870928 -0.005045 0.001563 0.044819 0.998981
9.698701 95.163052 2.249393 0.882013 -0.005010 0.001907 0.045864 0.998933
9.798551 96.241431 2.365170 0.885714 -0.006027 0.002518 0.046898 0.998878
9.899200 97.365950 2.480715 0.887329 -0.005768 0.004190 0.047311 0.998855
10.000346 98.490515 2.605153 0.895390 -0.005811 0.005393 0.047804 0.998825
10.012140 98.620119 2.619189 0.890490 -0.006138 0.005180 0.048487 0.998792
10.112093 99.877040 2.752464 0.875242 -0.007384 0.000801 0.049118 0.998765
10.212145 101.121977 2.881147 0.891074 -0.007549 -0.000029 0.049411 0.998750
10.312121 102.366199 3.010103 0.888486 -0.007077 -0.000007 0.049838 0.998732
10.412167 103.607940 3.138893 0.898669 -0.005193 -0.000615 0.050192 0.998726
10.512116 104.856881 3.265030 0.907125 -0.003525 -0.000948 0.050492 0.998718
10.612040 106.073193 3.391776 0.926111 -0.001851 -0.000599 0.051013 0.998696
10.712090 107.296001 3.517979 0.943704 -0.001443 0.000721 0.051792 0.998657
10.812090 108.521630 3.642875 0.950528 -0.001436 0.001230 0.052084 0.998641
10.912091 109.727501 3.779580 0.955372 -0.002054 0.000906 0.052211 0.998634
11.011989 110.947136 3.914935 0.958964 -0.002448 0.000924 0.052289 0.998629
11.111995 112.176295 4.054707 0.965859 -0.002630 0.001182 0.052629 0.998610
11.211993 113.430045 4.188530 0.968215 -0.002329 0.001461 0.053286 0.998576
11.312115 114.689134 4.335347 0.968828 -0.001612 0.000814 0.053740 0.998553
11.412068 115.951244 4.479096 0.974499 -0.001088 -0.000128 0.054101 0.998535
11.512167 117.234737 4.632935 0.984979 -0.001278 -0.001235 0.054510 0.998512
11.612191 118.525815 4.778249 0.991898 -0.001592 -0.001886 0.055235 0.998470
11.711993 119.825427 4.919959 1.004404 -0.002046 -0.001231 0.055959 0.998430
11.812163 121.133001 5.076389 1.014741 -0.002173 0.000824 0.056135 0.998420
11.912041 122.443854 5.231793 1.016918 -0.002043 0.001844 0.056872 0.998378
12.012190 123.768077 5.392190 1.017612 -0.000813 0.001548 0.057322 0.998354
12.112040 125.114407 5.547433 1.021399 -0.000091 0.000336 0.057821 0.998327
12.212068 126.476017 5.709906 1.028255 0.001070 -0.000804 0.058523 0.998285
12.312043 127.827568 5.876470 1.033049 0.001069 -0.000828 0.059069 0.998253
12.412166 129.165624 6.048449 1.040633 0.001027 0.000033 0.059181 0.998247
12.512039 130.529914 6.226418 1.049409 -0.000123 0.000756 0.059724 0.998215
12.612092 131.918851 6.409370 1.056163 -0.000648 0.000392 0.060169 0.998188
12.712018 133.313897 6.587069 1.062417 -0.000462 -0.000596 0.060279 0.998181
12.812043 134.702146 6.757940 1.072249 0.000242 -0.000027 0.061062 0.998134
12.912042 136.101222 6.931996 1.085062 0.000948 0.001320 0.061747 0.998091
13.012116 137.508839 7.115005 1.098020 0.000597 0.002315 0.062099 0.998067
13.112041 138.907518 7.300864 1.102832 0.000242 0.002717 0.062755 0.998025
13.211991 140.318534 7.483397 1.109703 -0.000323 0.002644 0.063459 0.997981
13.312042 141.718313 7.670746 1.112445 -0.000502 0.002686 0.063984 0.997947
13.412089 143.123446 7.851602 1.121783 -0.000090 0.002587 0.064976 0.997883
13.512092 144.523916 8.038063 1.127216 0.000773 0.003039 0.065816 0.997827
13.612042 145.919239 8.232898 1.134622 0.001629 0.003470 0.066808 0.997759
13.741415 147.724013 8.480275 1.139835 0.002359 0.005081 0.067867 0.997679
13.812039 148.579439 8.591658 1.144089 0.002589 0.006630 0.070099 0.997515
13.947646 150.486568 8.879508 1.146723 0.001588 0.008763 0.068291 0.997626
14.012193 151.274682 8.986236 1.149843 0.001274 0.008956 0.070760 0.997452
14.111997 152.674769 9.207166 1.132402 -0.000973 0.003102 0.068293 0.997660
