1.436901 0.089355356 -0.000488250 0.001257084 0.000080151 -0.000772490 0.001564413 0.999998475
1.514807 0.203523977 0.002389063 0.000406479 0.000055141 -0.001201055 0.002457174 0.999996258
1.612139 0.260860166 0.018144156 0.001157538 0.000192149 -0.001426026 0.005516297 0.999983750
1.725584 0.419262842 0.023852113 0.001879045 0.000221502 -0.001535801 0.009191280 0.999956555
1.825908 0.544996202 0.036785709 0.004340941 0.000431044 -0.001593197 0.012949704 0.999914787
1.925634 0.697883060 0.054232323 0.005489309 0.000704830 -0.001648640 0.018715058 0.999823250
2.013115 0.829120527 0.071678609 0.007708229 0.000871458 -0.001808736 0.024711016 0.999692620
2.124835 1.021747333 0.097417051 0.012549642 0.000743213 -0.001582677 0.036257278 0.999340959
2.225508 1.194694880 0.130764110 0.013570910 0.000407327 -0.001569745 0.045856985 0.998946699
2.324835 1.377968728 0.169626218 0.013643166 0.000216915 -0.001654536 0.058034990 0.998313155
2.417631 1.563405082 0.220732070 0.013485541 0.000215419 -0.001848224 0.070993220 0.997475063
2.522441 1.796321662 0.286422419 0.012849148 0.000462874 -0.002107763 0.087532461 0.996159330
2.621346 2.003022174 0.355055450 0.016818829 0.000585283 -0.002417274 0.102666419 0.994712733
2.717555 2.231007933 0.428298010 0.019270361 0.000849181 -0.002682444 0.119958283 0.992774946
2.810732 2.450437160 0.531862314 0.025321089 0.000588043 -0.002704565 0.137627734 0.990480159
2.915488 2.714868462 0.644974780 0.029059314 -0.000701283 -0.002410290 0.159895359 0.987130778
3.015436 2.961108529 0.777597266 0.028413852 -0.002013250 -0.001840042 0.180239804 0.983618917
3.115489 3.222387918 0.922195875 0.026165976 -0.003261313 -0.001302546 0.202325195 0.979312097
3.215563 3.480296500 1.085619103 0.024485507 -0.004095366 -0.000833627 0.225493227 0.974235771
3.315510 3.753976959 1.258974233 0.022765067 -0.004277145 0.000058871 0.249373134 0.968398029
3.417632 4.028356336 1.460135820 0.027752079 -0.003961834 0.002432634 0.274041133 0.961706735
3.521868 4.298857475 1.690175858 0.032375209 -0.005480443 0.004248058 0.299229556 0.954155958
3.623610 4.556912242 1.925669614 0.031288911 -0.007304355 0.005321984 0.323904729 0.946046537
3.734406 4.820532133 2.208744516 0.022958931 -0.010514838 0.006642298 0.351595147 0.936069533
3.835182 5.044483894 2.474489943 0.007640531 -0.012156268 0.008230052 0.374141150 0.927255570
3.934705 5.260489812 2.759529123 0.000087033 -0.013063297 0.010512183 0.398688159 0.916933256
4.033934 5.494017619 3.067003850 -0.003532805 -0.013933845 0.012662548 0.423969709 0.905480642
4.134059 5.710675788 3.408011509 -0.017160802 -0.014084394 0.014064271 0.450276031 0.892667532
4.234282 5.913349342 3.765779975 -0.025351940 -0.014106462 0.014655379 0.475625135 0.879412849
4.334805 6.097972769 4.133654857 -0.032635091 -0.014393622 0.014314862 0.500247514 0.865644461
4.437871 6.268372311 4.543910063 -0.052617073 -0.014905166 0.013496099 0.524310795 0.851289541
4.512118 6.384467561 4.845904929 -0.065931268 -0.015032977 0.012798033 0.540715508 0.840973816
4.612241 6.535947113 5.329505896 -0.095414004 -0.014413105 0.012911554 0.566487376 0.823843193
4.712165 6.671850232 5.794584119 -0.116440542 -0.013592806 0.013337461 0.587076412 0.809307503
4.812065 6.784084827 6.273266942 -0.127872849 -0.012776736 0.014430605 0.606946801 0.794508712
4.936878 6.897374754 6.886314421 -0.142233522 -0.014128740 0.016435370 0.628890045 0.777192105
5.037700 6.949507378 7.316011729 -0.154313158 -0.015251818 0.017428051 0.642853977 0.765638563
5.144803 6.982679320 7.824052561 -0.175723103 -0.016193658 0.017792635 0.658138957 0.752511994
5.212139 7.009500596 8.148808327 -0.189602993 -0.016642237 0.017343887 0.666424473 0.745184975
5.312143 7.022604303 8.725490858 -0.220942013 -0.017334311 0.016275197 0.679894817 0.732924060
5.412165 7.042828039 9.281784055 -0.250487877 -0.016790133 0.015966349 0.690548423 0.722914962
5.512165 7.040727856 9.850562161 -0.276643647 -0.015728471 0.016869755 0.698419157 0.715317208
5.612138 7.025289598 10.398394529 -0.291113546 -0.015052063 0.018206076 0.706360808 0.707457690
5.713294 7.001879122 10.976815795 -0.311437690 -0.014855742 0.018056258 0.712357985 0.701426674
5.812065 6.978059412 11.539529035 -0.334259121 -0.015667554 0.016891741 0.717791216 0.695877121
5.912016 6.949049676 12.121021482 -0.360442255 -0.016413065 0.016261769 0.722108788 0.691393567
6.012115 6.910195926 12.718617239 -0.389683797 -0.016941015 0.016028069 0.725288524 0.688049896
6.114658 6.871010682 13.342218763 -0.419872241 -0.017443145 0.016309867 0.727659001 0.685523233
6.212091 6.822802859 13.941800548 -0.440245439 -0.018057824 0.017790949 0.729096672 0.683941109
6.338249 6.757844430 14.745167759 -0.473543548 -0.019061869 0.018643948 0.730168355 0.682746821
6.411992 6.729557627 15.164272467 -0.493002482 -0.019231728 0.018483947 0.730431510 0.682464866
6.512066 6.677291552 15.844719537 -0.526840580 -0.019105395 0.018315285 0.731054967 0.681805082
6.612564 6.624979643 16.536565636 -0.559055423 -0.018254373 0.018264378 0.732051590 0.680759620
6.713214 6.573395338 17.230861907 -0.592642088 -0.017885210 0.017517076 0.732856758 0.679922233
6.825310 6.509911194 18.013393955 -0.629850914 -0.018794146 0.016970433 0.733049466 0.679703807
6.911967 6.458934885 18.577143131 -0.656905512 -0.019580808 0.017645524 0.733086230 0.679624754
7.012091 6.398917577 19.311958802 -0.688038565 -0.020881300 0.018279101 0.732973964 0.679690381
7.112116 6.333024962 20.049506386 -0.719155268 -0.021103550 0.017924254 0.732979968 0.679686492
7.213161 6.270790920 20.797716559 -0.758680091 -0.019982929 0.016550162 0.732890930 0.679851204
7.301918 6.217501684 21.454099323 -0.794402568 -0.018062877 0.015756108 0.732975330 0.679832805
7.412442 6.142028274 22.302531015 -0.836207930 -0.017124452 0.015336794 0.732785614 0.680071158
7.514736 6.084700432 23.057701371 -0.863374413 -0.018364733 0.015726364 0.732410204 0.680434208
7.624937 6.010847272 23.878295646 -0.894919864 -0.019724651 0.017358069 0.732422751 0.680342964
7.716877 5.969063941 24.558361239 -0.926542512 -0.020141543 0.018807077 0.732634280 0.680064427
7.824211 5.907871698 25.408939553 -0.969976224 -0.018928206 0.020631389 0.733054786 0.679593076
7.910145 5.857868620 26.076768978 -1.000822415 -0.017556152 0.021911613 0.733145954 0.679491481
8.010223 5.800138880 26.896585476 -1.036383480 -0.015704157 0.021723699 0.733304268 0.679371998
8.110250 5.727488491 27.711961006 -1.076218058 -0.014214073 0.020338038 0.733821386 0.678889165
8.210273 5.663568031 28.535120135 -1.115262196 -0.012542178 0.019338307 0.734243248 0.678495082
8.321269 5.591728198 29.445191181 -1.145934168 -0.010641510 0.019573521 0.734653832 0.678076237
8.411410 5.536596139 30.142033140 -1.170838584 -0.010238020 0.019972831 0.735071942 0.677617525
8.521864 5.444092904 31.076705177 -1.199225928 -0.011725329 0.020084190 0.734722774 0.677968721
8.611801 5.381897525 31.803276383 -1.224380907 -0.012142904 0.020522215 0.735319840 0.677300614
8.730117 5.287455453 32.816714798 -1.263525792 -0.012347411 0.021922946 0.734945515 0.677659218
8.833588 5.232828376 33.613052576 -1.295986609 -0.011796689 0.022944772 0.735657150 0.676862565
8.914658 5.179293188 34.268361339 -1.317538855 -0.011932812 0.023258289 0.735485903 0.677035557
9.044634 5.066346426 35.428526716 -1.360746551 -0.011603653 0.023035391 0.735289071 0.677262658
9.121195 5.032431908 35.980213046 -1.395317023 -0.011544470 0.022356913 0.736549262 0.675915733
9.214917 4.954045565 36.844900922 -1.425068043 -0.011088811 0.022846229 0.735400011 0.677157228
9.320496 4.862697026 37.809457710 -1.469336061 -0.010445762 0.023702164 0.735694472 0.676818097
9.412266 4.786207944 38.600367574 -1.493966411 -0.008664034 0.023807689 0.736460879 0.676005548
9.512016 4.711210273 39.509473197 -1.532617912 -0.006507103 0.023814924 0.736557096 0.675924664
9.612097 4.631665922 40.399698876 -1.567699896 -0.006054483 0.024097068 0.737002315 0.675433389
9.715435 4.537872574 41.325284617 -1.598296967 -0.006732156 0.026046134 0.737426507 0.674891416
9.817705 4.456921402 42.219124167 -1.629052714 -0.008181089 0.027878420 0.737838875 0.674351286
9.919202 4.370560781 43.120170050 -1.662044374 -0.008634721 0.028535716 0.738096526 0.674036106
10.015437 4.289573536 43.971726410 -1.699147704 -0.009077650 0.027799655 0.738464401 0.673658002
10.117629 4.196684597 44.889599994 -1.738251967 -0.009342718 0.026239808 0.738913504 0.673224346
10.217605 4.109594077 45.781372092 -1.779863980 -0.009693621 0.025831747 0.739505105 0.672585277
10.312647 4.031457275 46.634116382 -1.814094230 -0.010298069 0.026024174 0.739743511 0.672306648
10.420147 3.920764502 47.618828504 -1.850936705 -0.011762417 0.025659050 0.740234136 0.671756416
10.520944 3.828225367 48.507356254 -1.893905105 -0.012854894 0.025090896 0.740812417 0.671120080
10.620572 3.740832841 49.388498755 -1.931575205 -0.013133994 0.024781147 0.741462281 0.670408143
10.720648 3.643181504 50.283238041 -1.973110417 -0.012401402 0.025146468 0.741787725 0.670048380
10.817555 3.546961428 51.162498792 -2.008798746 -0.012246907 0.024925024 0.741847500 0.669993316
10.912943 3.446796123 52.036829090 -2.045351305 -0.012148209 0.025463459 0.742365355 0.669401010
11.017652 3.342345836 53.014204168 -2.084957024 -0.012377986 0.025726732 0.742841405 0.668858406
11.117604 3.241776106 53.902261127 -2.121346579 -0.012835077 0.025650046 0.743369668 0.668265570
11.219602 3.138361643 54.810744634 -2.159279585 -0.013211024 0.025498957 0.743428806 0.668198236
11.321442 3.037096292 55.715272570 -2.198692406 -0.014660446 0.024576120 0.743835609 0.667749708
11.422740 2.927094020 56.614214690 -2.238727077 -0.016818381 0.024041044 0.743644859 0.667930755
11.523790 2.818149879 57.515901832 -2.281902766 -0.019430894 0.022981882 0.743495421 0.668063494
11.624387 2.720312363 58.416817522 -2.329074560 -0.020391704 0.023233217 0.742876883 0.668713939
11.724560 2.619940210 59.321641025 -2.375200943 -0.020857869 0.024016755 0.742114431 0.669517973
11.823688 2.525421207 60.210209414 -2.420896400 -0.020525174 0.024721216 0.741506003 0.670176415
11.923611 2.433803158 61.105786713 -2.465997813 -0.019516109 0.024360183 0.740910168 0.670878398
12.022787 2.343456189 62.003661798 -2.512448038 -0.018389668 0.023359153 0.740659580 0.671222435
12.122691 2.253311262 62.907065467 -2.554083283 -0.017642680 0.022839132 0.740582919 0.671344956
12.223513 2.157977047 63.829119562 -2.599170250 -0.017902916 0.022483984 0.740218031 0.671752352
12.323562 2.061180559 64.733032735 -2.642113082 -0.018453344 0.021861287 0.739709183 0.672318290
12.424188 1.969560346 65.653043499 -2.683846761 -0.018896171 0.021008418 0.739676971 0.672368619
12.523191 1.874350702 66.562292085 -2.730374576 -0.018821842 0.020364232 0.739666529 0.672402010
12.622639 1.784016244 67.478614260 -2.777613026 -0.018681903 0.020393769 0.739494239 0.672594493
12.722041 1.694657710 68.400137783 -2.816103946 -0.018369726 0.020308196 0.739252311 0.672871571
12.814660 1.612498749 69.265369423 -2.860273554 -0.017701963 0.020821885 0.739020145 0.673128751
12.921594 1.512406808 70.307084546 -2.906112138 -0.016500386 0.021165985 0.738635217 0.673570898
13.020322 1.427679109 71.215045514 -2.945298471 -0.015910348 0.020991102 0.738816949 0.673391232
13.117657 1.337517816 72.131219483 -2.985137063 -0.014314695 0.022050021 0.738389683 0.673861679
13.219427 1.251751315 73.105965015 -3.026894257 -0.014095919 0.022169418 0.738090186 0.674190403
13.317605 1.162593266 74.028155893 -3.062405673 -0.014851206 0.022701231 0.737591094 0.674702508
13.420796 1.065057799 75.031437191 -3.108603255 -0.016042122 0.023090629 0.737026255 0.675279033
13.521022 0.977759830 75.989135000 -3.150238072 -0.016673258 0.023162359 0.736615415 0.675709433
13.621266 0.885781116 76.950463884 -3.197677749 -0.016607352 0.023122838 0.736217089 0.676146381
13.721096 0.805680470 77.924594404 -3.244421416 -0.016051212 0.023692780 0.735858591 0.676530225
13.821069 0.723635234 78.889398292 -3.288772821 -0.016121016 0.024138397 0.735721420 0.676661986
13.902062 0.655392728 79.667386832 -3.321774940 -0.016308985 0.023946160 0.735497308 0.676907902
14.020823 0.545830021 80.917631493 -3.388815882 -0.015202626 0.024457865 0.735407671 0.677012740
14.121098 0.467059912 81.839220567 -3.422636714 -0.015429111 0.023419211 0.735929410 0.676477188
14.221392 0.378525968 82.789388118 -3.465924110 -0.016473517 0.023264529 0.735713120 0.676693128
14.321692 0.290186269 83.743146024 -3.508652900 -0.017211635 0.023699741 0.735805037 0.676559701
14.422842 0.201984414 84.696912184 -3.551242811 -0.018593272 0.023116583 0.735962660 0.676371848
14.523339 0.112690579 85.653770035 -3.594895704 -0.018178883 0.023392076 0.735997234 0.676336019
14.615038 0.032062755 86.526902657 -3.641384801 -0.018359161 0.022906876 0.736235118 0.676088801
14.724084 -0.064036164 87.598330773 -3.692104108 -0.018628422 0.022734400 0.736139140 0.676191759
14.825008 -0.148884999 88.529555962 -3.738528962 -0.019738331 0.022518238 0.736325800 0.675964232
14.926379 -0.236380058 89.475406589 -3.775286245 -0.021024565 0.022108717 0.736195342 0.676081054
15.027826 -0.319952256 90.416790068 -3.825222372 -0.022174537 0.021651630 0.735651724 0.676650602
15.129299 -0.403235068 91.342909060 -3.867416580 -0.022827236 0.021145064 0.734876949 0.677486290
15.230118 -0.489075017 92.274393946 -3.913485056 -0.023518311 0.020697734 0.734831864 0.677525369
15.331640 -0.570218733 93.207740015 -3.961898417 -0.023026390 0.020599889 0.734495824 0.677909518
15.420617 -0.635036156 94.026273069 -4.001851509 -0.022833892 0.019499232 0.734295454 0.678165599
15.524480 -0.721837638 95.038355667 -4.057293667 -0.021733035 0.018410708 0.733996619 0.678555586
15.629919 -0.802304807 96.021271177 -4.107265302 -0.021332750 0.018295634 0.734208191 0.678342477
15.733436 -0.883420715 96.966330342 -4.147528504 -0.022052817 0.019279931 0.734550890 0.677921048
15.838097 -0.966608140 97.915712534 -4.186374342 -0.023167889 0.020577889 0.734787875 0.677588797
15.945849 -1.050871238 98.875563757 -4.234064368 -0.023934577 0.021310357 0.735403582 0.676871166
16.020076 -1.106804009 99.515486605 -4.265649814 -0.023813403 0.021586823 0.735899374 0.676327614
16.119031 -1.203417125 100.516599724 -4.314665698 -0.022887521 0.020991735 0.736333932 0.675905207
16.217759 -1.285238323 101.465110137 -4.366045537 -0.021358564 0.020422097 0.737195725 0.675032749
16.312564 -1.364459114 102.361856318 -4.416581427 -0.019407571 0.020733743 0.737959580 0.674247073
16.425635 -1.463074698 103.444818510 -4.465546312 -0.017811867 0.023234532 0.738837915 0.673246931
16.525955 -1.552497645 104.306858961 -4.505152603 -0.019391008 0.024789898 0.739986702 0.671884760
16.626330 -1.643629800 105.196511877 -4.550911829 -0.020935009 0.026633813 0.740476337 0.671228099
16.730072 -1.743484202 106.126162508 -4.591441893 -0.021623312 0.027700576 0.741342177 0.670206601
16.834037 -1.847434221 107.039940523 -4.645142982 -0.022088147 0.025775869 0.742122016 0.669404685
16.938821 -1.954415650 107.941257197 -4.700601392 -0.022684090 0.022922710 0.742643180 0.668910374
17.003270 -2.017052204 108.500580710 -4.736834710 -0.022638621 0.021955286 0.743165844 0.668363664
17.102800 -2.141802343 109.543578431 -4.799725008 -0.023319439 0.021998981 0.744018002 0.667390037
17.202654 -2.254505444 110.516148861 -4.848323261 -0.024067596 0.022835972 0.745064330 0.666166956
17.400047 -2.480460812 112.378105080 -4.952092162 -0.022335137 0.023800271 0.746843535 0.664198331
17.499848 -2.550921387 113.076516195 -5.000703447 -0.021973591 0.023382844 0.746900039 0.664161678
17.599227 -2.650891104 113.873771328 -5.033728247 -0.021072461 0.023322552 0.747348572 0.663688271
17.600622 -2.650527813 113.870299613 -5.032062470 -0.021111753 0.023284438 0.747328631 0.663710815
17.799951 -2.903755529 115.769416620 -5.124176922 -0.020376541 0.022715281 0.748276927 0.662684279
17.900172 -2.996123244 116.628630493 -5.183392665 -0.020871917 0.021963165 0.748258796 0.662714687
17.924534 -3.023897412 116.833773076 -5.188775340 -0.020792753 0.022245208 0.748413244 0.662533341
18.100347 -3.239751978 118.445504209 -5.276263764 -0.020885435 0.023216405 0.748441127 0.662465604
18.124336 -3.256661227 118.636725529 -5.286091055 -0.021741572 0.023300627 0.748387812 0.662495334
18.224736 -3.387208337 119.569146202 -5.333923580 -0.020958793 0.021161949 0.748201482 0.662802718
18.324312 -3.507813736 120.487379889 -5.377605191 -0.020457693 0.019758777 0.747821040 0.663290860
18.401810 -3.595957521 121.196772990 -5.423522570 -0.019816686 0.019938235 0.747567008 0.663591241
18.501743 -3.726478787 122.200667907 -5.469821264 -0.020823094 0.020932780 0.747099161 0.664056520
18.623739 -3.872484092 123.400360010 -5.521680683 -0.020894054 0.021548625 0.746667129 0.664520348
18.700672 -3.868255652 123.403604315 -5.521557629 -0.020899306 0.021602708 0.746639819 0.664549112
18.823517 -4.078642134 125.311527160 -5.619745194 -0.020543907 0.020623862 0.745679238 0.665668895
18.923166 -4.182477142 126.188408072 -5.662775709 -0.020237651 0.020794453 0.745618621 0.665740866
19.022642 -4.291157234 127.092864428 -5.700001240 -0.020328788 0.020495932 0.745193904 0.666222713
19.121842 -4.394142272 127.994426183 -5.748689191 -0.019707670 0.020683439 0.744846935 0.666623467
19.221793 -4.497414049 128.909720095 -5.794298550 -0.020723169 0.020857252 0.744249586 0.667254134
19.322268 -4.601972328 129.828579209 -5.837000980 -0.022242116 0.022269599 0.743995387 0.667443045
19.423064 -4.708664628 130.754397732 -5.871762675 -0.023834745 0.022296309 0.743713295 0.667701516
19.522416 -4.806312512 131.644225626 -5.917776443 -0.023245157 0.022125681 0.743117450 0.668391033
19.621991 -4.905186394 132.548552484 -5.962056049 -0.021384135 0.020724950 0.742665585 0.669000018
19.721068 -5.000782936 133.446228432 -6.011938501 -0.019006061 0.020958482 0.742327699 0.669439392
19.820248 -5.095480504 134.355440174 -6.053269116 -0.018490849 0.020657555 0.741926390 0.669907893
19.919673 -5.184928711 135.253431572 -6.103364007 -0.017677038 0.022321083 0.741905689 0.669899425
20.017676 -5.281742954 136.137508055 -6.136239032 -0.017026535 0.023748981 0.741429923 0.670393730
20.112070 -5.373222953 136.997551066 -6.173905640 -0.017789978 0.024330057 0.741311513 0.670484009
20.217554 -5.478780877 137.969624512 -6.223533928 -0.018122837 0.025972394 0.740814966 0.670962133
20.319872 -5.573527665 138.862776704 -6.271866636 -0.020047541 0.026793608 0.740877988 0.670805490
20.420792 -5.658526055 139.739480335 -6.313647672 -0.021132410 0.028109481 0.740647022 0.670973373
20.521044 -5.750721417 140.611461787 -6.357389039 -0.022591135 0.028291223 0.740401210 0.671189464
20.621666 -5.839833223 141.476083166 -6.408547239 -0.023228158 0.027577672 0.740268160 0.671344156
20.722189 -5.930415181 142.323460497 -6.459935951 -0.023887954 0.026650646 0.740113417 0.671529030
20.801951 -6.004062417 142.993830360 -6.503383311 -0.024073159 0.026024449 0.739939678 0.671738404
20.901708 -6.104263154 143.902960038 -6.556193983 -0.025415751 0.025415214 0.739842572 0.671819228
21.001610 -6.191180526 144.746359677 -6.612377360 -0.026042617 0.025929710 0.739450689 0.672206895
21.101988 -6.273737187 145.577210306 -6.657232041 -0.027345923 0.026057895 0.739244515 0.672376928
21.223714 -6.371870165 146.550667001 -6.713960246 -0.027843137 0.025800803 0.739192927 0.672423152
21.329547 -6.443508814 147.289208159 -6.757622224 -0.027475623 0.026224738 0.738977464 0.672658651
21.423539 -6.509260838 147.956657153 -6.794215409 -0.027391261 0.025670513 0.739131818 0.672513866
21.523388 -6.587828366 148.688995044 -6.841917778 -0.026924390 0.025313023 0.739401396 0.672249882
21.623238 -6.662307154 149.425288846 -6.885505655 -0.026717237 0.024951210 0.739871869 0.671753857
21.723188 -6.735165862 150.149079777 -6.929201203 -0.026444707 0.024809966 0.740436375 0.671147612
21.822862 -6.815728320 150.887186092 -6.972851956 -0.026104933 0.025264552 0.740888699 0.670644593
21.922963 -6.894938997 151.611321452 -7.014797804 -0.026584081 0.024970647 0.741181835 0.670312794
22.022913 -6.976403152 152.340187064 -7.059385278 -0.026483850 0.024887314 0.741412453 0.670064774
22.122786 -7.045601134 153.056098180 -7.102265642 -0.025935758 0.024841395 0.741510068 0.669979895
22.202070 -7.101125021 153.610817885 -7.135292243 -0.025563349 0.025148070 0.741564622 0.669922385
22.322166 -7.204026061 154.533035456 -7.189762010 -0.025324904 0.025703285 0.741722506 0.669735556
22.401950 -7.256559567 155.057737802 -7.220216270 -0.025461108 0.026103506 0.741297473 0.670185344
22.501755 -7.337414542 155.798042535 -7.262634439 -0.026351022 0.026561660 0.740886649 0.670587112
22.601831 -7.407620841 156.479593102 -7.300638136 -0.026696347 0.026499786 0.740247231 0.671281687
22.701929 -7.473673213 157.157210777 -7.339480457 -0.026858822 0.026875782 0.739418881 0.672172608
22.802033 -7.531245685 157.795466875 -7.374373680 -0.026579173 0.026808450 0.738358188 0.673351350
22.929121 -7.606498084 158.589357911 -7.421876063 -0.026711338 0.025354168 0.736932640 0.674962188
23.032634 -7.651881974 159.157080659 -7.456070196 -0.026923378 0.024690516 0.735857000 0.676150860
23.127686 -7.699565522 159.688246747 -7.487615254 -0.027358887 0.023523929 0.733777470 0.678431088
23.235155 -7.748701603 160.308602244 -7.521151544 -0.026797583 0.022266359 0.731012652 0.681473845
23.337649 -7.783965256 160.895242747 -7.552939043 -0.026395078 0.020839947 0.727971162 0.684782436
23.439792 -7.819575622 161.484220629 -7.589488842 -0.025367379 0.019699633 0.724599347 0.688421533
23.510767 -7.833038075 161.886699690 -7.612239371 -0.024404694 0.019188364 0.721964360 0.691233449
23.610620 -7.853404105 162.531375823 -7.647799188 -0.024758821 0.018523555 0.717411337 0.695963255
23.723366 -7.864354459 163.222947365 -7.681640807 -0.025210096 0.018706620 0.712429573 0.701041095
23.823013 -7.859476668 163.782407772 -7.708086537 -0.025634751 0.018994975 0.708139999 0.705350830
23.923041 -7.854856348 164.337312293 -7.731170542 -0.026295492 0.018569716 0.703201633 0.710261343
24.023469 -7.836312713 164.915995841 -7.761750716 -0.026587143 0.018184053 0.697620166 0.715743368
24.137497 -7.815659360 165.550917386 -7.798868767 -0.027610804 0.017564230 0.690950035 0.722161471
24.237350 -7.787531126 166.073148801 -7.827017614 -0.028506097 0.017233633 0.685298076 0.727500482
24.335557 -7.743471481 166.596047876 -7.853799155 -0.029078294 0.017161754 0.678669262 0.733667473
24.435979 -7.691720074 167.135605232 -7.877771241 -0.030011038 0.017530335 0.670807446 0.740816708
24.536552 -7.633904026 167.688803241 -7.906815271 -0.031794156 0.017504682 0.662933155 0.747798335
24.637300 -7.560072967 168.238442533 -7.936929025 -0.033326365 0.016612654 0.654583554 0.755072012
24.738022 -7.468619363 168.779490520 -7.963981812 -0.034074708 0.014877137 0.645665409 0.762714734
24.838446 -7.367530676 169.309877045 -7.996077666 -0.034538780 0.013505649 0.636682224 0.770234001
24.939196 -7.257500512 169.849368067 -8.028107728 -0.034753486 0.012501204 0.627097187 0.778064929
25.012020 -7.163168658 170.223658648 -8.051078160 -0.034755173 0.012037359 0.620412466 0.783412759
25.165150 -6.928074683 171.103315218 -8.090831501 -0.035700907 0.010453267 0.602855660 0.796982576
25.220568 -6.875272404 171.269991985 -8.098656709 -0.035691416 0.010371667 0.601040559 0.798353805
25.339845 -6.663943865 171.930794603 -8.130828969 -0.036782056 0.009637402 0.584712604 0.810348920
25.465925 -6.423208056 172.543892842 -8.161140527 -0.037376335 0.009125512 0.570802946 0.820185181
25.540717 -6.284040947 172.841645210 -8.177868140 -0.037494063 0.009166927 0.564105003 0.824800405
25.641191 -6.069291943 173.343789041 -8.201883672 -0.037745724 0.009266112 0.549737181 0.834433000
25.741415 -5.841466251 173.818036159 -8.222235082 -0.038214916 0.009692954 0.536596450 0.842917503
25.841089 -5.601045705 174.280887997 -8.245951377 -0.038823191 0.010104783 0.523099197 0.851327131
25.965149 -5.288065708 174.842643295 -8.272818497 -0.039391916 0.009923839 0.505528090 0.861853320
26.044702 -5.107393131 175.137801529 -8.287456632 -0.039381042 0.009883061 0.496611044 0.867023027
26.146774 -4.817211913 175.598247700 -8.309365254 -0.039895171 0.009075925 0.479144528 0.876781913
26.265226 -4.454962710 176.116161353 -8.335109299 -0.040980396 0.007996125 0.461023160 0.886405277
26.365177 -4.162399284 176.492690692 -8.353876593 -0.041851470 0.007772425 0.447538248 0.893251118
26.465153 -3.831990668 176.877566313 -8.371984951 -0.042540860 0.006927719 0.431810630 0.900933883
26.565125 -3.488253228 177.271430173 -8.387827256 -0.042986081 0.006031016 0.415946846 0.908352379
26.646370 -3.180322601 177.587888549 -8.407188000 -0.043389461 0.005626015 0.402656247 0.914305009
26.746347 -2.759682756 177.998796571 -8.425523900 -0.043301247 0.004939903 0.383749669 0.922408148
26.865250 -2.264554494 178.451928841 -8.445987578 -0.043515204 0.004094107 0.363813474 0.930445819
26.965126 -1.893037888 178.771382894 -8.461908824 -0.044069712 0.003701913 0.349568286 0.935866534
27.065152 -1.471623057 179.101509471 -8.476829001 -0.044428091 0.003318425 0.333171315 0.941813149
27.165100 -1.049122238 179.412928939 -8.486574218 -0.044443530 0.003168978 0.316372600 0.947588048
27.265201 -0.592926602 179.722755468 -8.495258845 -0.044828391 0.003039820 0.299701719 0.952974320
27.365154 -0.127882938 180.018560752 -8.504880957 -0.045833024 0.002729128 0.282891596 0.958052311
27.465226 0.356562689 180.296304633 -8.516466628 -0.045622525 0.002203697 0.266453475 0.962764911
27.516905 0.606939266 180.432333410 -8.520502591 -0.045472323 0.001898777 0.257799458 0.965125951
27.665146 1.481051192 180.868533957 -8.532198063 -0.045224532 0.001299326 0.230912435 0.971922065
27.765202 1.915068954 181.081135104 -8.538696034 -0.044129410 0.001179061 0.220052401 0.974488659
27.814760 2.156192795 181.186653593 -8.539020201 -0.044426387 0.000954846 0.213375919 0.975959068
27.914634 2.784323632 181.433183190 -8.545625072 -0.045433447 0.000024131 0.195827786 0.979585259
28.014712 3.365656086 181.652077610 -8.550456275 -0.045723573 -0.000178881 0.181424759 0.982341275
28.114711 3.940034616 181.852538886 -8.553864482 -0.045326152 -0.000592101 0.167051807 0.984905520
28.213068 4.503481937 182.022571818 -8.558954679 -0.044362713 -0.000704772 0.153156629 0.987205399
28.347098 5.283422253 182.244177910 -8.557710674 -0.044755642 0.000110460 0.135179828 0.989809747
28.444680 5.774361798 182.370319357 -8.558360674 -0.044575059 0.000460833 0.124758015 0.991185295
28.546676 6.351500599 182.496916685 -8.557519010 -0.045279351 0.000605431 0.112019387 0.992673698
28.646753 6.942564205 182.617712642 -8.556959084 -0.045221490 0.000794827 0.099501710 0.994008951
28.746798 7.546402013 182.720134499 -8.553717218 -0.045177321 0.000835000 0.086725901 0.995206979
28.846900 8.167790959 182.817113114 -8.549943689 -0.045540823 -0.000058354 0.073571302 0.996249614
28.913239 8.594884868 182.869008334 -8.551933607 -0.046480830 -0.000829530 0.064843475 0.996812002
29.012916 9.325264542 182.939453506 -8.552199597 -0.047633997 -0.001019005 0.050907017 0.997566258
29.113016 10.033760951 182.993726088 -8.550747922 -0.046727748 -0.000981002 0.039172896 0.998138788
29.265201 11.109357828 183.052428877 -8.540301374 -0.046111461 -0.000415022 0.023885085 0.998650621
29.313189 11.295256892 183.064114932 -8.539481840 -0.046487103 -0.000331590 0.021057048 0.998696871
29.445896 12.276544002 183.076899095 -8.533192880 -0.046356576 -0.000797165 0.009737806 0.998877173
29.545923 12.940586421 183.082552031 -8.529895712 -0.044882695 -0.000663942 0.002835642 0.998988019
29.614585 13.413209101 183.075013474 -8.522850543 -0.044146273 -0.000532496 -0.000939667 0.999024494
29.714533 14.175722683 183.055905677 -8.515793458 -0.041865285 -0.000236760 -0.004426464 0.999113431
29.866420 15.332210792 183.030404630 -8.503805596 -0.040010220 0.001117096 -0.008515870 0.999162356
29.938069 15.704534118 183.023492179 -8.504951397 -0.039844723 0.001365372 -0.010972436 0.999144704
30.065100 16.618033259 183.004942451 -8.496621427 -0.038655120 0.003187638 -0.010837875 0.999188752
30.144600 17.135143647 182.995855615 -8.489914625 -0.038215926 0.003820446 -0.012364520 0.999185701
30.246800 17.888453515 182.978997788 -8.487225399 -0.037722164 0.003832976 -0.011655247 0.999212941
30.346874 18.620097351 182.966025843 -8.484925675 -0.037529955 0.003473841 -0.011366190 0.999224822
30.468889 19.501786105 182.951554602 -8.482833683 -0.036304669 0.002929282 -0.010823870 0.999277856
30.546872 20.021160732 182.943545730 -8.479577086 -0.036110105 0.002491023 -0.011286801 0.999280973
30.613193 20.517070824 182.934907647 -8.477455008 -0.035992222 0.002313144 -0.009790183 0.999301437
30.748545 21.601257670 182.928097496 -8.471139953 -0.037013508 0.002762725 -0.007450868 0.999283169
30.848373 22.296403258 182.925567899 -8.466905495 -0.036687325 0.002435124 -0.008306209 0.999289306
30.965177 23.111213467 182.916630327 -8.462573253 -0.037296232 0.003110744 -0.007391554 0.999272075
31.048495 23.656880305 182.915764603 -8.459859833 -0.037876708 0.003650526 -0.007036128 0.999250980
31.146925 24.358304142 182.909881399 -8.457285869 -0.038066301 0.004618630 -0.005676761 0.999248417
31.248345 25.064829451 182.907429291 -8.452746848 -0.037904842 0.005060731 -0.004676343 0.999257596
31.346750 25.752066990 182.907217151 -8.448775535 -0.037785665 0.005200079 -0.003768314 0.999265231
31.446726 26.466943654 182.904269455 -8.450164560 -0.037856524 0.005076380 -0.003300949 0.999264839
31.548493 27.162798259 182.902412538 -8.451033454 -0.037536453 0.004944369 -0.003236852 0.999277785
31.648642 27.860138542 182.900432016 -8.448828864 -0.036824708 0.005129552 -0.002807712 0.999304631
31.746823 28.551357085 182.898295316 -8.446031207 -0.036244471 0.005539137 -0.002624324 0.999324156
31.869012 29.395806761 182.895135856 -8.441117050 -0.035865513 0.005041819 -0.002954339 0.999339540
31.968890 30.039886768 182.891168821 -8.439265773 -0.036421232 0.004482335 -0.003832550 0.999319125
32.069015 30.692148655 182.878081527 -8.439797675 -0.036734215 0.004213792 -0.005119544 0.999303073
32.165175 31.321461186 182.872709949 -8.435884095 -0.037037525 0.003758781 -0.006572493 0.999285192
32.265174 31.987353002 182.874542106 -8.433972503 -0.037299833 0.003934748 -0.008801971 0.999257607
32.365200 32.637970263 182.857762153 -8.432325553 -0.038539213 0.004465982 -0.012541949 0.999168396
32.465499 33.303314533 182.841430585 -8.429913284 -0.039855924 0.004535106 -0.017386715 0.999043863
32.565252 33.942915519 182.815854615 -8.424316988 -0.041010372 0.004996732 -0.024117052 0.998855120
32.665199 34.595169329 182.775297559 -8.416986881 -0.041541964 0.005244138 -0.032730944 0.998586726
32.765276 35.239220020 182.724320017 -8.410181315 -0.042224245 0.004932444 -0.042994977 0.998170434
32.865198 35.872821209 182.659772897 -8.400178842 -0.042635801 0.003549798 -0.055427755 0.997545664
32.965176 36.508847441 182.575003293 -8.391132826 -0.043374286 0.002345808 -0.069068063 0.996665827
33.065176 37.129549202 182.479439843 -8.382307249 -0.044013585 0.000943818 -0.083436444 0.995540192
33.165126 37.736093492 182.353781474 -8.374510463 -0.043922996 -0.000388001 -0.099780305 0.994039491
33.265218 38.355090273 182.209512686 -8.361953948 -0.044436720 -0.001382012 -0.116871459 0.992151465
33.365192 38.962473003 182.056080411 -8.345755659 -0.044073910 -0.002137491 -0.134782665 0.989892194
33.413265 39.225585086 181.971415756 -8.337246282 -0.043573278 -0.002514685 -0.142872751 0.988778248
33.513367 39.924920137 181.742755667 -8.311885150 -0.041228784 -0.002794505 -0.167456177 0.985013100
33.614786 40.571826901 181.490468386 -8.291917214 -0.040653768 -0.001634372 -0.186530112 0.981606396
33.718401 41.192267168 181.217247311 -8.274488134 -0.039342118 -0.000060913 -0.205598856 0.977845235
33.847400 41.922603094 180.846591366 -8.248660697 -0.036444492 0.000840621 -0.228473279 0.972867439
33.947174 42.443367591 180.565021367 -8.219838390 -0.034758130 0.000861756 -0.244147087 0.969114714
34.019698 42.816644799 180.358343810 -8.202504759 -0.034318977 0.000839914 -0.256726499 0.965874219
34.120293 43.367407228 180.011518409 -8.192879947 -0.035892669 0.000186965 -0.277422620 0.960077274
34.245820 44.019381678 179.548539636 -8.171163039 -0.035401894 -0.000688161 -0.299441732 0.953457331
34.346699 44.493167614 179.204878166 -8.153828525 -0.034186278 -0.000776861 -0.314946914 0.948493087
34.445870 44.954789298 178.827513299 -8.130770284 -0.033786747 -0.000058168 -0.331719689 0.942772773
34.544679 45.401098662 178.431469361 -8.106626773 -0.033695390 0.000612023 -0.348784872 0.936596690
34.644656 45.858387577 178.006427524 -8.087475200 -0.033964336 0.000704704 -0.366323495 0.929867208
34.744681 46.291814372 177.551550402 -8.061348984 -0.033031318 -0.000240851 -0.383746226 0.922847608
34.840962 46.685263232 177.113289246 -8.041877530 -0.032472851 -0.001753798 -0.399983790 0.915945089
34.940338 47.083632028 176.632893373 -8.018345730 -0.031735677 -0.003083703 -0.416998517 0.908347717
35.039541 47.479392002 176.124547740 -7.991166071 -0.031158175 -0.004134541 -0.433430681 0.900638617
35.138866 47.846450978 175.610946420 -7.958808999 -0.030178870 -0.004849441 -0.449710967 0.892650976
35.265200 48.299498036 174.918941058 -7.921632584 -0.028867004 -0.005302150 -0.469436730 0.882478181
35.365149 48.617119653 174.400645268 -7.892604634 -0.027539533 -0.005934921 -0.482016430 0.875709148
35.423087 48.793434014 174.098584676 -7.875522910 -0.027147109 -0.006123064 -0.490600355 0.870940201
35.523459 49.115193623 173.483620545 -7.841168007 -0.026079477 -0.006649198 -0.506945655 0.861557747
35.665120 49.554189403 172.607301354 -7.792225223 -0.025122413 -0.007986409 -0.525973243 0.850092483
35.765072 49.811772119 172.061594555 -7.761574289 -0.024769817 -0.008604475 -0.535451883 0.844158575
35.865147 50.076001003 171.469697557 -7.732040522 -0.024053852 -0.009332723 -0.546578119 0.837010557
35.994339 50.398592963 170.677615105 -7.686722027 -0.023976366 -0.010583560 -0.560033593 0.828055250
36.093995 50.616892454 170.114604177 -7.653052323 -0.023990223 -0.011379075 -0.567937456 0.822643320
36.165097 50.770065524 169.683664128 -7.625362952 -0.024435432 -0.012264958 -0.574588351 0.817985762
36.265100 50.971768869 169.024511253 -7.591394527 -0.026053458 -0.013221669 -0.583355432 0.811691348
36.313015 51.076651322 168.686942736 -7.572057073 -0.027486467 -0.013712238 -0.587320212 0.808771561
36.411992 51.286998201 167.894545124 -7.522501750 -0.025748899 -0.014177687 -0.595273164 0.802985584
36.512143 51.503721122 167.124481840 -7.471417278 -0.025328685 -0.013928177 -0.602260052 0.797776468
36.612118 51.714364475 166.330921594 -7.419975574 -0.023965603 -0.013944396 -0.607048348 0.794181029
36.712017 51.919507909 165.561347758 -7.368278987 -0.023686753 -0.013729913 -0.611586909 0.790703408
36.812041 52.115159814 164.797971268 -7.324112051 -0.024787188 -0.012537745 -0.615158165 0.787914229
36.912042 52.306951600 164.031813381 -7.278834486 -0.025393314 -0.011575867 -0.618552350 0.785247839
37.012140 52.505736420 163.257913852 -7.235215015 -0.025919766 -0.009960343 -0.622744983 0.781931994
37.112142 52.691267069 162.486784969 -7.192326033 -0.026398058 -0.008354899 -0.626217275 0.779156764
37.213341 52.867720439 161.697703545 -7.150198418 -0.027798367 -0.005861899 -0.630740728 0.775473419
37.314811 53.036199626 160.902727137 -7.112986865 -0.028894439 -0.003967875 -0.635893017 0.771225932
37.465124 53.269622160 159.724960907 -7.058307962 -0.029321310 -0.003212351 -0.643711876 0.764699262
37.545922 53.348800665 159.205353610 -7.028653344 -0.029693213 -0.003199828 -0.646115148 0.762655420
37.615082 53.435903316 158.679601616 -7.003081630 -0.029976457 -0.004145270 -0.650111715 0.759235791
37.715136 53.570477073 157.843074590 -6.961311057 -0.030585975 -0.006496787 -0.655367909 0.754662304
37.814561 53.680970759 157.007844589 -6.915620844 -0.030069993 -0.008278640 -0.660089625 0.750539104
37.914934 53.779289732 156.155774471 -6.860423948 -0.029227616 -0.007815231 -0.664402035 0.746762750
38.015010 53.875897320 155.287894756 -6.807042742 -0.026659130 -0.007115905 -0.668436792 0.743256961
38.146775 53.990716783 154.161012447 -6.738343750 -0.023337224 -0.007317254 -0.672519672 0.739675012
38.246775 54.059441418 153.392836121 -6.696027166 -0.022459926 -0.007890421 -0.674740092 0.737671405
38.346777 54.126936779 152.580650716 -6.653623441 -0.020772853 -0.009216118 -0.676743728 0.735867840
38.446897 54.180815589 151.752823799 -6.605028147 -0.020545832 -0.009819198 -0.677712327 0.734974458
38.547572 54.252710282 150.903022189 -6.561018749 -0.021272853 -0.010814312 -0.678004375 0.734670391
38.613261 54.301230492 150.353600659 -6.532582938 -0.021878527 -0.012530905 -0.678211424 0.734434185
38.713288 54.369743294 149.419121273 -6.486227259 -0.022960802 -0.015256908 -0.677286328 0.735202869
38.813339 54.446358441 148.494692881 -6.429673577 -0.023298764 -0.015605662 -0.676298479 0.736093743
38.915005 54.536997855 147.577354333 -6.381697352 -0.022498049 -0.013740972 -0.674840602 0.737492499
39.046823 54.642854334 146.425144581 -6.313245555 -0.018997028 -0.013963747 -0.673053139 0.739218235
39.146753 54.713773653 145.678427606 -6.263535381 -0.018041734 -0.014238156 -0.671622653 0.740536820
39.246825 54.802712846 144.839150737 -6.213786361 -0.017343873 -0.014892320 -0.670359433 0.741684326
39.346748 54.884040342 144.008144731 -6.165776538 -0.017712122 -0.015140667 -0.668757459 0.743115402
39.446626 54.988531045 143.161686074 -6.120754896 -0.017581645 -0.015750889 -0.667005315 0.744678928
39.546700 55.088243570 142.311792103 -6.076086397 -0.017513592 -0.015469939 -0.665331217 0.746182503
39.646749 55.201067054 141.427039931 -6.028636397 -0.016768815 -0.014998378 -0.663759908 0.747607277
39.746649 55.314385962 140.564426887 -5.982217587 -0.016263107 -0.014111209 -0.662013474 0.749182585
39.846825 55.432206081 139.710590985 -5.937302002 -0.016656022 -0.013532725 -0.660400156 0.750607139
39.946824 55.554625642 138.850348248 -5.888129325 -0.016965710 -0.014348006 -0.659330283 0.751525034
40.046975 55.679118649 137.989749457 -5.839808512 -0.018121885 -0.014651486 -0.658551360 0.752174871
40.167342 55.832861789 136.946022850 -5.784105071 -0.019445170 -0.013757906 -0.657890772 0.752736566
40.265075 55.956949033 136.140966984 -5.739912633 -0.020409496 -0.012593389 -0.657689286 0.752907473
40.365226 56.080666837 135.289324902 -5.690912414 -0.020306807 -0.011365146 -0.657808984 0.752825217
40.465102 56.206662770 134.441802106 -5.646010507 -0.020532066 -0.009696751 -0.658091813 0.752595225
40.565227 56.330249937 133.579162158 -5.596179942 -0.021402017 -0.008205424 -0.658735216 0.752025625
40.665227 56.457146955 132.704928040 -5.551078143 -0.022536098 -0.007866186 -0.659464594 0.751356571
40.765178 56.574508710 131.826366258 -5.506709636 -0.024489327 -0.006966636 -0.660401534 0.750480881
40.814585 56.636647076 131.379481816 -5.488999700 -0.025197157 -0.006995223 -0.661085289 0.749854927
40.965277 56.829320396 129.902736229 -5.420142847 -0.023027406 -0.005958393 -0.661551886 0.749522073
41.014636 56.880904359 129.496219235 -5.395140627 -0.023769185 -0.005757568 -0.662176050 0.748949100
41.165225 57.069190930 128.048392224 -5.319794929 -0.024098357 -0.003887247 -0.663127681 0.748108173
41.265176 57.176143649 127.205751439 -5.279121490 -0.024080682 -0.004150447 -0.663009067 0.748212451
41.346472 57.265490919 126.510801342 -5.247131986 -0.023984725 -0.004336273 -0.663597329 0.747692794
41.445974 57.382871466 125.611877186 -5.199926068 -0.024342585 -0.003344437 -0.663830840 0.747479009
41.565079 57.514742986 124.536410555 -5.150179825 -0.023356582 -0.002589997 -0.664408001 0.747000515
41.648347 57.599153664 123.832632311 -5.118881593 -0.021660005 -0.001991866 -0.664742381 0.746755946
41.748344 57.710571736 122.908243267 -5.070208761 -0.020188515 -0.001810252 -0.665103980 0.746475614
41.865125 57.840651509 121.856837258 -5.020579363 -0.020201111 -0.003849609 -0.665335193 0.746261466
41.965193 57.945659940 121.007030028 -4.983069146 -0.022778055 -0.004290567 -0.665584339 0.745962625
42.065249 58.049676214 120.142243652 -4.949258039 -0.024140437 -0.005115918 -0.665873923 0.745656077
42.165124 58.159065729 119.282032954 -4.905211593 -0.024123524 -0.005595421 -0.665825328 0.745696573
42.265148 58.266469194 118.409096016 -4.856802244 -0.024965472 -0.005218021 -0.665855892 0.745644304
42.365097 58.377197038 117.535334800 -4.811430596 -0.025928205 -0.005042499 -0.665671689 0.745777114
42.477850 58.503437709 116.542066997 -4.764156729 -0.027096314 -0.003809287 -0.665354901 0.746025559
42.565227 58.588963509 115.827894923 -4.725353649 -0.027839356 -0.002937976 -0.665743391 0.745655467
42.665225 58.697955148 114.925024298 -4.674735645 -0.027522928 -0.003074496 -0.665546436 0.745842461
42.787442 58.828647514 113.849453684 -4.619211722 -0.026470834 -0.004800440 -0.665701601 0.745732948
42.881204 58.918158972 113.134873485 -4.583942296 -0.026489029 -0.005814152 -0.665669523 0.745753722
42.945877 58.983149177 112.588723798 -4.560240812 -0.026914370 -0.005159952 -0.665474423 0.745917411
43.073254 59.143721804 111.360000975 -4.482832467 -0.027973303 -0.006931709 -0.665179944 0.746126723
43.145898 59.222353104 110.780499063 -4.445656696 -0.028415371 -0.007600608 -0.665703298 0.745636585
43.247347 59.334384362 109.830095709 -4.392245613 -0.029099672 -0.005740051 -0.665445076 0.745857300
43.365202 59.464624809 108.775027793 -4.332363949 -0.028481308 -0.003986772 -0.665483562 0.745858264
43.465130 59.556884714 107.992836505 -4.295884881 -0.027655097 -0.002711766 -0.666000705 0.745433366
43.565174 59.660615304 107.155114978 -4.246967009 -0.026628569 -0.003135638 -0.665621147 0.745808002
43.665226 59.760006982 106.326237554 -4.208887514 -0.025590530 -0.004416982 -0.665712384 0.745756419
43.765276 59.865453980 105.480508003 -4.163999229 -0.025471302 -0.004076294 -0.665701386 0.745772258
43.865275 59.969024127 104.638032269 -4.122759460 -0.024875051 -0.004708315 -0.665962075 0.745555886
43.965122 60.068914415 103.796791584 -4.076025267 -0.025350789 -0.004599769 -0.666540223 0.745023698
44.065246 60.168105834 102.947785769 -4.035587136 -0.025866418 -0.005348909 -0.667262026 0.744354557
44.165299 60.260852467 102.106238146 -3.992632206 -0.026013924 -0.007203693 -0.668052754 0.743624166
44.265100 60.349502565 101.253624476 -3.945628801 -0.025661045 -0.009060607 -0.668625054 0.743101577
44.365175 60.438335377 100.397375732 -3.900151390 -0.025029629 -0.009777894 -0.669011986 0.742765692
44.465072 60.534926202 99.547390257 -3.851204569 -0.023650354 -0.009668869 -0.669396408 0.742465907
44.565224 60.627361381 98.680277578 -3.804051910 -0.020726448 -0.009620153 -0.669655806 0.742319991
44.665148 60.721470221 97.804134827 -3.759617759 -0.019939640 -0.008520820 -0.669834555 0.742193691
44.765199 60.812966037 96.934219713 -3.715628736 -0.019450529 -0.007871303 -0.670121038 0.741955196
44.865124 60.905178255 96.060439556 -3.671848230 -0.018809226 -0.008344040 -0.670305200 0.741800195
44.967442 60.997483456 95.174317656 -3.628484570 -0.018594262 -0.009146380 -0.670325520 0.741777793
45.068986 61.095335333 94.279961083 -3.591769955 -0.018548491 -0.008913720 -0.670500124 0.741623950
45.165124 61.190291391 93.432623948 -3.553154000 -0.017605854 -0.009124432 -0.670500904 0.741643659
45.268883 61.290988428 92.487593360 -3.503912307 -0.018209297 -0.008682917 -0.670468538 0.741663649
45.368914 61.382753470 91.617450886 -3.462647192 -0.019924268 -0.008717225 -0.670086306 0.741964538
45.469015 61.480325248 90.721038613 -3.423487131 -0.021065132 -0.009690267 -0.669806126 0.742173910
45.565198 61.574591436 89.859469456 -3.379857086 -0.020681513 -0.009526869 -0.669416370 0.742538374
45.665199 61.673118372 88.951067709 -3.331299899 -0.019293526 -0.008474633 -0.669051996 0.742916796
45.765199 61.780238964 88.055736289 -3.287645527 -0.018752002 -0.006792033 -0.668692999 0.743271084
45.865199 61.877925198 87.177648662 -3.244562629 -0.019093296 -0.005835430 -0.668464630 0.743475912
45.945853 61.962562072 86.453868881 -3.209181777 -0.019727336 -0.005445013 -0.668147264 0.743747549
46.065248 62.096699341 85.307601437 -3.159556735 -0.021064272 -0.005562244 -0.667748306 0.744068248
46.165152 62.200113021 84.443527626 -3.121054660 -0.021779445 -0.005933231 -0.667905067 0.743904076
46.265241 62.303069581 83.575896003 -3.080553158 -0.022660450 -0.005584106 -0.667847608 0.743932049
46.313341 62.351686347 83.147798796 -3.060761838 -0.022604930 -0.005789985 -0.667856579 0.743924111
46.465151 62.518358758 81.604367695 -2.990639829 -0.020862534 -0.003505400 -0.668400204 0.743500931
46.565179 62.623954193 80.745518894 -2.946175741 -0.021493277 -0.002314503 -0.668802050 0.743126167
46.700247 62.768287877 79.531023804 -2.895275469 -0.020320951 -0.002281720 -0.669159903 0.742837046
46.800221 62.854152636 78.788434932 -2.862056355 -0.020330068 -0.002485583 -0.669259989 0.742745971
46.900297 62.940452664 77.946397381 -2.832053562 -0.020633191 -0.002845338 -0.669589042 0.742439688
46.965297 62.991835435 77.396259535 -2.814035857 -0.020335035 -0.003536900 -0.669673808 0.742368485
47.065224 63.095632712 76.436979022 -2.769560968 -0.020298784 -0.002649485 -0.670040222 0.742042479
47.102653 63.138074749 76.076723862 -2.755482812 -0.018937849 -0.002728511 -0.670204835 0.741929506
47.265147 63.312418360 74.437881235 -2.691968368 -0.019214339 -0.002677935 -0.670833107 0.741354558
47.365072 63.410806738 73.539693490 -2.650700484 -0.019610498 -0.002676705 -0.670960373 0.741229007
47.465175 63.505864070 72.630944830 -2.613252395 -0.021213034 -0.003363261 -0.671209669 0.740956325
47.600296 63.638864263 71.389839799 -2.556222021 -0.022490908 -0.003800750 -0.671688660 0.740482314
47.608942 63.637183303 71.411863779 -2.556469089 -0.022327293 -0.004464354 -0.671825771 0.740359166
47.709216 63.736948926 70.446122032 -2.508640859 -0.025362361 -0.002859932 -0.672182766 0.739945201
47.900121 63.916789765 68.648808862 -2.418085000 -0.025056354 -0.003163274 -0.672945282 0.739260996
47.900674 63.919090260 68.631044976 -2.418034596 -0.024910803 -0.003296979 -0.672925665 0.739283188
48.065123 64.072938555 67.045789953 -2.337540927 -0.023918429 -0.003211003 -0.672983630 0.739263574
48.165238 64.164015043 66.185169257 -2.303431874 -0.023149297 -0.004047421 -0.673109074 0.739169739
48.300371 64.282071240 64.985584037 -2.242553362 -0.022359096 -0.003943024 -0.673235081 0.739079867
48.365274 64.325717219 64.531214190 -2.219699356 -0.021604785 -0.004177753 -0.673496858 0.738862478
48.465146 64.416406019 63.613600280 -2.172483975 -0.021403009 -0.004722219 -0.673724461 0.738657541
48.565225 64.497487341 62.727175971 -2.130624734 -0.021019698 -0.005423423 -0.673754380 0.738636443
48.665227 64.591237445 61.830268097 -2.088780193 -0.020807052 -0.005359387 -0.673866898 0.738540281
48.765224 64.683352105 60.927330396 -2.049785577 -0.020016453 -0.004936133 -0.673898048 0.738536660
48.865122 64.763262340 60.029731272 -2.004111759 -0.018560988 -0.005449337 -0.673912210 0.738558141
48.965222 64.853239938 59.143815143 -1.960111907 -0.017519534 -0.005803350 -0.674276614 0.738248221
49.065101 64.934226924 58.268480579 -1.919408028 -0.017812386 -0.006126511 -0.674447724 0.738082280
49.145855 65.005295106 57.555767915 -1.890792212 -0.017942629 -0.006924635 -0.674297856 0.738208990
49.265074 65.114756484 56.436277834 -1.843987582 -0.017169655 -0.007766374 -0.674316306 0.738202145
49.365201 65.195114527 55.609320909 -1.805480160 -0.016777210 -0.008021939 -0.674467719 0.738070098
49.465225 65.275940359 54.755696137 -1.766416181 -0.016464712 -0.007838893 -0.674818994 0.737757948
49.565074 65.364582122 53.892823761 -1.727183904 -0.016321458 -0.008179615 -0.674764268 0.737807486
49.665074 65.444329061 53.037917746 -1.692164218 -0.016121963 -0.008434634 -0.674826957 0.737751664
49.765176 65.521200960 52.169149752 -1.651715562 -0.015149236 -0.009173494 -0.674714619 0.737866201
49.865247 65.601739182 51.317249522 -1.614979449 -0.014181352 -0.009271641 -0.674618721 0.737971888
49.948417 65.671966139 50.599532687 -1.584831578 -0.012197088 -0.009705441 -0.674871513 0.737770613
50.048348 65.756926521 49.671993096 -1.532676017 -0.012044410 -0.009527915 -0.674770337 0.737867971
50.114885 65.819630331 49.092597899 -1.504397255 -0.014678053 -0.009065713 -0.674391200 0.738172660
50.245897 65.938594712 47.796692807 -1.453857365 -0.014840609 -0.010318036 -0.674238700 0.738292266
50.348072 66.013044656 46.960603197 -1.434205757 -0.012558953 -0.010709880 -0.673970393 0.738573951
50.446877 66.090875833 46.152565304 -1.379858707 -0.008688388 -0.008701714 -0.673615238 0.738979907
50.532913 66.160435641 45.438491267 -1.343091708 -0.006336218 -0.007397529 -0.673853385 0.738800883
50.646848 66.249209313 44.415697159 -1.302683265 -0.007610977 -0.010853708 -0.673250922 0.739295250
50.773871 66.352654463 43.387829126 -1.271928609 -0.009746127 -0.012458030 -0.672476902 0.739949070
50.847893 66.403002116 42.889219351 -1.260829957 -0.009057069 -0.012489002 -0.672114804 0.740286218
50.946871 66.487186533 42.037968417 -1.211922862 -0.007201563 -0.012386796 -0.671945656 0.740461842
51.047719 66.578195003 41.195613837 -1.171328395 -0.008934082 -0.013753604 -0.671515571 0.740808922
51.146298 66.666989939 40.390964119 -1.144829015 -0.011888203 -0.016528422 -0.671261651 0.740940806
51.212089 66.719740805 39.847917787 -1.123696443 -0.013761481 -0.017264843 -0.670955640 0.741168723
51.343658 66.836922082 38.618187858 -1.059668511 -0.009705233 -0.015414011 -0.670635266 0.741563589
51.446798 66.912597233 37.821650096 -1.024537000 -0.007477114 -0.014516074 -0.669995885 0.742185213
51.546746 66.989190723 37.033854970 -0.983052985 -0.004866960 -0.013969206 -0.670307721 0.741935801
51.647521 67.078228133 36.228998588 -0.947958766 -0.002903429 -0.014805988 -0.670565836 0.741696577
51.747520 67.163621644 35.421891023 -0.919209750 -0.002970295 -0.015529533 -0.670730399 0.741532698
51.847795 67.243835823 34.621961014 -0.886829222 -0.004290313 -0.016423739 -0.671310732 0.740981616
51.947393 67.318897458 33.842512469 -0.849889604 -0.005917507 -0.017516083 -0.671794700 0.740506618
52.012066 67.374430224 33.322056066 -0.828169198 -0.006893325 -0.018368754 -0.672028399 0.740265426
52.112143 67.465662689 32.424230245 -0.785131309 -0.007271045 -0.018538456 -0.672699375 0.739647895
52.212119 67.555425389 31.548240923 -0.742202854 -0.006839256 -0.017959321 -0.672802325 0.739572660
52.312069 67.641575155 30.715841105 -0.703146837 -0.006873742 -0.016297872 -0.672998073 0.739432705
52.447423 67.752258468 29.590583411 -0.654206266 -0.005391870 -0.015180010 -0.673284394 0.739208103
52.547249 67.812704000 28.927425180 -0.630292193 -0.004916748 -0.015324320 -0.672981044 0.739484622
52.647296 67.886746389 28.202750404 -0.597037665 -0.003657149 -0.015725441 -0.673160748 0.739319920
52.747168 67.950386856 27.484579113 -0.570484733 -0.003295030 -0.015943157 -0.673151356 0.739325511
52.847248 68.021680338 26.764722357 -0.539154798 -0.002092462 -0.016603981 -0.673326997 0.739155386
52.947196 68.084712908 26.076629537 -0.509561839 -0.001647433 -0.016102155 -0.673111009 0.739364305
53.047147 68.155890294 25.409479027 -0.478150791 -0.000798395 -0.015229021 -0.673149343 0.739349309
53.147045 68.218156368 24.754671186 -0.445184200 -0.000364216 -0.014402011 -0.673551447 0.738999931
53.246672 68.288877342 24.124240271 -0.416614624 -0.000231441 -0.014373706 -0.673452777 0.739090455
53.346945 68.345826987 23.520846963 -0.389404999 -0.000454337 -0.014691153 -0.674028705 0.738558913
53.446872 68.403066956 22.968921574 -0.366106450 -0.001302800 -0.014653265 -0.674467447 0.738158010
53.546772 68.451760255 22.418882902 -0.345431341 -0.002609358 -0.014580803 -0.675286756 0.737406528
53.646944 68.495736165 21.907485672 -0.322356141 -0.002613442 -0.014839125 -0.675785499 0.736944319
53.746997 68.533913574 21.426565068 -0.300722858 -0.002725588 -0.015512413 -0.676245218 0.736508208
53.846922 68.574936157 20.959610103 -0.280987373 -0.003335916 -0.016400727 -0.676724677 0.736045922
53.946850 68.614443178 20.500071278 -0.256564511 -0.004913492 -0.017005315 -0.677066635 0.735708807
54.012047 68.644944443 20.204030199 -0.243802501 -0.005706415 -0.017751647 -0.676909026 0.735830474
54.146723 68.705520344 19.522218775 -0.213360190 -0.006066484 -0.016703149 -0.677050099 0.735722343
54.246798 68.742959497 19.110490510 -0.194982106 -0.005824442 -0.016549404 -0.676888583 0.735876375
54.346872 68.782189452 18.669009971 -0.174609329 -0.005894029 -0.015025351 -0.676883822 0.735912897
54.446872 68.820044953 18.234403451 -0.156186484 -0.006215331 -0.013735812 -0.676923418 0.735899031
54.565176 68.866921888 17.714424476 -0.129887614 -0.007781522 -0.012564025 -0.676843645 0.735978447
54.665098 68.908751250 17.323676282 -0.116542289 -0.008245095 -0.012490098 -0.676951822 0.735875157
54.765171 68.947173041 16.903490121 -0.097830376 -0.008813019 -0.011167010 -0.677182163 0.735677882
54.846822 68.970502758 16.568547278 -0.080176063 -0.009058093 -0.010517031 -0.677906165 0.735017398
54.965200 69.018422640 16.056996646 -0.062111821 -0.010989204 -0.009376832 -0.679708695 0.733339895
55.012013 69.038547112 15.879989759 -0.057249983 -0.011783848 -0.009865792 -0.680045899 0.733008446
55.112167 69.085712467 15.405741081 -0.038799618 -0.012423849 -0.008264389 -0.683155905 0.730120098
55.212091 69.111439274 14.960362168 -0.020934755 -0.012495091 -0.007238731 -0.685702849 0.727738329
55.312113 69.137726152 14.532951128 -0.002917496 -0.013330661 -0.006778593 -0.687829787 0.725717940
55.412114 69.162416376 14.125394938 0.011078855 -0.014112483 -0.006769430 -0.690110928 0.723534325
55.512162 69.178121126 13.742639909 0.029388745 -0.014308269 -0.006737624 -0.693098706 0.720669176
55.612163 69.189346709 13.368764106 0.045347322 -0.014625080 -0.006316517 -0.695734409 0.718122442
55.711968 69.202284085 12.991462520 0.061789322 -0.014505455 -0.006191947 -0.698173338 0.715755016
55.869488 69.213295271 12.448535133 0.080813756 -0.015316325 -0.006907592 -0.702163120 0.711817847
55.974293 69.207604976 12.167721063 0.094597781 -0.015861133 -0.007718500 -0.703875009 0.710104796
56.065177 69.203031032 11.922968139 0.103779631 -0.016746288 -0.007239057 -0.706270568 0.707706891
56.107877 69.204493919 11.801977873 0.107232077 -0.017423610 -0.006458866 -0.707912537 0.706055621
56.207880 69.196397060 11.440158639 0.122287744 -0.016890020 -0.004829695 -0.714748270 0.699161149
56.308104 69.174564247 11.087993313 0.135328893 -0.016313321 -0.004332068 -0.720288762 0.693468967
56.408479 69.154185321 10.746327265 0.146543701 -0.015369711 -0.004978845 -0.725610940 0.687915509
56.508702 69.125459938 10.403840401 0.161689529 -0.014845537 -0.005713460 -0.730924364 0.682273069
56.646702 69.079556297 9.957746667 0.184724655 -0.013686533 -0.005922836 -0.737551907 0.675125754
56.712093 69.056111339 9.797734041 0.191608587 -0.013705372 -0.006047034 -0.739367324 0.673135615
56.809927 69.016387930 9.485495539 0.204855434 -0.013110194 -0.005640357 -0.745265876 0.666614644
56.910177 68.975201227 9.165180646 0.216081796 -0.012695160 -0.004885010 -0.750251812 0.661012245
57.010500 68.921197448 8.864310953 0.229181817 -0.011791999 -0.004604606 -0.754753809 0.655885992
57.111993 68.870453834 8.572701480 0.242362826 -0.010775812 -0.005117028 -0.759009387 0.650970390
57.211223 68.819637067 8.295240498 0.253162920 -0.009621032 -0.006058932 -0.762605977 0.646763364
57.312070 68.757847894 8.016126426 0.262142969 -0.008797723 -0.007162265 -0.766272946 0.642415033
57.412091 68.707074629 7.773131065 0.274648856 -0.008234398 -0.007887164 -0.769003138 0.639143303
57.512140 68.658385835 7.535148285 0.283475159 -0.007911134 -0.008299028 -0.771105883 0.636603690
57.644534 68.602175801 7.243998481 0.296296061 -0.007577004 -0.008507478 -0.772809953 0.634535254
57.744631 68.576618001 7.068627639 0.302097037 -0.007431434 -0.008614740 -0.773577375 0.633599720
57.841339 68.540567937 6.900228836 0.309482319 -0.007103121 -0.009230842 -0.773943833 0.633147124
57.940463 68.518776936 6.727180538 0.315274356 -0.007912082 -0.009673001 -0.773807299 0.633297794
58.039842 68.483793122 6.563642973 0.323918660 -0.009016466 -0.010107255 -0.773042341 0.634209813
58.140367 68.465817406 6.390339729 0.326119350 -0.010317222 -0.010969196 -0.771495566 0.636056462
58.225457 68.444088911 6.244006306 0.333135035 -0.010504963 -0.011569795 -0.769981626 0.637874660
58.339247 68.417232911 6.040898652 0.339798223 -0.010254473 -0.011879663 -0.766737528 0.641768870
58.435304 68.397108110 5.874529663 0.348427754 -0.010232361 -0.012258756 -0.763976819 0.645046078
58.535505 68.382792148 5.700582494 0.354472749 -0.009769843 -0.012030874 -0.760571853 0.649068768
58.633735 68.363636392 5.535312731 0.357438145 -0.009365287 -0.012274400 -0.755955127 0.654441347
58.734260 68.344002040 5.354602323 0.368624163 -0.008997830 -0.012623097 -0.751215187 0.659875322
58.835878 68.334436448 5.191375406 0.376816703 -0.009590794 -0.012537943 -0.745522512 0.666293480
58.936404 68.346595792 5.025695873 0.383610781 -0.010274312 -0.012804576 -0.739011719 0.673492509
59.010915 68.340959864 4.887230989 0.387014738 -0.011801304 -0.013328262 -0.733548965 0.679403417
59.110650 68.358427853 4.677371380 0.388499492 -0.013544056 -0.014771988 -0.723917799 0.689595074
59.212114 68.379647560 4.456887057 0.394399943 -0.013541821 -0.015840032 -0.714189595 0.699642005
59.312064 68.416694715 4.222893362 0.405434564 -0.013471240 -0.016387656 -0.703204628 0.710670966
59.412064 68.452829842 3.978182375 0.421174719 -0.013252767 -0.016536076 -0.691031953 0.722513503
59.512063 68.497386352 3.710127653 0.428767313 -0.013535324 -0.015442366 -0.677311290 0.735409916
59.612068 68.562941941 3.448941753 0.437438270 -0.012660519 -0.013178432 -0.662562753 0.748783439
59.712138 68.630492963 3.181476499 0.440198371 -0.012186667 -0.011450314 -0.646397191 0.762817833
59.844829 68.758449624 2.826471223 0.449549330 -0.010966989 -0.011094874 -0.623060890 0.782017747
59.933957 68.853257705 2.627128764 0.459830784 -0.010728271 -0.011819808 -0.611633442 0.790980233
60.032438 68.957060025 2.372657398 0.475304091 -0.008974267 -0.010764344 -0.591956486 0.805848069
60.200346 69.177906276 1.934049455 0.506686467 -0.007187482 -0.007157058 -0.559468251 0.828789715
60.300147 69.340790854 1.701177656 0.515523448 -0.007883153 -0.005781291 -0.547540954 0.836721780
60.322169 69.361331444 1.663238765 0.510897767 -0.010158061 -0.003846707 -0.544784972 0.838505427
60.420671 69.502338222 1.433381895 0.501509145 -0.007448977 -0.002594258 -0.517849586 0.855435322
60.531339 69.714031479 1.184318240 0.517763149 -0.005030443 -0.002885995 -0.492055267 0.870544646
60.629769 69.924340350 0.960911530 0.523351229 -0.004747832 -0.003894391 -0.469410819 0.882958535
60.730420 70.134799503 0.726100263 0.541029110 -0.004824215 -0.003838629 -0.445546147 0.895237746
60.814817 70.338331514 0.538191460 0.544187910 -0.006094219 -0.003287920 -0.425398324 0.904979733
60.927152 70.622134316 0.261919239 0.554651096 -0.005056022 -0.002848771 -0.395626353 0.918393222
61.025754 70.884024683 0.056812861 0.550003179 -0.004192301 -0.003419454 -0.372942780 0.927838572
61.123236 71.159047279 -0.146014417 0.553990576 -0.002281633 -0.005237883 -0.349264288 0.937006839
61.222042 71.450838689 -0.348984597 0.563195951 -0.000952046 -0.006639873 -0.325083606 0.945661490
61.310640 71.732916621 -0.499183679 0.583392384 -0.001876442 -0.006619886 -0.305048006 0.952312118
61.424251 72.130117602 -0.694337997 0.587268740 -0.006379123 -0.003639785 -0.277946613 0.960568446
61.525296 72.488728448 -0.864439791 0.580313133 -0.007790830 -0.002320405 -0.257609705 0.966214861
61.608521 72.795194561 -0.997087745 0.576444424 -0.007975819 -0.001677468 -0.240056980 0.970724584
61.708045 73.191904311 -1.159256740 0.579148095 -0.006547651 -0.001153415 -0.217473047 0.976043683
61.807398 73.594933216 -1.318900117 0.585563679 -0.004820177 0.000101313 -0.196311532 0.980529723
61.906751 74.002833377 -1.452168957 0.603066153 -0.003203928 0.001566626 -0.175227849 0.984521448
62.006410 74.427436830 -1.565612957 0.611804564 -0.003377744 0.002723564 -0.154651222 0.987959601
62.200073 75.292587788 -1.738188895 0.615440374 -0.006557079 0.003860988 -0.120963129 0.992627835
62.299948 75.642241130 -1.790761110 0.607889356 -0.006807076 0.003319543 -0.112396400 0.993634588
62.399699 76.018661596 -1.863283262 0.606065055 -0.008500244 0.003861167 -0.100001837 0.994943451
62.499474 76.413284180 -1.920212235 0.607564376 -0.009819939 0.004589565 -0.090168479 0.995867536
62.599548 76.832165471 -1.978051227 0.608258903 -0.011269556 0.005255253 -0.082333016 0.996527297
62.640090 77.020497687 -1.990616095 0.603567575 -0.012093910 0.005382018 -0.078291092 0.996842654
62.739987 77.537220224 -2.030317496 0.598839777 -0.013003394 0.005968056 -0.072337618 0.997277576
62.803654 77.866788911 -2.070855986 0.599952420 -0.013449539 0.006194863 -0.069531193 0.997469873
62.903557 78.421072685 -2.128536365 0.598101305 -0.014334320 0.006976695 -0.066459669 0.997661749
63.003334 78.986724390 -2.197972960 0.595726228 -0.015198274 0.006995864 -0.064681431 0.997765695
63.103014 79.552136162 -2.259780085 0.591519135 -0.015795119 0.006706874 -0.063455434 0.997837131
63.300296 80.652036337 -2.383579729 0.577199907 -0.013940805 0.006911472 -0.061586889 0.997980431
63.400246 81.087174227 -2.458794260 0.582726791 -0.013671086 0.006223847 -0.058026949 0.998202003
63.417832 81.159715478 -2.472123435 0.577158958 -0.014569535 0.005199872 -0.056851330 0.998262799
63.512043 81.653695022 -2.538508224 0.573717688 -0.011162984 0.005938696 -0.058481122 0.998208434
63.644625 82.368554330 -2.651613388 0.590685487 -0.009132413 0.007310627 -0.057842290 0.998257193
63.744603 82.889709297 -2.713591686 0.600063976 -0.009429390 0.006475249 -0.056519248 0.998335982
63.812042 83.238671330 -2.749942372 0.597642135 -0.011111598 0.005046022 -0.056477917 0.998329262
63.912009 83.779701059 -2.781715920 0.594615375 -0.012582913 0.004581200 -0.056497010 0.998312962
64.041623 84.480704311 -2.864986012 0.581377965 -0.011159160 0.004220658 -0.056429973 0.998335273
64.141506 84.987611817 -2.920047517 0.580137936 -0.008640440 0.003443769 -0.055536573 0.998413327
64.241558 85.507934365 -2.983351966 0.594174651 -0.008556352 0.003946330 -0.055889065 0.998392522
64.341631 86.029287142 -3.040736728 0.603477877 -0.010800364 0.005142216 -0.056055559 0.998355991
64.441506 86.539880374 -3.097554783 0.601901455 -0.012202870 0.006020342 -0.056177884 0.998328048
64.541358 87.055343915 -3.135100991 0.599778593 -0.012233765 0.006420392 -0.056014660 0.998334349
64.641229 87.561767881 -3.196141027 0.602165874 -0.011196727 0.006789265 -0.056343586 0.998325568
64.741306 88.068329456 -3.249288420 0.603651820 -0.011177001 0.007077235 -0.056345765 0.998323666
64.841406 88.561132739 -3.302250954 0.607061166 -0.011284705 0.006831943 -0.056778794 0.998299629
64.941135 89.051931908 -3.351446515 0.604919812 -0.011716259 0.006845721 -0.057183007 0.998271491
65.044749 89.559868553 -3.415250949 0.601995623 -0.011530866 0.006922457 -0.057814280 0.998236759
65.112041 89.879728082 -3.455197777 0.599669298 -0.010956081 0.006488553 -0.058664695 0.998196532
65.212163 90.384274460 -3.520108872 0.599906951 -0.010118598 0.006517537 -0.059875860 0.998133266
65.317326 90.902374631 -3.587884420 0.603310494 -0.010155751 0.006611015 -0.061154658 0.998054740
65.441059 91.507356279 -3.678848009 0.604929668 -0.010361275 0.007053441 -0.062002265 0.997997301
65.540980 91.969485891 -3.742681803 0.601190076 -0.009959389 0.006882503 -0.062220684 0.997988992
65.640985 92.441604811 -3.812260164 0.600963159 -0.008933674 0.006893391 -0.063211447 0.997936362
65.740807 92.911051682 -3.875129235 0.602741465 -0.008083836 0.006835684 -0.064010886 0.997893046
65.840693 93.365578420 -3.927667631 0.602935875 -0.007670997 0.006468925 -0.064552778 0.997863842
65.916753 93.725192758 -3.980211661 0.601456393 -0.007810023 0.005301460 -0.065407867 0.997813965
66.021012 94.254421601 -4.043788483 0.602611475 -0.006853101 0.003607051 -0.066411586 0.997762259
66.121015 94.766678697 -4.112376025 0.601914293 -0.006312203 0.002949210 -0.067009689 0.997727999
66.240640 95.374626469 -4.185362207 0.600510856 -0.005482898 0.003055255 -0.066397093 0.997773536
66.340684 95.867566434 -4.255599056 0.598437058 -0.004867664 0.003161629 -0.065879344 0.997810714
66.440807 96.367415888 -4.310081493 0.601383138 -0.003996206 0.003402843 -0.065823548 0.997817474
66.517651 96.760739038 -4.368008076 0.603769334 -0.003059152 0.003228127 -0.065331322 0.997853716
66.620463 97.327220378 -4.441033355 0.608654253 -0.002555532 0.003285016 -0.064855212 0.997886005
66.720249 97.887752996 -4.496871378 0.606577100 -0.002491422 0.003871904 -0.063293515 0.997984335
66.820297 98.441019074 -4.558364348 0.606230013 -0.002397331 0.004500989 -0.061296005 0.998106604
66.920367 98.999967392 -4.622233884 0.608637066 -0.002152573 0.004969264 -0.059282584 0.998226551
67.020542 99.553528215 -4.692457265 0.608927634 -0.002386046 0.005636013 -0.056850704 0.998363931
67.120321 100.113271813 -4.738687257 0.610102087 -0.002558443 0.005960831 -0.054220404 0.998507922
67.220048 100.666820176 -4.794022217 0.612484251 -0.002921817 0.005394186 -0.051794210 0.998638937
67.319600 101.224317801 -4.843427707 0.609880053 -0.003499493 0.004307903 -0.048931389 0.998786721
67.419351 101.769015969 -4.890821332 0.612048961 -0.004580987 0.003435074 -0.046185408 0.998916474
67.519227 102.319380474 -4.932655398 0.616037744 -0.005397505 0.002845792 -0.043612824 0.999029874
67.641167 103.003128925 -4.986508239 0.613944552 -0.006728454 0.002865060 -0.040670865 0.999145835
67.741340 103.513348254 -5.031495656 0.613174776 -0.006433968 0.003064746 -0.038423269 0.999236140
67.817655 103.902816848 -5.056965211 0.616745781 -0.005985058 0.003487372 -0.036805667 0.999298434
67.902948 104.395650507 -5.078568708 0.623174553 -0.005842340 0.004778221 -0.036395018 0.999308980
68.002559 104.973606115 -5.102292357 0.627612653 -0.007172765 0.005857747 -0.035147913 0.999339213
68.102385 105.550308617 -5.128981181 0.626939584 -0.008565775 0.006250785 -0.034778579 0.999338784
68.202138 106.110615821 -5.163186481 0.626306278 -0.009149846 0.006524233 -0.034484950 0.999342035
68.309795 106.716602357 -5.199450970 0.626763224 -0.009890588 0.006928435 -0.035314636 0.999303282
68.500172 107.734832368 -5.277163281 0.622029308 -0.010177813 0.007393426 -0.037113047 0.999231891
68.599862 108.064059261 -5.265470931 0.619764636 -0.009799803 0.006968137 -0.036405486 0.999264754
68.609960 108.087835394 -5.281586688 0.622415003 -0.009852703 0.007075999 -0.037017007 0.999241010
68.710236 108.646359091 -5.323486280 0.625161318 -0.011612223 0.008787601 -0.041930843 0.999014384
68.810987 109.183106419 -5.364244528 0.619858565 -0.012427542 0.009365850 -0.043572232 0.998929075
68.911942 109.710839479 -5.410406840 0.620411581 -0.013110463 0.009738266 -0.045848020 0.998814918
69.044758 110.411785508 -5.481153025 0.614510356 -0.013923572 0.009668857 -0.048979808 0.998655910
69.144905 110.870193955 -5.523284021 0.609050393 -0.013846363 0.009661608 -0.050662185 0.998573119
69.244977 111.334921171 -5.581473771 0.604807515 -0.012727438 0.009880273 -0.054178871 0.998401243
69.346723 111.802101155 -5.646215730 0.604769854 -0.011634333 0.010611929 -0.057813216 0.998203216
69.446720 112.244853581 -5.693767735 0.604571539 -0.012166181 0.009563391 -0.061125100 0.998010144
69.546747 112.690051056 -5.753674515 0.606913637 -0.011376910 0.006585105 -0.064695512 0.997818467
69.646698 113.131117953 -5.815961832 0.604682321 -0.011575875 0.004197946 -0.068366742 0.997584265
69.746675 113.567298127 -5.875213681 0.605412248 -0.011792118 0.000688799 -0.072048421 0.997331187
69.812043 113.855503475 -5.917025202 0.602128853 -0.012120549 -0.002898340 -0.074056940 0.997176144
69.912166 114.340896927 -5.985099035 0.608258786 -0.012110863 -0.010023493 -0.078655056 0.996777928
70.012141 114.806226094 -6.058600258 0.620252873 -0.011466965 -0.013148274 -0.081185160 0.996546337
70.112117 115.253914564 -6.134627356 0.629950301 -0.009581903 -0.013213031 -0.083664616 0.996360294
70.212117 115.695388073 -6.223024666 0.643709728 -0.007848845 -0.013230269 -0.085705618 0.996201738
70.312040 116.125926320 -6.315064701 0.665458971 -0.006743600 -0.011216856 -0.087904276 0.996042943
70.446798 116.696217849 -6.407615349 0.700214183 -0.007855309 -0.005427851 -0.091073485 0.995798400
70.546850 117.040994665 -6.468342610 0.705978642 -0.008172390 -0.002403891 -0.092143641 0.995709286
70.646751 117.408096086 -6.535125906 0.719269512 -0.008955430 0.000912497 -0.094387746 0.995494812
70.722940 117.691162354 -6.601477679 0.723271009 -0.008932612 0.002521011 -0.095758164 0.995361355
70.846925 118.181674088 -6.700248347 0.728380494 -0.007948586 0.003710855 -0.099758958 0.994972964
70.934881 118.494767763 -6.767005089 0.741595897 -0.007208899 0.002964852 -0.101233477 0.994832159
71.012088 118.795822181 -6.831399638 0.740440565 -0.007975124 0.002507657 -0.104305088 0.994510210
71.114708 119.217278970 -6.928225035 0.737355975 -0.007944601 0.002878820 -0.108977546 0.994008295
71.239617 119.714228851 -7.039271732 0.744058243 -0.007640368 0.003667506 -0.112692753 0.993593739
71.340914 120.068152969 -7.114618207 0.756266322 -0.008031757 0.004457397 -0.114905463 0.993333960
71.414681 120.343756010 -7.172228549 0.747701892 -0.009845550 0.005702875 -0.117489506 0.993008942
71.512019 120.743304685 -7.265129930 0.731861966 -0.009180907 0.009157302 -0.121660656 0.992487048
71.637894 121.243015559 -7.392877845 0.726364983 -0.005982211 0.014223734 -0.124529670 0.992095892
71.734257 121.581120303 -7.480880013 0.723368991 -0.004751455 0.016935417 -0.125864899 0.991891447
71.835425 121.947989846 -7.573706429 0.715439915 -0.003464278 0.020895233 -0.128050602 0.991541442
71.936970 122.313535131 -7.679112890 0.718190373 -0.002112924 0.024711340 -0.129690526 0.991244295
72.037967 122.664924040 -7.782986846 0.738785217 -0.002516405 0.026167805 -0.131683816 0.990943130
72.139666 123.004330175 -7.873952590 0.737862224 -0.005502271 0.024590134 -0.133643844 0.990709026
72.241112 123.332784182 -7.952129208 0.731193420 -0.007482478 0.022703236 -0.135208211 0.990528806
72.344679 123.654125923 -8.043584621 0.714139871 -0.007341429 0.020037617 -0.136737552 0.990377423
72.445003 123.961433729 -8.140657745 0.695718793 -0.005161120 0.016787326 -0.138262536 0.990239880
72.546745 124.269847269 -8.224218735 0.682446742 -0.003547214 0.012946292 -0.138594135 0.990258288
72.612143 124.463228662 -8.282995785 0.671301027 -0.002320287 0.009736981 -0.138357088 0.990331825
72.712139 124.785933424 -8.369688232 0.654686596 -0.000402433 0.004212118 -0.133613030 0.991024548
72.824110 125.143328046 -8.467696056 0.655713476 0.001018907 0.001172075 -0.127179673 0.991878480
72.924407 125.449626783 -8.523194545 0.669298124 0.000880512 0.001837309 -0.120497446 0.992711547
73.024636 125.754661958 -8.559907553 0.679571789 0.000406537 0.003655270 -0.110745907 0.993841948
73.200197 126.290117095 -8.622284557 0.679103852 -0.000550315 0.002720898 -0.087564794 0.996154958
73.300173 126.520649739 -8.600754801 0.672429924 -0.000608749 0.001657871 -0.079359816 0.996844472
73.325357 126.564157947 -8.601812318 0.674439437 -0.000920540 0.000873923 -0.077430176 0.996996969
73.425282 126.818717597 -8.630617558 0.677499726 -0.001493905 0.001192365 -0.053739152 0.998553178
73.517657 127.076762103 -8.636872969 0.682644436 -0.001863115 0.001209469 -0.035533700 0.999366010
73.625135 127.394176040 -8.625580757 0.678717780 -0.001670217 0.001644443 -0.012944515 0.999913469
73.724984 127.691323091 -8.592636174 0.678636316 -0.001606724 0.001844398 0.007404921 0.999969591
73.824983 127.987279845 -8.540473338 0.674268235 -0.001601156 0.002663358 0.029286337 0.999566233
73.924188 128.276041739 -8.480435975 0.678233332 -0.001353568 0.003808785 0.051348133 0.998672634
74.015586 128.543081732 -8.404779617 0.687304474 -0.001682203 0.005355895 0.072577102 0.997347005
74.125932 128.865540461 -8.305530125 0.694074275 -0.003099784 0.007042487 0.098728843 0.995084625
74.244557 129.198545426 -8.180880290 0.694467821 -0.005256750 0.007377330 0.124803424 0.992140135
74.344678 129.461195857 -8.077590439 0.682227133 -0.006480942 0.007335207 0.145043855 0.989376810
74.427848 129.666170569 -7.970773564 0.674638147 -0.007732463 0.007115156 0.163942115 0.986413993
74.544707 130.012377936 -7.789879072 0.654762632 -0.007032109 0.007804571 0.194469708 0.980852267
74.644626 130.301967686 -7.646658202 0.657866882 -0.006244436 0.008639166 0.215135333 0.976526067
74.725483 130.527215531 -7.507772714 0.661767865 -0.005046700 0.009366206 0.233884024 0.972206289
74.826126 130.834992413 -7.278893682 0.675422923 -0.006311497 0.010198032 0.261111350 0.965234183
74.941388 131.185640125 -7.017384500 0.656245086 -0.009521720 0.010209896 0.288802820 0.957286804
75.040990 131.467362242 -6.788120711 0.632677347 -0.009865676 0.010986496 0.309593525 0.950754340
75.140916 131.746844261 -6.516658422 0.627695292 -0.009114785 0.012768416 0.333008954 0.942793151
75.240740 132.027399415 -6.232874492 0.621885256 -0.009036949 0.013342378 0.356110402 0.934304927
75.341163 132.305168273 -5.916004031 0.608446191 -0.010196029 0.012857611 0.380102948 0.924798612
75.412064 132.494754719 -5.688148652 0.593142845 -0.010192762 0.012425792 0.397199978 0.917591350
75.512066 132.795134792 -5.271918279 0.584866575 -0.010046251 0.012521074 0.425885705 0.904634546
75.609077 133.056579550 -4.880686479 0.572259505 -0.009711244 0.011209396 0.448653667 0.893582637
75.708478 133.309562811 -4.468653084 0.553444539 -0.009767595 0.009084416 0.471782770 0.881613909
75.899848 133.752719748 -3.617988176 0.514437206 -0.008378524 0.008404828 0.512669258 0.858504159
75.999474 133.920888956 -3.161036360 0.498357526 -0.007661839 0.008139191 0.528149094 0.849078079
76.006416 133.917406734 -3.147789937 0.510452121 -0.005890014 0.008409186 0.529352240 0.848340026
76.200346 134.224561467 -2.142384513 0.509178784 -0.011511073 0.010444512 0.564901502 0.825011939
76.300123 134.344139218 -1.648990547 0.483734268 -0.011488743 0.009681480 0.578073120 0.815846643
76.399847 134.454567015 -1.148578783 0.466775404 -0.012082620 0.009562243 0.591107923 0.806445285
76.499525 134.556515298 -0.626864382 0.443352828 -0.012278646 0.009733375 0.602468742 0.797988666
76.599349 134.645317124 -0.100500799 0.419814586 -0.011885917 0.010835491 0.612849042 0.790036308
76.612192 134.664636293 -0.037453460 0.422855785 -0.011137600 0.010939805 0.614601206 0.788683481
76.712092 134.798773622 0.610635343 0.407936012 -0.012087987 0.014025009 0.624092092 0.781131385
76.812168 134.900414691 1.230393064 0.391100580 -0.013059380 0.015078887 0.632289039 0.774475727
76.922893 135.009352718 1.931706609 0.363094500 -0.013710720 0.015892675 0.639943895 0.768134917
77.017582 135.092526991 2.505767986 0.340839960 -0.013951108 0.016443610 0.644818093 0.764031807
77.112117 135.167147409 3.116937052 0.317278742 -0.014237618 0.016712568 0.649739501 0.759839826
77.213112 135.256976159 3.791291911 0.287555031 -0.014357606 0.016999716 0.654127856 0.756056622
77.323065 135.343163173 4.547463959 0.259073187 -0.014935989 0.017783547 0.657185817 0.753370734
77.413316 135.410952570 5.143099615 0.233514627 -0.015289076 0.018312900 0.659218796 0.751572659
77.514885 135.485820649 5.860664065 0.200654873 -0.015928299 0.018997962 0.660304894 0.750588312
77.615034 135.559877056 6.563365933 0.168907213 -0.016942456 0.019614570 0.660608296 0.750283214
77.729622 135.655536540 7.383872174 0.125469360 -0.016803455 0.020866436 0.660333369 0.750494555
77.816827 135.735208100 7.972518947 0.095073628 -0.016513852 0.021512965 0.660185073 0.750613185
77.923690 135.845049053 8.754079389 0.046219600 -0.014759891 0.024105339 0.659854473 0.750861607
78.021444 135.940856450 9.452201444 0.028473794 -0.013095992 0.025993047 0.659610654 0.751043702
78.121766 136.036570984 10.193764187 0.001024334 -0.011607778 0.025960520 0.659663471 0.751022913
78.217552 136.125168796 10.914643613 -0.030016704 -0.010444005 0.024839348 0.659378466 0.751328136
78.321394 136.242473942 11.704693396 -0.076829641 -0.008278251 0.023251900 0.658960036 0.751772898
78.420899 136.341346672 12.455461505 -0.110874244 -0.007810606 0.023100648 0.658449632 0.752229644
78.521297 136.440033456 13.235842239 -0.142140707 -0.007591111 0.023459330 0.657415289 0.753124939
78.621121 136.549688500 14.009374429 -0.168155534 -0.007953419 0.023645901 0.656503150 0.753910623
78.721794 136.650769060 14.804832776 -0.196725876 -0.008807550 0.023587826 0.655940998 0.754392106
78.822042 136.754966921 15.595247119 -0.234784123 -0.009373967 0.023475663 0.655346762 0.754905056
78.921219 136.855382515 16.393464364 -0.266743013 -0.009198442 0.024540583 0.654827274 0.755324030
79.021444 136.968366562 17.204616966 -0.295295386 -0.009100174 0.025123871 0.654155319 0.755888085
79.115512 137.080717989 17.965450156 -0.322750558 -0.009127849 0.024645075 0.653577962 0.756402770
79.222192 137.207760614 18.848998420 -0.367281939 -0.009091815 0.024181444 0.653217954 0.756729081
79.321816 137.322323524 19.655739691 -0.404845676 -0.008781943 0.024354825 0.652670018 0.757199820
79.421594 137.449503038 20.464580688 -0.436067429 -0.008465483 0.024737962 0.652257354 0.757546509
79.517656 137.561749237 21.251771230 -0.468287284 -0.008279767 0.025139396 0.652044687 0.757718405
79.621048 137.695033313 22.124363861 -0.502326179 -0.008098303 0.025671945 0.651923458 0.757806818
79.720648 137.821987641 22.957565854 -0.540712950 -0.007832179 0.025819019 0.651972233 0.757762656
