1.436901 0.084765 0.000318 0.002046 0.000033 -0.000744 0.001632 0.999998
1.514807 0.190555 0.000935 0.002362 0.000121 -0.001147 0.002370 0.999997
1.612139 0.251127 0.019380 0.002283 0.000138 -0.001383 0.005344 0.999985
1.725584 0.414169 0.022815 0.002592 0.000160 -0.001511 0.009006 0.999958
1.825908 0.519749 0.036562 0.005365 0.000425 -0.001528 0.012754 0.999917
1.925634 0.678901 0.051524 0.004459 0.000713 -0.001600 0.018400 0.999829
2.013115 0.804878 0.062825 0.010401 0.000911 -0.001692 0.024383 0.999701
2.124835 1.018161 0.095769 0.011681 0.000805 -0.001606 0.036160 0.999344
2.225508 1.163011 0.124274 0.016202 0.000477 -0.001485 0.045564 0.998960
2.324835 1.364337 0.166527 0.013945 0.000132 -0.001617 0.057356 0.998352
2.417631 1.535287 0.213152 0.016042 0.000204 -0.001697 0.070387 0.997518
2.522441 1.768945 0.269617 0.013250 0.000396 -0.002017 0.086696 0.996233
2.621346 1.968346 0.348356 0.019420 0.000662 -0.002217 0.101978 0.994784
2.717555 2.208213 0.414026 0.019286 0.000783 -0.002667 0.119165 0.992871
2.810732 2.400977 0.527027 0.027912 0.000647 -0.002610 0.136809 0.990594
2.915488 2.687560 0.639929 0.025895 -0.000632 -0.002268 0.158898 0.987292
3.015436 2.913213 0.782807 0.028421 -0.001749 -0.001701 0.179258 0.983799
3.115489 3.179025 0.922362 0.022689 -0.003300 -0.001214 0.201024 0.979580
3.215563 3.445272 1.088276 0.023994 -0.003973 -0.000789 0.224360 0.974498
3.315510 3.713607 1.272189 0.018107 -0.004161 -0.000130 0.248527 0.968616
3.417632 3.985493 1.465153 0.025628 -0.003675 0.002287 0.272874 0.962040
3.521868 4.256272 1.694240 0.027197 -0.005296 0.004204 0.297781 0.954610
3.623610 4.510892 1.927466 0.028503 -0.007092 0.005341 0.322160 0.946644
3.734406 4.771140 2.213518 0.015429 -0.010291 0.006629 0.349720 0.936774
3.835182 5.012576 2.475225 0.005239 -0.011914 0.008236 0.372329 0.927988
3.934705 5.214730 2.762771 -0.003267 -0.013012 0.010635 0.396911 0.917703
4.033934 5.456748 3.066387 -0.004722 -0.013751 0.012724 0.422498 0.906170
4.134059 5.657982 3.401533 -0.021177 -0.014032 0.014076 0.448298 0.893663
4.234282 5.853065 3.763768 -0.021530 -0.014125 0.014773 0.473532 0.880539
4.334805 6.049043 4.132064 -0.036998 -0.014460 0.014344 0.498325 0.866751
4.437871 6.217259 4.548180 -0.051398 -0.014887 0.013641 0.522855 0.852182
4.512118 6.344265 4.834553 -0.069382 -0.014905 0.012973 0.539346 0.841852
4.612241 6.480792 5.344010 -0.099858 -0.014323 0.012990 0.565022 0.824849
4.712165 6.626076 5.795545 -0.118122 -0.013478 0.013421 0.585793 0.810237
4.812065 6.732294 6.274049 -0.131888 -0.012627 0.014390 0.605285 0.795779
4.936878 6.841060 6.885566 -0.143008 -0.013802 0.016515 0.627728 0.778135
5.037700 6.889354 7.303441 -0.155117 -0.015247 0.017471 0.641310 0.766931
5.144803 6.915805 7.812285 -0.177491 -0.016195 0.017682 0.656678 0.753790
5.212139 6.936964 8.136297 -0.189809 -0.016592 0.017431 0.665328 0.746163
5.312143 6.953130 8.740364 -0.225993 -0.017285 0.016388 0.678719 0.734012
5.412165 6.947834 9.280497 -0.251233 -0.016871 0.015960 0.689219 0.724180
5.512165 6.952642 9.842318 -0.277005 -0.015704 0.016963 0.696964 0.716733
5.612138 6.943101 10.383518 -0.289047 -0.014991 0.018084 0.704531 0.709284
5.713294 6.919505 10.949521 -0.311372 -0.014857 0.018087 0.710796 0.703008
5.812065 6.913874 11.525152 -0.332691 -0.015522 0.016830 0.715747 0.697984
5.912016 6.883800 12.111241 -0.360481 -0.016316 0.016143 0.719875 0.693724
6.012115 6.851118 12.709192 -0.387981 -0.016945 0.015790 0.723032 0.690426
6.114658 6.811590 13.346402 -0.419870 -0.017411 0.016183 0.725404 0.687912
6.212091 6.783368 13.949228 -0.439632 -0.017783 0.017738 0.726695 0.686501
6.338249 6.720145 14.778581 -0.475453 -0.018940 0.018644 0.727894 0.685174
6.411992 6.700901 15.160027 -0.489041 -0.019076 0.018619 0.728486 0.684542
6.512066 6.653989 15.891182 -0.527501 -0.018930 0.018363 0.728913 0.684098
6.612564 6.599794 16.574398 -0.556915 -0.018188 0.018086 0.729883 0.683090
6.713214 6.546634 17.257045 -0.593032 -0.018077 0.017108 0.730506 0.682452
6.825310 6.481471 18.030545 -0.622858 -0.018930 0.016768 0.730855 0.682065
6.911967 6.427319 18.579974 -0.654849 -0.019920 0.017060 0.730470 0.682441
7.012091 6.392119 19.332063 -0.678985 -0.020878 0.018094 0.730492 0.682363
7.112116 6.323802 20.070503 -0.719030 -0.021277 0.017525 0.730434 0.682427
7.213161 6.270305 20.813264 -0.752682 -0.019920 0.016163 0.730582 0.682343
7.301918 6.226099 21.466833 -0.792440 -0.018331 0.015105 0.730584 0.682410
7.412442 6.157500 22.336920 -0.829626 -0.017203 0.015014 0.730427 0.682609
7.514736 6.107094 23.069458 -0.863132 -0.018569 0.015273 0.730241 0.682766
7.624937 6.038519 23.901201 -0.892070 -0.019908 0.016869 0.729977 0.682974
7.716877 6.009594 24.572593 -0.924570 -0.020211 0.018284 0.730578 0.682285
7.824211 5.946908 25.427744 -0.966065 -0.018959 0.020358 0.730645 0.682191
7.910145 5.900196 26.075547 -0.994738 -0.017632 0.021522 0.730891 0.681927
8.010223 5.843263 26.929669 -1.032599 -0.015601 0.021307 0.731212 0.681639
8.110250 5.778470 27.747385 -1.073768 -0.014116 0.020131 0.731657 0.681230
8.210273 5.722845 28.566394 -1.110842 -0.012211 0.019222 0.731989 0.680935
8.321269 5.658114 29.489042 -1.140176 -0.010690 0.019089 0.732284 0.680648
8.411410 5.606160 30.157699 -1.166768 -0.010434 0.019490 0.732645 0.680251
8.521864 5.518796 31.121868 -1.193046 -0.011544 0.019840 0.732322 0.680571
8.611801 5.470319 31.810959 -1.224582 -0.012239 0.020139 0.732925 0.679901
8.730117 5.385611 32.866325 -1.253532 -0.012359 0.021540 0.732850 0.679937
8.833588 5.347501 33.615933 -1.292617 -0.012125 0.022345 0.733344 0.679382
8.914658 5.274309 34.300418 -1.303116 -0.011815 0.022948 0.733006 0.679732
9.044634 5.183092 35.500903 -1.356657 -0.011572 0.022577 0.733212 0.679526
9.121195 5.147410 35.970489 -1.379644 -0.011710 0.021741 0.733997 0.678704
9.214917 5.064556 36.921434 -1.416794 -0.010980 0.022403 0.732840 0.679944
9.320496 5.002303 37.870057 -1.460449 -0.010621 0.022952 0.733954 0.678728
9.412266 4.938056 38.643349 -1.478856 -0.008657 0.023387 0.734238 0.678434
9.512016 4.856960 39.563424 -1.523873 -0.006350 0.023413 0.734249 0.678446
9.612097 4.796042 40.439045 -1.554146 -0.005853 0.023587 0.734602 0.678063
9.715435 4.720592 41.376017 -1.587708 -0.006966 0.025127 0.735158 0.677394
9.817705 4.635306 42.252834 -1.617602 -0.007998 0.027428 0.735608 0.676805
9.919202 4.552832 43.152041 -1.649151 -0.008390 0.028311 0.735692 0.676672
10.015437 4.475779 43.997958 -1.686005 -0.008633 0.027706 0.736113 0.676236
10.117629 4.399821 44.918793 -1.724172 -0.009154 0.025928 0.736720 0.675638
10.217605 4.308133 45.797442 -1.762811 -0.009472 0.025465 0.737256 0.675067
10.312647 4.223971 46.654834 -1.798923 -0.010186 0.025566 0.737417 0.674877
10.420147 4.127846 47.656695 -1.835185 -0.011364 0.025679 0.737876 0.674352
10.520944 4.033901 48.528023 -1.878021 -0.012171 0.025775 0.738289 0.673882
10.620572 3.955767 49.422654 -1.913259 -0.012850 0.024523 0.738848 0.673303
10.720648 3.864678 50.323158 -1.956101 -0.012502 0.024342 0.739402 0.672708
10.817555 3.782372 51.209059 -1.988018 -0.012150 0.024561 0.739745 0.672330
10.912943 3.685606 52.080679 -2.028967 -0.012017 0.024965 0.740145 0.671876
11.017652 3.585022 53.066615 -2.065791 -0.012127 0.025433 0.740605 0.671350
11.117604 3.496841 53.947465 -2.105387 -0.012387 0.025481 0.741066 0.670834
11.219602 3.398726 54.877783 -2.139061 -0.012787 0.025363 0.741225 0.670656
11.321442 3.296263 55.784213 -2.184530 -0.014274 0.024339 0.741485 0.670376
11.422740 3.195524 56.684086 -2.220428 -0.016507 0.023582 0.741453 0.670387
11.523790 3.090519 57.582791 -2.264936 -0.018987 0.022599 0.741016 0.670839
11.624387 2.994614 58.465536 -2.307730 -0.020040 0.022902 0.740011 0.671905
11.724560 2.896628 59.375947 -2.355295 -0.020501 0.023773 0.739397 0.672538
11.823688 2.823825 60.273784 -2.400232 -0.020256 0.024355 0.739234 0.672703
11.923611 2.734101 61.171411 -2.443313 -0.019180 0.023797 0.738806 0.673225
12.022787 2.655900 62.069938 -2.493692 -0.017966 0.023204 0.738529 0.673582
12.122691 2.565056 62.981778 -2.532014 -0.017042 0.022803 0.738143 0.674043
12.223513 2.472337 63.904448 -2.576134 -0.017590 0.021917 0.737945 0.674276
12.323562 2.383127 64.816171 -2.614965 -0.018207 0.021257 0.737384 0.674894
12.424188 2.296904 65.732283 -2.660305 -0.018532 0.020487 0.737194 0.675116
12.523191 2.209676 66.639282 -2.700946 -0.018504 0.019958 0.737189 0.675139
12.622639 2.125099 67.565372 -2.751116 -0.018405 0.019833 0.736925 0.675433
12.722041 2.046388 68.482794 -2.783967 -0.017945 0.019958 0.736538 0.675864
12.814660 1.970585 69.347555 -2.834043 -0.017576 0.020281 0.736389 0.676026
12.921594 1.874143 70.396592 -2.871399 -0.016080 0.020702 0.736141 0.676321
13.020322 1.807992 71.270639 -2.916746 -0.015595 0.020593 0.736318 0.676143
13.117657 1.720963 72.199102 -2.947271 -0.014229 0.021271 0.735877 0.676632
13.219427 1.643374 73.170747 -2.995678 -0.014040 0.021523 0.735594 0.676935
13.317605 1.562719 74.084654 -3.023773 -0.014614 0.022100 0.735181 0.677353
13.420796 1.466693 75.096918 -3.070778 -0.016177 0.022116 0.734603 0.677943
13.521022 1.388551 76.038995 -3.111553 -0.016191 0.022916 0.734189 0.678365
13.621266 1.313245 76.997174 -3.157119 -0.016575 0.022382 0.733882 0.678706
13.721096 1.233785 77.966607 -3.201782 -0.016103 0.022865 0.733456 0.679161
13.821069 1.161380 78.928531 -3.249497 -0.015882 0.023716 0.733295 0.679311
13.902062 1.094411 79.723027 -3.275760 -0.015964 0.023423 0.733134 0.679493
14.020823 0.989551 81.011151 -3.345862 -0.015342 0.023488 0.733234 0.679398
14.121098 0.921347 81.858489 -3.371876 -0.015300 0.022792 0.733381 0.679263
14.221392 0.838206 82.834875 -3.425236 -0.016316 0.022721 0.733155 0.679486
14.321692 0.760809 83.786153 -3.454748 -0.017167 0.022927 0.733386 0.679209
14.422842 0.682490 84.722923 -3.506305 -0.018655 0.022350 0.733351 0.679227
14.523339 0.600584 85.694999 -3.541849 -0.018407 0.022499 0.733612 0.678947
14.615038 0.526960 86.561807 -3.594577 -0.018871 0.021779 0.733831 0.678720
14.724084 0.434196 87.663369 -3.634475 -0.019093 0.021468 0.733780 0.678780
14.825008 0.357654 88.568299 -3.690257 -0.019907 0.021588 0.733940 0.678579
14.926379 0.277195 89.525264 -3.716657 -0.020774 0.021543 0.733730 0.678782
15.027826 0.203060 90.469732 -3.777325 -0.022225 0.020952 0.733315 0.679202
15.129299 0.125851 91.402540 -3.807873 -0.022597 0.020761 0.732710 0.679849
15.230118 0.043863 92.337572 -3.863375 -0.023546 0.020046 0.732342 0.680235
15.331640 -0.025806 93.284554 -3.900384 -0.023166 0.019693 0.732038 0.680585
15.420617 -0.094694 94.098251 -3.948606 -0.022982 0.018608 0.731819 0.680857
15.524480 -0.174024 95.129719 -3.996652 -0.021944 0.017485 0.731605 0.681152
15.629919 -0.245632 96.094063 -4.047884 -0.021525 0.017346 0.731719 0.681046
15.733436 -0.317723 97.031056 -4.085611 -0.022059 0.018534 0.731887 0.680817
15.838097 -0.394406 97.968390 -4.123886 -0.023190 0.019921 0.732186 0.680418
15.945849 -0.473103 98.924701 -4.168943 -0.024252 0.020237 0.732782 0.679730
16.020076 -0.521202 99.555042 -4.198273 -0.023876 0.020646 0.733158 0.679325
16.119031 -0.617672 100.621968 -4.250063 -0.023079 0.020043 0.733757 0.678724
16.217759 -0.687071 101.532801 -4.298414 -0.021724 0.019244 0.734929 0.677523
16.312564 -0.770689 102.440093 -4.348757 -0.019401 0.019937 0.735478 0.676977
16.425635 -0.849280 103.523253 -4.394146 -0.018057 0.022172 0.736251 0.676105
16.525955 -0.931651 104.361110 -4.435657 -0.019649 0.023624 0.737439 0.674714
16.626330 -1.014005 105.264061 -4.478996 -0.021219 0.025478 0.737897 0.674099
16.730072 -1.101412 106.196142 -4.517958 -0.021549 0.026894 0.738849 0.672989
16.834037 -1.199238 107.099112 -4.575788 -0.022268 0.024799 0.739716 0.672093
16.938821 -1.298498 108.014328 -4.628990 -0.022643 0.022134 0.740248 0.671588
17.003270 -1.359075 108.569883 -4.663914 -0.022820 0.020973 0.740690 0.671132
17.102800 -1.478626 109.677330 -4.728894 -0.023509 0.020937 0.741672 0.670023
17.202654 -1.580511 110.609038 -4.776126 -0.023969 0.022033 0.742825 0.668693
17.400047 -1.787733 112.463632 -4.873813 -0.022364 0.022887 0.744397 0.666970
17.499848 -1.812862 112.896199 -4.901250 -0.021983 0.023176 0.744592 0.666755
17.599227 -1.908700 113.533220 -4.931862 -0.020696 0.023010 0.744991 0.666356
17.600622 -1.909619 113.543026 -4.931714 -0.020720 0.022978 0.745041 0.666300
17.799951 -2.141557 115.231020 -5.025633 -0.019884 0.022673 0.746059 0.665196
17.900172 -2.197139 116.088236 -5.066825 -0.020269 0.022284 0.746036 0.665224
17.924534 -2.253052 116.319455 -5.082514 -0.020529 0.021874 0.746263 0.664975
18.100347 -2.464340 118.007317 -5.166144 -0.020841 0.022411 0.746066 0.665169
18.124336 -2.462449 118.179434 -5.173708 -0.021663 0.022422 0.746218 0.664971
18.224736 -2.608795 119.208087 -5.229744 -0.020487 0.021193 0.745871 0.665438
18.324312 -2.715188 120.219629 -5.276564 -0.020162 0.019240 0.745481 0.665945
18.401810 -2.809209 121.020070 -5.325388 -0.020175 0.019031 0.745119 0.666355
18.501743 -2.931782 122.079180 -5.366965 -0.020814 0.020100 0.744744 0.666723
18.623739 -3.071554 123.341014 -5.430195 -0.020796 0.020851 0.744148 0.667365
18.700672 -3.070746 123.342186 -5.429931 -0.020848 0.020826 0.744150 0.667362
18.823517 -3.299212 125.337391 -5.535490 -0.019766 0.020592 0.743492 0.668135
18.923166 -3.386883 126.198321 -5.564193 -0.020488 0.019529 0.743116 0.668563
19.022642 -3.482127 127.074864 -5.610493 -0.020251 0.019751 0.742744 0.668978
19.121842 -3.567010 127.968170 -5.649283 -0.019630 0.020126 0.742375 0.669395
19.221793 -3.669405 128.886192 -5.702372 -0.019983 0.020931 0.741702 0.670105
19.322268 -3.765484 129.795571 -5.736053 -0.021812 0.022083 0.741369 0.670380
19.423064 -3.860165 130.724234 -5.776317 -0.023246 0.022144 0.741027 0.670707
19.522416 -3.947283 131.622641 -5.820694 -0.022719 0.021763 0.740459 0.671365
19.621991 -4.044662 132.533880 -5.868597 -0.020156 0.021132 0.740129 0.671830
19.721068 -4.126508 133.437272 -5.921689 -0.017784 0.021665 0.739766 0.672280
19.820248 -4.223384 134.332552 -5.956474 -0.017443 0.020922 0.739371 0.672747
19.919673 -4.310650 135.239906 -6.008585 -0.017138 0.022286 0.739423 0.672654
20.017676 -4.389265 136.119452 -6.031624 -0.016331 0.023759 0.739065 0.673017
20.112070 -4.481665 136.964618 -6.079902 -0.016802 0.024532 0.738719 0.673357
20.217554 -4.569810 137.949619 -6.122068 -0.017374 0.025965 0.738474 0.673558
20.319872 -4.658953 138.838914 -6.171528 -0.019577 0.026656 0.738514 0.673427
20.420792 -4.745630 139.708856 -6.205329 -0.020661 0.028091 0.738193 0.673688
20.521044 -4.823491 140.573775 -6.254395 -0.022151 0.028076 0.737919 0.673941
20.621666 -4.912109 141.430927 -6.296337 -0.023120 0.026992 0.737673 0.674222
20.722189 -4.995727 142.282753 -6.353014 -0.023566 0.026257 0.737614 0.674300
20.801951 -5.059485 142.949428 -6.388242 -0.023754 0.025833 0.737495 0.674440
20.901708 -5.155458 143.895512 -6.451145 -0.024892 0.025328 0.737375 0.674550
21.001610 -5.234439 144.722428 -6.498121 -0.025513 0.025761 0.736991 0.674930
21.101988 -5.313972 145.554224 -6.543651 -0.027128 0.025642 0.736874 0.674999
21.223714 -5.399303 146.512591 -6.600449 -0.027356 0.025569 0.736699 0.675183
21.329547 -5.465555 147.225850 -6.638915 -0.026933 0.026005 0.736554 0.675341
21.423539 -5.521952 147.879684 -6.676112 -0.026941 0.025618 0.736658 0.675243
21.523388 -5.594552 148.638727 -6.719675 -0.026680 0.024697 0.736924 0.674997
21.623238 -5.660453 149.387393 -6.768210 -0.026398 0.024624 0.737326 0.674572
21.723188 -5.742114 150.120551 -6.809174 -0.025851 0.024627 0.737882 0.673984
21.822862 -5.814667 150.872429 -6.855233 -0.025679 0.025003 0.738371 0.673441
21.922963 -5.881193 151.601093 -6.895887 -0.026209 0.024724 0.738681 0.673092
22.022913 -5.958407 152.316843 -6.940501 -0.026377 0.024176 0.738954 0.672806
22.122786 -6.023460 153.034920 -6.981190 -0.025660 0.024394 0.739022 0.672750
22.202070 -6.073958 153.592678 -7.016705 -0.025225 0.024625 0.738992 0.672791
22.322166 -6.167009 154.546117 -7.071820 -0.024880 0.025402 0.739013 0.672752
22.401950 -6.211636 155.008933 -7.101164 -0.025066 0.025851 0.738870 0.672886
22.501755 -6.286563 155.755913 -7.143395 -0.025609 0.026622 0.738411 0.673339
22.601831 -6.350023 156.437714 -7.178015 -0.026198 0.026383 0.737586 0.674228
22.701929 -6.414334 157.102425 -7.218607 -0.025978 0.026865 0.736923 0.674943
22.802033 -6.463605 157.743092 -7.249294 -0.026230 0.026566 0.735886 0.676076
22.929121 -6.537631 158.539349 -7.298814 -0.026322 0.025132 0.734429 0.677709
23.032634 -6.583532 159.045890 -7.328923 -0.026205 0.024735 0.733167 0.679093
23.127686 -6.628763 159.583138 -7.360865 -0.026750 0.023701 0.731208 0.681218
23.235155 -6.667377 160.217160 -7.392387 -0.026373 0.022114 0.728286 0.684409
23.337649 -6.689231 160.784175 -7.426201 -0.025519 0.021065 0.725166 0.687778
23.439792 -6.723246 161.381722 -7.461079 -0.024554 0.019910 0.722075 0.691092
23.510767 -6.737620 161.788299 -7.484129 -0.024178 0.018834 0.719436 0.693883
23.610620 -6.753156 162.486381 -7.521733 -0.023966 0.018759 0.714545 0.698927
23.723366 -6.766472 163.170411 -7.553758 -0.024882 0.018672 0.709783 0.703733
23.823013 -6.756977 163.691360 -7.580418 -0.025076 0.019066 0.705605 0.707905
23.923041 -6.740163 164.253307 -7.600597 -0.025576 0.018683 0.700499 0.712950
24.023469 -6.724385 164.829121 -7.634672 -0.026010 0.018285 0.694771 0.718528
24.137497 -6.688292 165.472058 -7.664915 -0.027252 0.017497 0.687883 0.725099
24.237350 -6.658437 165.964539 -7.697901 -0.027739 0.017461 0.682445 0.730201
24.335557 -6.604355 166.496326 -7.720696 -0.028361 0.017424 0.675664 0.736458
24.435979 -6.543297 167.054894 -7.745979 -0.029416 0.017729 0.667934 0.743427
24.536552 -6.476125 167.603664 -7.772878 -0.031367 0.017560 0.659614 0.750745
24.637300 -6.397905 168.150135 -7.804783 -0.032563 0.016894 0.651280 0.757950
24.738022 -6.287945 168.688993 -7.830900 -0.033266 0.015231 0.642595 0.765332
24.838446 -6.191206 169.228379 -7.865122 -0.033750 0.013796 0.633530 0.772858
24.939196 -6.061482 169.763981 -7.894967 -0.034048 0.012649 0.624183 0.780434
25.012020 -5.971592 170.142794 -7.916957 -0.034221 0.012209 0.617163 0.785996
25.165150 -5.714459 171.044336 -7.960193 -0.034910 0.010687 0.599595 0.799470
25.220568 -5.673912 171.144092 -7.964087 -0.035109 0.010616 0.597951 0.800693
25.339845 -5.449923 171.849154 -7.997570 -0.036078 0.010036 0.581453 0.812718
25.465925 -5.219763 172.450597 -8.024372 -0.036897 0.009283 0.567798 0.822288
25.540717 -5.094944 172.714707 -8.044425 -0.036892 0.009330 0.561255 0.826768
25.641191 -4.865137 173.252790 -8.063789 -0.037176 0.009441 0.546423 0.836630
25.741415 -4.629309 173.720187 -8.090043 -0.037593 0.010023 0.532983 0.845231
25.841089 -4.375944 174.187567 -8.108128 -0.038340 0.010574 0.519414 0.853597
25.965149 -4.059229 174.736085 -8.135269 -0.038845 0.010410 0.502029 0.863915
26.044702 -3.899486 175.018487 -8.149621 -0.038900 0.010252 0.493133 0.869023
26.146774 -3.579571 175.500194 -8.170313 -0.039371 0.009512 0.475452 0.878809
26.265226 -3.215397 176.003615 -8.196789 -0.040634 0.008651 0.457349 0.888317
26.365177 -2.922455 176.357481 -8.214841 -0.041264 0.008284 0.444106 0.894985
26.465153 -2.599290 176.757095 -8.236776 -0.041881 0.007532 0.428272 0.902647
26.565125 -2.248349 177.151721 -8.253545 -0.042532 0.006415 0.412319 0.910024
26.646370 -1.938432 177.456796 -8.273741 -0.042706 0.005950 0.399078 0.915903
26.746347 -1.493154 177.886142 -8.289315 -0.042640 0.005250 0.379845 0.924052
26.865250 -1.016693 178.320724 -8.311104 -0.043198 0.004560 0.359983 0.931947
26.965126 -0.653284 178.621422 -8.325027 -0.043795 0.004115 0.346192 0.937132
27.065152 -0.233261 178.958125 -8.341418 -0.044065 0.003848 0.329772 0.943024
27.165100 0.208600 179.257050 -8.351455 -0.044018 0.003524 0.313113 0.948689
27.265201 0.666251 179.556945 -8.359254 -0.044362 0.003520 0.296434 0.954016
27.365154 1.134965 179.851957 -8.371050 -0.045346 0.003230 0.279711 0.959007
27.465226 1.606855 180.115806 -8.382281 -0.045392 0.002677 0.263426 0.963607
27.516905 1.866891 180.252331 -8.386293 -0.045123 0.002253 0.254890 0.965914
27.665146 2.806079 180.695650 -8.399812 -0.044631 0.001786 0.227543 0.972743
27.765202 3.159051 180.886427 -8.406987 -0.043697 0.001587 0.217010 0.975190
27.814760 3.413604 180.987231 -8.404755 -0.044312 0.001156 0.211400 0.976394
27.914634 4.107720 181.247935 -8.414662 -0.045343 0.000463 0.192609 0.980227
28.014712 4.664944 181.454877 -8.419854 -0.045378 0.000262 0.177832 0.983014
28.114711 5.218655 181.650941 -8.425086 -0.044987 -0.000264 0.163792 0.985469
28.213068 5.792172 181.808417 -8.428195 -0.044138 -0.000234 0.150228 0.987666
28.347098 6.574755 182.023063 -8.426544 -0.044218 0.000574 0.131679 0.990305
28.444680 7.008129 182.135601 -8.430503 -0.044017 0.000876 0.122142 0.991536
28.546676 7.612501 182.267067 -8.427763 -0.045206 0.001037 0.109202 0.992991
28.646753 8.209142 182.379591 -8.429326 -0.045200 0.001322 0.096220 0.994332
28.746798 8.822502 182.477066 -8.426736 -0.045095 0.001375 0.083324 0.995501
28.846900 9.442924 182.567425 -8.420823 -0.045560 0.000431 0.070319 0.996484
28.913239 9.860936 182.621899 -8.427708 -0.046503 -0.000375 0.061878 0.997000
29.012916 10.630045 182.698722 -8.428280 -0.047279 -0.000523 0.047093 0.997771
29.113016 11.333537 182.739209 -8.424203 -0.046588 -0.000405 0.035830 0.998271
29.265201 12.405955 182.782943 -8.418486 -0.046533 0.000297 0.020646 0.998703
29.313189 12.522130 182.793212 -8.416533 -0.046650 0.000035 0.018817 0.998734
29.445896 13.558440 182.798300 -8.412372 -0.046441 -0.000134 0.006595 0.998899
29.545923 14.180464 182.793142 -8.406824 -0.044602 -0.000086 0.000490 0.999005
29.614585 14.648913 182.791606 -8.403847 -0.043954 -0.000234 -0.002968 0.999029
29.714533 15.459291 182.771750 -8.396293 -0.041699 0.000467 -0.007131 0.999105
29.866420 16.608139 182.738879 -8.386876 -0.040173 0.001938 -0.011121 0.999129
29.938069 16.870351 182.734342 -8.388531 -0.039914 0.001905 -0.012333 0.999125
30.065100 17.815928 182.715120 -8.382858 -0.038704 0.003766 -0.012733 0.999163
30.144600 18.319821 182.699126 -8.377217 -0.037875 0.004296 -0.013730 0.999179
30.246800 19.117015 182.679297 -8.373806 -0.037402 0.004448 -0.013603 0.999198
30.346874 19.865996 182.661078 -8.372717 -0.036799 0.003873 -0.013435 0.999225
30.468889 20.764340 182.641193 -8.369669 -0.036250 0.003480 -0.013113 0.999251
30.546872 21.231452 182.631984 -8.370875 -0.036147 0.002922 -0.012865 0.999259
30.613193 21.777164 182.619520 -8.366819 -0.035823 0.002787 -0.011935 0.999283
30.748545 22.951600 182.602428 -8.361926 -0.036851 0.003425 -0.010453 0.999260
30.848373 23.577985 182.587007 -8.358989 -0.036666 0.003031 -0.011286 0.999259
30.965177 24.359340 182.579254 -8.357149 -0.037501 0.003711 -0.009842 0.999241
31.048495 24.881500 182.566898 -8.352701 -0.037910 0.004108 -0.009630 0.999226
31.146925 25.624063 182.567977 -8.353823 -0.038153 0.005186 -0.008234 0.999225
31.248345 26.357177 182.560624 -8.345773 -0.037895 0.005530 -0.007364 0.999239
31.346750 27.030048 182.551946 -8.343402 -0.037240 0.005470 -0.006349 0.999271
31.446726 27.742247 182.552303 -8.345026 -0.037893 0.005515 -0.005830 0.999250
31.548493 28.470378 182.543511 -8.347109 -0.037309 0.005421 -0.005741 0.999273
31.648642 29.164306 182.538864 -8.344476 -0.036642 0.005427 -0.005387 0.999299
31.746823 29.833146 182.533289 -8.344244 -0.036524 0.005901 -0.005536 0.999300
31.869012 30.715298 182.520582 -8.339715 -0.035960 0.005514 -0.005850 0.999321
31.968890 31.301136 182.520045 -8.343093 -0.036911 0.004953 -0.005952 0.999289
32.069015 31.941934 182.515373 -8.340405 -0.037058 0.004630 -0.007216 0.999276
32.165175 32.585660 182.505602 -8.338431 -0.037005 0.004138 -0.008699 0.999269
32.265174 33.289836 182.491727 -8.336694 -0.037470 0.004247 -0.011721 0.999220
32.365200 33.944660 182.484542 -8.336577 -0.038979 0.004793 -0.015352 0.999111
32.465499 34.608455 182.462413 -8.333485 -0.040148 0.004851 -0.020707 0.998967
32.565252 35.257981 182.425695 -8.325054 -0.040735 0.005265 -0.027750 0.998771
32.665199 35.888504 182.374110 -8.321311 -0.041617 0.005667 -0.036124 0.998464
32.765276 36.519712 182.314039 -8.312268 -0.042160 0.005173 -0.046687 0.998006
32.865198 37.151739 182.243881 -8.305885 -0.042928 0.004002 -0.058930 0.997331
32.965176 37.781214 182.157055 -8.297806 -0.043673 0.002779 -0.072485 0.996409
33.065176 38.401292 182.071239 -8.293405 -0.044449 0.001395 -0.087328 0.995187
33.165126 39.038697 181.936907 -8.285350 -0.044173 -0.000033 -0.103753 0.993622
33.265218 39.663043 181.780049 -8.270462 -0.044830 -0.001011 -0.120483 0.991702
33.365192 40.256090 181.606781 -8.249377 -0.044077 -0.001952 -0.138072 0.989439
33.413265 40.530260 181.521470 -8.246416 -0.043819 -0.002469 -0.146844 0.988186
33.513367 41.263551 181.283827 -8.217058 -0.041519 -0.002446 -0.170590 0.984464
33.614786 41.894035 181.027983 -8.203961 -0.041034 -0.001395 -0.190314 0.980864
33.718401 42.512583 180.750860 -8.185126 -0.040219 0.000459 -0.209026 0.977083
33.847400 43.213915 180.383007 -8.152638 -0.036609 0.001137 -0.231768 0.972081
33.947174 43.670565 180.117700 -8.124589 -0.034948 0.001168 -0.246383 0.968541
34.019698 44.037451 179.905015 -8.114512 -0.034731 0.001030 -0.258705 0.965331
34.120293 44.602832 179.560183 -8.098322 -0.036114 0.000395 -0.279448 0.959481
34.245820 45.274189 179.077255 -8.076587 -0.035699 -0.000331 -0.302063 0.952619
34.346699 45.732749 178.734559 -8.063453 -0.034526 -0.000640 -0.317233 0.947719
34.445870 46.184082 178.359519 -8.038974 -0.034280 0.000068 -0.333495 0.942128
34.544679 46.634960 177.946035 -8.015320 -0.033938 0.000751 -0.351317 0.935641
34.644656 47.092375 177.520870 -7.994291 -0.034134 0.000816 -0.368588 0.928965
34.744681 47.525321 177.068633 -7.967083 -0.033014 -0.000132 -0.386550 0.921677
34.840962 47.932230 176.617302 -7.952992 -0.032892 -0.001506 -0.402849 0.914674
34.940338 48.328060 176.109774 -7.925675 -0.031948 -0.003043 -0.420078 0.906920
35.039541 48.727855 175.616151 -7.903157 -0.031662 -0.003983 -0.436482 0.899147
35.138866 49.091656 175.089740 -7.871896 -0.031036 -0.004509 -0.452495 0.891216
35.265200 49.542121 174.397914 -7.836878 -0.029418 -0.004939 -0.472411 0.880874
35.365149 49.841035 173.912274 -7.805883 -0.028345 -0.005525 -0.484987 0.874044
35.423087 50.016293 173.608979 -7.789445 -0.027500 -0.006090 -0.492854 0.869656
35.523459 50.346518 172.953202 -7.750879 -0.026138 -0.006496 -0.509940 0.859788
35.665120 50.795479 172.048348 -7.700946 -0.025302 -0.007707 -0.528766 0.848355
35.765072 51.042366 171.547581 -7.675351 -0.025288 -0.008392 -0.538882 0.841960
35.865147 51.289153 170.956592 -7.645641 -0.024494 -0.009330 -0.549232 0.835259
35.994339 51.599069 170.175132 -7.599166 -0.024171 -0.010331 -0.562511 0.826372
36.093995 51.817365 169.621724 -7.568952 -0.024412 -0.011235 -0.571052 0.820474
36.165097 51.960164 169.180689 -7.538399 -0.024784 -0.012315 -0.576828 0.816397
36.265100 52.160953 168.507991 -7.507291 -0.026751 -0.013045 -0.586451 0.809438
36.313015 52.282315 168.161797 -7.483374 -0.027649 -0.013887 -0.590941 0.806121
36.411992 52.512831 167.310841 -7.431227 -0.026325 -0.013975 -0.599343 0.799938
36.512143 52.726914 166.499207 -7.379995 -0.025644 -0.013830 -0.606204 0.794775
36.612118 52.927030 165.712295 -7.328877 -0.024206 -0.014150 -0.611213 0.790970
36.712017 53.144149 164.937869 -7.277528 -0.024197 -0.013738 -0.615761 0.787442
36.812041 53.340117 164.158952 -7.234302 -0.025030 -0.012560 -0.619687 0.784349
36.912042 53.509124 163.400178 -7.190454 -0.025725 -0.011797 -0.622630 0.782004
37.012140 53.684209 162.645165 -7.150851 -0.025886 -0.010431 -0.626149 0.779204
37.112142 53.856015 161.881772 -7.103702 -0.026855 -0.008444 -0.630131 0.775978
37.213341 54.024721 161.085899 -7.064200 -0.028147 -0.006113 -0.634639 0.772271
37.314811 54.187123 160.291395 -7.023974 -0.029439 -0.003987 -0.640023 0.767781
37.465124 54.395121 159.097392 -6.967547 -0.029611 -0.003136 -0.647217 0.761724
37.545922 54.462959 158.670049 -6.943877 -0.029841 -0.003692 -0.650128 0.759229
37.615082 54.525342 158.150300 -6.921756 -0.030075 -0.004932 -0.653106 0.756653
37.715136 54.652018 157.287330 -6.875556 -0.030662 -0.007073 -0.658509 0.751914
37.814561 54.761808 156.408499 -6.827755 -0.030457 -0.008585 -0.663307 0.747678
37.914934 54.858029 155.508027 -6.768553 -0.029615 -0.007935 -0.667619 0.743872
38.015010 54.959237 154.634659 -6.716618 -0.027030 -0.007432 -0.671933 0.740081
38.146775 55.057086 153.490798 -6.647359 -0.023200 -0.007914 -0.676016 0.736479
38.246775 55.110587 152.783134 -6.609653 -0.022750 -0.008148 -0.678524 0.734180
38.346777 55.169669 151.998209 -6.566014 -0.021120 -0.009354 -0.680162 0.732698
38.446897 55.233571 151.187490 -6.520727 -0.020986 -0.010153 -0.680507 0.732371
38.547572 55.295609 150.353382 -6.479685 -0.021320 -0.011585 -0.681278 0.731623
38.613261 55.339299 149.802761 -6.445183 -0.022538 -0.013041 -0.681226 0.731610
38.713288 55.402349 148.806656 -6.401407 -0.023195 -0.015640 -0.680027 0.732653
38.813339 55.486724 147.877556 -6.338799 -0.023140 -0.016337 -0.679125 0.733476
38.915005 55.565282 146.948782 -6.295277 -0.022671 -0.014243 -0.677934 0.734635
39.046823 55.655584 145.790409 -6.215773 -0.019298 -0.014449 -0.676341 0.736194
39.146753 55.725744 145.080093 -6.174335 -0.018681 -0.014489 -0.675465 0.737013
39.246825 55.802626 144.251471 -6.123164 -0.017505 -0.015604 -0.673770 0.738569
39.346748 55.885739 143.409875 -6.077398 -0.017748 -0.015770 -0.671978 0.740190
39.446626 55.973317 142.566111 -6.030754 -0.017929 -0.016032 -0.670113 0.741869
39.546700 56.070144 141.711381 -5.984492 -0.018109 -0.015519 -0.668465 0.743361
39.646749 56.174267 140.829156 -5.932789 -0.017563 -0.014682 -0.666721 0.744955
39.746649 56.287016 139.965863 -5.886197 -0.017196 -0.013923 -0.665318 0.746232
39.846825 56.396051 139.104376 -5.840876 -0.017669 -0.013436 -0.663511 0.747837
39.946824 56.514652 138.227423 -5.790692 -0.017683 -0.014200 -0.662507 0.748712
40.046975 56.628600 137.374182 -5.745621 -0.018720 -0.014693 -0.661477 0.749588
40.167342 56.774661 136.318084 -5.687001 -0.019925 -0.013626 -0.660930 0.750059
40.265075 56.885689 135.539796 -5.644393 -0.021189 -0.012332 -0.660810 0.750153
40.365226 57.002183 134.695056 -5.598033 -0.021115 -0.011016 -0.660866 0.750126
40.465102 57.131169 133.842856 -5.553223 -0.021055 -0.009488 -0.661251 0.749809
40.565227 57.244231 132.976017 -5.503135 -0.021728 -0.008312 -0.661729 0.749382
40.665227 57.369024 132.096898 -5.460555 -0.022699 -0.008281 -0.662609 0.748576
40.765178 57.475710 131.206674 -5.413725 -0.024819 -0.007263 -0.663550 0.747685
40.814585 57.536346 130.766892 -5.399707 -0.025629 -0.007583 -0.663823 0.747412
40.965277 57.741503 129.163018 -5.315193 -0.024158 -0.005158 -0.665014 0.746422
41.014636 57.763949 128.852105 -5.298364 -0.024473 -0.006199 -0.665140 0.746292
41.165225 57.954250 127.349074 -5.216271 -0.024658 -0.003904 -0.665887 0.745635
41.265176 58.053770 126.508028 -5.174676 -0.024929 -0.004148 -0.666195 0.745350
41.346472 58.136372 125.829841 -5.140176 -0.025179 -0.004129 -0.666560 0.745014
41.445974 58.244567 124.933707 -5.097204 -0.024961 -0.003549 -0.667094 0.744547
41.565079 58.362181 123.863980 -5.053175 -0.023409 -0.003008 -0.667506 0.744230
41.648347 58.439706 123.199452 -5.017811 -0.022660 -0.001999 -0.667778 0.744013
41.748344 58.539641 122.281669 -4.967936 -0.021634 -0.001240 -0.668076 0.743777
41.865125 58.666824 121.238140 -4.920708 -0.022147 -0.002503 -0.668333 0.743528
41.965193 58.765299 120.401421 -4.884539 -0.023632 -0.004229 -0.668647 0.743193
42.065249 58.858251 119.539979 -4.852198 -0.024684 -0.005336 -0.668831 0.742985
42.165124 58.964060 118.665207 -4.798084 -0.024636 -0.006158 -0.668729 0.743072
42.265148 59.055356 117.792665 -4.755690 -0.025788 -0.005329 -0.668923 0.742865
42.365097 59.158976 116.930046 -4.706775 -0.026821 -0.004970 -0.668650 0.743077
42.477850 59.274777 115.953837 -4.659762 -0.028246 -0.003491 -0.668475 0.743190
42.565227 59.357730 115.249265 -4.618186 -0.028461 -0.003317 -0.668714 0.742967
42.665225 59.463166 114.321218 -4.563061 -0.028375 -0.002964 -0.668639 0.743040
42.787442 59.576384 113.249269 -4.506184 -0.026740 -0.005327 -0.668828 0.742917
42.881204 59.663768 112.573668 -4.478282 -0.027733 -0.005558 -0.668685 0.743008
42.945877 59.717982 111.981430 -4.451298 -0.028082 -0.005117 -0.668515 0.743151
43.073254 59.881361 110.700314 -4.362197 -0.029240 -0.006307 -0.668359 0.743237
43.145898 59.929378 110.218895 -4.346554 -0.029447 -0.007506 -0.668680 0.742929
43.247347 60.050825 109.202747 -4.277041 -0.030052 -0.005692 -0.668518 0.743067
43.365202 60.173874 108.143429 -4.225364 -0.029322 -0.003865 -0.668778 0.742873
43.465130 60.263406 107.403634 -4.186187 -0.027991 -0.003142 -0.669161 0.742584
43.565174 60.351327 106.562946 -4.135832 -0.027236 -0.003430 -0.668655 0.743066
43.665226 60.443327 105.741000 -4.099775 -0.026168 -0.004542 -0.668737 0.743024
43.765276 60.544793 104.894819 -4.049895 -0.025554 -0.004592 -0.668729 0.743053
43.865275 60.635908 104.036431 -4.010486 -0.025477 -0.004787 -0.669123 0.742700
43.965122 60.739616 103.196578 -3.962688 -0.025703 -0.005017 -0.669553 0.742302
44.065246 60.825586 102.357083 -3.926260 -0.026461 -0.005528 -0.670256 0.741637
44.165299 60.915384 101.494554 -3.878720 -0.026990 -0.007048 -0.671091 0.740850
44.265100 61.003237 100.633394 -3.831098 -0.026394 -0.009283 -0.671700 0.740295
44.365175 61.087027 99.755832 -3.786402 -0.025795 -0.009728 -0.672258 0.739804
44.465072 61.172292 98.903624 -3.734270 -0.025045 -0.009189 -0.672610 0.739516
44.565224 61.255982 98.026772 -3.686336 -0.022295 -0.009012 -0.672749 0.739480
44.665148 61.352263 97.151797 -3.637841 -0.021481 -0.007742 -0.672970 0.739317
44.765199 61.428418 96.290548 -3.598161 -0.021206 -0.007092 -0.673216 0.739108
44.865124 61.516150 95.420848 -3.553998 -0.020233 -0.007873 -0.673395 0.738964
44.967442 61.599574 94.526902 -3.510378 -0.019858 -0.008739 -0.673476 0.738891
45.068986 61.694194 93.632736 -3.475659 -0.019975 -0.008494 -0.673639 0.738741
45.165124 61.777924 92.797291 -3.433676 -0.019463 -0.008505 -0.673606 0.738786
45.268883 61.868550 91.875740 -3.387636 -0.020019 -0.008051 -0.673583 0.738797
45.368914 61.958552 90.999525 -3.348661 -0.022036 -0.007963 -0.673381 0.738925
45.469015 62.049084 90.098893 -3.303695 -0.022870 -0.008986 -0.673009 0.739226
45.565198 62.140683 89.227955 -3.259777 -0.022581 -0.008677 -0.672637 0.739577
45.665199 62.233951 88.305425 -3.209670 -0.021033 -0.008101 -0.672108 0.740110
45.765199 62.328530 87.426874 -3.167970 -0.021251 -0.005677 -0.671780 0.740424
45.865199 62.418177 86.538761 -3.123184 -0.020362 -0.005687 -0.671409 0.740785
45.945853 62.505437 85.811993 -3.089212 -0.021473 -0.005123 -0.671107 0.741032
46.065248 62.627239 84.636743 -3.037069 -0.023021 -0.004780 -0.671006 0.741079
46.165152 62.716431 83.814768 -2.999358 -0.023746 -0.005206 -0.671020 0.741041
46.265241 62.805977 82.935513 -2.959876 -0.024627 -0.004808 -0.671043 0.740994
46.313341 62.854183 82.514505 -2.939819 -0.024451 -0.005428 -0.670960 0.741070
46.465151 63.031028 80.899499 -2.862122 -0.022727 -0.002824 -0.671645 0.740519
46.565179 63.110102 80.092941 -2.823166 -0.023357 -0.001930 -0.671835 0.740330
46.700247 63.237187 78.926471 -2.772389 -0.022232 -0.001472 -0.672060 0.740162
46.800221 63.299510 78.221568 -2.741996 -0.022533 -0.001919 -0.672371 0.739869
46.900297 63.383015 77.400207 -2.708303 -0.022659 -0.001955 -0.672638 0.739622
46.965297 63.437821 76.841626 -2.688366 -0.023374 -0.002111 -0.672768 0.739481
47.065224 63.546226 75.829122 -2.645196 -0.022218 -0.001764 -0.673029 0.739280
47.102653 63.579530 75.453766 -2.626457 -0.021285 -0.002210 -0.673254 0.739102
47.265147 63.768538 73.604375 -2.551710 -0.020939 -0.001774 -0.673902 0.738522
47.365072 63.848448 72.779209 -2.504312 -0.022413 -0.001873 -0.674029 0.738362
47.465175 63.937584 71.892897 -2.475095 -0.023382 -0.002800 -0.674408 0.737983
47.600296 64.053172 70.706928 -2.418455 -0.024525 -0.002867 -0.674762 0.737622
47.608942 64.048267 70.749002 -2.421719 -0.025055 -0.004202 -0.674749 0.737610
47.709216 64.149225 69.744025 -2.368466 -0.027127 -0.002639 -0.675495 0.736861
47.900121 64.320696 67.875035 -2.270834 -0.026655 -0.002126 -0.676047 0.736374
47.900674 64.321553 67.869484 -2.270716 -0.026588 -0.002170 -0.676006 0.736413
48.065123 64.470212 66.235850 -2.189923 -0.025025 -0.002771 -0.676353 0.736147
48.165238 64.541995 65.472496 -2.157169 -0.025488 -0.003115 -0.676286 0.736192
48.300371 64.646261 64.349608 -2.100687 -0.023506 -0.003588 -0.676583 0.735982
48.365274 64.683866 63.929818 -2.083040 -0.023570 -0.004250 -0.676751 0.735823
48.465146 64.752389 63.055411 -2.038434 -0.022447 -0.005039 -0.676668 0.735929
48.565225 64.831823 62.173404 -1.996113 -0.022397 -0.005280 -0.676599 0.735992
48.665227 64.916568 61.271119 -1.954024 -0.021905 -0.005689 -0.676806 0.735813
48.765224 64.997524 60.373743 -1.916613 -0.021576 -0.004963 -0.677016 0.735635
48.865122 65.074709 59.481310 -1.864657 -0.020330 -0.005027 -0.677111 0.735583
48.965222 65.147697 58.617722 -1.825376 -0.019572 -0.005055 -0.677258 0.735468
49.065101 65.223285 57.737775 -1.784603 -0.019418 -0.005868 -0.677440 0.735298
49.145855 65.290600 57.018140 -1.752755 -0.020147 -0.006387 -0.677373 0.735337
49.265074 65.393460 55.850986 -1.698090 -0.019339 -0.006965 -0.677403 0.735325
49.365201 65.464619 55.031261 -1.661195 -0.018668 -0.007619 -0.677454 0.735289
49.465225 65.541719 54.186226 -1.619942 -0.018613 -0.007380 -0.677814 0.734961
49.565074 65.609482 53.332837 -1.582703 -0.018847 -0.007003 -0.677774 0.734996
49.665074 65.685809 52.471917 -1.542523 -0.018470 -0.007609 -0.678066 0.734730
49.765176 65.763890 51.582678 -1.505097 -0.017268 -0.008568 -0.677991 0.734817
49.865247 65.837326 50.716316 -1.459154 -0.016426 -0.008652 -0.677963 0.734862
49.948417 65.896491 50.006581 -1.430368 -0.015480 -0.008213 -0.678025 0.734830
50.048348 65.972610 49.060314 -1.375259 -0.013718 -0.009335 -0.677648 0.735199
50.114885 66.033516 48.495598 -1.359202 -0.016414 -0.009090 -0.677425 0.735353
50.245897 66.154275 47.146288 -1.311381 -0.015782 -0.010344 -0.677514 0.735268
50.348072 66.211848 46.418654 -1.292970 -0.014018 -0.010585 -0.677013 0.735761
50.446877 66.277099 45.605078 -1.225364 -0.010830 -0.008050 -0.677105 0.735763
50.532913 66.345959 44.885687 -1.201635 -0.008411 -0.007333 -0.677259 0.735660
50.646848 66.427767 43.834717 -1.153898 -0.009082 -0.010446 -0.676727 0.736104
50.773871 66.523957 42.835402 -1.127805 -0.011476 -0.011880 -0.675677 0.737013
50.847893 66.557515 42.372518 -1.112136 -0.010898 -0.012252 -0.675466 0.737209
50.946871 66.642505 41.445237 -1.052031 -0.008771 -0.012014 -0.675409 0.737293
51.047719 66.729714 40.591795 -1.020114 -0.010755 -0.013746 -0.674830 0.737767
51.146298 66.805167 39.794026 -0.995479 -0.012892 -0.016665 -0.674402 0.738064
51.212089 66.856366 39.238288 -0.976945 -0.015573 -0.017187 -0.674196 0.738188
51.343658 66.970017 37.949782 -0.905715 -0.010918 -0.014653 -0.673946 0.738555
51.446798 67.030298 37.270586 -0.875861 -0.008508 -0.014540 -0.673209 0.739261
51.546746 67.088846 36.469470 -0.831764 -0.006336 -0.013853 -0.673735 0.738816
51.647521 67.173341 35.673751 -0.798910 -0.004957 -0.013905 -0.673931 0.738647
51.747520 67.249755 34.871986 -0.762835 -0.004155 -0.015607 -0.673943 0.738607
51.847795 67.325557 34.064860 -0.734751 -0.005809 -0.016131 -0.674448 0.738123
51.947393 67.398435 33.273746 -0.699794 -0.006805 -0.017868 -0.675105 0.737474
52.012066 67.444579 32.755101 -0.679801 -0.007535 -0.019232 -0.675373 0.737187
52.112143 67.535938 31.786789 -0.628025 -0.008733 -0.018256 -0.675975 0.736646
52.212119 67.612406 30.915316 -0.592732 -0.008218 -0.017846 -0.676109 0.736539
52.312069 67.703235 30.073478 -0.551597 -0.007412 -0.016660 -0.676195 0.736497
52.447423 67.799361 28.988011 -0.501205 -0.006084 -0.015027 -0.676299 0.736449
52.547249 67.847504 28.404759 -0.480771 -0.005577 -0.015257 -0.676432 0.736326
52.647296 67.914767 27.687090 -0.446828 -0.004774 -0.015648 -0.676294 0.736451
52.747168 67.969717 26.961909 -0.416151 -0.005132 -0.015235 -0.676106 0.736629
52.847248 68.035809 26.230185 -0.386039 -0.004083 -0.015774 -0.676093 0.736636
52.947196 68.091836 25.544907 -0.358222 -0.003263 -0.015759 -0.676119 0.736617
53.047147 68.156466 24.872611 -0.322496 -0.001925 -0.014972 -0.676184 0.736578
53.147045 68.206650 24.226020 -0.296759 -0.001493 -0.014064 -0.676643 0.736175
53.246672 68.269852 23.598886 -0.265011 -0.001181 -0.014348 -0.676799 0.736027
53.346945 68.324638 22.987216 -0.241174 -0.001576 -0.014314 -0.677290 0.735575
53.446872 68.377177 22.427188 -0.215996 -0.002241 -0.014580 -0.677789 0.735109
53.546772 68.422666 21.879009 -0.192908 -0.003858 -0.014539 -0.678390 0.734548
53.646944 68.467936 21.375196 -0.175865 -0.003442 -0.014865 -0.678850 0.734119
53.746997 68.499380 20.906281 -0.149604 -0.003561 -0.015425 -0.679507 0.733498
53.846922 68.540388 20.438985 -0.131889 -0.004312 -0.016232 -0.679686 0.733311
53.946850 68.573579 19.964938 -0.102992 -0.006069 -0.016829 -0.680192 0.732816
54.012047 68.602562 19.685092 -0.093531 -0.006764 -0.017857 -0.680331 0.732656
54.146723 68.658523 18.966976 -0.058638 -0.006738 -0.016200 -0.680175 0.732840
54.246798 68.696936 18.595474 -0.044220 -0.006848 -0.016122 -0.679989 0.733013
54.346872 68.726520 18.169894 -0.023861 -0.006786 -0.014874 -0.680037 0.732996
54.446872 68.756990 17.754715 -0.006621 -0.006989 -0.013611 -0.680026 0.733028
54.565176 68.800618 17.230609 0.019338 -0.008709 -0.012042 -0.679985 0.733075
54.665098 68.833027 16.851148 0.029160 -0.009081 -0.012319 -0.680091 0.732968
54.765171 68.870267 16.437719 0.048365 -0.009395 -0.011350 -0.680460 0.732637
54.846822 68.887453 16.092486 0.065040 -0.010387 -0.010441 -0.681042 0.732096
54.965200 68.935796 15.555746 0.083882 -0.011408 -0.009115 -0.682959 0.730310
55.012013 68.947941 15.395797 0.088555 -0.012344 -0.010633 -0.683344 0.729915
55.112167 68.995912 14.864096 0.110611 -0.012583 -0.008670 -0.686586 0.726888
55.212091 69.031299 14.400230 0.127905 -0.012904 -0.007367 -0.688704 0.724890
55.312113 69.044088 13.981055 0.145887 -0.013992 -0.006822 -0.690897 0.722786
55.412114 69.057678 13.577885 0.156012 -0.014455 -0.007023 -0.693430 0.720345
55.512162 69.069169 13.210063 0.181521 -0.014561 -0.007102 -0.696226 0.717640
55.612163 69.080709 12.842128 0.188328 -0.014973 -0.006545 -0.698931 0.715002
55.711968 69.083639 12.505442 0.207575 -0.014611 -0.006581 -0.701415 0.712572
55.869488 69.087177 11.966780 0.228214 -0.015363 -0.006666 -0.705377 0.708635
55.974293 69.070250 11.716121 0.238187 -0.016032 -0.007862 -0.707205 0.706783
56.065177 69.078173 11.480145 0.253166 -0.017097 -0.007338 -0.709507 0.704453
56.107877 69.077997 11.334966 0.251486 -0.017894 -0.006986 -0.711322 0.702603
56.207880 69.074437 10.936647 0.276588 -0.017488 -0.004897 -0.718165 0.695636
56.308104 69.041428 10.561136 0.284024 -0.016957 -0.004516 -0.723515 0.690086
56.408479 69.011387 10.220605 0.303914 -0.015635 -0.005082 -0.728939 0.684382
56.508702 68.980975 9.886157 0.312581 -0.015350 -0.005602 -0.733988 0.678966
56.646702 68.921960 9.458310 0.336671 -0.013902 -0.005597 -0.740826 0.671530
56.712093 68.906662 9.310829 0.338128 -0.014629 -0.006305 -0.742565 0.669584
56.809927 68.877165 8.979425 0.357229 -0.013637 -0.005703 -0.748297 0.663199
56.910177 68.822698 8.642175 0.366663 -0.013168 -0.004883 -0.753462 0.657341
57.010500 68.769121 8.337227 0.373147 -0.012195 -0.004779 -0.757801 0.652354
57.111993 68.713831 8.045030 0.388412 -0.010933 -0.005343 -0.762057 0.647396
57.211223 68.651655 7.774269 0.397500 -0.010021 -0.006242 -0.765804 0.642965
57.312070 68.597234 7.515902 0.404177 -0.008994 -0.007356 -0.769115 0.639005
57.412091 68.539868 7.273913 0.422429 -0.008747 -0.008106 -0.771895 0.635638
57.512140 68.498418 7.028994 0.429095 -0.008303 -0.008391 -0.773923 0.633169
57.644534 68.446697 6.748521 0.442435 -0.007577 -0.008462 -0.775525 0.631214
57.744631 68.405915 6.582722 0.444062 -0.008022 -0.008772 -0.776243 0.630322
57.841339 68.373679 6.411408 0.457291 -0.007587 -0.009174 -0.776454 0.630062
57.940463 68.347854 6.238749 0.461002 -0.008191 -0.009538 -0.776206 0.630354
58.039842 68.318014 6.070269 0.464393 -0.009263 -0.010268 -0.775532 0.631156
58.140367 68.290859 5.892495 0.469596 -0.010427 -0.010925 -0.774054 0.632940
58.225457 68.261591 5.759866 0.475472 -0.010595 -0.011599 -0.772445 0.634888
58.339247 68.214596 5.557309 0.484241 -0.010173 -0.011757 -0.769191 0.638830
58.435304 68.205027 5.395162 0.493191 -0.010249 -0.012086 -0.766571 0.641964
58.535505 68.193141 5.201524 0.498932 -0.009968 -0.011972 -0.762944 0.646277
58.633735 68.173706 5.024074 0.504136 -0.009212 -0.012143 -0.758744 0.651211
58.734260 68.165606 4.847864 0.511251 -0.008860 -0.012550 -0.753819 0.656902
58.835878 68.160869 4.660721 0.521820 -0.009443 -0.012468 -0.748164 0.663329
58.936404 68.157226 4.491823 0.522572 -0.010101 -0.012723 -0.741685 0.670551
59.010915 68.165318 4.362671 0.526983 -0.011891 -0.013645 -0.736334 0.676376
59.110650 68.166419 4.126823 0.528934 -0.013187 -0.014572 -0.726298 0.687099
59.212114 68.203055 3.885462 0.538787 -0.013426 -0.015902 -0.717132 0.696627
59.312064 68.246127 3.647956 0.542169 -0.013249 -0.016337 -0.705787 0.708112
59.412064 68.278784 3.414917 0.565591 -0.012931 -0.016625 -0.693196 0.720441
59.512063 68.333709 3.151020 0.569527 -0.013319 -0.015441 -0.679650 0.733253
59.612068 68.396949 2.876447 0.580478 -0.012693 -0.013453 -0.664782 0.746808
59.712138 68.478346 2.605838 0.582559 -0.011894 -0.011370 -0.648425 0.761101
59.844829 68.580213 2.240531 0.592244 -0.010567 -0.011040 -0.625443 0.780120
59.933957 68.694684 2.031126 0.606364 -0.010212 -0.011690 -0.613806 0.789304
60.032438 68.793737 1.776091 0.616477 -0.008711 -0.010974 -0.594761 0.803780
60.200346 68.974943 1.322188 0.649843 -0.006807 -0.007232 -0.561819 0.827200
60.300147 69.134922 1.076779 0.647549 -0.007214 -0.006264 -0.549072 0.835721
60.322169 69.153381 1.038929 0.654154 -0.009947 -0.004831 -0.546879 0.837138
60.420671 69.294369 0.814083 0.633784 -0.007432 -0.002666 -0.520719 0.853692
60.531339 69.509508 0.549729 0.667474 -0.004575 -0.002818 -0.495174 0.868777
60.629769 69.711014 0.334778 0.655866 -0.004440 -0.003956 -0.472194 0.881474
60.730420 69.922170 0.106444 0.689093 -0.004527 -0.004445 -0.448830 0.893595
60.814817 70.128780 -0.072629 0.675299 -0.006199 -0.003651 -0.428334 0.903592
60.927152 70.414030 -0.365315 0.695900 -0.004538 -0.003008 -0.398962 0.916951
61.025754 70.679076 -0.562094 0.682231 -0.004028 -0.003672 -0.376609 0.926356
61.123236 70.954839 -0.745743 0.698431 -0.001573 -0.005404 -0.352677 0.935728
61.222042 71.239229 -0.943944 0.698126 -0.000146 -0.007212 -0.328920 0.944330
61.310640 71.518458 -1.111542 0.726029 -0.001089 -0.007394 -0.308726 0.951122
61.424251 71.923183 -1.308728 0.718703 -0.005725 -0.004139 -0.281591 0.959509
61.525296 72.284829 -1.465575 0.724771 -0.006738 -0.003087 -0.261152 0.965269
61.608521 72.589971 -1.591494 0.713658 -0.007336 -0.002586 -0.243773 0.969801
61.708045 72.989601 -1.748049 0.724311 -0.005868 -0.001783 -0.220856 0.975287
61.807398 73.403574 -1.907721 0.723111 -0.003893 -0.000712 -0.199849 0.979819
61.906751 73.794516 -2.032948 0.743654 -0.002397 0.000930 -0.179110 0.983826
62.006410 74.212417 -2.147487 0.743545 -0.002425 0.002328 -0.158971 0.987278
62.200073 75.067251 -2.279245 0.743311 -0.005140 0.004361 -0.125728 0.992042
62.299948 75.356866 -2.323983 0.736225 -0.005851 0.002823 -0.116428 0.993178
62.399699 75.716358 -2.384357 0.738699 -0.007375 0.003402 -0.105663 0.994369
62.499474 76.090956 -2.433938 0.738668 -0.008726 0.004001 -0.096017 0.995333
62.599548 76.499694 -2.487526 0.736155 -0.010044 0.004671 -0.088120 0.996048
62.640090 76.698207 -2.515117 0.736987 -0.010927 0.004087 -0.083811 0.996413
62.739987 77.288353 -2.572635 0.728712 -0.011925 0.005332 -0.076878 0.996955
62.803654 77.666253 -2.616229 0.730593 -0.012406 0.005386 -0.072618 0.997268
62.903557 78.286110 -2.701237 0.725261 -0.013515 0.006440 -0.069945 0.997439
63.003334 78.875268 -2.751914 0.726068 -0.013733 0.006297 -0.067596 0.997598
63.103014 79.451164 -2.834883 0.723165 -0.014316 0.006110 -0.066305 0.997678
63.300296 80.570416 -2.988599 0.712004 -0.012434 0.007118 -0.063869 0.997855
63.400246 80.906283 -3.023903 0.714406 -0.012524 0.005605 -0.061790 0.997995
63.417832 80.961722 -3.053213 0.708513 -0.013191 0.003827 -0.063020 0.997918
63.512043 81.433033 -3.118603 0.711067 -0.009429 0.005172 -0.063371 0.997932
63.644625 82.137025 -3.221317 0.723771 -0.007653 0.006835 -0.062209 0.998010
63.744603 82.654349 -3.270474 0.730524 -0.007836 0.005801 -0.060826 0.998101
63.812042 83.009697 -3.306963 0.726711 -0.009913 0.004316 -0.060311 0.998121
63.912009 83.568671 -3.363088 0.729366 -0.011038 0.003920 -0.060348 0.998109
64.041623 84.308755 -3.466207 0.712222 -0.009460 0.004003 -0.059960 0.998148
64.141506 84.811086 -3.535558 0.713964 -0.007095 0.002884 -0.059142 0.998220
64.241558 85.318705 -3.609319 0.728807 -0.006638 0.003285 -0.059819 0.998182
64.341631 85.829487 -3.659189 0.732618 -0.008925 0.004375 -0.059991 0.998149
64.441506 86.335482 -3.722275 0.734495 -0.010329 0.005330 -0.060447 0.998104
64.541358 86.817889 -3.774778 0.732776 -0.010569 0.005783 -0.060214 0.998113
64.641229 87.312984 -3.809568 0.734224 -0.009639 0.006208 -0.060532 0.998100
64.741306 87.813743 -3.873902 0.734401 -0.009952 0.006497 -0.060831 0.998077
64.841406 88.301112 -3.913034 0.737902 -0.009747 0.006186 -0.061228 0.998057
64.941135 88.774900 -3.964776 0.732457 -0.010541 0.006314 -0.061778 0.998014
65.044749 89.277001 -4.020762 0.732886 -0.010172 0.006502 -0.062184 0.997992
65.112041 89.598123 -4.069622 0.730011 -0.009503 0.005871 -0.062743 0.997967
65.212163 90.146191 -4.134760 0.732166 -0.008335 0.005896 -0.063870 0.997906
65.317326 90.706275 -4.210070 0.736725 -0.008178 0.006103 -0.064662 0.997855
65.441059 91.327272 -4.306271 0.734655 -0.008544 0.006691 -0.065957 0.997763
65.540980 91.754148 -4.375654 0.735953 -0.008078 0.006421 -0.066359 0.997742
65.640985 92.205811 -4.432702 0.731389 -0.007317 0.006403 -0.067626 0.997663
65.740807 92.649949 -4.495981 0.738274 -0.006246 0.006315 -0.068347 0.997622
65.840693 93.102973 -4.554143 0.734579 -0.006299 0.006037 -0.069058 0.997575
65.916753 93.467590 -4.603896 0.735212 -0.006247 0.004602 -0.069665 0.997540
66.021012 93.997354 -4.675465 0.731559 -0.005586 0.003200 -0.071163 0.997444
66.121015 94.500054 -4.735515 0.732709 -0.005098 0.002482 -0.071202 0.997446
66.240640 95.108347 -4.825584 0.726755 -0.004065 0.002632 -0.070985 0.997466
66.340684 95.564901 -4.901447 0.731544 -0.003217 0.002636 -0.070668 0.997491
66.440807 96.050525 -4.970971 0.730760 -0.002598 0.002928 -0.070891 0.997476
66.517651 96.440943 -5.028339 0.733429 -0.001796 0.002516 -0.070076 0.997537
66.620463 97.056416 -5.101838 0.736109 -0.001099 0.002791 -0.069293 0.997592
66.720249 97.601388 -5.185585 0.733855 -0.001031 0.003272 -0.067655 0.997703
66.820297 98.166507 -5.267770 0.734708 -0.000974 0.003886 -0.065868 0.997820
66.920367 98.741893 -5.333668 0.737225 -0.000762 0.004360 -0.063691 0.997960
67.020542 99.288795 -5.402145 0.738646 -0.001049 0.004961 -0.061284 0.998107
67.120321 99.846317 -5.456076 0.741489 -0.001326 0.005430 -0.059025 0.998241
67.220048 100.409738 -5.525351 0.742999 -0.001817 0.004850 -0.056141 0.998409
67.319600 100.978580 -5.569236 0.743247 -0.002328 0.003737 -0.053413 0.998563
67.419351 101.512375 -5.620194 0.747727 -0.003125 0.002895 -0.051075 0.998686
67.519227 102.067418 -5.656674 0.746195 -0.004345 0.002252 -0.048517 0.998810
67.641167 102.736322 -5.714242 0.744617 -0.005433 0.002433 -0.045472 0.998948
67.741340 103.197924 -5.741279 0.743594 -0.005032 0.002500 -0.043561 0.999035
67.817655 103.610597 -5.773741 0.746825 -0.004627 0.002672 -0.042105 0.999099
67.902948 104.135179 -5.809597 0.753007 -0.004454 0.004001 -0.040931 0.999144
68.002559 104.753843 -5.848344 0.764172 -0.005524 0.005205 -0.039449 0.999193
68.102385 105.319672 -5.891069 0.759505 -0.007070 0.005574 -0.038920 0.999202
68.202138 105.866932 -5.919356 0.765141 -0.007638 0.005981 -0.038977 0.999193
68.309795 106.453127 -5.959854 0.758895 -0.008586 0.006372 -0.039692 0.999155
68.500172 107.446409 -6.035732 0.754407 -0.008803 0.007409 -0.041790 0.999060
68.599862 107.630868 -6.044116 0.755546 -0.008617 0.006523 -0.041704 0.999072
68.609960 107.755248 -6.039574 0.754570 -0.008682 0.006128 -0.043273 0.999007
68.710236 108.368646 -6.112657 0.757682 -0.010450 0.008202 -0.046772 0.998817
68.810987 108.944500 -6.161070 0.750873 -0.011157 0.008710 -0.047379 0.998777
68.911942 109.465295 -6.189460 0.754268 -0.011764 0.009108 -0.050056 0.998636
69.044758 110.144552 -6.259303 0.745840 -0.012612 0.009325 -0.053259 0.998458
69.144905 110.545937 -6.305540 0.741018 -0.012557 0.009180 -0.054833 0.998374
69.244977 110.980467 -6.361547 0.733033 -0.011465 0.009346 -0.058587 0.998173
69.346723 111.449852 -6.419083 0.739125 -0.010406 0.010209 -0.061964 0.997972
69.446720 111.898604 -6.471038 0.738107 -0.011100 0.009208 -0.065610 0.997741
69.546747 112.354981 -6.542232 0.743164 -0.010249 0.006235 -0.069100 0.997538
69.646698 112.821685 -6.613098 0.741895 -0.010521 0.003998 -0.072551 0.997301
69.746675 113.255017 -6.683415 0.747608 -0.010696 0.000501 -0.076279 0.997029
69.812043 113.527199 -6.717294 0.741918 -0.011372 -0.003021 -0.078659 0.996832
69.912166 114.035245 -6.803486 0.745597 -0.011167 -0.010277 -0.082914 0.996441
70.012141 114.492988 -6.896041 0.752903 -0.010562 -0.013436 -0.085394 0.996201
70.112117 114.949263 -6.982499 0.760902 -0.008660 -0.013659 -0.087811 0.996006
70.212117 115.363861 -7.061018 0.774197 -0.006818 -0.013669 -0.090199 0.995807
70.312040 115.782363 -7.143898 0.797620 -0.005577 -0.011738 -0.092748 0.995605
70.446798 116.358549 -7.237942 0.827796 -0.006755 -0.005714 -0.095712 0.995370
70.546850 116.658637 -7.306151 0.832401 -0.007096 -0.002964 -0.097025 0.995252
70.646751 117.048506 -7.364086 0.849751 -0.007876 0.000368 -0.099374 0.995019
70.722940 117.330942 -7.434271 0.850203 -0.007968 0.002115 -0.100747 0.994878
70.846925 117.848373 -7.542977 0.859147 -0.006891 0.003432 -0.104254 0.994521
70.934881 118.140374 -7.617067 0.869948 -0.006359 0.002512 -0.105570 0.994388
71.012088 118.453332 -7.685464 0.863626 -0.007076 0.001844 -0.108781 0.994039
71.114708 118.897831 -7.787436 0.865143 -0.006957 0.002368 -0.113091 0.993557
71.239617 119.396027 -7.909691 0.871591 -0.006627 0.003370 -0.116894 0.993117
71.340914 119.716955 -7.985282 0.884990 -0.007000 0.004019 -0.119461 0.992806
71.414681 120.003910 -8.057144 0.866492 -0.008921 0.005020 -0.122232 0.992449
71.512019 120.427843 -8.164394 0.862326 -0.008191 0.008767 -0.126017 0.991955
71.637894 120.934478 -8.309076 0.846777 -0.005053 0.013920 -0.128914 0.991545
71.734257 121.234824 -8.390878 0.848857 -0.003858 0.016360 -0.130183 0.991347
71.835425 121.613649 -8.502845 0.836141 -0.002490 0.020344 -0.132687 0.990946
71.936970 121.977812 -8.610437 0.846845 -0.001105 0.024302 -0.133992 0.990684
72.037967 122.338395 -8.711892 0.867655 -0.001367 0.025682 -0.135886 0.990391
72.139666 122.686373 -8.789761 0.860351 -0.004567 0.024152 -0.137795 0.990156
72.241112 123.017733 -8.875483 0.859470 -0.006557 0.022322 -0.139173 0.989995
72.344679 123.342287 -8.967928 0.831138 -0.006521 0.019606 -0.140980 0.989797
72.445003 123.640303 -9.067517 0.821769 -0.004411 0.016574 -0.142576 0.989635
72.546745 123.936908 -9.160704 0.798915 -0.002905 0.012703 -0.143083 0.989625
72.612143 124.130348 -9.205787 0.798028 -0.001675 0.009359 -0.142831 0.989701
72.712139 124.483741 -9.313604 0.770487 0.000153 0.003944 -0.137909 0.990437
72.824110 124.843700 -9.418608 0.786436 0.001905 0.000882 -0.131521 0.991311
72.924407 125.139709 -9.489259 0.789311 0.001611 0.001284 -0.125294 0.992118
73.024636 125.453590 -9.534319 0.809494 0.001297 0.003267 -0.115069 0.993351
73.200197 125.989395 -9.618192 0.810143 0.000228 0.002711 -0.091861 0.995768
73.300173 126.188465 -9.597316 0.803296 0.000272 0.001434 -0.084058 0.996460
73.325357 126.246541 -9.610760 0.807364 -0.000147 0.000145 -0.082434 0.996596
73.425282 126.479283 -9.619129 0.802402 -0.000637 0.000585 -0.058567 0.998283
73.517657 126.740896 -9.605741 0.813369 -0.001081 0.000613 -0.040678 0.999172
73.625135 127.057118 -9.610372 0.799240 -0.000956 0.000954 -0.017965 0.999838
73.724984 127.351266 -9.584483 0.812812 -0.000717 0.001369 0.002345 0.999996
73.824983 127.640443 -9.535428 0.795822 -0.000863 0.002162 0.024275 0.999703
73.924188 127.925142 -9.485832 0.815807 -0.000419 0.003128 0.046585 0.998909
74.015586 128.191688 -9.409674 0.809006 -0.000885 0.004575 0.067683 0.997696
74.125932 128.527052 -9.326896 0.830233 -0.002185 0.006317 0.093748 0.995574
74.244557 128.888662 -9.197321 0.819956 -0.004589 0.006802 0.120443 0.992686
74.344678 129.155588 -9.090562 0.815137 -0.005598 0.006682 0.140750 0.990007
74.427848 129.367774 -8.984962 0.801289 -0.006966 0.006410 0.159515 0.987150
74.544707 129.715306 -8.781874 0.782130 -0.006187 0.007109 0.189955 0.981747
74.644626 129.992688 -8.657338 0.790084 -0.005415 0.007936 0.210426 0.977562
74.725483 130.222334 -8.514139 0.789366 -0.004164 0.008518 0.229068 0.973364
74.826126 130.560312 -8.270628 0.808621 -0.005463 0.009306 0.256510 0.966481
74.941388 130.911107 -8.023070 0.779722 -0.008821 0.009401 0.284538 0.958578
75.040990 131.184072 -7.811401 0.769913 -0.009036 0.010157 0.305200 0.952191
75.140916 131.464538 -7.548748 0.756027 -0.008342 0.011915 0.328480 0.944399
75.240740 131.741345 -7.265519 0.755583 -0.008350 0.012403 0.351618 0.936024
75.341163 132.019429 -6.942411 0.736436 -0.009548 0.011985 0.375708 0.926611
75.412064 132.208232 -6.719774 0.724278 -0.009434 0.011494 0.392693 0.919549
75.512066 132.522238 -6.265146 0.717017 -0.009363 0.011651 0.421199 0.906845
75.609077 132.777470 -5.901673 0.698624 -0.009091 0.010413 0.444174 0.895834
75.708478 133.018284 -5.487026 0.685926 -0.009104 0.008393 0.467404 0.883957
75.899848 133.465457 -4.653552 0.646445 -0.008002 0.008085 0.508436 0.861025
75.999474 133.572621 -4.145433 0.627360 -0.006938 0.007590 0.523833 0.851759
76.006416 133.584111 -4.137354 0.641973 -0.004947 0.007335 0.524962 0.851080
76.200346 133.872281 -3.131416 0.654055 -0.011245 0.009914 0.560652 0.827916
76.300123 133.955897 -2.655976 0.606704 -0.010876 0.009256 0.573914 0.818791
76.399847 134.059399 -2.157784 0.610679 -0.011368 0.009133 0.587020 0.809441
76.499525 134.177829 -1.633705 0.562215 -0.011708 0.009120 0.598822 0.800745
76.599349 134.297531 -1.109252 0.561793 -0.011117 0.010248 0.609438 0.792689
76.612192 134.320100 -1.036873 0.543368 -0.010299 0.009680 0.611153 0.791386
76.712092 134.532027 -0.389533 0.561917 -0.011283 0.013272 0.619569 0.784749
76.812168 134.637466 0.219415 0.510854 -0.012594 0.014031 0.627319 0.778534
76.922893 134.760693 0.895320 0.510530 -0.013009 0.015250 0.634797 0.772419
77.017582 134.847246 1.443174 0.468595 -0.013389 0.015453 0.639880 0.768203
77.112117 134.939135 2.057241 0.464675 -0.013554 0.015875 0.644704 0.764147
77.213112 135.025525 2.736098 0.419263 -0.013783 0.015988 0.648785 0.760679
77.323065 135.125975 3.481596 0.405277 -0.014306 0.016907 0.651763 0.758099
77.413316 135.193634 4.047725 0.367692 -0.014622 0.017234 0.653410 0.756667
77.514885 135.282043 4.796509 0.349681 -0.015395 0.018086 0.654327 0.755839
77.615034 135.366939 5.491902 0.307010 -0.016227 0.018695 0.654417 0.755729
77.729622 135.493621 6.312743 0.273703 -0.016162 0.020051 0.654391 0.755718
77.816827 135.566059 6.890699 0.235939 -0.015861 0.020408 0.654270 0.755819
77.923690 135.680677 7.660575 0.197298 -0.014107 0.023205 0.654092 0.755927
78.021444 135.801288 8.370958 0.183531 -0.012606 0.024787 0.653412 0.756492
78.121766 135.894186 9.107674 0.154933 -0.011047 0.024774 0.653185 0.756712
78.217552 135.993412 9.823954 0.130103 -0.010016 0.023553 0.653135 0.756809
78.321394 136.114158 10.632620 0.075376 -0.007853 0.022044 0.652794 0.757174
78.420899 136.223233 11.383629 0.053182 -0.007306 0.021951 0.652095 0.757785
78.521297 136.357106 12.160400 0.013444 -0.007215 0.022125 0.651215 0.758536
78.621121 136.462239 12.940432 -0.001391 -0.007392 0.022521 0.650446 0.759182
78.721794 136.575758 13.727639 -0.036316 -0.008354 0.022347 0.649652 0.759857
78.822042 136.703771 14.526251 -0.069749 -0.009012 0.022310 0.649107 0.760317
78.921219 136.823548 15.316747 -0.102499 -0.008815 0.023360 0.648582 0.760735
79.021444 136.953891 16.123142 -0.124023 -0.008654 0.023893 0.647953 0.761256
79.115512 137.069357 16.880390 -0.157026 -0.008672 0.023370 0.647523 0.761638
79.222192 137.213551 17.772004 -0.196041 -0.008603 0.022891 0.647138 0.761980
79.321816 137.346838 18.563372 -0.233324 -0.008319 0.023019 0.646547 0.762481
79.421594 137.488156 19.357198 -0.263212 -0.008136 0.023427 0.646212 0.762755
79.517656 137.619398 20.145060 -0.296367 -0.007860 0.023729 0.646089 0.762852
79.621048 137.767520 21.031369 -0.330222 -0.007744 0.024336 0.646111 0.762816
79.720648 137.898350 21.853310 -0.365539 -0.007435 0.024435 0.646050 0.762868
