1.436901 0.089355 -0.000488 0.001257 0.000080 -0.000772 0.001564 0.999998
1.514807 0.203524 0.002389 0.000406 0.000055 -0.001201 0.002457 0.999996
1.612139 0.260860 0.018144 0.001158 0.000192 -0.001426 0.005516 0.999984
1.725584 0.419263 0.023852 0.001879 0.000222 -0.001536 0.009191 0.999957
1.825908 0.544996 0.036786 0.004341 0.000431 -0.001593 0.012950 0.999915
1.925634 0.697883 0.054232 0.005489 0.000705 -0.001649 0.018715 0.999823
2.013115 0.829121 0.071679 0.007708 0.000871 -0.001809 0.024711 0.999693
2.124835 1.021747 0.097417 0.012550 0.000743 -0.001583 0.036257 0.999341
2.225508 1.194695 0.130764 0.013571 0.000407 -0.001570 0.045857 0.998947
2.324835 1.377969 0.169626 0.013643 0.000217 -0.001655 0.058035 0.998313
2.417631 1.563405 0.220732 0.013486 0.000215 -0.001848 0.070993 0.997475
2.522441 1.796322 0.286422 0.012849 0.000463 -0.002108 0.087532 0.996159
2.621346 2.003022 0.355055 0.016819 0.000585 -0.002417 0.102666 0.994713
2.717555 2.231008 0.428298 0.019270 0.000849 -0.002682 0.119958 0.992775
2.810732 2.450437 0.531862 0.025321 0.000588 -0.002705 0.137628 0.990480
2.915488 2.714868 0.644975 0.029059 -0.000701 -0.002410 0.159895 0.987131
3.015436 2.961109 0.777597 0.028414 -0.002013 -0.001840 0.180240 0.983619
3.115489 3.222388 0.922196 0.026166 -0.003261 -0.001303 0.202325 0.979312
3.215563 3.480296 1.085619 0.024486 -0.004095 -0.000834 0.225493 0.974236
3.315510 3.753977 1.258974 0.022765 -0.004277 0.000059 0.249373 0.968398
3.417632 4.028356 1.460136 0.027752 -0.003962 0.002433 0.274041 0.961707
3.521868 4.298857 1.690176 0.032375 -0.005480 0.004248 0.299230 0.954156
3.623610 4.556912 1.925670 0.031289 -0.007304 0.005322 0.323905 0.946047
3.734406 4.820532 2.208745 0.022959 -0.010515 0.006642 0.351595 0.936070
3.835182 5.044484 2.474490 0.007641 -0.012156 0.008230 0.374141 0.927256
3.934705 5.260490 2.759529 0.000087 -0.013063 0.010512 0.398688 0.916933
4.033934 5.494018 3.067004 -0.003533 -0.013934 0.012663 0.423970 0.905481
4.134059 5.710676 3.408012 -0.017161 -0.014084 0.014064 0.450276 0.892668
4.234282 5.913349 3.765780 -0.025352 -0.014106 0.014655 0.475625 0.879413
4.334805 6.097973 4.133655 -0.032635 -0.014394 0.014315 0.500248 0.865644
4.437871 6.268372 4.543910 -0.052617 -0.014905 0.013496 0.524311 0.851290
4.512118 6.384468 4.845905 -0.065931 -0.015033 0.012798 0.540716 0.840974
4.612241 6.535947 5.329506 -0.095414 -0.014413 0.012912 0.566487 0.823843
4.712165 6.671850 5.794584 -0.116441 -0.013593 0.013337 0.587076 0.809308
4.812065 6.784085 6.273267 -0.127873 -0.012777 0.014431 0.606947 0.794509
4.936878 6.897375 6.886314 -0.142234 -0.014129 0.016435 0.628890 0.777192
5.037700 6.949507 7.316012 -0.154313 -0.015252 0.017428 0.642854 0.765639
5.144803 6.982679 7.824053 -0.175723 -0.016194 0.017793 0.658139 0.752512
5.212139 7.009501 8.148808 -0.189603 -0.016642 0.017344 0.666424 0.745185
5.312143 7.022604 8.725491 -0.220942 -0.017334 0.016275 0.679895 0.732924
5.412165 7.042828 9.281784 -0.250488 -0.016790 0.015966 0.690548 0.722915
5.512165 7.040728 9.850562 -0.276644 -0.015728 0.016870 0.698419 0.715317
5.612138 7.025290 10.398395 -0.291114 -0.015052 0.018206 0.706361 0.707458
5.713294 7.001879 10.976816 -0.311438 -0.014856 0.018056 0.712358 0.701427
5.812065 6.978059 11.539529 -0.334259 -0.015668 0.016892 0.717791 0.695877
5.912016 6.949050 12.121021 -0.360442 -0.016413 0.016262 0.722109 0.691394
6.012115 6.910196 12.718617 -0.389684 -0.016941 0.016028 0.725289 0.688050
6.114658 6.871011 13.342219 -0.419872 -0.017443 0.016310 0.727659 0.685523
6.212091 6.822803 13.941801 -0.440245 -0.018058 0.017791 0.729097 0.683941
6.338249 6.757844 14.745168 -0.473544 -0.019062 0.018644 0.730168 0.682747
6.411992 6.729558 15.164272 -0.493002 -0.019232 0.018484 0.730432 0.682465
6.512066 6.677292 15.844720 -0.526841 -0.019105 0.018315 0.731055 0.681805
6.612564 6.624980 16.536566 -0.559055 -0.018254 0.018264 0.732052 0.680760
6.713214 6.573395 17.230862 -0.592642 -0.017885 0.017517 0.732857 0.679922
6.825310 6.509911 18.013394 -0.629851 -0.018794 0.016970 0.733049 0.679704
6.911967 6.458935 18.577143 -0.656906 -0.019581 0.017646 0.733086 0.679625
7.012091 6.398918 19.311959 -0.688039 -0.020881 0.018279 0.732974 0.679690
7.112116 6.333025 20.049506 -0.719155 -0.021104 0.017924 0.732980 0.679686
7.213161 6.270791 20.797717 -0.758680 -0.019983 0.016550 0.732891 0.679851
7.301918 6.217502 21.454099 -0.794403 -0.018063 0.015756 0.732975 0.679833
7.412442 6.142028 22.302531 -0.836208 -0.017124 0.015337 0.732786 0.680071
7.514736 6.084700 23.057701 -0.863374 -0.018365 0.015726 0.732410 0.680434
7.624937 6.010847 23.878296 -0.894920 -0.019725 0.017358 0.732423 0.680343
7.716877 5.969064 24.558361 -0.926543 -0.020142 0.018807 0.732634 0.680064
7.824211 5.907872 25.408940 -0.969976 -0.018928 0.020631 0.733055 0.679593
7.910145 5.857869 26.076769 -1.000822 -0.017556 0.021912 0.733146 0.679491
8.010223 5.800139 26.896585 -1.036383 -0.015704 0.021724 0.733304 0.679372
8.110250 5.727488 27.711961 -1.076218 -0.014214 0.020338 0.733821 0.678889
8.210273 5.663568 28.535120 -1.115262 -0.012542 0.019338 0.734243 0.678495
8.321269 5.591728 29.445191 -1.145934 -0.010642 0.019574 0.734654 0.678076
8.411410 5.536596 30.142033 -1.170839 -0.010238 0.019973 0.735072 0.677618
8.521864 5.444093 31.076705 -1.199226 -0.011725 0.020084 0.734723 0.677969
8.611801 5.381898 31.803276 -1.224381 -0.012143 0.020522 0.735320 0.677301
8.730117 5.287455 32.816715 -1.263526 -0.012347 0.021923 0.734946 0.677659
8.833588 5.232828 33.613053 -1.295987 -0.011797 0.022945 0.735657 0.676863
8.914658 5.179293 34.268361 -1.317539 -0.011933 0.023258 0.735486 0.677036
9.044634 5.066346 35.428527 -1.360747 -0.011604 0.023035 0.735289 0.677263
9.121195 5.032432 35.980213 -1.395317 -0.011544 0.022357 0.736549 0.675916
9.214917 4.954046 36.844901 -1.425068 -0.011089 0.022846 0.735400 0.677157
9.320496 4.862697 37.809458 -1.469336 -0.010446 0.023702 0.735694 0.676818
9.412266 4.786208 38.600368 -1.493966 -0.008664 0.023808 0.736461 0.676006
9.512016 4.711210 39.509473 -1.532618 -0.006507 0.023815 0.736557 0.675925
9.612097 4.631666 40.399699 -1.567700 -0.006054 0.024097 0.737002 0.675433
9.715435 4.537873 41.325285 -1.598297 -0.006732 0.026046 0.737427 0.674891
9.817705 4.456921 42.219124 -1.629053 -0.008181 0.027878 0.737839 0.674351
9.919202 4.370561 43.120170 -1.662044 -0.008635 0.028536 0.738097 0.674036
10.015437 4.289574 43.971726 -1.699148 -0.009078 0.027800 0.738464 0.673658
10.117629 4.196685 44.889600 -1.738252 -0.009343 0.026240 0.738914 0.673224
10.217605 4.109594 45.781372 -1.779864 -0.009694 0.025832 0.739505 0.672585
10.312647 4.031457 46.634116 -1.814094 -0.010298 0.026024 0.739744 0.672307
10.420147 3.920765 47.618829 -1.850937 -0.011762 0.025659 0.740234 0.671756
10.520944 3.828225 48.507356 -1.893905 -0.012855 0.025091 0.740812 0.671120
10.620572 3.740833 49.388499 -1.931575 -0.013134 0.024781 0.741462 0.670408
10.720648 3.643182 50.283238 -1.973110 -0.012401 0.025146 0.741788 0.670048
10.817555 3.546961 51.162499 -2.008799 -0.012247 0.024925 0.741847 0.669993
10.912943 3.446796 52.036829 -2.045351 -0.012148 0.025463 0.742365 0.669401
11.017652 3.342346 53.014204 -2.084957 -0.012378 0.025727 0.742841 0.668858
11.117604 3.241776 53.902261 -2.121347 -0.012835 0.025650 0.743370 0.668266
11.219602 3.138362 54.810745 -2.159280 -0.013211 0.025499 0.743429 0.668198
11.321442 3.037096 55.715273 -2.198692 -0.014660 0.024576 0.743836 0.667750
11.422740 2.927094 56.614215 -2.238727 -0.016818 0.024041 0.743645 0.667931
11.523790 2.818150 57.515902 -2.281903 -0.019431 0.022982 0.743495 0.668063
11.624387 2.720312 58.416818 -2.329075 -0.020392 0.023233 0.742877 0.668714
11.724560 2.619940 59.321641 -2.375201 -0.020858 0.024017 0.742114 0.669518
11.823688 2.525421 60.210209 -2.420896 -0.020525 0.024721 0.741506 0.670176
11.923611 2.433803 61.105787 -2.465998 -0.019516 0.024360 0.740910 0.670878
12.022787 2.343456 62.003662 -2.512448 -0.018390 0.023359 0.740660 0.671222
12.122691 2.253311 62.907065 -2.554083 -0.017643 0.022839 0.740583 0.671345
12.223513 2.157977 63.829120 -2.599170 -0.017903 0.022484 0.740218 0.671752
12.323562 2.061181 64.733033 -2.642113 -0.018453 0.021861 0.739709 0.672318
12.424188 1.969560 65.653043 -2.683847 -0.018896 0.021008 0.739677 0.672369
12.523191 1.874351 66.562292 -2.730375 -0.018822 0.020364 0.739667 0.672402
12.622639 1.784016 67.478614 -2.777613 -0.018682 0.020394 0.739494 0.672594
12.722041 1.694658 68.400138 -2.816104 -0.018370 0.020308 0.739252 0.672872
12.814660 1.612499 69.265369 -2.860274 -0.017702 0.020822 0.739020 0.673129
12.921594 1.512407 70.307085 -2.906112 -0.016500 0.021166 0.738635 0.673571
13.020322 1.427679 71.215046 -2.945298 -0.015910 0.020991 0.738817 0.673391
13.117657 1.337518 72.131219 -2.985137 -0.014315 0.022050 0.738390 0.673862
13.219427 1.251751 73.105965 -3.026894 -0.014096 0.022169 0.738090 0.674190
13.317605 1.162593 74.028156 -3.062406 -0.014851 0.022701 0.737591 0.674703
13.420796 1.065058 75.031437 -3.108603 -0.016042 0.023091 0.737026 0.675279
13.521022 0.977760 75.989135 -3.150238 -0.016673 0.023162 0.736615 0.675709
13.621266 0.885781 76.950464 -3.197678 -0.016607 0.023123 0.736217 0.676146
13.721096 0.805680 77.924594 -3.244421 -0.016051 0.023693 0.735859 0.676530
13.821069 0.723635 78.889398 -3.288773 -0.016121 0.024138 0.735721 0.676662
13.902062 0.655393 79.667387 -3.321775 -0.016309 0.023946 0.735497 0.676908
14.020823 0.545830 80.917631 -3.388816 -0.015203 0.024458 0.735408 0.677013
14.121098 0.467060 81.839221 -3.422637 -0.015429 0.023419 0.735929 0.676477
14.221392 0.378526 82.789388 -3.465924 -0.016474 0.023265 0.735713 0.676693
14.321692 0.290186 83.743146 -3.508653 -0.017212 0.023700 0.735805 0.676560
14.422842 0.201984 84.696912 -3.551243 -0.018593 0.023117 0.735963 0.676372
14.523339 0.112691 85.653770 -3.594896 -0.018179 0.023392 0.735997 0.676336
14.615038 0.032063 86.526903 -3.641385 -0.018359 0.022907 0.736235 0.676089
14.724084 -0.064036 87.598331 -3.692104 -0.018628 0.022734 0.736139 0.676192
14.825008 -0.148885 88.529556 -3.738529 -0.019738 0.022518 0.736326 0.675964
14.926379 -0.236380 89.475407 -3.775286 -0.021025 0.022109 0.736195 0.676081
15.027826 -0.319952 90.416790 -3.825222 -0.022175 0.021652 0.735652 0.676651
15.129299 -0.403235 91.342909 -3.867417 -0.022827 0.021145 0.734877 0.677486
15.230118 -0.489075 92.274394 -3.913485 -0.023518 0.020698 0.734832 0.677525
15.331640 -0.570219 93.207740 -3.961898 -0.023026 0.020600 0.734496 0.677910
15.420617 -0.635036 94.026273 -4.001852 -0.022834 0.019499 0.734295 0.678166
15.524480 -0.721838 95.038356 -4.057294 -0.021733 0.018411 0.733997 0.678556
15.629919 -0.802305 96.021271 -4.107265 -0.021333 0.018296 0.734208 0.678342
15.733436 -0.883421 96.966330 -4.147529 -0.022053 0.019280 0.734551 0.677921
15.838097 -0.966608 97.915713 -4.186374 -0.023168 0.020578 0.734788 0.677589
15.945849 -1.050871 98.875564 -4.234064 -0.023935 0.021310 0.735404 0.676871
16.020076 -1.106804 99.515487 -4.265650 -0.023813 0.021587 0.735899 0.676328
16.119031 -1.203417 100.516600 -4.314666 -0.022888 0.020992 0.736334 0.675905
16.217759 -1.285238 101.465110 -4.366046 -0.021359 0.020422 0.737196 0.675033
16.312564 -1.364459 102.361856 -4.416581 -0.019408 0.020734 0.737960 0.674247
16.425635 -1.463075 103.444819 -4.465546 -0.017812 0.023235 0.738838 0.673247
16.525955 -1.552498 104.306859 -4.505153 -0.019391 0.024790 0.739987 0.671885
16.626330 -1.643630 105.196512 -4.550912 -0.020935 0.026634 0.740476 0.671228
16.730072 -1.743484 106.126163 -4.591442 -0.021623 0.027701 0.741342 0.670207
16.834037 -1.847434 107.039941 -4.645143 -0.022088 0.025776 0.742122 0.669405
16.938821 -1.954416 107.941257 -4.700601 -0.022684 0.022923 0.742643 0.668910
17.003270 -2.017052 108.500581 -4.736835 -0.022639 0.021955 0.743166 0.668364
17.102800 -2.141802 109.543578 -4.799725 -0.023319 0.021999 0.744018 0.667390
17.202654 -2.254505 110.516149 -4.848323 -0.024068 0.022836 0.745064 0.666167
17.400047 -2.480461 112.378105 -4.952092 -0.022335 0.023800 0.746844 0.664198
17.499848 -2.550921 113.076516 -5.000703 -0.021974 0.023383 0.746900 0.664162
17.599227 -2.650891 113.873771 -5.033728 -0.021072 0.023323 0.747349 0.663688
17.600622 -2.650528 113.870300 -5.032062 -0.021112 0.023284 0.747329 0.663711
17.799951 -2.903756 115.769417 -5.124177 -0.020377 0.022715 0.748277 0.662684
17.900172 -2.996123 116.628630 -5.183393 -0.020872 0.021963 0.748259 0.662715
17.924534 -3.023897 116.833773 -5.188775 -0.020793 0.022245 0.748413 0.662533
18.100347 -3.239752 118.445504 -5.276264 -0.020885 0.023216 0.748441 0.662466
18.124336 -3.256661 118.636726 -5.286091 -0.021742 0.023301 0.748388 0.662495
18.224736 -3.387208 119.569146 -5.333924 -0.020959 0.021162 0.748201 0.662803
18.324312 -3.507814 120.487380 -5.377605 -0.020458 0.019759 0.747821 0.663291
18.401810 -3.595958 121.196773 -5.423523 -0.019817 0.019938 0.747567 0.663591
18.501743 -3.726479 122.200668 -5.469821 -0.020823 0.020933 0.747099 0.664057
18.623739 -3.872484 123.400360 -5.521681 -0.020894 0.021549 0.746667 0.664520
18.700672 -3.868256 123.403604 -5.521558 -0.020899 0.021603 0.746640 0.664549
18.823517 -4.078642 125.311527 -5.619745 -0.020544 0.020624 0.745679 0.665669
18.923166 -4.182477 126.188408 -5.662776 -0.020238 0.020794 0.745619 0.665741
19.022642 -4.291157 127.092864 -5.700001 -0.020329 0.020496 0.745194 0.666223
19.121842 -4.394142 127.994426 -5.748689 -0.019708 0.020683 0.744847 0.666623
19.221793 -4.497414 128.909720 -5.794299 -0.020723 0.020857 0.744250 0.667254
19.322268 -4.601972 129.828579 -5.837001 -0.022242 0.022270 0.743995 0.667443
19.423064 -4.708665 130.754398 -5.871763 -0.023835 0.022296 0.743713 0.667702
19.522416 -4.806313 131.644226 -5.917776 -0.023245 0.022126 0.743117 0.668391
19.621991 -4.905186 132.548552 -5.962056 -0.021384 0.020725 0.742666 0.669000
19.721068 -5.000783 133.446228 -6.011939 -0.019006 0.020958 0.742328 0.669439
19.820248 -5.095481 134.355440 -6.053269 -0.018491 0.020658 0.741926 0.669908
19.919673 -5.184929 135.253432 -6.103364 -0.017677 0.022321 0.741906 0.669899
20.017676 -5.281743 136.137508 -6.136239 -0.017027 0.023749 0.741430 0.670394
20.112070 -5.373223 136.997551 -6.173906 -0.017790 0.024330 0.741312 0.670484
20.217554 -5.478781 137.969625 -6.223534 -0.018123 0.025972 0.740815 0.670962
20.319872 -5.573528 138.862777 -6.271867 -0.020048 0.026794 0.740878 0.670805
20.420792 -5.658526 139.739480 -6.313648 -0.021132 0.028109 0.740647 0.670973
20.521044 -5.750721 140.611462 -6.357389 -0.022591 0.028291 0.740401 0.671189
20.621666 -5.839833 141.476083 -6.408547 -0.023228 0.027578 0.740268 0.671344
20.722189 -5.930415 142.323460 -6.459936 -0.023888 0.026651 0.740113 0.671529
20.801951 -6.004062 142.993830 -6.503383 -0.024073 0.026024 0.739940 0.671738
20.901708 -6.104263 143.902960 -6.556194 -0.025416 0.025415 0.739843 0.671819
21.001610 -6.191181 144.746360 -6.612377 -0.026043 0.025930 0.739451 0.672207
21.101988 -6.273737 145.577210 -6.657232 -0.027346 0.026058 0.739245 0.672377
21.223714 -6.371870 146.550667 -6.713960 -0.027843 0.025801 0.739193 0.672423
21.329547 -6.443509 147.289208 -6.757622 -0.027476 0.026225 0.738977 0.672659
21.423539 -6.509261 147.956657 -6.794215 -0.027391 0.025671 0.739132 0.672514
21.523388 -6.587828 148.688995 -6.841918 -0.026924 0.025313 0.739401 0.672250
21.623238 -6.662307 149.425289 -6.885506 -0.026717 0.024951 0.739872 0.671754
21.723188 -6.735166 150.149080 -6.929201 -0.026445 0.024810 0.740436 0.671148
21.822862 -6.815728 150.887186 -6.972852 -0.026105 0.025265 0.740889 0.670645
21.922963 -6.894939 151.611321 -7.014798 -0.026584 0.024971 0.741182 0.670313
22.022913 -6.976403 152.340187 -7.059385 -0.026484 0.024887 0.741412 0.670065
22.122786 -7.045601 153.056098 -7.102266 -0.025936 0.024841 0.741510 0.669980
22.202070 -7.101125 153.610818 -7.135292 -0.025563 0.025148 0.741565 0.669922
22.322166 -7.204026 154.533035 -7.189762 -0.025325 0.025703 0.741723 0.669736
22.401950 -7.256560 155.057738 -7.220216 -0.025461 0.026104 0.741297 0.670185
22.501755 -7.337415 155.798043 -7.262634 -0.026351 0.026562 0.740887 0.670587
22.601831 -7.407621 156.479593 -7.300638 -0.026696 0.026500 0.740247 0.671282
22.701929 -7.473673 157.157211 -7.339480 -0.026859 0.026876 0.739419 0.672173
22.802033 -7.531246 157.795467 -7.374374 -0.026579 0.026808 0.738358 0.673351
22.929121 -7.606498 158.589358 -7.421876 -0.026711 0.025354 0.736933 0.674962
23.032634 -7.651882 159.157081 -7.456070 -0.026923 0.024691 0.735857 0.676151
23.127686 -7.699566 159.688247 -7.487615 -0.027359 0.023524 0.733777 0.678431
23.235155 -7.748702 160.308602 -7.521152 -0.026798 0.022266 0.731013 0.681474
23.337649 -7.783965 160.895243 -7.552939 -0.026395 0.020840 0.727971 0.684782
23.439792 -7.819576 161.484221 -7.589489 -0.025367 0.019700 0.724599 0.688422
23.510767 -7.833038 161.886700 -7.612239 -0.024405 0.019188 0.721964 0.691233
23.610620 -7.853404 162.531376 -7.647799 -0.024759 0.018524 0.717411 0.695963
23.723366 -7.864354 163.222947 -7.681641 -0.025210 0.018707 0.712430 0.701041
23.823013 -7.859477 163.782408 -7.708087 -0.025635 0.018995 0.708140 0.705351
23.923041 -7.854856 164.337312 -7.731171 -0.026295 0.018570 0.703202 0.710261
24.023469 -7.836313 164.915996 -7.761751 -0.026587 0.018184 0.697620 0.715743
24.137497 -7.815659 165.550917 -7.798869 -0.027611 0.017564 0.690950 0.722161
24.237350 -7.787531 166.073149 -7.827018 -0.028506 0.017234 0.685298 0.727500
24.335557 -7.743471 166.596048 -7.853799 -0.029078 0.017162 0.678669 0.733667
24.435979 -7.691720 167.135605 -7.877771 -0.030011 0.017530 0.670807 0.740817
24.536552 -7.633904 167.688803 -7.906815 -0.031794 0.017505 0.662933 0.747798
24.637300 -7.560073 168.238443 -7.936929 -0.033326 0.016613 0.654584 0.755072
24.738022 -7.468619 168.779491 -7.963982 -0.034075 0.014877 0.645665 0.762715
24.838446 -7.367531 169.309877 -7.996078 -0.034539 0.013506 0.636682 0.770234
24.939196 -7.257501 169.849368 -8.028108 -0.034753 0.012501 0.627097 0.778065
25.012020 -7.163169 170.223659 -8.051078 -0.034755 0.012037 0.620412 0.783413
25.165150 -6.928075 171.103315 -8.090832 -0.035701 0.010453 0.602856 0.796983
25.220568 -6.875272 171.269992 -8.098657 -0.035691 0.010372 0.601041 0.798354
25.339845 -6.663944 171.930795 -8.130829 -0.036782 0.009637 0.584713 0.810349
25.465925 -6.423208 172.543893 -8.161141 -0.037376 0.009126 0.570803 0.820185
25.540717 -6.284041 172.841645 -8.177868 -0.037494 0.009167 0.564105 0.824800
25.641191 -6.069292 173.343789 -8.201884 -0.037746 0.009266 0.549737 0.834433
25.741415 -5.841466 173.818036 -8.222235 -0.038215 0.009693 0.536596 0.842918
25.841089 -5.601046 174.280888 -8.245951 -0.038823 0.010105 0.523099 0.851327
25.965149 -5.288066 174.842643 -8.272818 -0.039392 0.009924 0.505528 0.861853
26.044702 -5.107393 175.137802 -8.287457 -0.039381 0.009883 0.496611 0.867023
26.146774 -4.817212 175.598248 -8.309365 -0.039895 0.009076 0.479145 0.876782
26.265226 -4.454963 176.116161 -8.335109 -0.040980 0.007996 0.461023 0.886405
26.365177 -4.162399 176.492691 -8.353877 -0.041851 0.007772 0.447538 0.893251
26.465153 -3.831991 176.877566 -8.371985 -0.042541 0.006928 0.431811 0.900934
26.565125 -3.488253 177.271430 -8.387827 -0.042986 0.006031 0.415947 0.908352
26.646370 -3.180323 177.587889 -8.407188 -0.043389 0.005626 0.402656 0.914305
26.746347 -2.759683 177.998797 -8.425524 -0.043301 0.004940 0.383750 0.922408
26.865250 -2.264554 178.451929 -8.445988 -0.043515 0.004094 0.363813 0.930446
26.965126 -1.893038 178.771383 -8.461909 -0.044070 0.003702 0.349568 0.935867
27.065152 -1.471623 179.101509 -8.476829 -0.044428 0.003318 0.333171 0.941813
27.165100 -1.049122 179.412929 -8.486574 -0.044444 0.003169 0.316373 0.947588
27.265201 -0.592927 179.722755 -8.495259 -0.044828 0.003040 0.299702 0.952974
27.365154 -0.127883 180.018561 -8.504881 -0.045833 0.002729 0.282892 0.958052
27.465226 0.356563 180.296305 -8.516467 -0.045623 0.002204 0.266453 0.962765
27.516905 0.606939 180.432333 -8.520503 -0.045472 0.001899 0.257799 0.965126
27.665146 1.481051 180.868534 -8.532198 -0.045225 0.001299 0.230912 0.971922
27.765202 1.915069 181.081135 -8.538696 -0.044129 0.001179 0.220052 0.974489
27.814760 2.156193 181.186654 -8.539020 -0.044426 0.000955 0.213376 0.975959
27.914634 2.784324 181.433183 -8.545625 -0.045433 0.000024 0.195828 0.979585
28.014712 3.365656 181.652078 -8.550456 -0.045724 -0.000179 0.181425 0.982341
28.114711 3.940035 181.852539 -8.553864 -0.045326 -0.000592 0.167052 0.984906
28.213068 4.503482 182.022572 -8.558955 -0.044363 -0.000705 0.153157 0.987205
28.347098 5.283422 182.244178 -8.557711 -0.044756 0.000110 0.135180 0.989810
28.444680 5.774362 182.370319 -8.558361 -0.044575 0.000461 0.124758 0.991185
28.546676 6.351501 182.496917 -8.557519 -0.045279 0.000605 0.112019 0.992674
28.646753 6.942564 182.617713 -8.556959 -0.045221 0.000795 0.099502 0.994009
28.746798 7.546402 182.720134 -8.553717 -0.045177 0.000835 0.086726 0.995207
28.846900 8.167791 182.817113 -8.549944 -0.045541 -0.000058 0.073571 0.996250
28.913239 8.594885 182.869008 -8.551934 -0.046481 -0.000830 0.064843 0.996812
29.012916 9.325265 182.939454 -8.552200 -0.047634 -0.001019 0.050907 0.997566
29.113016 10.033761 182.993726 -8.550748 -0.046728 -0.000981 0.039173 0.998139
29.265201 11.109358 183.052429 -8.540301 -0.046111 -0.000415 0.023885 0.998651
29.313189 11.295257 183.064115 -8.539482 -0.046487 -0.000332 0.021057 0.998697
29.445896 12.276544 183.076899 -8.533193 -0.046357 -0.000797 0.009738 0.998877
29.545923 12.940586 183.082552 -8.529896 -0.044883 -0.000664 0.002836 0.998988
29.614585 13.413209 183.075013 -8.522851 -0.044146 -0.000532 -0.000940 0.999024
29.714533 14.175723 183.055906 -8.515793 -0.041865 -0.000237 -0.004426 0.999113
29.866420 15.332211 183.030405 -8.503806 -0.040010 0.001117 -0.008516 0.999162
29.938069 15.704534 183.023492 -8.504951 -0.039845 0.001365 -0.010972 0.999145
30.065100 16.618033 183.004942 -8.496621 -0.038655 0.003188 -0.010838 0.999189
30.144600 17.135144 182.995856 -8.489915 -0.038216 0.003820 -0.012365 0.999186
30.246800 17.888454 182.978998 -8.487225 -0.037722 0.003833 -0.011655 0.999213
30.346874 18.620097 182.966026 -8.484926 -0.037530 0.003474 -0.011366 0.999225
30.468889 19.501786 182.951555 -8.482834 -0.036305 0.002929 -0.010824 0.999278
30.546872 20.021161 182.943546 -8.479577 -0.036110 0.002491 -0.011287 0.999281
30.613193 20.517071 182.934908 -8.477455 -0.035992 0.002313 -0.009790 0.999301
30.748545 21.601258 182.928097 -8.471140 -0.037014 0.002763 -0.007451 0.999283
30.848373 22.296403 182.925568 -8.466905 -0.036687 0.002435 -0.008306 0.999289
30.965177 23.111213 182.916630 -8.462573 -0.037296 0.003111 -0.007392 0.999272
31.048495 23.656880 182.915765 -8.459860 -0.037877 0.003651 -0.007036 0.999251
31.146925 24.358304 182.909881 -8.457286 -0.038066 0.004619 -0.005677 0.999248
31.248345 25.064829 182.907429 -8.452747 -0.037905 0.005061 -0.004676 0.999258
31.346750 25.752067 182.907217 -8.448776 -0.037786 0.005200 -0.003768 0.999265
31.446726 26.466944 182.904269 -8.450165 -0.037857 0.005076 -0.003301 0.999265
31.548493 27.162798 182.902413 -8.451033 -0.037536 0.004944 -0.003237 0.999278
31.648642 27.860139 182.900432 -8.448829 -0.036825 0.005130 -0.002808 0.999305
31.746823 28.551357 182.898295 -8.446031 -0.036244 0.005539 -0.002624 0.999324
31.869012 29.395807 182.895136 -8.441117 -0.035866 0.005042 -0.002954 0.999340
31.968890 30.039887 182.891169 -8.439266 -0.036421 0.004482 -0.003833 0.999319
32.069015 30.692149 182.878082 -8.439798 -0.036734 0.004214 -0.005120 0.999303
32.165175 31.321461 182.872710 -8.435884 -0.037038 0.003759 -0.006572 0.999285
32.265174 31.987353 182.874542 -8.433973 -0.037300 0.003935 -0.008802 0.999258
32.365200 32.637970 182.857762 -8.432326 -0.038539 0.004466 -0.012542 0.999168
32.465499 33.303315 182.841431 -8.429913 -0.039856 0.004535 -0.017387 0.999044
32.565252 33.942916 182.815855 -8.424317 -0.041010 0.004997 -0.024117 0.998855
32.665199 34.595169 182.775298 -8.416987 -0.041542 0.005244 -0.032731 0.998587
32.765276 35.239220 182.724320 -8.410181 -0.042224 0.004932 -0.042995 0.998170
32.865198 35.872821 182.659773 -8.400179 -0.042636 0.003550 -0.055428 0.997546
32.965176 36.508847 182.575003 -8.391133 -0.043374 0.002346 -0.069068 0.996666
33.065176 37.129549 182.479440 -8.382307 -0.044014 0.000944 -0.083436 0.995540
33.165126 37.736093 182.353781 -8.374510 -0.043923 -0.000388 -0.099780 0.994039
33.265218 38.355090 182.209513 -8.361954 -0.044437 -0.001382 -0.116871 0.992151
33.365192 38.962473 182.056080 -8.345756 -0.044074 -0.002137 -0.134783 0.989892
33.413265 39.225585 181.971416 -8.337246 -0.043573 -0.002515 -0.142873 0.988778
33.513367 39.924920 181.742756 -8.311885 -0.041229 -0.002795 -0.167456 0.985013
33.614786 40.571827 181.490468 -8.291917 -0.040654 -0.001634 -0.186530 0.981606
33.718401 41.192267 181.217247 -8.274488 -0.039342 -0.000061 -0.205599 0.977845
33.847400 41.922603 180.846591 -8.248661 -0.036444 0.000841 -0.228473 0.972867
33.947174 42.443368 180.565021 -8.219838 -0.034758 0.000862 -0.244147 0.969115
34.019698 42.816645 180.358344 -8.202505 -0.034319 0.000840 -0.256726 0.965874
34.120293 43.367407 180.011518 -8.192880 -0.035893 0.000187 -0.277423 0.960077
34.245820 44.019382 179.548540 -8.171163 -0.035402 -0.000688 -0.299442 0.953457
34.346699 44.493168 179.204878 -8.153829 -0.034186 -0.000777 -0.314947 0.948493
34.445870 44.954789 178.827513 -8.130770 -0.033787 -0.000058 -0.331720 0.942773
34.544679 45.401099 178.431469 -8.106627 -0.033695 0.000612 -0.348785 0.936597
34.644656 45.858388 178.006428 -8.087475 -0.033964 0.000705 -0.366323 0.929867
34.744681 46.291814 177.551550 -8.061349 -0.033031 -0.000241 -0.383746 0.922848
34.840962 46.685263 177.113289 -8.041878 -0.032473 -0.001754 -0.399984 0.915945
34.940338 47.083632 176.632893 -8.018346 -0.031736 -0.003084 -0.416999 0.908348
35.039541 47.479392 176.124548 -7.991166 -0.031158 -0.004135 -0.433431 0.900639
35.138866 47.846451 175.610946 -7.958809 -0.030179 -0.004849 -0.449711 0.892651
35.265200 48.299498 174.918941 -7.921633 -0.028867 -0.005302 -0.469437 0.882478
35.365149 48.617120 174.400645 -7.892605 -0.027540 -0.005935 -0.482016 0.875709
35.423087 48.793434 174.098585 -7.875523 -0.027147 -0.006123 -0.490600 0.870940
35.523459 49.115194 173.483621 -7.841168 -0.026079 -0.006649 -0.506946 0.861558
35.665120 49.554189 172.607301 -7.792225 -0.025122 -0.007986 -0.525973 0.850092
35.765072 49.811772 172.061595 -7.761574 -0.024770 -0.008604 -0.535452 0.844159
35.865147 50.076001 171.469698 -7.732041 -0.024054 -0.009333 -0.546578 0.837011
35.994339 50.398593 170.677615 -7.686722 -0.023976 -0.010584 -0.560034 0.828055
36.093995 50.616892 170.114604 -7.653052 -0.023990 -0.011379 -0.567937 0.822643
36.165097 50.770066 169.683664 -7.625363 -0.024435 -0.012265 -0.574588 0.817986
36.265100 50.971769 169.024511 -7.591395 -0.026053 -0.013222 -0.583355 0.811691
36.313015 51.076651 168.686943 -7.572057 -0.027486 -0.013712 -0.587320 0.808772
36.411992 51.286998 167.894545 -7.522502 -0.025749 -0.014178 -0.595273 0.802986
36.512143 51.503721 167.124482 -7.471417 -0.025329 -0.013928 -0.602260 0.797776
36.612118 51.714364 166.330922 -7.419976 -0.023966 -0.013944 -0.607048 0.794181
36.712017 51.919508 165.561348 -7.368279 -0.023687 -0.013730 -0.611587 0.790703
36.812041 52.115160 164.797971 -7.324112 -0.024787 -0.012538 -0.615158 0.787914
36.912042 52.306952 164.031813 -7.278834 -0.025393 -0.011576 -0.618552 0.785248
37.012140 52.505736 163.257914 -7.235215 -0.025920 -0.009960 -0.622745 0.781932
37.112142 52.691267 162.486785 -7.192326 -0.026398 -0.008355 -0.626217 0.779157
37.213341 52.867720 161.697704 -7.150198 -0.027798 -0.005862 -0.630741 0.775473
37.314811 53.036200 160.902727 -7.112987 -0.028894 -0.003968 -0.635893 0.771226
37.465124 53.269622 159.724961 -7.058308 -0.029321 -0.003212 -0.643712 0.764699
37.545922 53.348801 159.205354 -7.028653 -0.029693 -0.003200 -0.646115 0.762655
37.615082 53.435903 158.679602 -7.003082 -0.029976 -0.004145 -0.650112 0.759236
37.715136 53.570477 157.843075 -6.961311 -0.030586 -0.006497 -0.655368 0.754662
37.814561 53.680971 157.007845 -6.915621 -0.030070 -0.008279 -0.660090 0.750539
37.914934 53.779290 156.155774 -6.860424 -0.029228 -0.007815 -0.664402 0.746763
38.015010 53.875897 155.287895 -6.807043 -0.026659 -0.007116 -0.668437 0.743257
38.146775 53.990717 154.161012 -6.738344 -0.023337 -0.007317 -0.672520 0.739675
38.246775 54.059441 153.392836 -6.696027 -0.022460 -0.007890 -0.674740 0.737671
38.346777 54.126937 152.580651 -6.653623 -0.020773 -0.009216 -0.676744 0.735868
38.446897 54.180816 151.752824 -6.605028 -0.020546 -0.009819 -0.677712 0.734974
38.547572 54.252710 150.903022 -6.561019 -0.021273 -0.010814 -0.678004 0.734670
38.613261 54.301230 150.353601 -6.532583 -0.021879 -0.012531 -0.678211 0.734434
38.713288 54.369743 149.419121 -6.486227 -0.022961 -0.015257 -0.677286 0.735203
38.813339 54.446358 148.494693 -6.429674 -0.023299 -0.015606 -0.676298 0.736094
38.915005 54.536998 147.577354 -6.381697 -0.022498 -0.013741 -0.674841 0.737492
39.046823 54.642854 146.425145 -6.313246 -0.018997 -0.013964 -0.673053 0.739218
39.146753 54.713774 145.678428 -6.263535 -0.018042 -0.014238 -0.671623 0.740537
39.246825 54.802713 144.839151 -6.213786 -0.017344 -0.014892 -0.670359 0.741684
39.346748 54.884040 144.008145 -6.165777 -0.017712 -0.015141 -0.668757 0.743115
39.446626 54.988531 143.161686 -6.120755 -0.017582 -0.015751 -0.667005 0.744679
39.546700 55.088244 142.311792 -6.076086 -0.017514 -0.015470 -0.665331 0.746183
39.646749 55.201067 141.427040 -6.028636 -0.016769 -0.014998 -0.663760 0.747607
39.746649 55.314386 140.564427 -5.982218 -0.016263 -0.014111 -0.662013 0.749183
39.846825 55.432206 139.710591 -5.937302 -0.016656 -0.013533 -0.660400 0.750607
39.946824 55.554626 138.850348 -5.888129 -0.016966 -0.014348 -0.659330 0.751525
40.046975 55.679119 137.989749 -5.839809 -0.018122 -0.014651 -0.658551 0.752175
40.167342 55.832862 136.946023 -5.784105 -0.019445 -0.013758 -0.657891 0.752737
40.265075 55.956949 136.140967 -5.739913 -0.020409 -0.012593 -0.657689 0.752907
40.365226 56.080667 135.289325 -5.690912 -0.020307 -0.011365 -0.657809 0.752825
40.465102 56.206663 134.441802 -5.646011 -0.020532 -0.009697 -0.658092 0.752595
40.565227 56.330250 133.579162 -5.596180 -0.021402 -0.008205 -0.658735 0.752026
40.665227 56.457147 132.704928 -5.551078 -0.022536 -0.007866 -0.659465 0.751357
40.765178 56.574509 131.826366 -5.506710 -0.024489 -0.006967 -0.660402 0.750481
40.814585 56.636647 131.379482 -5.489000 -0.025197 -0.006995 -0.661085 0.749855
40.965277 56.829320 129.902736 -5.420143 -0.023027 -0.005958 -0.661552 0.749522
41.014636 56.880904 129.496219 -5.395141 -0.023769 -0.005758 -0.662176 0.748949
41.165225 57.069191 128.048392 -5.319795 -0.024098 -0.003887 -0.663128 0.748108
41.265176 57.176144 127.205751 -5.279121 -0.024081 -0.004150 -0.663009 0.748212
41.346472 57.265491 126.510801 -5.247132 -0.023985 -0.004336 -0.663597 0.747693
41.445974 57.382871 125.611877 -5.199926 -0.024343 -0.003344 -0.663831 0.747479
41.565079 57.514743 124.536411 -5.150180 -0.023357 -0.002590 -0.664408 0.747001
41.648347 57.599154 123.832632 -5.118882 -0.021660 -0.001992 -0.664742 0.746756
41.748344 57.710572 122.908243 -5.070209 -0.020189 -0.001810 -0.665104 0.746476
41.865125 57.840652 121.856837 -5.020579 -0.020201 -0.003850 -0.665335 0.746261
41.965193 57.945660 121.007030 -4.983069 -0.022778 -0.004291 -0.665584 0.745963
42.065249 58.049676 120.142244 -4.949258 -0.024140 -0.005116 -0.665874 0.745656
42.165124 58.159066 119.282033 -4.905212 -0.024124 -0.005595 -0.665825 0.745697
42.265148 58.266469 118.409096 -4.856802 -0.024965 -0.005218 -0.665856 0.745644
42.365097 58.377197 117.535335 -4.811431 -0.025928 -0.005042 -0.665672 0.745777
42.477850 58.503438 116.542067 -4.764157 -0.027096 -0.003809 -0.665355 0.746026
42.565227 58.588964 115.827895 -4.725354 -0.027839 -0.002938 -0.665743 0.745655
42.665225 58.697955 114.925024 -4.674736 -0.027523 -0.003074 -0.665546 0.745842
42.787442 58.828648 113.849454 -4.619212 -0.026471 -0.004800 -0.665702 0.745733
42.881204 58.918159 113.134873 -4.583942 -0.026489 -0.005814 -0.665670 0.745754
42.945877 58.983149 112.588724 -4.560241 -0.026914 -0.005160 -0.665474 0.745917
43.073254 59.143722 111.360001 -4.482832 -0.027973 -0.006932 -0.665180 0.746127
43.145898 59.222353 110.780499 -4.445657 -0.028415 -0.007601 -0.665703 0.745637
43.247347 59.334384 109.830096 -4.392246 -0.029100 -0.005740 -0.665445 0.745857
43.365202 59.464625 108.775028 -4.332364 -0.028481 -0.003987 -0.665484 0.745858
43.465130 59.556885 107.992837 -4.295885 -0.027655 -0.002712 -0.666001 0.745433
43.565174 59.660615 107.155115 -4.246967 -0.026629 -0.003136 -0.665621 0.745808
43.665226 59.760007 106.326238 -4.208888 -0.025591 -0.004417 -0.665712 0.745756
43.765276 59.865454 105.480508 -4.163999 -0.025471 -0.004076 -0.665701 0.745772
43.865275 59.969024 104.638032 -4.122759 -0.024875 -0.004708 -0.665962 0.745556
43.965122 60.068914 103.796792 -4.076025 -0.025351 -0.004600 -0.666540 0.745024
44.065246 60.168106 102.947786 -4.035587 -0.025866 -0.005349 -0.667262 0.744355
44.165299 60.260852 102.106238 -3.992632 -0.026014 -0.007204 -0.668053 0.743624
44.265100 60.349503 101.253624 -3.945629 -0.025661 -0.009061 -0.668625 0.743102
44.365175 60.438335 100.397376 -3.900151 -0.025030 -0.009778 -0.669012 0.742766
44.465072 60.534926 99.547390 -3.851205 -0.023650 -0.009669 -0.669396 0.742466
44.565224 60.627361 98.680278 -3.804052 -0.020726 -0.009620 -0.669656 0.742320
44.665148 60.721470 97.804135 -3.759618 -0.019940 -0.008521 -0.669835 0.742194
44.765199 60.812966 96.934220 -3.715629 -0.019451 -0.007871 -0.670121 0.741955
44.865124 60.905178 96.060440 -3.671848 -0.018809 -0.008344 -0.670305 0.741800
44.967442 60.997483 95.174318 -3.628485 -0.018594 -0.009146 -0.670326 0.741778
45.068986 61.095335 94.279961 -3.591770 -0.018548 -0.008914 -0.670500 0.741624
45.165124 61.190291 93.432624 -3.553154 -0.017606 -0.009124 -0.670501 0.741644
45.268883 61.290988 92.487593 -3.503912 -0.018209 -0.008683 -0.670469 0.741664
45.368914 61.382753 91.617451 -3.462647 -0.019924 -0.008717 -0.670086 0.741965
45.469015 61.480325 90.721039 -3.423487 -0.021065 -0.009690 -0.669806 0.742174
45.565198 61.574591 89.859469 -3.379857 -0.020682 -0.009527 -0.669416 0.742538
45.665199 61.673118 88.951068 -3.331300 -0.019294 -0.008475 -0.669052 0.742917
45.765199 61.780239 88.055736 -3.287646 -0.018752 -0.006792 -0.668693 0.743271
45.865199 61.877925 87.177649 -3.244563 -0.019093 -0.005835 -0.668465 0.743476
45.945853 61.962562 86.453869 -3.209182 -0.019727 -0.005445 -0.668147 0.743748
46.065248 62.096699 85.307601 -3.159557 -0.021064 -0.005562 -0.667748 0.744068
46.165152 62.200113 84.443528 -3.121055 -0.021779 -0.005933 -0.667905 0.743904
46.265241 62.303070 83.575896 -3.080553 -0.022660 -0.005584 -0.667848 0.743932
46.313341 62.351686 83.147799 -3.060762 -0.022605 -0.005790 -0.667857 0.743924
46.465151 62.518359 81.604368 -2.990640 -0.020863 -0.003505 -0.668400 0.743501
46.565179 62.623954 80.745519 -2.946176 -0.021493 -0.002315 -0.668802 0.743126
46.700247 62.768288 79.531024 -2.895275 -0.020321 -0.002282 -0.669160 0.742837
46.800221 62.854153 78.788435 -2.862056 -0.020330 -0.002486 -0.669260 0.742746
46.900297 62.940453 77.946397 -2.832054 -0.020633 -0.002845 -0.669589 0.742440
46.965297 62.991835 77.396260 -2.814036 -0.020335 -0.003537 -0.669674 0.742368
47.065224 63.095633 76.436979 -2.769561 -0.020299 -0.002649 -0.670040 0.742042
47.102653 63.138075 76.076724 -2.755483 -0.018938 -0.002729 -0.670205 0.741930
47.265147 63.312418 74.437881 -2.691968 -0.019214 -0.002678 -0.670833 0.741355
47.365072 63.410807 73.539693 -2.650700 -0.019610 -0.002677 -0.670960 0.741229
47.465175 63.505864 72.630945 -2.613252 -0.021213 -0.003363 -0.671210 0.740956
47.600296 63.638864 71.389840 -2.556222 -0.022491 -0.003801 -0.671689 0.740482
47.608942 63.637183 71.411864 -2.556469 -0.022327 -0.004464 -0.671826 0.740359
47.709216 63.736949 70.446122 -2.508641 -0.025362 -0.002860 -0.672183 0.739945
47.900121 63.916790 68.648809 -2.418085 -0.025056 -0.003163 -0.672945 0.739261
47.900674 63.919090 68.631045 -2.418035 -0.024911 -0.003297 -0.672926 0.739283
48.065123 64.072939 67.045790 -2.337541 -0.023918 -0.003211 -0.672984 0.739264
48.165238 64.164015 66.185169 -2.303432 -0.023149 -0.004047 -0.673109 0.739170
48.300371 64.282071 64.985584 -2.242553 -0.022359 -0.003943 -0.673235 0.739080
48.365274 64.325717 64.531214 -2.219699 -0.021605 -0.004178 -0.673497 0.738862
48.465146 64.416406 63.613600 -2.172484 -0.021403 -0.004722 -0.673724 0.738658
48.565225 64.497487 62.727176 -2.130625 -0.021020 -0.005423 -0.673754 0.738636
48.665227 64.591237 61.830268 -2.088780 -0.020807 -0.005359 -0.673867 0.738540
48.765224 64.683352 60.927330 -2.049786 -0.020016 -0.004936 -0.673898 0.738537
48.865122 64.763262 60.029731 -2.004112 -0.018561 -0.005449 -0.673912 0.738558
48.965222 64.853240 59.143815 -1.960112 -0.017520 -0.005803 -0.674277 0.738248
49.065101 64.934227 58.268481 -1.919408 -0.017812 -0.006127 -0.674448 0.738082
49.145855 65.005295 57.555768 -1.890792 -0.017943 -0.006925 -0.674298 0.738209
49.265074 65.114756 56.436278 -1.843988 -0.017170 -0.007766 -0.674316 0.738202
49.365201 65.195115 55.609321 -1.805480 -0.016777 -0.008022 -0.674468 0.738070
49.465225 65.275940 54.755696 -1.766416 -0.016465 -0.007839 -0.674819 0.737758
49.565074 65.364582 53.892824 -1.727184 -0.016321 -0.008180 -0.674764 0.737807
49.665074 65.444329 53.037918 -1.692164 -0.016122 -0.008435 -0.674827 0.737752
49.765176 65.521201 52.169150 -1.651716 -0.015149 -0.009173 -0.674715 0.737866
49.865247 65.601739 51.317250 -1.614979 -0.014181 -0.009272 -0.674619 0.737972
49.948417 65.671966 50.599533 -1.584832 -0.012197 -0.009705 -0.674872 0.737771
50.048348 65.756927 49.671993 -1.532676 -0.012044 -0.009528 -0.674770 0.737868
50.114885 65.819630 49.092598 -1.504397 -0.014678 -0.009066 -0.674391 0.738173
50.245897 65.938595 47.796693 -1.453857 -0.014841 -0.010318 -0.674239 0.738292
50.348072 66.013045 46.960603 -1.434206 -0.012559 -0.010710 -0.673970 0.738574
50.446877 66.090876 46.152565 -1.379859 -0.008688 -0.008702 -0.673615 0.738980
50.532913 66.160436 45.438491 -1.343092 -0.006336 -0.007398 -0.673853 0.738801
50.646848 66.249209 44.415697 -1.302683 -0.007611 -0.010854 -0.673251 0.739295
50.773871 66.352654 43.387829 -1.271929 -0.009746 -0.012458 -0.672477 0.739949
50.847893 66.403002 42.889219 -1.260830 -0.009057 -0.012489 -0.672115 0.740286
50.946871 66.487187 42.037968 -1.211923 -0.007202 -0.012387 -0.671946 0.740462
51.047719 66.578195 41.195614 -1.171328 -0.008934 -0.013754 -0.671516 0.740809
51.146298 66.666990 40.390964 -1.144829 -0.011888 -0.016528 -0.671262 0.740941
51.212089 66.719741 39.847918 -1.123696 -0.013761 -0.017265 -0.670956 0.741169
51.343658 66.836922 38.618188 -1.059669 -0.009705 -0.015414 -0.670635 0.741564
51.446798 66.912597 37.821650 -1.024537 -0.007477 -0.014516 -0.669996 0.742185
51.546746 66.989191 37.033855 -0.983053 -0.004867 -0.013969 -0.670308 0.741936
51.647521 67.078228 36.228999 -0.947959 -0.002903 -0.014806 -0.670566 0.741697
51.747520 67.163622 35.421891 -0.919210 -0.002970 -0.015530 -0.670730 0.741533
51.847795 67.243836 34.621961 -0.886829 -0.004290 -0.016424 -0.671311 0.740982
51.947393 67.318897 33.842512 -0.849890 -0.005918 -0.017516 -0.671795 0.740507
52.012066 67.374430 33.322056 -0.828169 -0.006893 -0.018369 -0.672028 0.740265
52.112143 67.465663 32.424230 -0.785131 -0.007271 -0.018538 -0.672699 0.739648
52.212119 67.555425 31.548241 -0.742203 -0.006839 -0.017959 -0.672802 0.739573
52.312069 67.641575 30.715841 -0.703147 -0.006874 -0.016298 -0.672998 0.739433
52.447423 67.752258 29.590583 -0.654206 -0.005392 -0.015180 -0.673284 0.739208
52.547249 67.812704 28.927425 -0.630292 -0.004917 -0.015324 -0.672981 0.739485
52.647296 67.886746 28.202750 -0.597038 -0.003657 -0.015725 -0.673161 0.739320
52.747168 67.950387 27.484579 -0.570485 -0.003295 -0.015943 -0.673151 0.739326
52.847248 68.021680 26.764722 -0.539155 -0.002092 -0.016604 -0.673327 0.739155
52.947196 68.084713 26.076630 -0.509562 -0.001647 -0.016102 -0.673111 0.739364
53.047147 68.155890 25.409479 -0.478151 -0.000798 -0.015229 -0.673149 0.739349
53.147045 68.218156 24.754671 -0.445184 -0.000364 -0.014402 -0.673551 0.739000
53.246672 68.288877 24.124240 -0.416615 -0.000231 -0.014374 -0.673453 0.739090
53.346945 68.345827 23.520847 -0.389405 -0.000454 -0.014691 -0.674029 0.738559
53.446872 68.403067 22.968922 -0.366106 -0.001303 -0.014653 -0.674467 0.738158
53.546772 68.451760 22.418883 -0.345431 -0.002609 -0.014581 -0.675287 0.737407
53.646944 68.495736 21.907486 -0.322356 -0.002613 -0.014839 -0.675785 0.736944
53.746997 68.533914 21.426565 -0.300723 -0.002726 -0.015512 -0.676245 0.736508
53.846922 68.574936 20.959610 -0.280987 -0.003336 -0.016401 -0.676725 0.736046
53.946850 68.614443 20.500071 -0.256565 -0.004913 -0.017005 -0.677067 0.735709
54.012047 68.644944 20.204030 -0.243803 -0.005706 -0.017752 -0.676909 0.735830
54.146723 68.705520 19.522219 -0.213360 -0.006066 -0.016703 -0.677050 0.735722
54.246798 68.742959 19.110491 -0.194982 -0.005824 -0.016549 -0.676889 0.735876
54.346872 68.782189 18.669010 -0.174609 -0.005894 -0.015025 -0.676884 0.735913
54.446872 68.820045 18.234403 -0.156186 -0.006215 -0.013736 -0.676923 0.735899
54.565176 68.866922 17.714424 -0.129888 -0.007782 -0.012564 -0.676844 0.735978
54.665098 68.908751 17.323676 -0.116542 -0.008245 -0.012490 -0.676952 0.735875
54.765171 68.947173 16.903490 -0.097830 -0.008813 -0.011167 -0.677182 0.735678
54.846822 68.970503 16.568547 -0.080176 -0.009058 -0.010517 -0.677906 0.735017
54.965200 69.018423 16.056997 -0.062112 -0.010989 -0.009377 -0.679709 0.733340
55.012013 69.038547 15.879990 -0.057250 -0.011784 -0.009866 -0.680046 0.733008
55.112167 69.085712 15.405741 -0.038800 -0.012424 -0.008264 -0.683156 0.730120
55.212091 69.111439 14.960362 -0.020935 -0.012495 -0.007239 -0.685703 0.727738
55.312113 69.137726 14.532951 -0.002917 -0.013331 -0.006779 -0.687830 0.725718
55.412114 69.162416 14.125395 0.011079 -0.014112 -0.006769 -0.690111 0.723534
55.512162 69.178121 13.742640 0.029389 -0.014308 -0.006738 -0.693099 0.720669
55.612163 69.189347 13.368764 0.045347 -0.014625 -0.006317 -0.695734 0.718122
55.711968 69.202284 12.991463 0.061789 -0.014505 -0.006192 -0.698173 0.715755
55.869488 69.213295 12.448535 0.080814 -0.015316 -0.006908 -0.702163 0.711818
55.974293 69.207605 12.167721 0.094598 -0.015861 -0.007719 -0.703875 0.710105
56.065177 69.203031 11.922968 0.103780 -0.016746 -0.007239 -0.706271 0.707707
56.107877 69.204494 11.801978 0.107232 -0.017424 -0.006459 -0.707913 0.706056
56.207880 69.196397 11.440159 0.122288 -0.016890 -0.004830 -0.714748 0.699161
56.308104 69.174564 11.087993 0.135329 -0.016313 -0.004332 -0.720289 0.693469
56.408479 69.154185 10.746327 0.146544 -0.015370 -0.004979 -0.725611 0.687916
56.508702 69.125460 10.403840 0.161690 -0.014846 -0.005713 -0.730924 0.682273
56.646702 69.079556 9.957747 0.184725 -0.013687 -0.005923 -0.737552 0.675126
56.712093 69.056111 9.797734 0.191609 -0.013705 -0.006047 -0.739367 0.673136
56.809927 69.016388 9.485496 0.204855 -0.013110 -0.005640 -0.745266 0.666615
56.910177 68.975201 9.165181 0.216082 -0.012695 -0.004885 -0.750252 0.661012
57.010500 68.921197 8.864311 0.229182 -0.011792 -0.004605 -0.754754 0.655886
57.111993 68.870454 8.572701 0.242363 -0.010776 -0.005117 -0.759009 0.650970
57.211223 68.819637 8.295240 0.253163 -0.009621 -0.006059 -0.762606 0.646763
57.312070 68.757848 8.016126 0.262143 -0.008798 -0.007162 -0.766273 0.642415
57.412091 68.707075 7.773131 0.274649 -0.008234 -0.007887 -0.769003 0.639143
57.512140 68.658386 7.535148 0.283475 -0.007911 -0.008299 -0.771106 0.636604
57.644534 68.602176 7.243998 0.296296 -0.007577 -0.008507 -0.772810 0.634535
57.744631 68.576618 7.068628 0.302097 -0.007431 -0.008615 -0.773577 0.633600
57.841339 68.540568 6.900229 0.309482 -0.007103 -0.009231 -0.773944 0.633147
57.940463 68.518777 6.727181 0.315274 -0.007912 -0.009673 -0.773807 0.633298
58.039842 68.483793 6.563643 0.323919 -0.009016 -0.010107 -0.773042 0.634210
58.140367 68.465817 6.390340 0.326119 -0.010317 -0.010969 -0.771496 0.636056
58.225457 68.444089 6.244006 0.333135 -0.010505 -0.011570 -0.769982 0.637875
58.339247 68.417233 6.040899 0.339798 -0.010254 -0.011880 -0.766738 0.641769
58.435304 68.397108 5.874530 0.348428 -0.010232 -0.012259 -0.763977 0.645046
58.535505 68.382792 5.700582 0.354473 -0.009770 -0.012031 -0.760572 0.649069
58.633735 68.363636 5.535313 0.357438 -0.009365 -0.012274 -0.755955 0.654441
58.734260 68.344002 5.354602 0.368624 -0.008998 -0.012623 -0.751215 0.659875
58.835878 68.334436 5.191375 0.376817 -0.009591 -0.012538 -0.745523 0.666293
58.936404 68.346596 5.025696 0.383611 -0.010274 -0.012805 -0.739012 0.673493
59.010915 68.340960 4.887231 0.387015 -0.011801 -0.013328 -0.733549 0.679403
59.110650 68.358428 4.677371 0.388499 -0.013544 -0.014772 -0.723918 0.689595
59.212114 68.379648 4.456887 0.394400 -0.013542 -0.015840 -0.714190 0.699642
59.312064 68.416695 4.222893 0.405435 -0.013471 -0.016388 -0.703205 0.710671
59.412064 68.452830 3.978182 0.421175 -0.013253 -0.016536 -0.691032 0.722514
59.512063 68.497386 3.710128 0.428767 -0.013535 -0.015442 -0.677311 0.735410
59.612068 68.562942 3.448942 0.437438 -0.012661 -0.013178 -0.662563 0.748783
59.712138 68.630493 3.181476 0.440198 -0.012187 -0.011450 -0.646397 0.762818
59.844829 68.758450 2.826471 0.449549 -0.010967 -0.011095 -0.623061 0.782018
59.933957 68.853258 2.627129 0.459831 -0.010728 -0.011820 -0.611633 0.790980
60.032438 68.957060 2.372657 0.475304 -0.008974 -0.010764 -0.591956 0.805848
60.200346 69.177906 1.934049 0.506686 -0.007187 -0.007157 -0.559468 0.828790
60.300147 69.340791 1.701178 0.515523 -0.007883 -0.005781 -0.547541 0.836722
60.322169 69.361331 1.663239 0.510898 -0.010158 -0.003847 -0.544785 0.838505
60.420671 69.502338 1.433382 0.501509 -0.007449 -0.002594 -0.517850 0.855435
60.531339 69.714031 1.184318 0.517763 -0.005030 -0.002886 -0.492055 0.870545
60.629769 69.924340 0.960912 0.523351 -0.004748 -0.003894 -0.469411 0.882959
60.730420 70.134800 0.726100 0.541029 -0.004824 -0.003839 -0.445546 0.895238
60.814817 70.338332 0.538191 0.544188 -0.006094 -0.003288 -0.425398 0.904980
60.927152 70.622134 0.261919 0.554651 -0.005056 -0.002849 -0.395626 0.918393
61.025754 70.884025 0.056813 0.550003 -0.004192 -0.003419 -0.372943 0.927839
61.123236 71.159047 -0.146014 0.553991 -0.002282 -0.005238 -0.349264 0.937007
61.222042 71.450839 -0.348985 0.563196 -0.000952 -0.006640 -0.325084 0.945661
61.310640 71.732917 -0.499184 0.583392 -0.001876 -0.006620 -0.305048 0.952312
61.424251 72.130118 -0.694338 0.587269 -0.006379 -0.003640 -0.277947 0.960568
61.525296 72.488728 -0.864440 0.580313 -0.007791 -0.002320 -0.257610 0.966215
61.608521 72.795195 -0.997088 0.576444 -0.007976 -0.001677 -0.240057 0.970725
61.708045 73.191904 -1.159257 0.579148 -0.006548 -0.001153 -0.217473 0.976044
61.807398 73.594933 -1.318900 0.585564 -0.004820 0.000101 -0.196312 0.980530
61.906751 74.002833 -1.452169 0.603066 -0.003204 0.001567 -0.175228 0.984521
62.006410 74.427437 -1.565613 0.611805 -0.003378 0.002724 -0.154651 0.987960
62.200073 75.292588 -1.738189 0.615440 -0.006557 0.003861 -0.120963 0.992628
62.299948 75.642241 -1.790761 0.607889 -0.006807 0.003320 -0.112396 0.993635
62.399699 76.018662 -1.863283 0.606065 -0.008500 0.003861 -0.100002 0.994943
62.499474 76.413284 -1.920212 0.607564 -0.009820 0.004590 -0.090168 0.995868
62.599548 76.832165 -1.978051 0.608259 -0.011270 0.005255 -0.082333 0.996527
62.640090 77.020498 -1.990616 0.603568 -0.012094 0.005382 -0.078291 0.996843
62.739987 77.537220 -2.030317 0.598840 -0.013003 0.005968 -0.072338 0.997278
62.803654 77.866789 -2.070856 0.599952 -0.013450 0.006195 -0.069531 0.997470
62.903557 78.421073 -2.128536 0.598101 -0.014334 0.006977 -0.066460 0.997662
63.003334 78.986724 -2.197973 0.595726 -0.015198 0.006996 -0.064681 0.997766
63.103014 79.552136 -2.259780 0.591519 -0.015795 0.006707 -0.063455 0.997837
63.300296 80.652036 -2.383580 0.577200 -0.013941 0.006911 -0.061587 0.997980
63.400246 81.087174 -2.458794 0.582727 -0.013671 0.006224 -0.058027 0.998202
63.417832 81.159715 -2.472123 0.577159 -0.014570 0.005200 -0.056851 0.998263
63.512043 81.653695 -2.538508 0.573718 -0.011163 0.005939 -0.058481 0.998208
63.644625 82.368554 -2.651613 0.590685 -0.009132 0.007311 -0.057842 0.998257
63.744603 82.889709 -2.713592 0.600064 -0.009429 0.006475 -0.056519 0.998336
63.812042 83.238671 -2.749942 0.597642 -0.011112 0.005046 -0.056478 0.998329
63.912009 83.779701 -2.781716 0.594615 -0.012583 0.004581 -0.056497 0.998313
64.041623 84.480704 -2.864986 0.581378 -0.011159 0.004221 -0.056430 0.998335
64.141506 84.987612 -2.920048 0.580138 -0.008640 0.003444 -0.055537 0.998413
64.241558 85.507934 -2.983352 0.594175 -0.008556 0.003946 -0.055889 0.998393
64.341631 86.029287 -3.040737 0.603478 -0.010800 0.005142 -0.056056 0.998356
64.441506 86.539880 -3.097555 0.601901 -0.012203 0.006020 -0.056178 0.998328
64.541358 87.055344 -3.135101 0.599779 -0.012234 0.006420 -0.056015 0.998334
64.641229 87.561768 -3.196141 0.602166 -0.011197 0.006789 -0.056344 0.998326
64.741306 88.068329 -3.249288 0.603652 -0.011177 0.007077 -0.056346 0.998324
64.841406 88.561133 -3.302251 0.607061 -0.011285 0.006832 -0.056779 0.998300
64.941135 89.051932 -3.351447 0.604920 -0.011716 0.006846 -0.057183 0.998271
65.044749 89.559869 -3.415251 0.601996 -0.011531 0.006922 -0.057814 0.998237
65.112041 89.879728 -3.455198 0.599669 -0.010956 0.006489 -0.058665 0.998197
65.212163 90.384274 -3.520109 0.599907 -0.010119 0.006518 -0.059876 0.998133
65.317326 90.902375 -3.587884 0.603310 -0.010156 0.006611 -0.061155 0.998055
65.441059 91.507356 -3.678848 0.604930 -0.010361 0.007053 -0.062002 0.997997
65.540980 91.969486 -3.742682 0.601190 -0.009959 0.006883 -0.062221 0.997989
65.640985 92.441605 -3.812260 0.600963 -0.008934 0.006893 -0.063211 0.997936
65.740807 92.911052 -3.875129 0.602741 -0.008084 0.006836 -0.064011 0.997893
65.840693 93.365578 -3.927668 0.602936 -0.007671 0.006469 -0.064553 0.997864
65.916753 93.725193 -3.980212 0.601456 -0.007810 0.005301 -0.065408 0.997814
66.021012 94.254422 -4.043788 0.602611 -0.006853 0.003607 -0.066412 0.997762
66.121015 94.766679 -4.112376 0.601914 -0.006312 0.002949 -0.067010 0.997728
66.240640 95.374626 -4.185362 0.600511 -0.005483 0.003055 -0.066397 0.997774
66.340684 95.867566 -4.255599 0.598437 -0.004868 0.003162 -0.065879 0.997811
66.440807 96.367416 -4.310081 0.601383 -0.003996 0.003403 -0.065824 0.997817
66.517651 96.760739 -4.368008 0.603769 -0.003059 0.003228 -0.065331 0.997854
66.620463 97.327220 -4.441033 0.608654 -0.002556 0.003285 -0.064855 0.997886
66.720249 97.887753 -4.496871 0.606577 -0.002491 0.003872 -0.063294 0.997984
66.820297 98.441019 -4.558364 0.606230 -0.002397 0.004501 -0.061296 0.998107
66.920367 98.999967 -4.622234 0.608637 -0.002153 0.004969 -0.059283 0.998227
67.020542 99.553528 -4.692457 0.608928 -0.002386 0.005636 -0.056851 0.998364
67.120321 100.113272 -4.738687 0.610102 -0.002558 0.005961 -0.054220 0.998508
67.220048 100.666820 -4.794022 0.612484 -0.002922 0.005394 -0.051794 0.998639
67.319600 101.224318 -4.843428 0.609880 -0.003499 0.004308 -0.048931 0.998787
67.419351 101.769016 -4.890821 0.612049 -0.004581 0.003435 -0.046185 0.998916
67.519227 102.319380 -4.932655 0.616038 -0.005398 0.002846 -0.043613 0.999030
67.641167 103.003129 -4.986508 0.613945 -0.006728 0.002865 -0.040671 0.999146
67.741340 103.513348 -5.031496 0.613175 -0.006434 0.003065 -0.038423 0.999236
67.817655 103.902817 -5.056965 0.616746 -0.005985 0.003487 -0.036806 0.999298
67.902948 104.395651 -5.078569 0.623175 -0.005842 0.004778 -0.036395 0.999309
68.002559 104.973606 -5.102292 0.627613 -0.007173 0.005858 -0.035148 0.999339
68.102385 105.550309 -5.128981 0.626940 -0.008566 0.006251 -0.034779 0.999339
68.202138 106.110616 -5.163186 0.626306 -0.009150 0.006524 -0.034485 0.999342
68.309795 106.716602 -5.199451 0.626763 -0.009891 0.006928 -0.035315 0.999303
68.500172 107.734832 -5.277163 0.622029 -0.010178 0.007393 -0.037113 0.999232
68.599862 108.064059 -5.265471 0.619765 -0.009800 0.006968 -0.036405 0.999265
68.609960 108.087835 -5.281587 0.622415 -0.009853 0.007076 -0.037017 0.999241
68.710236 108.646359 -5.323486 0.625161 -0.011612 0.008788 -0.041931 0.999014
68.810987 109.183106 -5.364245 0.619859 -0.012428 0.009366 -0.043572 0.998929
68.911942 109.710839 -5.410407 0.620412 -0.013110 0.009738 -0.045848 0.998815
69.044758 110.411786 -5.481153 0.614510 -0.013924 0.009669 -0.048980 0.998656
69.144905 110.870194 -5.523284 0.609050 -0.013846 0.009662 -0.050662 0.998573
69.244977 111.334921 -5.581474 0.604808 -0.012727 0.009880 -0.054179 0.998401
69.346723 111.802101 -5.646216 0.604770 -0.011634 0.010612 -0.057813 0.998203
69.446720 112.244854 -5.693768 0.604572 -0.012166 0.009563 -0.061125 0.998010
69.546747 112.690051 -5.753675 0.606914 -0.011377 0.006585 -0.064696 0.997818
69.646698 113.131118 -5.815962 0.604682 -0.011576 0.004198 -0.068367 0.997584
69.746675 113.567298 -5.875214 0.605412 -0.011792 0.000689 -0.072048 0.997331
69.812043 113.855503 -5.917025 0.602129 -0.012121 -0.002898 -0.074057 0.997176
69.912166 114.340897 -5.985099 0.608259 -0.012111 -0.010023 -0.078655 0.996778
70.012141 114.806226 -6.058600 0.620253 -0.011467 -0.013148 -0.081185 0.996546
70.112117 115.253915 -6.134627 0.629950 -0.009582 -0.013213 -0.083665 0.996360
70.212117 115.695388 -6.223025 0.643710 -0.007849 -0.013230 -0.085706 0.996202
70.312040 116.125926 -6.315065 0.665459 -0.006744 -0.011217 -0.087904 0.996043
70.446798 116.696218 -6.407615 0.700214 -0.007855 -0.005428 -0.091073 0.995798
70.546850 117.040995 -6.468343 0.705979 -0.008172 -0.002404 -0.092144 0.995709
70.646751 117.408096 -6.535126 0.719270 -0.008955 0.000912 -0.094388 0.995495
70.722940 117.691162 -6.601478 0.723271 -0.008933 0.002521 -0.095758 0.995361
70.846925 118.181674 -6.700248 0.728380 -0.007949 0.003711 -0.099759 0.994973
70.934881 118.494768 -6.767005 0.741596 -0.007209 0.002965 -0.101233 0.994832
71.012088 118.795822 -6.831400 0.740441 -0.007975 0.002508 -0.104305 0.994510
71.114708 119.217279 -6.928225 0.737356 -0.007945 0.002879 -0.108978 0.994008
71.239617 119.714229 -7.039272 0.744058 -0.007640 0.003668 -0.112693 0.993594
71.340914 120.068153 -7.114618 0.756266 -0.008032 0.004457 -0.114905 0.993334
71.414681 120.343756 -7.172229 0.747702 -0.009846 0.005703 -0.117490 0.993009
71.512019 120.743305 -7.265130 0.731862 -0.009181 0.009157 -0.121661 0.992487
71.637894 121.243016 -7.392878 0.726365 -0.005982 0.014224 -0.124530 0.992096
71.734257 121.581120 -7.480880 0.723369 -0.004751 0.016935 -0.125865 0.991891
71.835425 121.947990 -7.573706 0.715440 -0.003464 0.020895 -0.128051 0.991541
71.936970 122.313535 -7.679113 0.718190 -0.002113 0.024711 -0.129691 0.991244
72.037967 122.664924 -7.782987 0.738785 -0.002516 0.026168 -0.131684 0.990943
72.139666 123.004330 -7.873953 0.737862 -0.005502 0.024590 -0.133644 0.990709
72.241112 123.332784 -7.952129 0.731193 -0.007482 0.022703 -0.135208 0.990529
72.344679 123.654126 -8.043585 0.714140 -0.007341 0.020038 -0.136738 0.990377
72.445003 123.961434 -8.140658 0.695719 -0.005161 0.016787 -0.138263 0.990240
72.546745 124.269847 -8.224219 0.682447 -0.003547 0.012946 -0.138594 0.990258
72.612143 124.463229 -8.282996 0.671301 -0.002320 0.009737 -0.138357 0.990332
72.712139 124.785933 -8.369688 0.654687 -0.000402 0.004212 -0.133613 0.991025
72.824110 125.143328 -8.467696 0.655713 0.001019 0.001172 -0.127180 0.991878
72.924407 125.449627 -8.523195 0.669298 0.000881 0.001837 -0.120497 0.992712
73.024636 125.754662 -8.559908 0.679572 0.000407 0.003655 -0.110746 0.993842
73.200197 126.290117 -8.622285 0.679104 -0.000550 0.002721 -0.087565 0.996155
73.300173 126.520650 -8.600755 0.672430 -0.000609 0.001658 -0.079360 0.996844
73.325357 126.564158 -8.601812 0.674439 -0.000921 0.000874 -0.077430 0.996997
73.425282 126.818718 -8.630618 0.677500 -0.001494 0.001192 -0.053739 0.998553
73.517657 127.076762 -8.636873 0.682644 -0.001863 0.001209 -0.035534 0.999366
73.625135 127.394176 -8.625581 0.678718 -0.001670 0.001644 -0.012945 0.999913
73.724984 127.691323 -8.592636 0.678636 -0.001607 0.001844 0.007405 0.999970
73.824983 127.987280 -8.540473 0.674268 -0.001601 0.002663 0.029286 0.999566
73.924188 128.276042 -8.480436 0.678233 -0.001354 0.003809 0.051348 0.998673
74.015586 128.543082 -8.404780 0.687304 -0.001682 0.005356 0.072577 0.997347
74.125932 128.865540 -8.305530 0.694074 -0.003100 0.007042 0.098729 0.995085
74.244557 129.198545 -8.180880 0.694468 -0.005257 0.007377 0.124803 0.992140
74.344678 129.461196 -8.077590 0.682227 -0.006481 0.007335 0.145044 0.989377
74.427848 129.666171 -7.970774 0.674638 -0.007732 0.007115 0.163942 0.986414
74.544707 130.012378 -7.789879 0.654763 -0.007032 0.007805 0.194470 0.980852
74.644626 130.301968 -7.646658 0.657867 -0.006244 0.008639 0.215135 0.976526
74.725483 130.527216 -7.507773 0.661768 -0.005047 0.009366 0.233884 0.972206
74.826126 130.834992 -7.278894 0.675423 -0.006311 0.010198 0.261111 0.965234
74.941388 131.185640 -7.017385 0.656245 -0.009522 0.010210 0.288803 0.957287
75.040990 131.467362 -6.788121 0.632677 -0.009866 0.010986 0.309594 0.950754
75.140916 131.746844 -6.516658 0.627695 -0.009115 0.012768 0.333009 0.942793
75.240740 132.027399 -6.232874 0.621885 -0.009037 0.013342 0.356110 0.934305
75.341163 132.305168 -5.916004 0.608446 -0.010196 0.012858 0.380103 0.924799
75.412064 132.494755 -5.688149 0.593143 -0.010193 0.012426 0.397200 0.917591
75.512066 132.795135 -5.271918 0.584867 -0.010046 0.012521 0.425886 0.904635
75.609077 133.056580 -4.880686 0.572260 -0.009711 0.011209 0.448654 0.893583
75.708478 133.309563 -4.468653 0.553445 -0.009768 0.009084 0.471783 0.881614
75.899848 133.752720 -3.617988 0.514437 -0.008379 0.008405 0.512669 0.858504
75.999474 133.920889 -3.161036 0.498358 -0.007662 0.008139 0.528149 0.849078
76.006416 133.917407 -3.147790 0.510452 -0.005890 0.008409 0.529352 0.848340
76.200346 134.224561 -2.142385 0.509179 -0.011511 0.010445 0.564902 0.825012
76.300123 134.344139 -1.648991 0.483734 -0.011489 0.009681 0.578073 0.815847
76.399847 134.454567 -1.148579 0.466775 -0.012083 0.009562 0.591108 0.806445
76.499525 134.556515 -0.626864 0.443353 -0.012279 0.009733 0.602469 0.797989
76.599349 134.645317 -0.100501 0.419815 -0.011886 0.010835 0.612849 0.790036
76.612192 134.664636 -0.037453 0.422856 -0.011138 0.010940 0.614601 0.788683
76.712092 134.798774 0.610635 0.407936 -0.012088 0.014025 0.624092 0.781131
76.812168 134.900415 1.230393 0.391101 -0.013059 0.015079 0.632289 0.774476
76.922893 135.009353 1.931707 0.363094 -0.013711 0.015893 0.639944 0.768135
77.017582 135.092527 2.505768 0.340840 -0.013951 0.016444 0.644818 0.764032
77.112117 135.167147 3.116937 0.317279 -0.014238 0.016713 0.649740 0.759840
77.213112 135.256976 3.791292 0.287555 -0.014358 0.017000 0.654128 0.756057
77.323065 135.343163 4.547464 0.259073 -0.014936 0.017784 0.657186 0.753371
77.413316 135.410953 5.143100 0.233515 -0.015289 0.018313 0.659219 0.751573
77.514885 135.485821 5.860664 0.200655 -0.015928 0.018998 0.660305 0.750588
77.615034 135.559877 6.563366 0.168907 -0.016942 0.019615 0.660608 0.750283
77.729622 135.655537 7.383872 0.125469 -0.016803 0.020866 0.660333 0.750495
77.816827 135.735208 7.972519 0.095074 -0.016514 0.021513 0.660185 0.750613
77.923690 135.845049 8.754079 0.046220 -0.014760 0.024105 0.659854 0.750862
78.021444 135.940856 9.452201 0.028474 -0.013096 0.025993 0.659611 0.751044
78.121766 136.036571 10.193764 0.001024 -0.011608 0.025961 0.659663 0.751023
78.217552 136.125169 10.914644 -0.030017 -0.010444 0.024839 0.659378 0.751328
78.321394 136.242474 11.704693 -0.076830 -0.008278 0.023252 0.658960 0.751773
78.420899 136.341347 12.455462 -0.110874 -0.007811 0.023101 0.658450 0.752230
78.521297 136.440033 13.235842 -0.142141 -0.007591 0.023459 0.657415 0.753125
78.621121 136.549688 14.009374 -0.168156 -0.007953 0.023646 0.656503 0.753911
78.721794 136.650769 14.804833 -0.196726 -0.008808 0.023588 0.655941 0.754392
78.822042 136.754967 15.595247 -0.234784 -0.009374 0.023476 0.655347 0.754905
78.921219 136.855383 16.393464 -0.266743 -0.009198 0.024541 0.654827 0.755324
79.021444 136.968367 17.204617 -0.295295 -0.009100 0.025124 0.654155 0.755888
79.115512 137.080718 17.965450 -0.322751 -0.009128 0.024645 0.653578 0.756403
79.222192 137.207761 18.848998 -0.367282 -0.009092 0.024181 0.653218 0.756729
79.321816 137.322324 19.655740 -0.404846 -0.008782 0.024355 0.652670 0.757200
79.421594 137.449503 20.464581 -0.436067 -0.008465 0.024738 0.652257 0.757547
79.517656 137.561749 21.251771 -0.468287 -0.008280 0.025139 0.652045 0.757718
79.621048 137.695033 22.124364 -0.502326 -0.008098 0.025672 0.651923 0.757807
79.720648 137.821988 22.957566 -0.540713 -0.007832 0.025819 0.651972 0.757763
