1.522264 0.683573567 -0.000039959 0.019735240 -0.001431224 0.000971535 0.010062853 0.999947872
1.600633 0.686674861 0.003385665 0.019348409 -0.001460816 0.000923754 0.009988027 0.999948625
1.700645 1.320306323 0.096280963 -0.010859381 -0.003187212 -0.001825873 0.021709542 0.999757572
1.800660 2.150757609 0.135593207 -0.009119870 -0.001903083 -0.001273458 0.024488129 0.999697498
1.901000 2.939300623 0.175614955 0.006581808 -0.004152416 -0.001477535 0.029177257 0.999564536
2.000783 2.955249209 0.173268890 0.007458744 -0.004031372 -0.001432978 0.029191580 0.999564678
2.081000 4.606867538 0.269721694 0.033590755 -0.004031707 -0.003527538 0.038259378 0.999253482
2.191000 5.431010798 0.330236483 0.045869515 -0.001594772 -0.003117192 0.040738925 0.999163690
2.273727 4.902193153 0.290529669 0.055500988 -0.002106776 -0.001558788 0.034785217 0.999391375
2.351000 5.487866894 0.366325367 0.068548605 -0.003735514 -0.000279277 0.038403171 0.999255305
2.501000 6.506793003 0.427068678 0.082163498 -0.004342027 0.000425867 0.041192983 0.999141683
2.600858 6.485780480 0.426829226 0.081613084 -0.004390067 0.000465926 0.041272610 0.999138170
2.700606 8.109520428 0.649438969 0.089476373 -0.004722058 0.001280193 0.045637912 0.998946067
2.800757 8.609194900 0.726883651 0.083591040 -0.004078038 0.002696891 0.046944835 0.998885518
2.900774 9.307027823 0.765797475 0.090603219 -0.004042447 0.003656632 0.048238853 0.998820955
3.000675 10.047355338 0.773298944 0.100272314 -0.004613576 0.003636729 0.049722835 0.998745778
3.101000 10.744456383 0.873569191 0.103071077 -0.004954524 0.001925695 0.049033798 0.998782975
3.200893 10.740715673 0.873551537 0.102032726 -0.004973980 0.001929125 0.049083436 0.998780433
3.300776 12.214339581 0.984872152 0.107738915 -0.005243573 -0.001843041 0.045780700 0.998936052
3.400779 12.754259720 1.120478128 0.114298180 -0.004095024 -0.000079169 0.046460147 0.998911747
3.500893 13.391306732 1.204239122 0.117515752 -0.004000750 0.001673998 0.043866948 0.999027969
3.601000 14.134905950 1.306351755 0.127577893 -0.002991363 0.001970653 0.041913260 0.999114832
3.701000 14.798488487 1.355371438 0.132857543 -0.002766884 0.001555573 0.040793580 0.999162554
3.801000 15.349672554 1.397883814 0.136622892 -0.001113950 -0.000494060 0.039531289 0.999217590
3.901000 15.895611446 1.443811242 0.143358383 -0.001212077 -0.002150068 0.038505880 0.999255325
4.000901 15.898915944 1.444543600 0.143927789 -0.001207510 -0.002115618 0.038580459 0.999252528
4.101000 17.120055296 1.545512162 0.159131032 -0.002884018 -0.002271223 0.035781725 0.999352887
4.200900 17.118324084 1.547153041 0.159773242 -0.002863548 -0.002227266 0.036002222 0.999345125
4.300898 18.692616552 1.635497678 0.196592021 -0.005645741 -0.000053413 0.033322979 0.999428688
4.400797 19.134574159 1.677291458 0.203101449 -0.005335370 -0.000753915 0.033306617 0.999430655
4.501000 19.709180582 1.734558012 0.202977822 -0.006538316 -0.001039930 0.032197487 0.999459599
4.600681 19.690287116 1.735222071 0.203204028 -0.006459973 -0.001075841 0.032119236 0.999462589
4.700781 21.366175763 1.833549947 0.208890205 -0.008487266 -0.001138543 0.027443507 0.999586677
4.801000 21.872404431 1.875245813 0.217031318 -0.006575307 -0.001179259 0.028032534 0.999584690
4.901000 22.439248030 1.915077879 0.229297097 -0.006054120 -0.001336738 0.028326979 0.999579483
5.000649 22.425190472 1.915197006 0.229439082 -0.006082537 -0.001298822 0.028320038 0.999579557
5.101000 23.686214894 1.996719979 0.243137333 -0.004091421 -0.001755445 0.028113090 0.999594834
5.200887 23.680259149 1.993476006 0.243888994 -0.004052262 -0.001709616 0.028108702 0.999595197
5.301000 24.931412561 2.066446900 0.256169083 -0.005115541 -0.000259841 0.029879540 0.999540383
5.400777 24.936409734 2.064168852 0.256690600 -0.005125857 -0.000222436 0.030028047 0.999535889
5.500886 26.285151512 2.163496106 0.269164911 -0.008889100 0.003768188 0.032175182 0.999435612
5.600889 26.835621094 2.200271623 0.268002500 -0.007265904 0.004163620 0.032309030 0.999442844
5.700784 27.440000530 2.259298624 0.274739162 -0.007571659 0.004501154 0.033211021 0.999409545
5.801000 28.121825961 2.318903072 0.281667651 -0.007551388 0.002964597 0.034249792 0.999380378
5.901000 28.693892857 2.357268818 0.283819761 -0.006548145 0.001283944 0.035296023 0.999354624
6.000635 28.689587425 2.357731610 0.284203442 -0.006527594 0.001361751 0.035332175 0.999353378
6.101000 29.988279758 2.448281008 0.292592158 -0.004726993 -0.000196422 0.036903166 0.999307647
6.200757 29.988124852 2.446772458 0.293225945 -0.004686795 -0.000142540 0.037048768 0.999302458
6.299435 31.503663365 2.579724601 0.312649845 -0.002798154 -0.002036404 0.039104319 0.999229141
6.400673 32.045821510 2.628009257 0.310210359 -0.002270910 -0.002213642 0.041916515 0.999116084
6.500793 32.623429495 2.666800921 0.317537800 -0.001779667 -0.003122080 0.042882416 0.999073663
6.600697 33.218634262 2.746478132 0.327687724 -0.001648001 -0.003088181 0.043992571 0.999025726
6.701000 33.810101997 2.830105555 0.333318424 -0.003017883 -0.001120572 0.044958658 0.998983661
6.801000 34.489391910 2.923501861 0.339763155 -0.004705332 0.000287307 0.046358774 0.998913731
6.900530 34.491389095 2.925964508 0.339826366 -0.004672732 0.000304916 0.046444172 0.998909912
7.001000 35.733684055 3.082705441 0.345990367 -0.004907639 0.002240875 0.048680743 0.998799819
7.101000 36.380637957 3.125996762 0.343829473 -0.004776387 0.002054145 0.050911534 0.998689633
7.200762 36.389873696 3.126554700 0.344530392 -0.004778040 0.002094843 0.050985022 0.998685791
7.300664 38.081001479 3.294214427 0.353202587 -0.007992015 0.000860743 0.055035374 0.998452049
7.400633 38.500905164 3.319943095 0.351106232 -0.007457085 0.001080881 0.057532449 0.998315201
7.500760 39.056164573 3.405307611 0.352631104 -0.006029218 0.000553535 0.057532651 0.998325266
7.600886 39.707107284 3.479117550 0.356023343 -0.004492431 -0.000257462 0.058682040 0.998266583
7.700781 40.437067918 3.579864893 0.363089399 -0.004211721 -0.000370063 0.059462973 0.998221558
7.800661 41.111609644 3.674704256 0.374761874 -0.005386529 -0.000685023 0.060109633 0.998177012
7.900868 41.884653863 3.782230742 0.372354380 -0.006639220 -0.001728834 0.061138176 0.998105734
8.001000 42.752596732 3.897379262 0.372329448 -0.006154083 -0.001304414 0.062046438 0.998053438
8.100798 42.758524334 3.899207100 0.372608725 -0.006148908 -0.001263687 0.062063542 0.998052459
8.200652 44.639553429 4.160643637 0.387142828 -0.006197948 -0.000456013 0.060909694 0.998123934
8.300884 45.360640496 4.270592642 0.390580357 -0.005918567 0.000228918 0.063693465 0.997951933
8.401000 45.998240108 4.363694423 0.391860147 -0.007401741 0.000502743 0.062727768 0.998003101
8.500775 45.979613881 4.362077994 0.391828233 -0.007403954 0.000553871 0.062762818 0.998000853
8.600770 47.775803831 4.601996955 0.398751645 -0.006138665 0.000068582 0.060462775 0.998151574
8.700888 48.442594824 4.686681693 0.397382406 -0.004197199 -0.000004126 0.062206696 0.998054463
8.800896 48.989631601 4.742062520 0.408197380 -0.004336880 0.000040636 0.062706313 0.998022599
8.900782 49.716486778 4.850747867 0.422535057 -0.005217339 -0.000537715 0.061968402 0.998064330
9.000685 50.430209551 4.957828883 0.425802173 -0.003912426 0.000008422 0.061979104 0.998069779
9.100798 51.167497629 5.056294625 0.433326392 -0.003403758 0.002122247 0.061771697 0.998082245
9.201000 52.107596829 5.182334150 0.438274564 -0.003977247 0.003374264 0.061419892 0.998098388
9.300802 52.108110487 5.179763848 0.438377796 -0.003976835 0.003440228 0.061503500 0.998093016
9.400898 53.846519629 5.436936205 0.449359438 -0.003905794 0.003255083 0.061708398 0.998081271
9.500693 54.621646241 5.494528894 0.440197766 -0.002687609 0.002945629 0.065337035 0.997855286
9.601000 55.345127912 5.579877310 0.436017104 -0.002644692 0.004007054 0.066759671 0.997757533
9.699921 55.329046045 5.575201602 0.436215766 -0.002646600 0.004092570 0.066739599 0.997758524
9.799921 57.034631172 5.857489466 0.430434560 -0.003899467 0.004830840 0.067225964 0.997718461
9.901000 57.617040838 5.943836002 0.441696864 -0.002223933 0.004148602 0.068236532 0.997658067
10.000674 57.589756441 5.937400728 0.443615482 -0.002238759 0.004303876 0.068315433 0.997651976
10.101000 58.975829222 6.157546092 0.455414614 -0.005057485 0.001357242 0.068740234 0.997620850
10.200874 58.951740540 6.154109285 0.455403802 -0.005017810 0.001445221 0.068896878 0.997610121
10.301000 60.348770499 6.357354052 0.467753176 -0.002990662 0.000211396 0.070335507 0.997518886
10.400642 60.341960281 6.352473705 0.467959844 -0.002945001 0.000256446 0.070406892 0.997513975
10.500604 61.882839248 6.609296794 0.478458602 -0.005619937 0.005195732 0.071179352 0.997434168
10.600646 62.433064426 6.670113640 0.488124242 -0.003718960 0.004916491 0.073641185 0.997265749
10.701000 63.234378456 6.788962021 0.481670255 -0.003680977 0.003593909 0.073650408 0.997270852
10.800726 63.221206274 6.786733360 0.481589173 -0.003644268 0.003611371 0.073628519 0.997272540
10.901000 64.665631726 7.003006183 0.487657576 -0.006161371 0.002637131 0.073948677 0.997239528
11.000849 64.659012149 7.003320065 0.489392181 -0.006120431 0.002647394 0.073970512 0.997238134
11.100756 66.251290939 7.289033917 0.506808151 -0.013837514 0.004170187 0.071413140 0.997342116
11.200779 66.879211384 7.392429514 0.510659913 -0.011332406 0.005571539 0.071996857 0.997324916
11.300777 67.613661727 7.507463180 0.509178594 -0.012065658 0.007935215 0.070617422 0.997398933
11.400747 68.400885924 7.629992171 0.512591487 -0.013355894 0.009304534 0.067767036 0.997568381
11.501000 69.111875293 7.738876295 0.505566265 -0.012834017 0.008068674 0.064698715 0.997789688
11.600549 69.112134443 7.735775988 0.505640920 -0.012815753 0.008103445 0.064673076 0.997791303
11.700851 70.629426804 7.951459621 0.471625015 -0.011346214 0.002889027 0.054927243 0.998421712
11.800841 71.255109408 8.023115797 0.478953633 -0.009944616 0.001176471 0.053800459 0.998501493
11.901000 71.954373545 8.090394847 0.497580993 -0.011421050 -0.001313272 0.047942415 0.998783941
12.001000 72.675324767 8.180074351 0.518276384 -0.011805960 -0.002032767 0.041814135 0.999053585
12.100564 72.670258292 8.175603993 0.519024532 -0.011820005 -0.002006264 0.041698309 0.999058313
12.200250 73.975796215 8.271338794 0.560216327 -0.008424339 0.003483824 0.023349021 0.999685809
12.300291 74.477438598 8.297961217 0.550985976 -0.007715842 0.004999621 0.023678157 0.999677355
12.400623 75.030885562 8.311010220 0.541776589 -0.009178713 0.005712728 0.017322672 0.999791499
12.500697 75.596511258 8.326989340 0.531795567 -0.010754035 0.004467315 0.008863556 0.999892910
12.601000 76.294520113 8.343640885 0.528065788 -0.011015652 0.001931981 -0.002843460 0.999933417
12.701000 76.886894817 8.334993887 0.536286025 -0.011499546 0.000815390 -0.013804845 0.999838248
12.800587 76.883473903 8.331850516 0.538848683 -0.011493148 0.000880773 -0.013778806 0.999838625
12.901000 78.015961009 8.259337480 0.560903301 -0.014080066 0.000209674 -0.039031877 0.999138739
13.000539 78.012676630 8.260467448 0.561437051 -0.014084900 0.000247790 -0.038921891 0.999142953
13.100771 79.220335613 7.970326243 0.579457334 -0.016893469 -0.000141770 -0.073710634 0.997136567
13.200286 79.754749791 7.888993570 0.580860337 -0.014686525 0.001152960 -0.083462045 0.996402059
13.300531 80.272910905 7.848964511 0.582697555 -0.014158677 0.001145512 -0.097717071 0.995112855
13.400263 80.780811336 7.803429948 0.587746334 -0.012743382 0.000835852 -0.113731208 0.993429474
13.500776 81.295335621 7.639886513 0.601289396 -0.012411968 0.000996171 -0.131168717 0.991281856
13.600424 81.894374045 7.502760184 0.612548393 -0.013206902 0.000541596 -0.149731292 0.988638369
13.700810 82.406888615 7.288089482 0.620853368 -0.014632209 -0.000189712 -0.168201375 0.985644033
13.800681 83.037244940 7.102849320 0.620361247 -0.014439910 -0.000879438 -0.187885195 0.982084451
13.900852 83.646841231 6.833954040 0.622115432 -0.012994723 -0.001067963 -0.207438329 0.978161201
14.000704 84.193986187 6.494837407 0.631044303 -0.011647588 -0.001503317 -0.226505317 0.973939123
14.100674 84.719030274 6.196916097 0.649528252 -0.011555808 -0.001756853 -0.245093479 0.969428988
14.200554 85.225206481 5.919592653 0.666353218 -0.012435162 -0.002310615 -0.262970736 0.964720902
14.300572 85.729224963 5.592880979 0.671898034 -0.012653858 -0.003355560 -0.281887406 0.959358176
14.400852 86.204731477 5.248430424 0.675672095 -0.010887383 -0.004910573 -0.299510071 0.954018380
14.501000 86.669169850 4.877452213 0.685905237 -0.009759259 -0.006398485 -0.317880709 0.948058896
14.600180 86.667497090 4.878324255 0.686932665 -0.009750579 -0.006400915 -0.317903953 0.948051175
14.701000 87.581731069 4.055559874 0.721660505 -0.009090932 -0.006534903 -0.354274611 0.935074409
14.801000 87.990042137 3.699558992 0.740217790 -0.008066176 -0.006551750 -0.368692670 0.929493263
14.900646 87.990180392 3.701332676 0.740762077 -0.008037427 -0.006507548 -0.368603805 0.929529067
15.000652 88.889012260 2.698504778 0.784733296 -0.004748490 -0.008511775 -0.410777092 0.911683707
15.101000 89.244317900 2.371056035 0.795050331 -0.005794018 -0.010416394 -0.414907224 0.909785647
15.200663 89.236946752 2.386601161 0.795443508 -0.005637989 -0.010381660 -0.414707986 0.909877860
15.300765 90.033929913 1.173094365 0.826115855 -0.007891757 -0.017532384 -0.445742803 0.894954574
15.400130 90.218756866 0.849343256 0.845278010 -0.005802371 -0.017794461 -0.442438033 0.896603746
15.501000 90.554047497 0.370732687 0.873928434 -0.003981710 -0.017691176 -0.448400470 0.893648805
15.600479 90.547763004 0.384067432 0.875301765 -0.003912628 -0.017665615 -0.448227591 0.893736339
15.700074 91.659318706 -1.144848571 0.953220802 -0.004208534 -0.013120621 -0.483137306 0.875436166
15.800606 91.991889229 -1.592514461 0.975479394 -0.003493302 -0.012256622 -0.486443187 0.873619252
15.901000 92.505090102 -2.267997750 0.991737676 -0.004308455 -0.012475271 -0.498473868 0.866804250
16.001000 92.913670740 -2.912251634 1.006834891 -0.004549941 -0.012972270 -0.503684629 0.863778220
16.100606 92.912805108 -2.904332936 1.006720054 -0.004511799 -0.012966446 -0.503576554 0.863841518
16.200867 93.649669019 -4.459064057 1.046450748 -0.004092621 -0.015167421 -0.506943724 0.861835982
16.300861 93.902378955 -4.959904354 1.072542132 -0.003033806 -0.015330372 -0.506862163 0.861885447
16.401000 94.236380210 -5.552630195 1.106044740 -0.003334400 -0.014412865 -0.507882912 0.861299076
16.500561 94.226666490 -5.541614435 1.106573781 -0.003312374 -0.014386592 -0.507837846 0.861326173
16.600841 95.108826035 -7.185863229 1.172476892 -0.004846517 -0.014817150 -0.508153307 0.861125531
16.700398 95.399773386 -7.687708411 1.189885837 -0.003700524 -0.015270696 -0.509334341 0.860425267
16.800348 95.727625470 -8.309704508 1.208804343 -0.003971299 -0.015581760 -0.509049233 0.860587192
16.901000 96.118569418 -9.068187014 1.237504576 -0.003555473 -0.014967961 -0.510179502 0.859930343
17.001000 96.493494423 -9.763375199 1.270875492 -0.003533540 -0.014525630 -0.510126272 0.859969597
17.100492 96.492173982 -9.762240718 1.271604500 -0.003483926 -0.014502977 -0.510028923 0.860027920
17.201000 97.322666822 -11.183522090 1.327259473 -0.002347098 -0.012630537 -0.512175533 0.858784714
17.300170 97.318027581 -11.175252402 1.327832482 -0.002278932 -0.012583023 -0.512006790 0.858886209
17.400696 98.126256308 -12.609084287 1.389119813 -0.001216593 -0.010084424 -0.514143362 0.857644115
17.500551 98.565019066 -13.353607567 1.414047283 -0.001207615 -0.011180841 -0.515147557 0.857027727
17.601000 98.932447572 -14.035598508 1.438860328 -0.001174133 -0.011203559 -0.516427034 0.856257099
17.701000 99.295228711 -14.746065975 1.463851383 -0.001288458 -0.011390824 -0.517864035 0.855386129
17.801000 99.635772984 -15.336580103 1.490336787 -0.001382763 -0.011498215 -0.520032779 0.854067789
17.901000 99.983033013 -16.040445752 1.515898437 -0.001853472 -0.011659363 -0.520826056 0.853581187
18.000798 99.978005421 -16.034287754 1.516340921 -0.001809855 -0.011639127 -0.520790279 0.853603386
18.100798 100.807437793 -17.617486374 1.581804680 -0.004828209 -0.011240318 -0.526146101 0.850306194
18.200640 101.133819887 -18.276041809 1.604132436 -0.003658168 -0.011576291 -0.525329077 0.850812534
18.300464 101.479676986 -19.009092244 1.631289196 -0.004064388 -0.012051980 -0.527057462 0.849734466
18.400488 101.861192702 -19.726816133 1.656123144 -0.003775873 -0.012028989 -0.529472999 0.848233098
18.500733 102.186177393 -20.409307969 1.683848168 -0.002586498 -0.011231676 -0.531154428 0.847196632
18.600748 102.542997753 -21.167190292 1.714655137 -0.001353926 -0.009611197 -0.532815159 0.846175985
18.700707 102.867407400 -21.852725632 1.741093669 -0.001440623 -0.008605922 -0.534864162 0.844893006
18.800312 103.292213021 -22.728021993 1.765753242 -0.002852908 -0.009037684 -0.537671074 0.843101416
18.901000 103.611008147 -23.416462429 1.784260487 -0.003355222 -0.010533817 -0.540175390 0.841479845
19.000816 103.611470327 -23.413287272 1.784770318 -0.003296426 -0.010529562 -0.540190896 0.841470176
19.101000 104.322723543 -24.941292511 1.829982112 -0.002292327 -0.009293023 -0.546816170 0.837197982
19.200696 104.324864055 -24.941877818 1.830526845 -0.002270144 -0.009261194 -0.546777809 0.837223449
19.300687 104.973938522 -26.351256888 1.879610061 -0.002839415 -0.007621426 -0.553488305 0.832817236
19.400843 105.249141643 -26.978827028 1.890763221 -0.002105515 -0.009546951 -0.553686698 0.832667679
19.501000 105.504492134 -27.634990624 1.909588631 -0.002157989 -0.011248978 -0.556567444 0.830723470
19.600548 105.495520192 -27.624740812 1.910714985 -0.002057812 -0.011193186 -0.556584360 0.830713145
19.700691 106.085107711 -29.194425748 1.964926616 -0.005004201 -0.012189384 -0.566093665 0.824235609
19.800850 106.232704425 -29.707741654 1.991927470 -0.003610301 -0.011716683 -0.564347560 0.825446253
19.900851 106.481163641 -30.396987224 2.016058601 -0.003346546 -0.011013704 -0.569369147 0.822001383
20.000537 106.821002217 -31.187671631 2.040352074 -0.002968164 -0.010580800 -0.576457715 0.817053083
20.100534 107.109097658 -32.012985437 2.065176815 -0.002543280 -0.010735265 -0.582422239 0.812811553
20.200859 107.354824699 -32.745350301 2.084404012 -0.003062951 -0.010388331 -0.588773312 0.808225642
20.301000 107.598516112 -33.482472974 2.102631150 -0.003771305 -0.010373610 -0.595362826 0.803381149
20.400576 107.597261905 -33.482971159 2.103011119 -0.003724536 -0.010367240 -0.595290673 0.803434915
20.512094 108.028451163 -34.729054977 2.141605372 -0.004424980 -0.011028107 -0.603181728 0.797515268
20.600599 108.017708742 -34.711882398 2.144626576 -0.004252987 -0.011008185 -0.603257071 0.797459490
20.700693 108.393886704 -36.205556310 2.199465470 -0.008997251 -0.015329745 -0.623138500 0.781909495
20.800679 108.595550757 -36.841078830 2.222412296 -0.008460717 -0.015430846 -0.627106722 0.778734527
20.901000 108.750993172 -37.603000871 2.255730879 -0.008476516 -0.015462023 -0.632878524 0.774050288
21.000613 108.750426675 -37.610030857 2.256869610 -0.008464225 -0.015426702 -0.632856644 0.774069016
21.101000 108.982570718 -39.208059993 2.328808661 -0.005669121 -0.013086807 -0.643063785 0.765679805
21.201000 109.091237422 -40.056923399 2.357906875 -0.003987078 -0.013224968 -0.647249736 0.762152861
21.300451 109.094440177 -40.059325262 2.357374082 -0.004001860 -0.013251714 -0.647145047 0.762241212
21.400587 109.308120296 -41.674759089 2.416537571 -0.003559943 -0.016087802 -0.653235523 0.756975469
21.499765 109.435021779 -42.418706461 2.438325162 -0.004513138 -0.016766979 -0.654326024 0.756013197
21.600664 109.588603210 -43.110873072 2.468808992 -0.005750784 -0.017929046 -0.656680215 0.753934064
21.701000 109.647513336 -44.028610718 2.505398302 -0.005543348 -0.018545357 -0.660936974 0.750191747
21.800078 109.641990712 -44.012175439 2.505812282 -0.005502921 -0.018522450 -0.660989155 0.750146635
21.899712 109.819141302 -45.853458093 2.601285574 -0.004582107 -0.016753373 -0.665028567 0.746615921
21.999837 109.905565000 -46.542747201 2.632763700 -0.004024850 -0.015717337 -0.665417782 0.746294808
22.101000 110.003715796 -47.463233967 2.655755228 -0.003848923 -0.015895219 -0.666577034 0.745256725
22.201000 110.117438631 -48.264075841 2.675603534 -0.004083827 -0.016491785 -0.667779747 0.744165003
22.300317 110.113432900 -48.257104123 2.674606387 -0.004020737 -0.016470603 -0.667896263 0.744061244
22.401000 110.336778353 -49.920781384 2.727405383 -0.004730551 -0.017219930 -0.669679938 0.742435100
22.500567 110.332614970 -49.924076482 2.728094391 -0.004629914 -0.017203015 -0.669598934 0.742509184
22.600749 110.523966693 -51.455843702 2.807368099 -0.005087548 -0.017515604 -0.668819713 0.743200855
22.700762 110.614005622 -52.102291680 2.839036641 -0.004164807 -0.017934795 -0.668399113 0.743574894
22.800768 110.755345601 -53.001553844 2.873385107 -0.004180250 -0.017575580 -0.669722430 0.742391737
22.900898 110.828385647 -53.831738989 2.899435097 -0.003792229 -0.017700557 -0.668580776 0.743419165
23.000795 110.888504709 -54.601463100 2.933476101 -0.002771397 -0.018038511 -0.666945408 0.744883048
23.101000 111.000895518 -55.466939724 2.967545715 -0.001602596 -0.017748270 -0.666135642 0.745617688
23.200724 110.998788004 -55.470035823 2.967662952 -0.001556618 -0.017732554 -0.666159028 0.745597266
23.301000 111.199518564 -57.123296382 3.030994200 0.000106329 -0.018032396 -0.664943277 0.746676142
23.400814 111.200480020 -57.120566804 3.031026083 0.000158260 -0.018061317 -0.664909343 0.746705651
23.500721 111.449951242 -58.806897680 3.109038089 -0.001831335 -0.022050108 -0.664237479 0.747194092
23.600712 111.532266456 -59.485435868 3.137332972 -0.002168843 -0.023130875 -0.664459680 0.746962912
23.700775 111.607498045 -60.178066289 3.168860648 -0.003186500 -0.023429139 -0.663844502 0.747496755
23.800628 111.692015391 -60.931321489 3.202751653 -0.003667015 -0.021717875 -0.663133871 0.748176687
23.900627 111.785605353 -61.693066382 3.236382840 -0.002359940 -0.020420251 -0.663392092 0.747989557
24.000871 111.891433997 -62.456904905 3.275884598 -0.000867446 -0.019271210 -0.663983632 0.747498230
24.100636 111.986237888 -63.203533696 3.308321895 -0.000013679 -0.018020667 -0.665197998 0.746449515
24.201000 112.094210232 -64.074482502 3.337557780 -0.000585121 -0.016420712 -0.667247618 0.744654708
24.300757 112.093585501 -64.078037940 3.337187496 -0.000500855 -0.016408430 -0.667319541 0.744590587
24.400752 112.294379118 -65.904338773 3.387205176 0.000104480 -0.011469669 -0.674475701 0.738207941
24.500863 112.359144352 -66.530296897 3.408790431 0.001595381 -0.014032303 -0.675328095 0.737382203
24.600704 112.414809668 -67.252741132 3.438423950 0.000593941 -0.015803744 -0.678988454 0.733978588
24.701000 112.463594324 -67.926155830 3.456378342 -0.002607473 -0.019956121 -0.681366208 0.731665938
24.800859 112.458671561 -67.916920239 3.455645519 -0.002566560 -0.019962208 -0.681371119 0.731661343
24.900616 112.512084708 -69.543754314 3.521880312 -0.004614554 -0.025627622 -0.689043018 0.724252477
25.001000 112.589664672 -70.117303305 3.567442284 -0.002420358 -0.021915435 -0.689497781 0.723952116
25.101000 112.621540761 -70.780356748 3.611558042 -0.002054933 -0.021146121 -0.691959384 0.721623745
25.201000 112.652487156 -71.374753706 3.641466794 -0.002356419 -0.020311353 -0.693840777 0.719838087
25.300843 112.652410667 -71.370202744 3.640809090 -0.002340482 -0.020320199 -0.693854377 0.719824781
25.400619 112.682348650 -72.967281503 3.703698870 -0.004536905 -0.019100640 -0.699460760 0.714401307
25.500774 112.715103570 -73.536746004 3.728342401 -0.003621046 -0.020332718 -0.699051011 0.714773498
25.601000 112.738924741 -74.177769058 3.757931843 -0.004463319 -0.020006099 -0.699504958 0.714333710
25.700723 112.739677174 -74.172727028 3.757502315 -0.004422725 -0.019971184 -0.699509121 0.714330862
25.800628 112.745089014 -75.816630139 3.826533799 -0.005957031 -0.017464725 -0.702397654 0.711545524
25.901000 112.769292445 -76.349925849 3.856903719 -0.005324091 -0.017406623 -0.702786640 0.711167774
26.000755 112.769428220 -76.338602434 3.858190809 -0.005331316 -0.017389774 -0.702712290 0.711241598
26.100889 112.802479781 -77.809149032 3.929303262 -0.006238453 -0.014900978 -0.703980878 0.710035186
26.201000 112.796961623 -78.442645131 3.950699503 -0.006025533 -0.015854368 -0.705151907 0.708853384
26.300481 112.795167214 -78.429528902 3.949820733 -0.005983644 -0.015780475 -0.705114863 0.708892236
26.400870 112.801360070 -79.945701485 3.999896437 -0.006480114 -0.015018276 -0.706484861 0.707539116
26.500872 112.800350456 -80.420650028 4.024736708 -0.006221521 -0.016452868 -0.705356781 0.708634185
26.601000 112.820390403 -80.982448223 4.051167491 -0.006511541 -0.016323018 -0.704687068 0.709300568
26.700876 112.816705376 -80.975627815 4.051308712 -0.006515742 -0.016262496 -0.704724680 0.709264550
26.801000 112.843823109 -82.339509194 4.103715624 -0.007190053 -0.014737842 -0.704096062 0.709915372
26.901000 112.863453222 -82.906624565 4.128241372 -0.006629456 -0.014314746 -0.703692781 0.710329225
27.000765 112.861776977 -82.911745412 4.129127054 -0.006625035 -0.014321628 -0.703740686 0.710281667
27.100881 112.920779080 -84.335411260 4.189924695 -0.007754941 -0.011704443 -0.700805476 0.713214240
27.201000 112.934074178 -84.804549938 4.210681141 -0.007305071 -0.012637151 -0.700612190 0.713392947
27.301000 112.930175749 -85.465818638 4.234468616 -0.007703621 -0.012152852 -0.698951761 0.715024054
27.401000 112.935598868 -85.997350802 4.264222217 -0.008167455 -0.011655282 -0.698234523 0.715727600
27.482818 112.935206695 -85.995200540 4.263905454 -0.008133612 -0.011651387 -0.698233468 0.715729079
27.584333 112.981744602 -87.086266398 4.315221936 -0.009579517 -0.009438911 -0.698675641 0.715312161
27.691476 112.988238739 -87.690954924 4.337456863 -0.009547837 -0.010022926 -0.697537818 0.716414246
27.773727 113.015381572 -88.305239259 4.352556423 -0.009027430 -0.010523853 -0.694984062 0.718891444
27.876000 113.030050880 -88.793109878 4.373493106 -0.009062869 -0.010780252 -0.701019383 0.713003138
27.976000 113.071476653 -89.516799695 4.397308099 -0.009518014 -0.011324783 -0.696151474 0.717742490
28.100668 113.086357551 -90.039162586 4.424505953 -0.010684336 -0.011433996 -0.705506072 0.708531080
28.200675 113.155347246 -90.743477024 4.446805955 -0.011091249 -0.011945486 -0.695279572 0.718554525
28.312091 113.159493032 -91.043435739 4.455783264 -0.010800358 -0.012595512 -0.693756830 0.720018170
28.351000 113.157596959 -91.020646351 4.456865388 -0.010715941 -0.012464330 -0.693820683 0.719960186
28.501000 113.195267730 -92.164738537 4.497538274 -0.010706027 -0.012619204 -0.692211157 0.721505268
28.599941 113.197977634 -92.179556555 4.498520950 -0.010708807 -0.012605119 -0.692216391 0.721500451
28.700876 113.339991547 -94.132240504 4.564677352 -0.011312110 -0.011506803 -0.687976121 0.725553917
28.801000 113.387339977 -94.750970057 4.585215623 -0.010862190 -0.011459528 -0.687711065 0.725812774
28.900750 113.386707419 -94.749934697 4.585734296 -0.010870782 -0.011433579 -0.687712341 0.725811846
29.001000 113.465164561 -95.953460840 4.636591931 -0.013130431 -0.010859821 -0.687032861 0.726426531
29.101000 113.499809729 -96.509697337 4.661590118 -0.013665748 -0.010415241 -0.687173995 0.726289660
29.201000 113.538206088 -97.032104412 4.684231371 -0.013628445 -0.009784801 -0.687117642 0.726352441
29.301000 113.566690918 -97.532892385 4.703939275 -0.013615777 -0.008903302 -0.687819457 0.725699481
29.400895 113.564032480 -97.523567918 4.704754102 -0.013599892 -0.008839655 -0.687841142 0.725680003
29.500903 113.636232438 -98.715807901 4.757458504 -0.015404501 -0.004354720 -0.691235142 0.722452570
29.600708 113.663816373 -99.062491257 4.775289349 -0.014102830 -0.004532503 -0.691696100 0.722036752
29.700895 113.686162264 -99.420227996 4.791341493 -0.013062661 -0.003914338 -0.693489832 0.720337350
29.800677 113.681642591 -99.772230294 4.806442711 -0.012110068 -0.003362401 -0.695809534 0.718116378
29.900783 113.696015993 -100.099258774 4.816936747 -0.012039989 -0.003009966 -0.698711760 0.715295642
30.001000 113.695074689 -100.415214191 4.826784387 -0.012673138 -0.002397765 -0.702078059 0.711983175
30.101000 113.686917360 -100.725266179 4.840878816 -0.012744475 -0.001939250 -0.705022808 0.709067456
30.200695 113.683474605 -100.723717988 4.841224229 -0.012741045 -0.001931167 -0.705036101 0.709054322
30.301000 113.663116089 -101.303906703 4.860779681 -0.013038349 -0.002792177 -0.711933822 0.702119960
30.400798 113.663457692 -101.311044456 4.861543506 -0.013030863 -0.002768267 -0.711944865 0.702108996
30.500807 113.629845344 -102.018855895 4.887733954 -0.017114494 -0.005450368 -0.722509895 0.691127224
30.601000 113.647443534 -102.255845474 4.902162162 -0.016075348 -0.004612082 -0.723725050 0.689885762
30.700815 113.649699989 -102.238020448 4.902048851 -0.016052236 -0.004565807 -0.723664115 0.689950526
30.800908 113.602460532 -102.888782572 4.930173702 -0.016462071 -0.004562725 -0.736834829 0.675856949
30.901000 113.590292787 -103.072140485 4.931666082 -0.015775997 -0.004745938 -0.738138221 0.674448338
31.000717 113.590071859 -103.051313917 4.929656418 -0.015738729 -0.004733969 -0.738044939 0.674551370
31.101000 113.522099403 -103.500009396 4.948106047 -0.016333137 -0.004775211 -0.748650874 0.662746025
31.200908 113.521155858 -103.493714305 4.947602854 -0.016313511 -0.004749408 -0.748626451 0.662774282
31.300727 113.421710735 -103.677835226 4.971019486 -0.020489226 -0.004340087 -0.755131520 0.655238692
31.400909 113.438201075 -103.892586122 4.979074338 -0.019498705 -0.005268322 -0.755468362 0.654873728
31.500726 113.355504603 -104.094935206 4.993598619 -0.020027360 -0.005484119 -0.762879331 0.646207363
31.600722 113.267281122 -104.338392493 5.005035870 -0.020874692 -0.004947542 -0.770821937 0.636689336
31.700902 113.205590942 -104.744562598 5.018230290 -0.021566105 -0.004288847 -0.781493857 0.623525349
31.801000 113.137363108 -105.132162121 5.028219741 -0.021380207 -0.003090591 -0.792233346 0.609835766
31.901000 113.014458299 -105.475314334 5.044034849 -0.021512583 -0.002047646 -0.802121451 0.596769800
32.000788 113.009225797 -105.478807469 5.044908879 -0.021513776 -0.002018504 -0.802063623 0.596847575
32.101000 112.724377729 -106.197364026 5.076791542 -0.023287594 -0.001929698 -0.823434173 0.566930443
32.200539 112.719102889 -106.203818492 5.077762257 -0.023293497 -0.001903412 -0.823432133 0.566933252
32.301000 112.453536247 -107.420241346 5.105765398 -0.023456939 -0.002577001 -0.852276313 0.522559295
32.400057 112.446900329 -107.419126061 5.105764327 -0.023465941 -0.002556090 -0.852231645 0.522631839
32.501000 112.100958532 -107.513959810 5.135558964 -0.022797726 -0.003494751 -0.859630585 0.510395247
32.601000 111.956410190 -107.798692033 5.149891323 -0.022254352 -0.004743849 -0.867756727 0.496468027
32.699305 111.954742977 -107.795149811 5.151120856 -0.022300697 -0.004714549 -0.867724021 0.496523389
32.799413 111.382558494 -108.437202757 5.205090462 -0.020183331 -0.004649302 -0.889215656 0.457019184
32.901000 111.114823900 -108.929373796 5.236049608 -0.020150200 -0.002108951 -0.898291290 0.438933116
33.000490 111.114281645 -108.917758994 5.235240217 -0.020123096 -0.002086931 -0.898130587 0.439263194
33.099137 110.397192970 -109.365534535 5.270756765 -0.018412496 -0.003443383 -0.913410636 0.406608083
33.200225 110.015249475 -110.039471182 5.280140485 -0.016634039 -0.005561422 -0.926822880 0.375088960
33.301000 109.705035284 -110.044823176 5.293730010 -0.014246778 -0.007624165 -0.928540889 0.370878306
33.401000 109.309639622 -110.335842498 5.318619373 -0.012857090 -0.007653368 -0.935354468 0.353395162
33.501000 108.858081490 -110.744602343 5.337858893 -0.012698593 -0.006696916 -0.943769849 0.330291340
33.600904 108.855572482 -110.740938821 5.338244927 -0.012696600 -0.006651131 -0.943698716 0.330495525
33.700066 107.862055620 -111.362796368 5.372574411 -0.014318770 -0.004031199 -0.956452941 0.291507279
33.801000 107.378693052 -111.833023496 5.392050071 -0.013682401 -0.004514380 -0.963657757 0.266751080
33.900068 107.383692821 -111.830553353 5.392498300 -0.013699615 -0.004479843 -0.963634977 0.266833060
34.001000 106.316321798 -112.358382367 5.421722131 -0.013990849 -0.005545064 -0.974717667 0.222932676
34.101000 105.798912000 -112.566418618 5.443733039 -0.013386888 -0.005109772 -0.978916376 0.203758213
34.197000 105.942196287 -112.488856741 5.444043377 -0.013323319 -0.005157773 -0.977497907 0.210460754
34.301000 104.793705830 -112.870907910 5.479498209 -0.012589532 -0.004091094 -0.986302460 0.164414795
34.401000 104.301909670 -113.017501977 5.495612675 -0.011347921 -0.004358704 -0.988496196 0.150756415
34.498368 104.296623408 -113.013193661 5.496028059 -0.011357406 -0.004328983 -0.988507103 0.150685023
34.599667 102.965180589 -113.215398929 5.521141032 -0.007019808 -0.005159543 -0.993821456 0.110648160
34.697552 102.012988574 -113.349920975 5.537919008 -0.007514405 -0.005596301 -0.997642913 0.067976714
34.800817 101.163587556 -113.374652957 5.550081154 -0.007342501 -0.008385558 -0.999419364 0.032197893
34.901000 100.330078722 -113.503697692 5.562284112 -0.009140823 -0.011207237 -0.999752433 0.016909077
35.001000 99.643903571 -113.791487756 5.574467416 -0.010454380 -0.013075314 -0.998737895 0.047353562
35.101000 98.942628022 -113.866934250 5.590591010 -0.011862806 -0.014039796 -0.998953056 0.041892124
35.183353 98.946254785 -113.867825524 5.590869344 -0.011877747 -0.014037901 -0.998947417 0.042022788
35.288500 97.409147394 -113.986795071 5.635688782 -0.014316400 -0.016293340 -0.999124033 0.035787364
35.393857 96.580640919 -114.034318712 5.661207004 -0.012126937 -0.016038669 -0.999241631 0.033344571
35.483353 95.891816549 -114.082107904 5.678819895 -0.011060480 -0.016276212 -0.999265445 0.032883454
35.601000 94.997781900 -114.152147927 5.699596631 -0.011250366 -0.016585844 -0.999274014 0.032400374
35.700063 95.007385008 -114.159533812 5.699939859 -0.011257061 -0.016581100 -0.999269720 0.032532638
35.800444 93.261660894 -114.303464707 5.733349748 -0.010480294 -0.017399978 -0.999202080 0.034389067
35.901000 92.449725384 -114.343346625 5.753733474 -0.008702721 -0.016996782 -0.999220764 0.034543266
36.000642 92.466512587 -114.338960686 5.754870486 -0.008695717 -0.016962239 -0.999222757 0.034504333
36.099605 90.627382037 -114.479467796 5.789633423 -0.005437933 -0.015341063 -0.999221417 0.035939397
36.200896 89.780908387 -114.546527852 5.806820481 -0.005907758 -0.016342945 -0.999197763 0.036080965
36.300898 88.927447564 -114.614426171 5.814284211 -0.006957224 -0.017397108 -0.999157885 0.036502853
36.400673 88.071982608 -114.677909621 5.831262449 -0.007860245 -0.020712547 -0.999108677 0.035931302
36.501000 87.183322267 -114.731982597 5.845361445 -0.008467045 -0.020287301 -0.999111029 0.035970618
36.600673 87.188248530 -114.732578279 5.843491421 -0.008441809 -0.020354723 -0.999111360 0.035929253
36.700878 85.266962935 -114.902631737 5.889037358 -0.013589366 -0.020486834 -0.999030459 0.036520684
36.800889 84.319385418 -114.966505892 5.912677327 -0.012208957 -0.019832416 -0.999080697 0.035991341
36.899571 83.379664448 -115.043123824 5.939182528 -0.010432659 -0.017059994 -0.999184650 0.035073502
37.001000 82.398046966 -115.128107780 5.965667329 -0.007647295 -0.014528720 -0.999272841 0.034412567
37.101000 81.445369340 -115.207916096 5.987463642 -0.006287310 -0.013727608 -0.999331267 0.033302279
37.200729 81.448620441 -115.206943198 5.987395289 -0.006275469 -0.013734550 -0.999328554 0.033382966
37.301000 79.488079904 -115.360743722 6.020244840 -0.005605431 -0.014805131 -0.999369927 0.031766914
37.400728 79.490993069 -115.357916992 6.021185084 -0.005618399 -0.014785362 -0.999369056 0.031801193
37.500820 77.453732746 -115.501764776 6.053233424 -0.007222325 -0.015768052 -0.999395800 0.030120436
37.600910 76.451097660 -115.567255748 6.079927370 -0.006670802 -0.016370129 -0.999391875 0.030056606
37.700909 75.491481490 -115.624865549 6.103123549 -0.006796768 -0.016311766 -0.999390356 0.030110579
37.801000 74.524782019 -115.682322288 6.126444480 -0.005446269 -0.018278456 -0.999353357 0.030481219
37.900681 74.529949274 -115.678680624 6.126381308 -0.005418062 -0.018300344 -0.999351049 0.030548707
38.000881 72.487805336 -115.782619701 6.161274815 -0.003091923 -0.020316941 -0.999277748 0.031963172
38.100865 71.499268806 -115.836865205 6.179784273 -0.005801959 -0.021404910 -0.999215887 0.032799064
38.201000 70.513255844 -115.901019587 6.201897865 -0.007592880 -0.020928747 -0.999182955 0.033730672
38.301000 69.520961009 -115.981747726 6.222082173 -0.007248013 -0.020340213 -0.999187452 0.034032011
38.401000 68.525876351 -116.063357874 6.249953808 -0.006250747 -0.020393308 -0.999162718 0.034912813
38.501000 67.537445078 -116.140596195 6.271112241 -0.006471658 -0.019934505 -0.999132738 0.035979221
38.600569 67.541888176 -116.141912449 6.270575955 -0.006463983 -0.019933401 -0.999133671 0.035955295
38.701000 66.453410171 -116.220421278 6.317893363 -0.008142083 -0.019582173 -0.999106666 0.036552899
38.800736 66.453240447 -116.218920224 6.317486701 -0.008098290 -0.019576819 -0.999108800 0.036507140
38.900871 64.449257731 -115.139690128 6.370565621 -0.007255623 -0.019613201 -0.998455104 0.051478968
39.000875 63.415273812 -115.261148798 6.389857045 -0.005539729 -0.019564636 -0.998442432 0.051954276
39.100597 62.548699953 -115.734648972 6.406364594 -0.004055246 -0.020426382 -0.998595776 0.048711338
39.200605 61.676564359 -117.238376300 6.427173582 -0.003755612 -0.020615620 -0.999178372 0.034691091
39.300610 60.379478323 -117.005219332 6.444773615 -0.003894133 -0.021003930 -0.999000917 0.039253503
39.401000 59.283901587 -117.032778485 6.463473599 -0.004759609 -0.021649947 -0.998941604 0.040302584
39.501000 58.231450048 -117.086564542 6.481671696 -0.005082201 -0.022391783 -0.998882743 0.041304290
39.601000 57.077993863 -117.148065716 6.500763870 -0.005348083 -0.023184128 -0.998820665 0.042322246
39.700718 57.075818828 -117.147332045 6.501218088 -0.005338098 -0.023193060 -0.998819603 0.042343677
39.801000 55.144619001 -117.274433795 6.546845001 -0.008045282 -0.023645246 -0.998736936 0.043597123
39.900836 55.144591064 -117.275035555 6.546637740 -0.008037927 -0.023721652 -0.998733924 0.043625964
40.001000 53.170226366 -117.481307109 6.600511485 -0.006909284 -0.022135813 -0.998788915 0.043393212
40.101000 52.140289973 -117.585871707 6.619551753 -0.005724877 -0.021638007 -0.998827147 0.042934294
40.200534 52.146767720 -117.584564888 6.618615065 -0.005710230 -0.021663719 -0.998826724 0.042933114
40.301000 50.182936899 -117.791081323 6.651745103 -0.005024922 -0.022858513 -0.998877591 0.041180047
40.400733 50.181335064 -117.789049937 6.652702166 -0.004994068 -0.022861900 -0.998877968 0.041172777
40.501000 47.970889348 -117.970343164 6.689555180 -0.006293682 -0.024630473 -0.998825852 0.041238899
40.600856 47.965977858 -117.969764954 6.690985140 -0.006264228 -0.024620187 -0.998825764 0.041251649
40.700518 45.900695196 -118.175647392 6.744216736 -0.007180659 -0.023454782 -0.998860341 0.040943021
40.800752 44.752733434 -118.275429626 6.774815427 -0.004536527 -0.023380451 -0.998868071 0.041174635
40.901000 43.597358668 -118.372747783 6.794047706 -0.002127487 -0.024341105 -0.998868517 0.040800362
41.000739 43.606547257 -118.369995594 6.794657456 -0.002100934 -0.024345267 -0.998867282 0.040829495
41.100740 40.872596165 -118.642853946 6.823388434 -0.001879641 -0.025774469 -0.998996217 0.036588289
41.201000 39.717082907 -118.744607513 6.831990395 -0.006434435 -0.026742816 -0.999012461 0.034893030
41.300844 39.731972695 -118.744938458 6.832231472 -0.006381822 -0.026755974 -0.999008623 0.035002296
41.400781 37.305283114 -118.946109701 6.888897374 -0.005121294 -0.018712408 -0.999279914 0.032607833
41.500875 36.157423190 -119.026984477 6.922306480 -0.001278753 -0.018827964 -0.999262656 0.033436746
41.601000 35.026274254 -119.109602394 6.934482739 0.000344960 -0.018119318 -0.999286884 0.033125444
41.700892 35.034382403 -119.109590386 6.933870803 0.000384617 -0.018128969 -0.999285662 0.033156568
41.800684 31.411478772 -119.469470625 6.937210908 -0.003867112 -0.019404495 -0.995898914 0.088282868
41.901000 29.766076393 -119.975263408 6.940169335 -0.003807584 -0.021850689 -0.994259329 0.104673000
42.000870 29.772790465 -119.973500630 6.940393801 -0.003790273 -0.021816398 -0.994258883 0.104685011
42.101000 27.249159326 -119.590138433 6.999457957 -0.005496154 -0.023109021 -0.998944936 0.039303682
42.201000 26.072275642 -119.684775253 7.032943923 -0.004605437 -0.021764637 -0.998949851 0.040053532
42.300710 26.075446501 -119.687710882 7.033475436 -0.004610833 -0.021810167 -0.998948089 0.040072090
42.400881 23.615382048 -119.921229525 7.092649257 -0.003207339 -0.016458009 -0.999031966 0.040669138
42.501000 22.416062936 -120.025225892 7.102468810 -0.004207234 -0.017044043 -0.999007231 0.040943290
42.601000 21.234831434 -120.128962955 7.107391272 -0.004125155 -0.016770387 -0.998999818 0.041244404
42.700798 21.240430808 -120.127671853 7.108190930 -0.004141007 -0.016749409 -0.998998216 0.041290117
42.801000 18.841536212 -120.340471529 7.138090668 -0.003007832 -0.018387910 -0.998959523 0.041625813
42.901000 17.642124956 -120.433611219 7.159811381 -0.003010967 -0.018890616 -0.998932785 0.042040086
43.000885 17.640720084 -120.434314889 7.161244437 -0.002943822 -0.018925069 -0.998932249 0.042042093
43.100892 15.132610640 -120.663722219 7.209764097 -0.003290344 -0.017837225 -0.998975810 0.041452843
43.200783 13.900707656 -120.773182017 7.226246930 -0.002519656 -0.018133756 -0.998954103 0.041898902
43.301000 12.669926337 -120.880382585 7.238740596 -0.003440086 -0.018414881 -0.998941160 0.042019247
43.400894 12.675217255 -120.876588848 7.238228216 -0.003418978 -0.018410616 -0.998942742 0.041985218
43.500065 10.127891876 -121.104174591 7.281071384 -0.006122942 -0.018283378 -0.998951017 0.041534245
43.600891 8.877546064 -121.214769812 7.306549590 -0.003890614 -0.018265199 -0.998974431 0.041247197
43.700405 7.655355877 -121.317517891 7.329954210 -0.002311406 -0.017771660 -0.998990868 0.041183384
43.800324 6.419840694 -121.425410302 7.343803770 -0.001628036 -0.017431645 -0.999028209 0.040449030
43.899765 5.189990621 -121.528322582 7.353735796 -0.001469481 -0.017897204 -0.999055170 0.039576493
44.001000 3.915534082 -121.635485821 7.366209224 -0.001812371 -0.018391314 -0.999064895 0.039087227
44.100791 3.923625770 -121.634270050 7.366371921 -0.001758483 -0.018358495 -0.999065033 0.039101574
44.201000 1.428603345 -121.830383024 7.395408150 -0.002876794 -0.019271155 -0.999094523 0.037821709
44.301000 0.172427479 -121.938612012 7.412282897 -0.002868716 -0.020013876 -0.999098088 0.037339331
44.400200 0.171424240 -121.940481329 7.413375522 -0.002854532 -0.019995789 -0.999097825 0.037357143
44.500887 -2.461049133 -122.150090034 7.444682699 0.000677289 -0.023100059 -0.999116783 0.035093903
44.601000 -3.746948892 -122.231357128 7.453828791 -0.000125006 -0.023362136 -0.999099823 0.035408162
44.700756 -3.743429357 -122.226758514 7.454985387 -0.000069502 -0.023351505 -0.999096541 0.035507802
44.801000 -6.315914068 -122.393604622 7.478883441 -0.003837839 -0.023765848 -0.999108077 0.034691582
44.901000 -7.602062484 -122.495103219 7.510854308 -0.004027853 -0.022143521 -0.999148889 0.034567870
45.000349 -7.599988102 -122.497075297 7.511931739 -0.004013998 -0.022166076 -0.999145893 0.034641559
45.100876 -10.213429706 -122.709069286 7.565728750 -0.001758375 -0.021584787 -0.999174577 0.034368163
45.201000 -11.500699754 -122.801987358 7.571795600 -0.001394014 -0.023387168 -0.999096867 0.035447805
45.300597 -11.502355394 -122.801046679 7.570403346 -0.001395299 -0.023426247 -0.999093784 0.035508808
45.401000 -14.111689231 -122.990357141 7.590355935 -0.000688683 -0.024484417 -0.999032517 0.036524897
45.500584 -14.114974027 -122.989871849 7.590021240 -0.000676679 -0.024553991 -0.999027822 0.036606763
45.600864 -16.793554979 -123.213532614 7.605889777 -0.000854115 -0.024114634 -0.998997636 0.037702490
45.701000 -18.105344551 -123.315350081 7.621343430 -0.000965040 -0.024439528 -0.998952449 0.038675346
45.801000 -19.424668432 -123.418585726 7.642870297 -0.001895045 -0.024141297 -0.998933603 0.039309826
45.901000 -20.726152759 -123.522859718 7.666798386 -0.000932589 -0.023717379 -0.998937408 0.039505334
46.001000 -19.478922809 -123.518146710 7.680767130 -0.000546321 -0.022982204 -0.999003509 0.038255833
46.101000 -20.921137673 -123.280003989 7.691019816 -0.001314370 -0.022372872 -0.998851573 0.042346921
46.201000 -21.903850887 -124.165323782 7.697778550 -0.001489330 -0.021285906 -0.999183620 0.034304319
46.300875 -21.904072421 -124.166224216 7.697017162 -0.001458048 -0.021308156 -0.999183339 0.034300033
46.400883 -25.039182037 -124.524341382 7.720635586 -0.000360342 -0.019261110 -0.999272421 0.032916689
46.500880 -26.196753315 -124.694091830 7.740576391 -0.000608310 -0.021286698 -0.999256643 0.032135141
46.600877 -27.557037462 -124.775373649 7.757805038 -0.001225896 -0.021560103 -0.999246451 0.032251980
46.701000 -29.210908317 -124.775726506 7.774351420 -0.001264232 -0.021979830 -0.999189311 0.033704735
46.800873 -29.208366599 -124.778322415 7.775377041 -0.001253206 -0.021965394 -0.999187702 0.033762205
46.901000 -32.209470985 -124.933313503 7.802743014 0.001064131 -0.022247529 -0.999174199 0.033982864
47.001000 -33.523312088 -124.965130750 7.808716749 0.001020182 -0.022674936 -0.999149254 0.034432182
47.100752 -33.523703001 -124.964281692 7.808911114 0.001001816 -0.022737529 -0.999147873 0.034431522
47.200877 -36.391489553 -125.088943514 7.827931610 -0.001984674 -0.021710063 -0.999210588 0.033210479
47.301000 -37.557909622 -125.322088573 7.841524790 0.000495882 -0.021510089 -0.999314376 0.030130527
47.401000 -38.933490740 -125.425399213 7.856582953 0.001423567 -0.021332256 -0.999325134 0.029869454
47.500881 -38.927743971 -125.427684092 7.857346798 0.001419480 -0.021365472 -0.999321735 0.029959515
47.600765 -41.739409781 -125.433016381 7.876417117 0.002866072 -0.020732856 -0.999197917 0.034138793
47.700658 -43.319099784 -125.409826406 7.885843580 0.003062663 -0.021174504 -0.998817681 0.043652037
47.800884 -45.848024980 -125.486397849 7.895845174 0.003420371 -0.021063249 -0.997116577 0.072822889
47.901000 -47.303617190 -125.697383050 7.900784341 0.003369508 -0.020380648 -0.996950125 0.075257721
48.000883 -47.299383547 -125.697687706 7.901119117 0.003403050 -0.020381599 -0.996947277 0.075293668
48.100659 -48.931412030 -125.900707396 7.900891395 0.002672884 -0.019479005 -0.999312819 0.031421548
48.200288 -50.289306053 -125.992377031 7.910369647 0.003211522 -0.020868166 -0.999267384 0.031920234
48.300644 -51.675298630 -126.079207230 7.915505706 0.004367370 -0.021846742 -0.999234273 0.032163870
48.400878 -54.429245414 -127.390326215 7.925977136 0.007711143 -0.024912036 -0.994477156 0.101661763
48.500645 -56.510174652 -126.371493562 7.932799702 0.006591751 -0.027034042 -0.998995284 0.035130219
48.600616 -57.888956646 -126.458248398 7.933241449 0.003932784 -0.027287089 -0.998963381 0.036223085
48.700855 -59.271497191 -126.558700876 7.931597953 0.001695582 -0.025723929 -0.999021845 0.035927113
48.800718 -60.644345506 -126.684186236 7.931072747 0.002142759 -0.023167041 -0.999085703 0.035867172
48.901000 -62.038938831 -126.808220015 7.940946455 0.004013225 -0.024729582 -0.999031977 0.036158682
49.000866 -62.048744963 -126.810317052 7.941366951 0.004041889 -0.024725842 -0.999029275 0.036232621
49.100608 -64.904342212 -127.036045670 7.958802645 0.000741756 -0.031048767 -0.998853542 0.036428365
49.200703 -66.318995265 -127.134718285 7.959868014 0.003050712 -0.027574141 -0.998923905 0.037167074
49.300846 -67.715185770 -127.233736453 7.965311613 0.003854418 -0.025641774 -0.998970874 0.037213372
49.400536 -69.105312552 -127.348028816 7.970750729 0.003861804 -0.021691135 -0.999044341 0.037748995
49.501000 -70.501725389 -127.465522059 7.968521980 0.004944294 -0.020326768 -0.999050793 0.038208508
49.601000 -71.896267774 -127.584428776 7.970182121 0.004962897 -0.019339639 -0.999034630 0.039130001
49.700419 -71.892042312 -127.583169800 7.971370362 0.005020542 -0.019268538 -0.999038634 0.039055414
49.800464 -74.742650430 -127.834461137 7.965285139 0.006041317 -0.019233455 -0.999005183 0.039777146
49.900721 -76.154240657 -127.941231930 7.958293378 0.007223004 -0.020534764 -0.998969440 0.039827248
50.000725 -77.566615660 -128.054510067 7.955225663 0.007233704 -0.021362034 -0.998915551 0.040731540
50.100865 -78.978108342 -128.171490898 7.953451308 0.006917086 -0.021835645 -0.998890988 0.041135776
50.200732 -80.373964128 -128.294196039 7.946323937 0.007338231 -0.021308647 -0.998877247 0.041669376
50.301000 -81.770551391 -128.417094046 7.938477980 0.007543303 -0.020861388 -0.998901707 0.041270824
50.400609 -81.770396974 -128.417506239 7.938601402 0.007548093 -0.020883566 -0.998900089 0.041297891
50.500738 -84.710459037 -128.687752146 7.917294663 0.007521289 -0.019927467 -0.998955409 0.040427936
50.600868 -86.130640681 -128.817118580 7.919629333 0.007715752 -0.020674224 -0.998909742 0.041138435
50.700877 -87.540191260 -128.945123715 7.919516736 0.006919653 -0.019967487 -0.998935444 0.041004824
50.801000 -88.939162401 -129.059673064 7.913494362 0.007355859 -0.019409684 -0.998967642 0.040407999
50.901000 -90.340053013 -129.178193890 7.904092483 0.008426785 -0.018411733 -0.998996811 0.039942059
51.001000 -91.754781751 -129.299178512 7.895020906 0.008919605 -0.018402974 -0.999010578 0.039492229
51.101000 -93.157256004 -129.421773571 7.882984286 0.009442329 -0.018395955 -0.999026858 0.038958553
51.201000 -94.553380830 -129.535647911 7.870859759 0.009668278 -0.018343510 -0.999052444 0.038265577
51.300883 -94.551217886 -129.533178918 7.871339097 0.009692341 -0.018330086 -0.999052540 0.038263411
51.399897 -97.423208222 -129.755640689 7.838456959 0.011332905 -0.020011471 -0.999057587 0.036810931
51.500880 -98.845401957 -129.871050375 7.815766307 0.012685886 -0.023040219 -0.998949466 0.037525750
51.600768 -100.247367925 -129.975668601 7.799971023 0.014024261 -0.026060812 -0.998837921 0.038038955
51.701000 -101.646161574 -130.081231577 7.784196726 0.014893810 -0.027375961 -0.998753075 0.039000342
51.800881 -101.643664786 -130.081819897 7.784902694 0.014944759 -0.027397121 -0.998748313 0.039087841
51.901000 -104.452565637 -130.308649714 7.745046321 0.015460521 -0.024908991 -0.998771422 0.039951985
52.000757 -104.453596406 -130.310093264 7.744848489 0.015503213 -0.024969093 -0.998766153 0.040029575
52.101000 -107.279271904 -130.566375134 7.685394966 0.015320703 -0.022187609 -0.998824409 0.040283826
52.200751 -107.279765220 -130.565457599 7.685108326 0.015373369 -0.022223525 -0.998822232 0.040297926
52.300867 -110.188241492 -130.825777738 7.633808986 0.008268085 -0.018224704 -0.999036399 0.039061127
52.400872 -111.605766629 -130.960610290 7.615874871 0.012272970 -0.017531034 -0.999031029 0.038458293
52.500661 -112.975262096 -131.083004557 7.594399641 0.015412181 -0.015989182 -0.999031428 0.037987063
52.601000 -114.374288151 -131.199375298 7.572959333 0.014145554 -0.016904261 -0.999054178 0.037481973
52.700894 -114.368978642 -131.196001159 7.573649120 0.014196335 -0.016889838 -0.999051687 0.037535627
52.801000 -117.173028649 -131.418787354 7.521049838 0.011993744 -0.015097164 -0.999130978 0.036952858
52.900697 -117.173063646 -131.416602224 7.519832718 0.012024570 -0.015068254 -0.999129796 0.036986592
53.000895 -120.049335881 -131.597202375 7.479919618 0.009091864 -0.014318914 -0.999211282 0.035904324
53.100894 -121.458228711 -131.726141274 7.453816749 0.013020372 -0.014855523 -0.999141938 0.036402893
53.200667 -122.852860428 -131.847767462 7.438893743 0.014296229 -0.016001699 -0.999082875 0.037053633
53.301000 -124.260464939 -131.962233862 7.415505950 0.014844792 -0.015101580 -0.999084605 0.037168886
53.400680 -124.257966984 -131.961822246 7.415771453 0.014921964 -0.015109104 -0.999082977 0.037178694
53.500792 -127.117958573 -132.182314501 7.341438366 0.017347909 -0.014216756 -0.999053889 0.037259375
53.601000 -128.487075805 -132.285199208 7.321936363 0.009679624 -0.016073487 -0.999117657 0.037574652
53.700720 -128.479636067 -132.282497960 7.321580893 0.009839574 -0.016179403 -0.999109327 0.037708918
53.800813 -131.332743046 -132.503051655 7.326277010 0.006157668 -0.015280590 -0.999145415 0.037908136
53.900805 -132.711865550 -132.637153092 7.307762240 0.012644409 -0.013619591 -0.999118094 0.037651820
54.001000 -134.080957531 -132.769394494 7.279092495 0.015410755 -0.011905844 -0.999113863 0.037312839
54.100715 -134.076423714 -132.769103014 7.276506846 0.015446097 -0.011942148 -0.999110748 0.037370002
54.200908 -136.895436722 -133.004213492 7.199600824 0.015793440 -0.008445446 -0.999145550 0.037247979
54.301000 -138.268474821 -133.111739896 7.160590766 0.016193798 -0.010300699 -0.999123043 0.037212915
54.400908 -138.267564376 -133.109021328 7.161494268 0.016267937 -0.010227333 -0.999119664 0.037291465
54.500717 -141.142303051 -133.327825406 7.068889667 0.020414013 -0.012405138 -0.999023639 0.037163814
54.601000 -142.542103634 -133.437574499 7.041943463 0.019698853 -0.013516965 -0.999014251 0.037413537
54.700698 -142.539080645 -133.435290947 7.043819971 0.019802307 -0.013540330 -0.999011439 0.037425569
54.800899 -145.404679797 -133.668933744 6.978857481 0.019159963 -0.013858463 -0.999036640 0.036967977
54.901000 -146.814236223 -133.790643250 6.930057239 0.021822705 -0.012837213 -0.998986614 0.037211845
55.000687 -146.818624388 -133.788348335 6.929342062 0.021854203 -0.012833643 -0.998987038 0.037183180
55.101000 -149.659670327 -134.012790522 6.820995868 0.024404056 -0.014823401 -0.998874011 0.037886912
55.200893 -149.664037556 -134.010012292 6.820920158 0.024459082 -0.014836092 -0.998871333 0.037917070
55.300786 -152.576588776 -134.245653693 6.697758301 0.023263747 -0.015210276 -0.998872081 0.038496896
55.400667 -153.999770419 -134.366645973 6.652452714 0.026100003 -0.015419090 -0.998810175 0.038200473
55.501000 -155.432440895 -134.478337846 6.596247413 0.025854739 -0.018590774 -0.998724688 0.039177962
55.600774 -155.428335026 -134.476531025 6.595409248 0.025899715 -0.018684260 -0.998721041 0.039196751
55.701000 -158.292722049 -134.697466525 6.497744933 0.022204139 -0.022582782 -0.998706234 0.039785064
55.800762 -158.292143070 -134.695209868 6.498794255 0.022244359 -0.022574374 -0.998706212 0.039767929
55.901000 -161.154172938 -134.921963224 6.406103609 0.026726048 -0.023592262 -0.998568546 0.039874593
56.000648 -161.154369928 -134.922321307 6.405632753 0.026788935 -0.023696134 -0.998562696 0.039917277
56.100654 -164.004990455 -135.189381594 6.275176040 0.029274743 -0.023811620 -0.998474880 0.040297760
56.200881 -165.390735221 -135.308350076 6.208120632 0.027721489 -0.023587806 -0.998539863 0.039915864
56.301000 -166.790031829 -135.424776160 6.145930540 0.026726381 -0.023322240 -0.998574481 0.039884578
56.400621 -166.784629537 -135.421349984 6.146635069 0.026730222 -0.023348995 -0.998575397 0.039843392
56.501000 -169.598350116 -135.658523216 6.031229703 0.028159955 -0.020737724 -0.998611293 0.039401126
56.600772 -169.595636129 -135.658753471 6.030347874 0.028173685 -0.020805172 -0.998607769 0.039445041
56.700888 -172.479587648 -135.896287999 5.896873424 0.026180524 -0.020287008 -0.998708531 0.038526463
56.801000 -173.907021455 -136.005571244 5.828732773 0.024764697 -0.023329271 -0.998689655 0.038228621
56.900763 -173.903711951 -136.005981325 5.828191418 0.024801457 -0.023366975 -0.998683892 0.038332180
57.000872 -176.848113436 -136.242821969 5.741729618 0.016017194 -0.027956807 -0.998774078 0.037579354
57.101000 -178.281182541 -136.367549631 5.695410727 0.020991776 -0.023967371 -0.998778089 0.037778825
57.200737 -178.277035420 -136.366372263 5.694360578 0.021013825 -0.024021581 -0.998774275 0.037832932
57.301000 -181.181241624 -136.608990748 5.590127160 0.028549004 -0.018775506 -0.998720518 0.037279508
57.400887 -181.178206132 -136.610312316 5.589322876 0.028576685 -0.018823459 -0.998718282 0.037294017
57.500666 -184.147241160 -136.870092277 5.420396642 0.028429427 -0.016022163 -0.998809563 0.036256235
57.601000 -185.609034541 -136.989205248 5.343056530 0.027126499 -0.018887305 -0.998798374 0.036183283
57.700885 -185.601567463 -136.990758957 5.345097725 0.027157240 -0.018829393 -0.998796963 0.036229339
57.800659 -188.567977850 -137.222147184 5.209157177 0.028310926 -0.023550495 -0.998700617 0.035227033
57.900648 -190.038308212 -137.319533146 5.158952603 0.028183231 -0.024758585 -0.998659531 0.035663142
58.001000 -191.509942072 -137.413864370 5.096884743 0.028876613 -0.024638631 -0.998654394 0.035333850
58.100771 -191.511257585 -137.412716371 5.096517212 0.028936926 -0.024695303 -0.998653115 0.035281053
58.200772 -194.528211377 -137.613308206 4.945308264 0.031760584 -0.023087557 -0.998656770 0.033806603
58.300883 -196.030214779 -137.737195680 4.868080982 0.030306771 -0.022256500 -0.998709795 0.034130522
58.400877 -197.531980857 -137.856606133 4.786770925 0.028840157 -0.020524082 -0.998820512 0.033235393
58.501000 -199.031316721 -137.983024627 4.715919446 0.029860615 -0.019889776 -0.998842945 0.032023603
58.601000 -199.807912041 -137.581082208 4.641235792 0.031379301 -0.018827985 -0.997980994 0.051911291
58.701000 -201.336860069 -137.682145308 4.566305179 0.032445459 -0.019031758 -0.997967536 0.051438125
58.800877 -201.400217619 -137.714245501 4.567315579 0.032498541 -0.018917341 -0.997887672 0.052973326
58.900881 -204.601739190 -137.932410298 4.402856252 0.035319949 -0.017851993 -0.997789912 0.053376961
59.000876 -206.550087442 -138.714816894 4.311045811 0.034753270 -0.018375723 -0.997534316 0.058136324
59.101000 -208.065978044 -138.829464575 4.230731434 0.034050389 -0.018276352 -0.997475213 0.059579744
59.201000 -209.387730298 -138.512355757 4.152211273 0.034320564 -0.017919365 -0.997516287 0.058840913
59.301000 -210.924479654 -138.698727717 4.073587011 0.035764213 -0.018338240 -0.997408064 0.059680675
59.401000 -212.711305315 -138.826349321 3.977714039 0.035555405 -0.018682583 -0.998852591 0.026082083
59.501000 -214.216512322 -138.919320421 3.884392188 0.036013114 -0.018349886 -0.998862932 0.025282001
59.600720 -214.212582558 -138.920953688 3.885450896 0.036039402 -0.018338192 -0.998860227 0.025359805
59.700864 -217.262871114 -139.085663566 3.694125002 0.034479056 -0.015556818 -0.998992067 0.024166730
59.800862 -218.765385492 -139.169342084 3.612810613 0.032508029 -0.016939358 -0.999035647 0.024167368
59.900711 -220.244146819 -139.254178368 3.539332963 0.031408126 -0.017269397 -0.999081877 0.023467024
60.000853 -221.717743411 -139.349957168 3.465327871 0.033585580 -0.017119995 -0.999001785 0.023965570
60.101000 -223.220231965 -139.426281709 3.384532692 0.035456521 -0.017156436 -0.998924224 0.024472160
60.200577 -223.221048288 -139.428704757 3.384711796 0.035481346 -0.017147658 -0.998924838 0.024417185
60.300716 -226.245043285 -139.592733397 3.213521029 0.038201158 -0.016735018 -0.998829506 0.024499570
60.401000 -227.736510162 -139.677123827 3.109847460 0.037754778 -0.017614154 -0.998823170 0.024831305
60.500712 -227.734910572 -139.674389878 3.111050112 0.037808016 -0.017589055 -0.998822510 0.024794611
60.600866 -230.762625783 -139.845403675 2.907826583 0.038854444 -0.015206659 -0.998836465 0.024182776
60.701000 -232.259201491 -139.922427054 2.813090992 0.039377929 -0.015437063 -0.998821904 0.023788243
60.801000 -233.726911701 -139.996146693 2.726874647 0.039463298 -0.014525941 -0.998850375 0.023012485
60.901000 -235.203867957 -140.069088468 2.633043714 0.040355605 -0.014006398 -0.998848742 0.021827423
61.000758 -235.204826340 -140.068590921 2.633529531 0.040359978 -0.013964811 -0.998847176 0.021917451
61.101000 -238.190276884 -140.197144260 2.422969692 0.042704457 -0.015542683 -0.998755168 0.020563774
61.200757 -238.189953539 -140.197477418 2.423519828 0.042745231 -0.015544553 -0.998753269 0.020569880
61.300881 -239.322608861 -140.863375375 2.187718784 -0.041086369 0.019933367 0.998953253 0.002639986
61.401000 -240.841201384 -140.883558782 2.091988986 -0.039945188 0.018754305 0.999007755 0.006013533
61.501000 -243.966295953 -140.218956473 2.005439321 -0.039932601 0.018839073 0.998987917 0.008580080
61.600760 -243.961926058 -140.220587871 2.006050274 -0.039979288 0.018872442 0.998985292 0.008595035
61.700641 -247.002215497 -140.383057905 1.820095424 -0.040007814 0.019206388 0.998964978 0.009973081
61.800757 -248.457595130 -140.345084881 1.719379739 -0.039788265 0.020335449 0.998938031 0.011232740
61.900605 -249.904548743 -140.373952814 1.620250043 -0.040828401 0.020889382 0.998856359 0.013514793
62.000871 -251.422695864 -140.702690345 1.521716919 0.042599084 -0.019857322 -0.998804960 0.013403602
62.100872 -252.829900418 -140.748226999 1.426988150 0.042935033 -0.019217983 -0.998811794 0.012737859
62.200627 -252.828792750 -140.111324395 1.329692658 0.043821847 -0.018470278 -0.998705971 0.018024394
62.300635 -254.251309725 -140.045808992 1.230239481 0.044054795 -0.019042524 -0.998682150 0.018180242
62.400632 -255.564091074 -140.307593150 1.133445827 0.043003820 -0.021019573 -0.998721455 0.016257414
62.500871 -257.130417688 -139.685902294 1.034733754 0.041272680 -0.020764999 -0.998698150 0.021619111
62.601000 -258.910869863 -138.653191683 0.941205968 0.040236691 -0.019984558 -0.998508626 0.031018554
62.701000 -260.110844601 -139.173725231 0.863037923 0.041024308 -0.018168920 -0.998641807 0.026484658
62.801000 -261.038499396 -139.979406350 0.766131209 0.041933910 -0.017683823 -0.998781752 0.019074606
62.900772 -261.041224189 -139.976420050 0.766560006 0.041923184 -0.017641841 -0.998782109 0.019118316
63.000656 -263.753022193 -139.466669688 0.555571530 0.045234670 -0.015514475 -0.998532858 0.025401904
63.100892 -265.027490750 -139.317912703 0.453941297 0.044280527 -0.017515283 -0.998490311 0.027377878
63.201000 -266.532535050 -139.237372379 0.354151641 0.044030409 -0.016801529 -0.998481082 0.028540506
63.300686 -266.533655346 -139.235440033 0.355797290 0.044042805 -0.016734693 -0.998479967 0.028599591
63.400803 -268.968186191 -140.291814244 0.163026416 0.041239709 -0.014827065 -0.998869527 0.018415006
63.501000 -269.928324217 -140.609587366 0.068203009 0.043038558 -0.014728783 -0.998856739 0.014695585
63.600807 -269.925926944 -140.611514757 0.068926981 0.043076514 -0.014675564 -0.998856311 0.014666678
63.700807 -272.791883587 -140.776448080 -0.119218804 0.043020890 -0.014323327 -0.998890343 0.012732962
63.800701 -273.909756272 -140.756534606 -0.210314037 0.043375058 -0.015542802 -0.998858047 0.012634357
63.900795 -275.293457411 -140.873061533 -0.301687466 0.044287978 -0.015685006 -0.998838715 0.010666608
64.000797 -276.594987309 -140.993691360 -0.389508633 0.044349635 -0.015972949 -0.998850115 0.008741954
64.100798 -277.855409917 -141.060523644 -0.476617260 0.044353227 -0.015265890 -0.998875463 0.006895898
64.200800 -279.152479206 -141.082743134 -0.568452941 0.044972053 -0.014544532 -0.998869802 0.005008923
64.300800 -280.531279402 -141.134308328 -0.657909513 0.044256241 -0.013760713 -0.998921599 0.002768928
64.400804 -281.721175682 -141.214168833 -0.749127856 0.043005823 -0.013261244 -0.998986805 0.000052148
64.501000 -282.932470268 -141.279872300 -0.837568866 -0.041664810 0.013342257 0.999039658 0.002406024
64.600716 -282.930563543 -141.278175175 -0.834745449 -0.041605314 0.013217178 0.999043671 0.002459008
64.700902 -285.532597269 -141.368559502 -1.006813268 -0.040922646 0.012938307 0.999035366 0.009288444
64.781000 -286.301900026 -141.370886197 -1.078641047 -0.042638297 0.013103199 0.998966017 0.008785185
64.863500 -287.375082364 -141.398269048 -1.158209304 -0.044460735 0.013512155 0.998857250 0.011174010
65.001000 -289.016767854 -141.437484575 -1.281853208 -0.045196482 0.014356307 0.998733151 0.016830554
65.100691 -289.015057614 -141.432342802 -1.282215148 -0.045261837 0.014380855 0.998729711 0.016838074
65.200895 -291.405935238 -141.325745349 -1.485077545 -0.044289807 0.017635687 0.998595520 0.023116706
65.300890 -292.428024547 -141.201430675 -1.570570333 -0.043951173 0.017224190 0.998650412 0.021655856
65.401000 -293.620992702 -141.187356934 -1.663030659 -0.044759336 0.017241502 0.998523220 0.025509055
65.500876 -293.617159307 -141.184116516 -1.662218024 -0.044704615 0.017234108 0.998525209 0.025532121
65.600635 -296.265678583 -141.026226897 -1.854134368 -0.045396071 0.016488298 0.998233222 0.034608761
65.700886 -297.285033090 -140.968101841 -1.943170406 -0.043335064 0.015765529 0.998346999 0.034304366
65.800892 -298.466436389 -140.936697646 -2.031541344 -0.042384042 0.014773002 0.998272024 0.037925153
65.900793 -299.716187898 -140.874061028 -2.124012006 -0.043666494 0.013611256 0.998048116 0.042519750
66.000474 -300.952145281 -140.767468728 -2.212679091 -0.045909292 0.014072320 0.997729723 0.047219777
66.101000 -302.294121358 -140.622868831 -2.308843440 -0.046208025 0.015738003 0.997481566 0.051455406
66.200670 -302.299406724 -140.619794795 -2.309363421 -0.046198858 0.015811575 0.997482457 0.051423811
66.301000 -304.652994732 -140.351171189 -2.510920897 -0.045229873 0.016424146 0.996959024 0.061296087
66.400782 -304.658632199 -140.350236487 -2.511455463 -0.045253731 0.016447767 0.996957396 0.061298628
66.501000 -306.971526824 -140.021691298 -2.696418592 -0.041706640 0.012525471 0.996599322 0.069953275
66.600820 -306.971439018 -140.022414325 -2.696547871 -0.041756551 0.012579821 0.996597760 0.069935988
66.700909 -309.223543693 -139.637671667 -2.864719793 -0.041730895 0.008087190 0.995650645 0.082903089
66.800727 -310.308592908 -139.522900292 -2.951978298 -0.042784872 0.010244248 0.995591059 0.082842943
66.900717 -311.247519147 -139.415410943 -3.040911214 -0.042154967 0.012019302 0.995500597 0.084006284
67.001000 -312.239799350 -139.279574525 -3.130812049 -0.042277978 0.014327832 0.994948535 0.089914946
67.101000 -313.593732160 -139.029412839 -3.218811699 -0.042579762 0.015858183 0.994870679 0.090375962
67.200581 -313.595151648 -139.026032907 -3.216049961 -0.042509171 0.015766606 0.994870669 0.090425304
67.300558 -316.403252886 -138.406905169 -3.375954498 -0.042694635 0.018991234 0.995119642 0.086910296
67.401000 -317.236850879 -138.290371741 -3.455321202 -0.043005731 0.019125898 0.995369793 0.083807409
67.501000 -318.316256777 -138.147142041 -3.539210037 -0.043866990 0.019911326 0.995672037 0.079475916
67.600601 -318.312602889 -138.150941337 -3.538730182 -0.043868101 0.019940919 0.995673364 0.079451258
67.700868 -320.487863772 -137.882342211 -3.712784349 -0.045491507 0.020265668 0.996409469 0.068468933
67.800713 -321.339577222 -137.814912506 -3.792037890 -0.044144620 0.018824842 0.996484032 0.068676422
67.901000 -322.395435434 -137.718654216 -3.879148445 -0.044568434 0.018115709 0.996743561 0.064712829
68.000568 -322.395640507 -137.721236623 -3.878172955 -0.044561303 0.018147428 0.996746036 0.064670716
68.100736 -324.710327671 -137.466040310 -4.052142770 -0.047525864 0.016568869 0.997367699 0.052196154
68.201000 -325.754603582 -137.305159233 -4.124849657 -0.045811064 0.017571054 0.997461471 0.051606388
68.301000 -326.840574157 -137.195662398 -4.201147869 -0.044818908 0.017346437 0.997674000 0.048342085
68.401000 -327.860057941 -137.104338713 -4.279340617 -0.043836838 0.017512983 0.997841633 0.045647583
68.491909 -327.862993657 -137.104907592 -4.279652620 -0.043873701 0.017509458 0.997840166 0.045645598
68.595118 -329.960726519 -136.951958006 -4.438336918 -0.043550235 0.017017085 0.998087807 0.040429269
68.695286 -330.911797740 -136.873496897 -4.529133893 -0.044512502 0.016185146 0.998069876 0.040164677
68.798297 -331.990544748 -136.795637037 -4.612319511 -0.045080840 0.016371877 0.998084298 0.039082138
68.895872 -332.970751227 -136.725094628 -4.688472978 -0.044945213 0.016279602 0.998139953 0.037835659
69.001000 -334.164412235 -136.675691187 -4.770982002 -0.045266267 0.016782573 0.998145282 0.037085135
69.101000 -335.192844074 -136.599708977 -4.858152376 -0.045543597 0.016996471 0.998148350 0.036561882
69.197875 -335.197810781 -136.597257887 -4.857739172 -0.045542043 0.016981044 0.998150747 0.036505518
69.297000 -337.414222900 -136.465713750 -5.034993536 -0.046581824 0.017339982 0.998127663 0.035645861
69.389235 -338.242008689 -136.410854740 -5.105534429 -0.046007457 0.017163254 0.998156799 0.035661471
69.501000 -339.511899191 -136.329297854 -5.192333452 -0.046124431 0.017372421 0.998146103 0.035708440
69.600609 -339.509327855 -136.324249601 -5.191088058 -0.046186352 0.017309517 0.998140311 0.035820671
69.700871 -341.587554566 -136.185102179 -5.362863820 -0.048818640 0.018141066 0.997965439 0.036778059
69.800617 -342.449133378 -136.123453455 -5.446589614 -0.048530311 0.017491967 0.998015063 0.036121653
69.900741 -343.443775785 -136.050303003 -5.530087908 -0.048098654 0.017993705 0.998012866 0.036511174
70.000612 -344.544865051 -135.982377676 -5.606333615 -0.047800485 0.017976025 0.998014738 0.036858645
70.100871 -345.517903537 -135.918198899 -5.686984759 -0.048204746 0.017708714 0.997981565 0.037356401
70.200877 -346.610950235 -135.846390330 -5.762833825 -0.048364116 0.017762205 0.997978160 0.037215707
70.300875 -347.538425613 -135.782490952 -5.840276131 -0.048612455 0.018464125 0.997942868 0.037495822
70.400752 -348.485428263 -135.714504883 -5.914847809 -0.049161035 0.019001433 0.997887557 0.037981066
70.501000 -349.410035431 -135.651139865 -5.987347224 -0.049246985 0.018332158 0.997885366 0.038255228
70.601000 -350.440174569 -135.584305072 -6.058637279 -0.048980571 0.018505132 0.997883393 0.038564204
70.701000 -351.199012029 -135.528987061 -6.131314997 -0.049111127 0.018713521 0.997884894 0.038257534
70.800880 -351.202182933 -135.524181346 -6.131884321 -0.049108077 0.018705496 0.997885975 0.038237175
70.900765 -352.842822058 -135.416760182 -6.282756949 -0.049718079 0.018661721 0.997888368 0.037398640
71.000880 -353.544898515 -135.376987327 -6.336572795 -0.049488218 0.018276307 0.997922715 0.036974960
71.100765 -354.300271032 -135.326509570 -6.394604509 -0.049961499 0.018179005 0.997907825 0.036787845
71.200765 -355.054072101 -135.271412127 -6.451269254 -0.050094313 0.018340678 0.997921296 0.036156150
71.300886 -355.785822395 -135.217767423 -6.509919286 -0.050295712 0.017794354 0.997929450 0.035923750
71.401000 -356.476870156 -135.174227605 -6.570367906 -0.050765018 0.017847915 0.997911234 0.035742601
71.500889 -356.481434858 -135.172927476 -6.571051141 -0.050774128 0.017841339 0.997910105 0.035764454
71.600889 -358.171463864 -135.074306809 -6.703699013 -0.049856094 0.018114370 0.997988763 0.034708337
71.700777 -358.744506363 -135.040650100 -6.745835717 -0.049497097 0.017718731 0.998003820 0.034992279
71.801000 -359.433825386 -134.993512044 -6.785927184 -0.049118752 0.017828861 0.998033309 0.034626506
71.901000 -360.019439642 -134.959283284 -6.827973025 -0.048811828 0.018256078 0.998047897 0.034416800
72.000645 -360.025554422 -134.956702786 -6.828546191 -0.048831749 0.018236864 0.998048450 0.034382669
72.100879 -361.196810490 -134.887445996 -6.926222911 -0.047737911 0.018629439 0.998098141 0.034265694
72.200881 -361.723610122 -134.851828764 -6.978021229 -0.047787945 0.018007193 0.998104167 0.034352940
72.300760 -362.237436478 -134.823456858 -7.023229979 -0.047059768 0.018232060 0.998119222 0.034799269
72.400754 -362.800565391 -134.784924877 -7.068903846 -0.046683817 0.018255956 0.998118626 0.035306517
72.500637 -363.459694059 -134.740907778 -7.112743699 -0.046952333 0.018282213 0.998084518 0.035896167
72.600880 -364.044645273 -134.707851405 -7.157768523 -0.047069974 0.018186553 0.998071473 0.036152470
72.700639 -364.568955358 -134.672687203 -7.201749770 -0.047080239 0.018386934 0.998053200 0.036540136
72.800636 -365.201652871 -134.630407811 -7.244040220 -0.047038112 0.018309670 0.998040927 0.036965938
72.900638 -365.738655218 -134.595284258 -7.290601644 -0.047385300 0.017778071 0.998003498 0.037783475
73.000880 -366.388228793 -134.551710305 -7.338062114 -0.047477535 0.017964855 0.997949998 0.038973691
73.100636 -366.906542440 -134.516045650 -7.378411849 -0.047878868 0.017870557 0.997892496 0.039985297
73.200650 -367.418407876 -134.475124588 -7.421603918 -0.048735557 0.018076356 0.997815498 0.040771590
73.301000 -367.936502879 -134.435511233 -7.464344613 -0.048943245 0.018325167 0.997771412 0.041484419
73.400766 -367.942898019 -134.433334546 -7.464564036 -0.048968696 0.018332717 0.997769554 0.041495718
73.500881 -369.077742287 -134.333404480 -7.561427366 -0.048353992 0.018513983 0.997688422 0.044010651
73.600880 -369.483521935 -134.300075564 -7.593755608 -0.048749788 0.018268081 0.997692733 0.043576908
73.700879 -369.885060829 -134.270341710 -7.626387732 -0.048765738 0.018486801 0.997656355 0.044293768
73.800761 -370.263622233 -134.242247157 -7.657203335 -0.048625611 0.018949793 0.997618130 0.045105673
73.901000 -370.658738290 -134.206547583 -7.690712037 -0.048903364 0.018798151 0.997583446 0.045632860
74.000878 -370.652775385 -134.206340684 -7.689830697 -0.048913422 0.018814051 0.997582229 0.045642134
74.100754 -371.544063143 -134.132846243 -7.763926834 -0.049372960 0.018042491 0.997485996 0.047523329
74.201000 -371.835724136 -134.109840638 -7.785462182 -0.049587826 0.018597161 0.997480024 0.047210123
74.301000 -372.101332826 -134.093094842 -7.805441653 -0.049684003 0.018601810 0.997458948 0.047551232
74.400758 -372.081759293 -134.094705313 -7.803531554 -0.049683717 0.018617562 0.997456691 0.047592687
74.500877 -372.801738301 -134.025922810 -7.858930524 -0.049209806 0.019060859 0.997405201 0.048968800
74.601000 -373.006307074 -134.000931936 -7.879786816 -0.048937744 0.018804923 0.997451490 0.048394187
74.700629 -372.999165307 -133.999566802 -7.878753005 -0.048954176 0.018820761 0.997450209 0.048397807
74.801000 -373.378456863 -133.972035701 -7.909840378 -0.049027426 0.018300726 0.997440998 0.048711909
74.901000 -373.561660666 -133.953333319 -7.926990749 -0.049088034 0.018529958 0.997439541 0.048593898
75.001000 -373.800268834 -133.929339634 -7.942723281 -0.049010340 0.018452450 0.997449538 0.048496532
75.100623 -373.802222727 -133.928025624 -7.942637435 -0.049023191 0.018465362 0.997449608 0.048477176
75.201000 -374.226592105 -133.901558545 -7.972697925 -0.049179985 0.018318839 0.997442145 0.048527476
75.300755 -374.243865171 -133.898093437 -7.973818912 -0.049181131 0.018326231 0.997444103 0.048483272
75.401000 -374.597506078 -133.882673509 -8.003910045 -0.049266860 0.017734470 0.997422645 0.049054375
75.500651 -374.609882939 -133.880523489 -8.004898218 -0.049279330 0.017725346 0.997422599 0.049046090
75.600642 -374.952803186 -133.862820318 -8.041630989 -0.048474007 0.017832723 0.997449225 0.049267726
75.700877 -375.051062764 -133.857165126 -8.052435413 -0.047768557 0.018328595 0.997443971 0.049877366
75.800748 -375.229442039 -133.839301766 -8.061693496 -0.046928242 0.018421580 0.997490346 0.049713131
75.901000 -375.382934978 -133.828313417 -8.070777927 -0.046862657 0.018133063 0.997510367 0.049478804
76.000869 -375.383893221 -133.828127505 -8.070509181 -0.046879601 0.018150494 0.997508403 0.049495937
76.100871 -375.782331556 -133.798016254 -8.099439501 -0.046927908 0.017956174 0.997506418 0.049561007
76.200741 -375.934534515 -133.784535514 -8.114031810 -0.046994889 0.018432842 0.997533069 0.048779987
76.300607 -376.122583700 -133.761665687 -8.128640155 -0.046936813 0.018585309 0.997529751 0.048845867
76.400732 -376.317949046 -133.743430557 -8.141417987 -0.046935639 0.018608511 0.997548611 0.048451387
76.501000 -376.500471080 -133.729495533 -8.151729896 -0.046897695 0.018255119 0.997572489 0.048129895
76.601000 -376.670110596 -133.712113419 -8.166400555 -0.047043105 0.018229077 0.997573375 0.047979255
76.700615 -376.673536625 -133.712533181 -8.166639046 -0.047037093 0.018234958 0.997575255 0.047943800
76.800875 -377.050781362 -133.685439535 -8.205648069 -0.046842231 0.018231971 0.997599726 0.047625481
76.900872 -377.169374635 -133.675293388 -8.216041836 -0.046857745 0.018148277 0.997618735 0.047242483
77.000623 -377.356759531 -133.655516144 -8.228313909 -0.047055560 0.017656195 0.997633701 0.046915149
77.089889 -377.516062911 -133.641211901 -8.241498782 -0.047030318 0.017748742 0.997646412 0.046634410
77.192667 -377.692193844 -133.623320778 -8.257293224 -0.047004715 0.017976311 0.997651639 0.046460916
77.293857 -377.978409008 -133.574156782 -8.271695962 -0.047348632 0.017881777 0.997757260 0.043804093
77.394333 -378.159875152 -133.557615842 -8.285968425 -0.047461766 0.018040967 0.997764473 0.043450672
77.486714 -378.326532216 -133.550841837 -8.298088795 -0.047436399 0.017938930 0.997763173 0.043550347
77.593857 -378.491582202 -133.534501452 -8.313652364 -0.047539298 0.017698927 0.997771183 0.043352391
77.687667 -378.667628380 -133.524486326 -8.328725481 -0.047580137 0.017770328 0.997776662 0.043151808
77.787667 -378.841101521 -133.516174865 -8.343342414 -0.047475890 0.017767768 0.997787599 0.043014576
77.889235 -379.011139235 -133.504140601 -8.356836322 -0.047369528 0.017788201 0.997801274 0.042805665
78.001000 -379.210217502 -133.489164331 -8.373369237 -0.047713449 0.017954941 0.997793118 0.042543387
78.094750 -379.214312342 -133.488413690 -8.373607271 -0.047717812 0.017952289 0.997794509 0.042506981
78.201000 -379.395442427 -133.500158827 -8.404806328 -0.047945572 0.019133298 0.997625693 0.045586358
78.287667 -379.389220066 -133.501017591 -8.404146165 -0.047956755 0.019138124 0.997626270 0.045559941
78.401000 -379.641217585 -133.492377884 -8.429628586 -0.048102117 0.018504523 0.997607051 0.046086242
78.477923 -379.641839054 -133.492757866 -8.429133241 -0.048113436 0.018534050 0.997606512 0.046074226
78.572429 -379.815333239 -133.507512861 -8.456249397 -0.048091315 0.018203595 0.997525732 0.047940266
78.651000 -379.836539678 -133.514129282 -8.464922247 -0.048213534 0.018707715 0.997445818 0.049267802
78.800625 -380.422897733 -133.392930794 -8.482095274 -0.048684046 0.018079540 0.997826652 0.040558183
78.900646 -380.503338165 -133.383306147 -8.491246534 -0.048759031 0.017965004 0.997842076 0.040137346
79.001000 -380.609295596 -133.371511224 -8.499526513 -0.048512491 0.018201701 0.997847932 0.040183848
79.100633 -380.602549275 -133.372913748 -8.498792605 -0.048524671 0.018210980 0.997847458 0.040176704
79.200758 -380.869621714 -133.351305617 -8.516803751 -0.048634415 0.018795728 0.997833269 0.040127068
79.301000 -380.921728668 -133.356754685 -8.517254502 -0.048633371 0.018265394 0.997842651 0.040139924
79.401000 -380.992093894 -133.356929100 -8.518048418 -0.048605048 0.018027816 0.997852371 0.040039897
79.500652 -380.984385701 -133.357717918 -8.517425639 -0.048609876 0.018034782 0.997852684 0.040023089
79.600639 -381.061005071 -133.373726161 -8.524736727 -0.048074683 0.018040282 0.997820813 0.041436678
79.700760 -381.097220661 -133.367524572 -8.530171516 -0.047692427 0.018369306 0.997830796 0.041493420
79.800883 -381.105314902 -133.360163388 -8.532726207 -0.046984394 0.018246338 0.997869925 0.041414366
79.861000 -381.113564086 -133.359579408 -8.533855780 -0.046605756 0.018106661 0.997892750 0.041353493
79.989889 -381.195202707 -133.342590034 -8.538932185 -0.045840364 0.017762188 0.997972942 0.040412526
80.093857 -381.315082653 -133.329330385 -8.543704035 -0.046138753 0.017987114 0.997975476 0.039907751
