1.422192 0.689526 0.011171 0.013191 -0.000909 0.001429 0.008987 0.999958
1.522264 1.359913 0.032628 0.020395 -0.001512 0.001929 0.015122 0.999883
1.623092 1.809499 0.051840 0.015258 -0.002237 0.001192 0.021860 0.999758
1.723661 2.490417 0.103940 0.019959 -0.001865 0.000810 0.027132 0.999630
1.804233 3.032586 0.136193 0.021576 -0.000968 0.000772 0.031658 0.999498
1.903932 3.778896 0.200758 0.032860 -0.002062 0.000340 0.036641 0.999326
2.026331 4.648830 0.288278 0.037152 -0.003051 -0.000083 0.041794 0.999122
2.200248 5.761271 0.394881 0.043192 -0.002594 -0.001586 0.046917 0.998894
2.300048 6.154253 0.432346 0.047660 -0.000999 -0.001433 0.049539 0.998771
2.400072 6.721147 0.494646 0.057448 -0.000932 -0.000612 0.052749 0.998607
2.500297 7.367999 0.576698 0.071134 -0.002169 0.000356 0.055644 0.998448
2.521844 7.550079 0.594991 0.067863 -0.001931 0.001288 0.058064 0.998310
2.622515 8.459200 0.700969 0.077680 -0.004022 0.001746 0.060810 0.998140
2.723240 9.236792 0.810850 0.077736 -0.003197 0.002133 0.062223 0.998055
2.823911 9.986833 0.910469 0.084842 -0.002818 0.003292 0.063764 0.997956
2.923862 10.696061 1.004929 0.092028 -0.002714 0.004326 0.064973 0.997874
3.023763 11.400493 1.101677 0.100302 -0.003271 0.005039 0.065705 0.997821
3.124634 12.100685 1.201201 0.101639 -0.003879 0.004662 0.066058 0.997797
3.223787 12.770274 1.292452 0.105648 -0.004408 0.003642 0.065659 0.997826
3.324636 13.448632 1.385849 0.103937 -0.004110 0.002320 0.064801 0.997887
3.424035 14.109429 1.470510 0.106647 -0.003466 0.001919 0.063448 0.997977
3.523936 14.784016 1.554703 0.102004 -0.003543 0.002726 0.061495 0.998097
3.623565 15.453290 1.643603 0.110211 -0.002815 0.003571 0.059271 0.998232
3.724209 16.124540 1.725571 0.117107 -0.002339 0.003868 0.057887 0.998313
3.885053 17.192889 1.838250 0.130675 -0.001503 0.001969 0.053894 0.998544
3.914662 17.225118 1.841202 0.128992 -0.000070 0.002579 0.056830 0.998381
4.085180 18.430022 1.957862 0.142320 -0.001492 -0.000919 0.050656 0.998715
4.117532 18.510325 1.975579 0.133899 -0.000068 -0.000471 0.052845 0.998603
4.222192 19.286414 2.041802 0.144610 -0.001231 -0.000384 0.050288 0.998734
4.323589 19.980104 2.114752 0.160248 -0.002262 0.000546 0.049027 0.998795
4.417605 20.613741 2.180462 0.170926 -0.003257 0.000925 0.047834 0.998850
4.525630 21.344609 2.251931 0.175933 -0.004743 0.000495 0.046207 0.998920
4.626850 21.982555 2.318894 0.179451 -0.004907 0.000450 0.045138 0.998969
4.727947 22.627316 2.379457 0.184235 -0.005683 0.000779 0.044269 0.999003
4.827399 23.254284 2.437672 0.191685 -0.005748 0.000942 0.043216 0.999049
4.929747 23.900597 2.493417 0.196979 -0.005657 0.000748 0.042330 0.999087
5.028050 24.528940 2.544914 0.200581 -0.004583 0.000268 0.042190 0.999099
5.126255 25.176111 2.599275 0.206805 -0.003462 -0.000010 0.042203 0.999103
5.225681 25.824754 2.655148 0.216298 -0.003122 0.000138 0.043397 0.999053
5.326003 26.474231 2.719012 0.222956 -0.003291 0.000378 0.044523 0.999003
5.426252 27.123648 2.779089 0.230431 -0.003860 0.001144 0.045748 0.998945
5.529491 27.790496 2.850858 0.233371 -0.004969 0.002989 0.046618 0.998896
5.629641 28.416520 2.914800 0.236611 -0.005235 0.004534 0.047615 0.998842
5.730341 29.042960 2.978412 0.245469 -0.005625 0.005552 0.048694 0.998782
5.830145 29.671433 3.045965 0.250841 -0.006213 0.005675 0.049828 0.998722
5.930941 30.297786 3.110412 0.248276 -0.005918 0.004508 0.050961 0.998673
6.030441 30.904398 3.180830 0.244117 -0.005393 0.002761 0.052279 0.998614
6.130092 31.525672 3.245072 0.245104 -0.004618 0.002190 0.053332 0.998564
6.229770 32.147258 3.312543 0.246703 -0.003704 0.001757 0.054322 0.998515
6.325582 32.746127 3.383013 0.256459 -0.002462 0.001227 0.055563 0.998451
6.425307 33.394817 3.458062 0.260389 -0.001791 0.000429 0.056876 0.998380
6.523640 34.025358 3.525080 0.267518 -0.000959 -0.000544 0.058647 0.998278
6.622962 34.658721 3.602171 0.274190 -0.000644 -0.001217 0.060397 0.998174
6.715411 35.254752 3.678105 0.280447 -0.000643 -0.000444 0.061807 0.998088
6.833290 36.034759 3.782571 0.286472 -0.002439 0.000569 0.063440 0.997982
6.940267 36.657124 3.867807 0.295623 -0.003416 0.002050 0.065049 0.997874
7.044876 37.292848 3.958940 0.291376 -0.004096 0.003415 0.066635 0.997763
7.124534 37.783068 4.029991 0.296309 -0.003405 0.004238 0.068343 0.997647
7.225154 38.501034 4.133255 0.300555 -0.003162 0.004189 0.069721 0.997553
7.326472 39.188655 4.234677 0.307176 -0.004159 0.003738 0.071449 0.997429
7.427775 39.873125 4.350305 0.299722 -0.005661 0.003341 0.073035 0.997308
7.528398 40.556586 4.451337 0.291361 -0.005340 0.002991 0.074083 0.997233
7.625484 41.217176 4.548194 0.292283 -0.004101 0.002432 0.075393 0.997142
7.726080 41.923015 4.659078 0.299558 -0.003169 0.002008 0.076283 0.997079
7.826408 42.628865 4.771250 0.310448 -0.003454 0.001815 0.077258 0.997004
7.927555 43.351735 4.889609 0.303632 -0.004514 0.000692 0.078167 0.996930
8.027377 44.059785 5.007053 0.303814 -0.004921 0.000357 0.078796 0.996879
8.114709 44.694406 5.110586 0.298669 -0.004331 0.000373 0.079654 0.996813
8.224983 45.560818 5.251100 0.309118 -0.004327 0.000903 0.079532 0.996822
8.325238 46.291819 5.376048 0.310590 -0.004263 0.001692 0.080034 0.996782
8.425809 47.035623 5.506736 0.312874 -0.005413 0.002069 0.080029 0.996776
8.525558 47.787513 5.629350 0.312543 -0.005207 0.002287 0.079663 0.996806
8.625808 48.569112 5.754656 0.315060 -0.004616 0.002488 0.079215 0.996844
8.724910 49.339635 5.873002 0.319938 -0.002993 0.002376 0.078788 0.996884
8.824959 50.121865 5.992715 0.324352 -0.002976 0.002193 0.078545 0.996904
8.926704 50.924283 6.126212 0.328802 -0.003870 0.001633 0.078326 0.996919
9.032317 51.742749 6.257149 0.325937 -0.003031 0.001531 0.078159 0.996935
9.122666 52.427059 6.363839 0.335300 -0.002090 0.002813 0.078264 0.996927
9.237928 53.364219 6.515001 0.339285 -0.002688 0.004545 0.077504 0.996978
9.301919 53.822300 6.589872 0.340951 -0.002719 0.005084 0.078295 0.996914
9.423439 54.897159 6.766506 0.340182 -0.002665 0.004920 0.078997 0.996859
9.523363 55.637411 6.894613 0.335074 -0.001773 0.004374 0.079941 0.996788
9.626828 56.433368 7.018094 0.340718 -0.000937 0.005270 0.080492 0.996741
9.700673 56.429046 7.015606 0.340711 -0.000974 0.005317 0.080492 0.996741
9.900346 58.654438 7.400273 0.337301 -0.002089 0.006142 0.081775 0.996630
10.000197 59.038085 7.439073 0.339576 -0.000975 0.006384 0.082413 0.996577
10.022566 59.173365 7.463056 0.340240 0.000668 0.007383 0.084163 0.996424
10.123291 60.034847 7.619892 0.333159 -0.003405 0.004545 0.085453 0.996326
10.217606 60.789414 7.751182 0.344507 -0.001901 0.003594 0.085926 0.996293
10.317506 61.591284 7.890491 0.341364 -0.001612 0.002547 0.086858 0.996216
10.435209 62.510365 8.063734 0.364856 -0.002145 0.002712 0.086725 0.996226
10.536001 63.237525 8.197592 0.351056 -0.002114 0.003901 0.087118 0.996188
10.617653 63.837527 8.296539 0.364958 -0.001777 0.005387 0.088210 0.996086
10.717554 64.618135 8.441844 0.352119 -0.002058 0.005672 0.088890 0.996023
10.817603 65.386819 8.577018 0.366249 -0.002519 0.005125 0.089014 0.996014
10.920747 66.151325 8.719742 0.366832 -0.003001 0.004792 0.089005 0.996015
11.021620 66.874401 8.857691 0.373018 -0.005418 0.004516 0.088842 0.996021
11.121294 67.592179 9.001876 0.370083 -0.007599 0.005104 0.088424 0.996041
11.244680 68.482893 9.173390 0.361550 -0.009562 0.006306 0.087155 0.996129
11.344653 69.109588 9.275915 0.357857 -0.009484 0.007880 0.086149 0.996206
11.440337 69.743219 9.392873 0.364654 -0.010421 0.009718 0.084287 0.996340
11.540565 70.441681 9.509266 0.359519 -0.011147 0.010515 0.081493 0.996556
11.641038 71.137171 9.622242 0.356491 -0.011357 0.010409 0.078284 0.996812
11.721346 71.692674 9.704305 0.343029 -0.010528 0.008727 0.075528 0.997050
11.844579 72.559341 9.843152 0.350118 -0.009780 0.005149 0.069082 0.997550
11.911993 72.978313 9.896944 0.349726 -0.009591 0.003646 0.067281 0.997681
12.012044 73.677698 10.007092 0.344352 -0.011389 0.001033 0.059909 0.998138
12.112119 74.355771 10.100176 0.335974 -0.010592 0.000976 0.052696 0.998554
12.266346 75.375777 10.183992 0.348234 -0.008300 0.003680 0.041710 0.999089
12.346725 75.747391 10.197462 0.352074 -0.007131 0.004417 0.039925 0.999167
12.441686 76.319177 10.228852 0.365622 -0.007545 0.006069 0.031474 0.999458
12.544658 76.938341 10.255584 0.369123 -0.008730 0.006501 0.022534 0.999687
12.646697 77.546470 10.272985 0.370041 -0.009632 0.005523 0.013499 0.999847
12.747645 78.138348 10.279263 0.373471 -0.009811 0.004087 0.002926 0.999939
12.865123 78.817785 10.276499 0.380939 -0.010858 0.002982 -0.011362 0.999872
12.965097 79.353132 10.264514 0.382999 -0.011672 0.002618 -0.023071 0.999662
13.065225 79.917380 10.223221 0.382541 -0.012841 0.002163 -0.037876 0.999198
13.138050 80.319135 10.175243 0.386198 -0.012646 0.002259 -0.048948 0.998719
13.238297 80.947779 10.087697 0.388269 -0.013415 0.003056 -0.069659 0.997476
13.365247 81.708757 9.946920 0.392385 -0.013475 0.003178 -0.091765 0.995684
13.465249 82.212585 9.838320 0.396033 -0.012149 0.002923 -0.104652 0.994430
13.544655 82.623211 9.718929 0.408357 -0.011239 0.003206 -0.117789 0.992970
13.665277 83.313571 9.508654 0.416991 -0.012191 0.002780 -0.142718 0.989684
13.765126 83.820175 9.334854 0.420247 -0.012869 0.002196 -0.157527 0.987428
13.865228 84.337221 9.138838 0.417131 -0.013312 0.001699 -0.175754 0.984343
13.965127 84.857442 8.918988 0.419518 -0.012567 0.001244 -0.193745 0.980971
14.065248 85.377992 8.668564 0.430247 -0.011255 0.000862 -0.211894 0.977227
14.165271 85.896904 8.406576 0.442528 -0.010697 0.000471 -0.230392 0.973039
14.265298 86.402433 8.116537 0.457066 -0.011154 0.000164 -0.248858 0.968476
14.365945 86.909470 7.803865 0.454743 -0.011718 -0.000595 -0.267570 0.963467
14.465148 87.395886 7.489578 0.462336 -0.010605 -0.001649 -0.285741 0.958247
14.567191 87.889123 7.134963 0.473146 -0.009377 -0.003064 -0.304732 0.952387
14.665239 88.359940 6.763163 0.488822 -0.008806 -0.004454 -0.322626 0.946475
14.767346 88.833681 6.346888 0.501164 -0.008499 -0.004695 -0.341479 0.939839
14.866719 89.289911 5.929950 0.507800 -0.008245 -0.004244 -0.359075 0.933263
14.967367 89.747126 5.477026 0.513559 -0.006796 -0.004801 -0.377233 0.926081
15.067588 90.183946 5.006052 0.541557 -0.004867 -0.005628 -0.394333 0.918938
15.168892 90.619275 4.508558 0.562234 -0.004545 -0.006799 -0.411267 0.911478
15.269017 91.044021 4.000763 0.578097 -0.005124 -0.008722 -0.426738 0.904319
15.368964 91.467317 3.473931 0.590753 -0.005636 -0.011271 -0.440812 0.897511
15.412142 91.644592 3.233624 0.593319 -0.005668 -0.012985 -0.446772 0.894536
15.512166 92.136112 2.581069 0.610348 -0.004640 -0.016011 -0.459937 0.887795
15.628054 92.650419 1.840192 0.651154 -0.003038 -0.016091 -0.470187 0.882415
15.772327 93.237637 0.954171 0.695925 -0.003377 -0.014226 -0.479155 0.877608
15.831215 93.379682 0.731268 0.701349 -0.002378 -0.013425 -0.481304 0.876448
15.935279 93.807212 0.069768 0.729519 -0.002984 -0.011784 -0.485473 0.874167
16.034780 94.204233 -0.579460 0.752692 -0.003545 -0.011809 -0.488909 0.872248
16.136974 94.608002 -1.242060 0.764675 -0.003344 -0.012183 -0.490873 0.871139
16.238248 94.996611 -1.890129 0.790609 -0.002975 -0.012996 -0.492453 0.870237
16.339518 95.392725 -2.510217 0.812880 -0.002186 -0.013824 -0.492793 0.870034
16.440765 95.784962 -3.177514 0.843025 -0.002120 -0.013507 -0.493721 0.869513
16.512142 96.059919 -3.648974 0.860940 -0.002284 -0.013565 -0.493554 0.869607
16.612019 96.505046 -4.392499 0.886723 -0.002714 -0.013547 -0.494280 0.869193
16.712139 96.938330 -5.113762 0.916036 -0.002497 -0.013912 -0.495051 0.868749
16.812117 97.362321 -5.824057 0.940725 -0.002813 -0.014534 -0.495930 0.868236
16.911969 97.783039 -6.524844 0.971515 -0.002722 -0.014659 -0.496345 0.867997
17.014610 98.220613 -7.242310 0.999623 -0.002910 -0.014417 -0.496642 0.867831
17.112064 98.624333 -7.944468 1.025691 -0.002806 -0.013841 -0.497080 0.867590
17.211969 99.052783 -8.668384 1.052339 -0.001863 -0.012835 -0.497976 0.867094
17.345153 99.618203 -9.629052 1.090750 -0.001180 -0.011431 -0.499259 0.866377
17.440116 99.943311 -10.208813 1.111429 -0.000371 -0.010951 -0.500076 0.865912
17.502055 100.190121 -10.628464 1.129588 0.000177 -0.010593 -0.500525 0.865657
17.646697 100.849880 -11.760844 1.167839 -0.000342 -0.010244 -0.503237 0.864088
17.746748 101.207760 -12.407298 1.187345 -0.000303 -0.010469 -0.504118 0.863572
17.841637 101.564394 -13.033613 1.213709 0.000097 -0.010518 -0.505214 0.862930
17.941388 101.942155 -13.717575 1.238693 -0.000193 -0.010805 -0.506825 0.861981
18.072254 102.452818 -14.620031 1.274489 -0.001073 -0.010762 -0.509108 0.860635
18.168964 102.781528 -15.210836 1.295548 -0.001365 -0.010564 -0.510236 0.859969
18.212117 102.937609 -15.492560 1.305820 -0.001156 -0.010560 -0.510373 0.859888
18.369014 103.589375 -16.697488 1.351244 -0.002919 -0.011215 -0.515703 0.856689
18.446871 103.856750 -17.196900 1.362772 -0.002644 -0.011385 -0.515809 0.856624
18.512092 104.101716 -17.664476 1.380662 -0.001893 -0.011465 -0.516936 0.855945
18.646824 104.648443 -18.700124 1.422384 -0.001020 -0.009497 -0.520793 0.853629
18.746772 104.987088 -19.379035 1.444808 -0.000606 -0.008640 -0.521971 0.852920
18.846875 105.327267 -20.036063 1.473737 -0.001218 -0.008255 -0.524153 0.851583
18.946721 105.663314 -20.719608 1.489871 -0.002092 -0.009092 -0.526672 0.850017
19.065124 106.066672 -21.540522 1.513750 -0.002313 -0.009629 -0.530074 0.847893
19.165096 106.374633 -22.179955 1.538109 -0.001450 -0.009416 -0.532656 0.846278
19.246923 106.628555 -22.716230 1.556096 -0.001014 -0.008379 -0.534498 0.845128
19.345076 106.955534 -23.416137 1.577679 -0.001085 -0.007517 -0.537618 0.843154
19.444650 107.280345 -24.127356 1.593030 -0.000997 -0.007853 -0.540118 0.841552
19.544655 107.602752 -24.847954 1.614202 -0.000554 -0.009173 -0.542855 0.839776
19.644729 107.918612 -25.549072 1.639235 -0.000713 -0.010083 -0.546010 0.837717
19.768989 108.305068 -26.428584 1.662366 -0.002003 -0.010439 -0.550502 0.834766
19.868940 108.572921 -27.063206 1.683659 -0.002333 -0.010782 -0.553864 0.832534
19.968939 108.837456 -27.739310 1.700864 -0.002482 -0.010364 -0.558349 0.829538
20.072354 109.107770 -28.441289 1.725963 -0.002263 -0.009926 -0.563730 0.825897
20.169037 109.358936 -29.096790 1.748080 -0.001629 -0.010062 -0.568828 0.822393
20.212070 109.476478 -29.413332 1.759923 -0.000878 -0.010110 -0.570764 0.821051
20.303896 109.765417 -30.215421 1.784966 -0.001653 -0.009551 -0.580255 0.814378
20.412144 110.076867 -31.120204 1.808744 -0.002786 -0.009692 -0.588101 0.808725
20.512094 110.333850 -31.921883 1.829924 -0.003211 -0.009905 -0.594597 0.803956
20.612145 110.563101 -32.721970 1.849033 -0.003783 -0.010683 -0.601230 0.798996
20.768962 110.892879 -33.964448 1.889302 -0.006070 -0.012501 -0.612317 0.790490
20.812091 110.934883 -34.070440 1.891270 -0.005580 -0.013049 -0.610957 0.791536
20.965143 111.212989 -35.282683 1.938498 -0.007757 -0.014329 -0.624690 0.780702
21.065275 111.370887 -35.962168 1.961547 -0.007451 -0.014611 -0.628768 0.777420
21.111965 111.435110 -36.303293 1.979214 -0.006557 -0.014120 -0.631045 0.775590
21.212019 111.581059 -37.160084 2.010417 -0.004530 -0.012685 -0.638376 0.769607
21.312066 111.715635 -37.996870 2.043733 -0.002878 -0.012933 -0.642858 0.765871
21.412043 111.859270 -38.829551 2.071888 -0.002519 -0.013673 -0.646261 0.762989
21.512113 111.999082 -39.672323 2.099623 -0.003164 -0.014891 -0.649955 0.759820
21.612016 112.138345 -40.493589 2.124234 -0.004339 -0.015888 -0.652415 0.757683
21.725158 112.276344 -41.435916 2.158136 -0.004793 -0.017228 -0.655008 0.755410
21.834486 112.397877 -42.278152 2.193406 -0.004228 -0.017965 -0.656989 0.753674
21.934980 112.504972 -43.045458 2.225265 -0.003874 -0.017558 -0.658199 0.752629
22.037077 112.625421 -43.856116 2.259630 -0.003190 -0.016366 -0.659107 0.751864
22.141164 112.728769 -44.666934 2.292295 -0.002867 -0.015441 -0.659342 0.751679
22.244580 112.837982 -45.476023 2.323932 -0.002772 -0.015438 -0.659590 0.751462
22.346950 112.943481 -46.287841 2.355254 -0.002954 -0.016030 -0.659625 0.751418
22.411969 113.013803 -46.790921 2.371321 -0.002919 -0.016543 -0.658977 0.751976
22.535133 113.162006 -47.893941 2.413075 -0.003403 -0.016555 -0.658422 0.752459
22.636702 113.273494 -48.682236 2.444439 -0.003397 -0.016847 -0.658550 0.752341
22.737175 113.382214 -49.477035 2.477542 -0.003146 -0.017109 -0.657766 0.753021
22.837273 113.495251 -50.262856 2.508890 -0.003176 -0.017077 -0.656919 0.753761
22.937370 113.611649 -51.054057 2.535409 -0.003143 -0.017018 -0.656371 0.754240
23.037849 113.726511 -51.861749 2.566735 -0.002285 -0.017269 -0.655614 0.754895
23.137753 113.838073 -52.655718 2.596364 -0.001606 -0.017340 -0.654669 0.755715
23.202081 113.910328 -53.173013 2.618873 -0.000494 -0.017363 -0.654146 0.756169
23.301835 114.033281 -54.095079 2.657434 0.001133 -0.016886 -0.652919 0.757239
23.440887 114.219336 -55.284968 2.706160 0.001014 -0.017527 -0.652550 0.757542
23.540786 114.321595 -55.902333 2.728260 0.000894 -0.018588 -0.652275 0.757754
23.640539 114.424728 -56.629680 2.758160 0.000168 -0.020649 -0.651623 0.758262
23.739343 114.541964 -57.361739 2.789303 -0.000876 -0.022076 -0.650975 0.758778
23.839692 114.664356 -58.135539 2.824880 -0.002043 -0.021941 -0.651338 0.758468
23.940292 114.781098 -58.894404 2.855980 -0.001617 -0.021067 -0.651338 0.758494
24.012012 114.865347 -59.433851 2.886247 -0.000507 -0.020760 -0.651337 0.758504
24.144852 115.034070 -60.530541 2.937634 0.000511 -0.018737 -0.653253 0.756907
24.244630 115.144158 -61.189299 2.965871 0.001182 -0.018478 -0.654666 0.755691
24.344828 115.243994 -61.910799 2.990413 -0.000020 -0.016307 -0.656679 0.753994
24.446824 115.338897 -62.652644 3.010605 0.000952 -0.014490 -0.659743 0.751351
24.541214 115.427888 -63.326643 3.037691 0.002898 -0.013991 -0.662588 0.748848
24.644678 115.507690 -64.103042 3.070740 0.003187 -0.014462 -0.666644 0.745229
24.711993 115.561040 -64.596974 3.074861 0.001389 -0.014927 -0.668789 0.743301
24.812015 115.637522 -65.438846 3.087052 -0.001735 -0.019140 -0.672847 0.739532
24.912144 115.714815 -66.239633 3.117999 -0.002331 -0.021584 -0.675852 0.736718
25.012017 115.781913 -67.014262 3.156725 -0.001661 -0.021929 -0.679032 0.733779
25.111967 115.839426 -67.774970 3.198222 -0.000835 -0.021495 -0.681817 0.731207
25.212019 115.894051 -68.503967 3.236825 -0.000511 -0.020839 -0.684476 0.728737
25.312064 115.929236 -69.247211 3.269674 -0.000904 -0.020256 -0.686930 0.726441
25.412116 115.970552 -69.976104 3.295963 -0.001732 -0.019751 -0.689224 0.724277
25.512065 116.004038 -70.700133 3.329950 -0.001806 -0.020053 -0.690718 0.722844
25.611992 116.037724 -71.409037 3.361928 -0.002271 -0.020294 -0.691689 0.721907
25.712065 116.072332 -72.122882 3.392028 -0.002987 -0.019912 -0.692600 0.721041
25.812164 116.106876 -72.812371 3.422378 -0.003363 -0.019093 -0.693189 0.720495
25.912015 116.152310 -73.499740 3.450760 -0.003837 -0.018195 -0.693549 0.720169
26.012118 116.183500 -74.176510 3.481713 -0.003760 -0.017440 -0.694118 0.719640
26.112015 116.220851 -74.847777 3.509443 -0.003865 -0.016497 -0.694456 0.719336
26.212018 116.246745 -75.510178 3.537125 -0.004264 -0.015954 -0.694921 0.718896
26.369037 116.283673 -76.575588 3.575956 -0.004861 -0.015014 -0.695899 0.717966
26.468961 116.289750 -77.029713 3.596622 -0.004473 -0.015241 -0.695903 0.717960
26.512042 116.305235 -77.273105 3.605834 -0.004232 -0.015469 -0.695329 0.718513
26.667339 116.363460 -78.418712 3.655854 -0.005109 -0.015676 -0.695663 0.718179
26.731020 116.367003 -78.748794 3.668981 -0.005289 -0.016344 -0.695076 0.718731
26.835506 116.399159 -79.461448 3.696232 -0.005769 -0.015341 -0.694013 0.719776
26.965171 116.439362 -80.307713 3.733692 -0.005808 -0.014436 -0.693877 0.719926
27.065225 116.455783 -80.854515 3.757032 -0.005462 -0.014411 -0.693066 0.720710
27.165171 116.488967 -81.455293 3.782893 -0.005787 -0.013506 -0.692011 0.721738
27.265171 116.515557 -82.056232 3.807613 -0.005831 -0.012785 -0.691224 0.722504
27.365174 116.546319 -82.659061 3.828670 -0.005914 -0.012283 -0.690034 0.723649
27.500297 116.578088 -83.477717 3.860586 -0.006611 -0.011710 -0.689237 0.724411
27.599948 116.599972 -83.989000 3.881013 -0.006778 -0.011572 -0.688303 0.725299
27.699673 116.654285 -84.542493 3.899480 -0.006902 -0.010846 -0.687184 0.726369
27.799424 116.692834 -85.103167 3.918402 -0.007585 -0.010293 -0.686215 0.727287
27.900072 116.748667 -85.696949 3.938820 -0.007636 -0.010249 -0.685372 0.728081
28.000171 116.784528 -86.279333 3.962800 -0.007467 -0.010341 -0.684346 0.729046
28.100321 116.819188 -86.873593 3.987664 -0.007684 -0.010609 -0.683521 0.729814
28.112167 116.829814 -86.936632 3.990208 -0.007359 -0.010867 -0.682701 0.730580
28.212144 116.888276 -87.758592 4.020697 -0.009073 -0.010894 -0.682421 0.730822
28.312091 116.938758 -88.454415 4.042427 -0.009867 -0.011230 -0.681888 0.731304
28.400673 116.936187 -88.456796 4.042756 -0.009866 -0.011211 -0.681873 0.731318
28.511967 117.038645 -89.757905 4.097069 -0.009673 -0.012052 -0.680750 0.732353
28.612115 117.082002 -90.303492 4.121854 -0.009367 -0.012346 -0.680331 0.732741
28.712043 117.131882 -90.862214 4.152624 -0.009432 -0.011903 -0.679593 0.733432
28.812015 117.165994 -91.417823 4.170921 -0.009279 -0.011577 -0.679336 0.733677
28.965168 117.239349 -92.257250 4.210860 -0.010102 -0.010875 -0.678808 0.734166
29.011994 117.253489 -92.360827 4.213552 -0.009953 -0.011429 -0.678001 0.734905
29.111993 117.318395 -92.929166 4.237971 -0.011820 -0.010436 -0.677600 0.735262
29.212017 117.369932 -93.474927 4.260636 -0.012362 -0.009997 -0.677821 0.735055
29.365100 117.436917 -94.267563 4.292466 -0.012401 -0.008814 -0.678858 0.734112
29.465197 117.480218 -94.615562 4.306824 -0.012345 -0.008795 -0.678730 0.734232
29.565148 117.532770 -95.024467 4.323370 -0.012944 -0.007202 -0.679486 0.733539
29.665246 117.571547 -95.443462 4.339484 -0.013030 -0.005643 -0.680824 0.732309
29.712045 117.581189 -95.652569 4.348357 -0.012526 -0.005182 -0.680993 0.732164
29.865220 117.630606 -96.394823 4.378828 -0.011500 -0.003266 -0.685865 0.727631
29.912118 117.651528 -96.517097 4.385848 -0.010693 -0.003879 -0.685129 0.728332
30.012017 117.684435 -96.952641 4.401584 -0.011005 -0.002461 -0.689285 0.724402
30.165074 117.718531 -97.542121 4.426154 -0.011737 -0.001356 -0.694576 0.719322
30.212165 117.706903 -97.613103 4.428459 -0.011409 -0.001523 -0.693823 0.720054
30.365121 117.717310 -98.123761 4.448432 -0.011827 -0.001295 -0.701016 0.713047
30.465147 117.730028 -98.358795 4.463582 -0.011855 -0.002097 -0.702726 0.711359
30.565199 117.725020 -98.606669 4.473031 -0.013248 -0.003143 -0.705887 0.708194
30.665048 117.738671 -98.858699 4.477574 -0.014498 -0.003719 -0.709691 0.704354
30.765249 117.749566 -99.113596 4.480557 -0.014810 -0.003772 -0.714044 0.699934
30.812066 117.739778 -99.235568 4.485995 -0.014552 -0.003995 -0.715845 0.698096
30.912014 117.725805 -99.562832 4.494494 -0.014578 -0.003796 -0.723099 0.690580
31.012114 117.707746 -99.850665 4.510653 -0.014329 -0.004385 -0.728187 0.685215
31.112018 117.691668 -100.125290 4.524360 -0.014442 -0.004417 -0.733552 0.679465
31.212017 117.660039 -100.384487 4.537100 -0.015307 -0.004279 -0.739378 0.673103
31.312142 117.643121 -100.632154 4.548213 -0.016611 -0.003895 -0.745315 0.666494
31.412070 117.612534 -100.883907 4.551228 -0.017687 -0.004055 -0.751627 0.659339
31.512115 117.582548 -101.138679 4.566568 -0.018338 -0.004373 -0.758231 0.651713
31.612093 117.543826 -101.400911 4.575899 -0.019217 -0.004304 -0.765528 0.643101
31.712070 117.505785 -101.670280 4.583695 -0.020108 -0.004122 -0.773119 0.633928
31.811968 117.429039 -101.956321 4.590692 -0.020272 -0.003629 -0.781573 0.623474
31.965265 117.295465 -102.457967 4.615011 -0.020562 -0.002041 -0.796128 0.604775
32.065299 117.201242 -102.721169 4.622730 -0.020507 -0.001586 -0.802227 0.596665
32.165216 117.093553 -103.025827 4.637043 -0.021439 -0.001378 -0.812574 0.582462
32.265318 116.945607 -103.339055 4.645490 -0.022639 -0.001063 -0.822786 0.567899
32.365244 116.778717 -103.662344 4.657532 -0.022547 -0.001937 -0.833278 0.552391
32.465293 116.611295 -104.006382 4.675320 -0.022486 -0.002242 -0.843823 0.536146
32.565268 116.421461 -104.362813 4.686385 -0.022240 -0.001816 -0.854675 0.518683
32.665265 116.193900 -104.724842 4.696353 -0.022008 -0.002507 -0.865224 0.500896
32.765391 115.952261 -105.077219 4.719084 -0.021439 -0.004136 -0.875377 0.482948
32.865391 115.698227 -105.423903 4.751609 -0.020076 -0.004584 -0.885698 0.463805
32.965241 115.411934 -105.782311 4.774614 -0.019789 -0.002340 -0.895738 0.444136
33.065265 115.096249 -106.155871 4.785996 -0.019505 -0.000912 -0.905497 0.423904
33.165414 114.776312 -106.497742 4.796483 -0.018555 -0.001240 -0.914741 0.403613
33.265319 114.422549 -106.841420 4.811351 -0.017331 -0.002772 -0.923295 0.383691
33.365241 114.070221 -107.158425 4.827270 -0.015514 -0.005203 -0.931051 0.364521
33.411992 113.896209 -107.311389 4.848090 -0.013528 -0.007230 -0.934512 0.355601
33.512044 113.460650 -107.693190 4.871344 -0.012457 -0.006306 -0.942705 0.333334
33.612094 112.999707 -108.062618 4.894278 -0.012727 -0.005473 -0.948690 0.315905
33.769015 112.199621 -108.612446 4.925303 -0.012958 -0.004247 -0.957456 0.288259
33.900272 111.636455 -108.930426 4.949418 -0.013002 -0.003868 -0.962726 0.270138
33.965141 111.373293 -109.035454 4.950640 -0.012986 -0.004128 -0.964571 0.263472
34.002283 111.240307 -109.114872 4.954581 -0.013741 -0.004633 -0.966644 0.255712
34.200372 110.235667 -109.617721 4.983628 -0.013347 -0.004198 -0.977285 0.211468
34.202481 110.232110 -109.605119 4.988592 -0.012550 -0.005571 -0.976084 0.216961
34.365292 109.320166 -109.994741 5.013083 -0.012738 -0.003154 -0.983522 0.180312
34.465143 108.713959 -110.195827 5.033295 -0.012514 -0.003406 -0.986692 0.162083
34.565191 108.130489 -110.361169 5.050767 -0.011116 -0.003635 -0.989506 0.144016
34.665141 107.527654 -110.509499 5.068393 -0.009110 -0.004205 -0.991822 0.127231
34.765192 106.916802 -110.648897 5.077660 -0.007991 -0.004303 -0.993762 0.111149
34.812097 106.637703 -110.697662 5.079799 -0.006986 -0.005321 -0.994493 0.104432
34.912044 105.970077 -110.829616 5.088671 -0.007390 -0.008684 -0.995953 0.089150
35.099326 104.653626 -111.046753 5.113039 -0.009774 -0.012151 -0.997257 0.072355
35.199475 104.034935 -111.137261 5.132696 -0.010181 -0.012326 -0.997735 0.065335
35.215031 103.960648 -111.136421 5.129121 -0.011017 -0.012676 -0.997818 0.063853
35.326351 103.152161 -111.227194 5.149819 -0.012657 -0.014506 -0.997990 0.060370
35.415032 102.489699 -111.302509 5.168736 -0.012260 -0.015237 -0.998146 0.057644
35.517302 101.707021 -111.392388 5.197162 -0.011507 -0.015702 -0.998295 0.055020
35.611993 100.979137 -111.481624 5.215989 -0.011414 -0.015824 -0.998315 0.054656
35.712144 100.176577 -111.568416 5.240085 -0.011366 -0.016327 -0.998354 0.053791
35.812092 99.366774 -111.654854 5.259784 -0.011144 -0.016668 -0.998355 0.053719
35.912018 98.544784 -111.740351 5.281837 -0.010106 -0.017389 -0.998351 0.053763
36.012467 97.705480 -111.833450 5.307046 -0.008755 -0.016985 -0.998342 0.054304
36.113364 96.853435 -111.927774 5.328347 -0.007424 -0.016568 -0.998336 0.054733
36.212067 95.992421 -112.020337 5.341649 -0.006259 -0.016377 -0.998334 0.054968
36.312067 95.104441 -112.124144 5.348954 -0.006565 -0.016162 -0.998307 0.055483
36.412117 94.202782 -112.222275 5.367810 -0.006998 -0.018911 -0.998270 0.055233
36.512043 93.306352 -112.313687 5.382758 -0.007210 -0.019882 -0.998234 0.055509
36.601323 92.497779 -112.406249 5.402829 -0.008289 -0.019759 -0.998239 0.055314
36.712088 91.439392 -112.525521 5.423624 -0.010328 -0.020523 -0.998177 0.055812
36.812166 90.513344 -112.632095 5.446131 -0.011936 -0.020429 -0.998151 0.055992
36.912116 89.555067 -112.733887 5.477251 -0.011812 -0.019251 -0.998219 0.055209
37.034179 88.378010 -112.879695 5.511211 -0.009523 -0.016121 -0.998339 0.054490
37.134678 87.467977 -112.977828 5.531585 -0.008038 -0.014545 -0.998435 0.053403
37.212167 86.763034 -113.057876 5.542817 -0.006988 -0.013825 -0.998492 0.052662
37.311994 85.782092 -113.162104 5.563711 -0.005821 -0.014087 -0.998519 0.052233
37.412139 84.788763 -113.274694 5.585306 -0.005924 -0.014764 -0.998544 0.051541
37.512089 83.789826 -113.382832 5.601564 -0.006314 -0.015112 -0.998569 0.050904
37.612040 82.786856 -113.487725 5.620611 -0.006523 -0.015775 -0.998575 0.050571
37.712033 81.777601 -113.599507 5.642799 -0.006957 -0.015537 -0.998595 0.050191
37.811965 80.777428 -113.698842 5.660055 -0.006563 -0.016795 -0.998586 0.050000
37.912136 79.779659 -113.799266 5.683178 -0.005163 -0.018184 -0.998545 0.050505
38.012034 78.775308 -113.900087 5.711901 -0.003894 -0.018929 -0.998512 0.050990
38.112036 77.776516 -114.002743 5.732525 -0.004586 -0.020033 -0.998451 0.051711
38.212008 76.771973 -114.109125 5.754276 -0.006931 -0.020502 -0.998388 0.052463
38.312009 75.771007 -114.226861 5.773106 -0.007754 -0.020404 -0.998356 0.052994
38.411982 74.754047 -114.331897 5.804836 -0.006825 -0.020642 -0.998338 0.053363
38.511984 73.751249 -114.446087 5.827400 -0.006352 -0.019778 -0.998311 0.054263
38.612109 72.724567 -114.566165 5.851244 -0.006619 -0.019775 -0.998267 0.055032
38.712032 71.721483 -114.680670 5.870349 -0.007557 -0.019441 -0.998229 0.055720
38.812061 70.686888 -114.797235 5.896466 -0.008154 -0.019609 -0.998124 0.057415
38.912089 69.665759 -114.917050 5.917639 -0.007848 -0.019559 -0.998105 0.057808
39.012038 68.629274 -115.054380 5.939972 -0.006976 -0.019460 -0.998067 0.058602
39.112111 67.574089 -115.184307 5.967278 -0.005549 -0.019823 -0.998012 0.059564
39.246917 66.156157 -115.361611 5.998197 -0.004232 -0.020085 -0.997942 0.060747
39.312162 65.598846 -115.427520 6.006125 -0.003965 -0.020201 -0.997939 0.060781
39.411967 64.531509 -115.566925 6.029259 -0.004252 -0.020948 -0.997831 0.062267
39.511968 63.456289 -115.707771 6.047325 -0.004256 -0.021334 -0.997812 0.062428
39.611993 62.371019 -115.849163 6.066446 -0.004273 -0.022053 -0.997778 0.062725
39.712066 61.273850 -115.987917 6.088206 -0.005036 -0.022611 -0.997722 0.063362
39.811996 60.180382 -116.130657 6.111653 -0.006897 -0.022997 -0.997672 0.063835
39.912092 59.089233 -116.276243 6.134212 -0.008393 -0.023353 -0.997654 0.063802
40.012015 57.985307 -116.424727 6.161178 -0.007932 -0.022549 -0.997688 0.063616
40.120043 56.791607 -116.584572 6.189704 -0.006612 -0.021666 -0.997729 0.063437
40.219872 55.723843 -116.721917 6.212648 -0.005469 -0.021746 -0.997781 0.062697
40.320395 54.626000 -116.861864 6.233525 -0.004968 -0.022105 -0.997810 0.062142
40.412118 53.621130 -116.990992 6.256065 -0.004528 -0.022616 -0.997833 0.061628
40.512014 52.478180 -117.138909 6.272831 -0.005105 -0.023724 -0.997829 0.061222
40.612094 51.328994 -117.272417 6.302139 -0.006634 -0.023863 -0.997847 0.060734
40.713285 50.154931 -117.427840 6.316699 -0.007077 -0.024009 -0.997881 0.060057
40.817451 48.978027 -117.570029 6.349753 -0.005945 -0.023332 -0.997936 0.059527
40.920465 47.809756 -117.713437 6.359882 -0.003871 -0.023374 -0.997967 0.059159
41.037223 46.482878 -117.866667 6.386685 -0.001072 -0.024470 -0.997967 0.058833
41.137374 45.410760 -117.987821 6.410585 -0.000598 -0.024637 -0.997964 0.058825
41.214958 44.575204 -118.083669 6.412974 -0.003311 -0.026126 -0.997930 0.058673
41.312067 43.428387 -118.224964 6.445082 -0.006816 -0.025872 -0.997941 0.058290
41.412068 42.225886 -118.376669 6.468145 -0.006283 -0.023399 -0.998056 0.057424
41.512014 41.030668 -118.517033 6.496678 -0.003474 -0.021228 -0.998142 0.057009
41.611997 39.817065 -118.667331 6.510098 -0.000399 -0.019188 -0.998200 0.056811
41.712016 38.619472 -118.810577 6.521349 0.000487 -0.018286 -0.998230 0.056589
41.812114 37.423395 -118.953302 6.521052 -0.001285 -0.018506 -0.998217 0.056741
41.925860 36.075343 -119.098272 6.536776 -0.003724 -0.019362 -0.998166 0.057237
42.012071 35.113746 -119.213382 6.548611 -0.004803 -0.021052 -0.998121 0.057345
42.112039 33.898807 -119.336761 6.586279 -0.005450 -0.022754 -0.998015 0.058474
42.213136 32.684099 -119.484316 6.610297 -0.005360 -0.022239 -0.997995 0.059010
42.312091 31.489971 -119.631763 6.642568 -0.004014 -0.022285 -0.997957 0.059745
42.412020 30.285126 -119.778179 6.664560 -0.003277 -0.020231 -0.997951 0.060605
42.512093 29.084990 -119.941406 6.679199 -0.003816 -0.018125 -0.997997 0.060493
42.628819 27.675414 -120.128743 6.698504 -0.004104 -0.016882 -0.997991 0.060933
42.712120 26.741247 -120.248700 6.713669 -0.004030 -0.016763 -0.998013 0.060604
42.820894 25.397898 -120.415429 6.735752 -0.003145 -0.017435 -0.997965 0.061246
42.912044 24.293452 -120.549042 6.756481 -0.002696 -0.018213 -0.997957 0.061178
43.012091 23.053394 -120.709599 6.775507 -0.002885 -0.018736 -0.997922 0.061586
43.112066 21.819301 -120.869932 6.795099 -0.003003 -0.018409 -0.997911 0.061846
43.212119 20.587418 -121.027354 6.814585 -0.002397 -0.018343 -0.997914 0.061851
43.321016 19.247629 -121.202366 6.835355 -0.002531 -0.018052 -0.997915 0.061915
43.412068 18.181933 -121.338273 6.850632 -0.003345 -0.018265 -0.997906 0.061957
43.519324 16.850732 -121.506216 6.871195 -0.004526 -0.018426 -0.997903 0.061888
43.612068 15.737079 -121.648827 6.893128 -0.004499 -0.018469 -0.997923 0.061551
43.725034 14.324599 -121.832189 6.919235 -0.003111 -0.018025 -0.997944 0.061430
43.820195 13.186931 -121.973325 6.937798 -0.002204 -0.017540 -0.998014 0.060468
43.920146 11.942908 -122.127124 6.950899 -0.001554 -0.017885 -0.998032 0.060080
44.012045 10.800062 -122.270958 6.966876 -0.001323 -0.017870 -0.998053 0.059738
44.112119 9.522661 -122.432197 6.977527 -0.001568 -0.018285 -0.998075 0.059235
44.219728 8.154281 -122.592768 6.994743 -0.002189 -0.018430 -0.998107 0.058635
44.319671 6.891645 -122.735964 7.006744 -0.002868 -0.019095 -0.998133 0.057947
44.417952 5.662976 -122.883632 7.024142 -0.002864 -0.019566 -0.998167 0.057203
44.512044 4.459290 -123.017167 7.038997 -0.001295 -0.021239 -0.998161 0.056756
44.611996 3.145426 -123.169682 7.059841 0.000923 -0.022209 -0.998160 0.056410
44.712093 1.836991 -123.312699 7.079374 0.000479 -0.023363 -0.998161 0.055939
44.812040 0.546207 -123.462375 7.080199 -0.002353 -0.023868 -0.998185 0.055247
44.916904 -0.808155 -123.618796 7.107381 -0.003954 -0.023165 -0.998220 0.054806
45.013413 -2.037102 -123.760210 7.122509 -0.003297 -0.021812 -0.998269 0.054511
45.112018 -3.320939 -123.910245 7.145021 -0.002529 -0.021902 -0.998253 0.054825
45.212039 -4.645681 -124.060418 7.159273 -0.001802 -0.022842 -0.998214 0.055171
45.341488 -6.343998 -124.253747 7.184413 -0.000640 -0.023845 -0.998170 0.055574
45.441165 -7.497551 -124.377000 7.194739 -0.000252 -0.024485 -0.998143 0.055781
45.541442 -8.725766 -124.522757 7.214032 -0.000662 -0.024550 -0.998104 0.056443
45.637747 -9.919269 -124.668045 7.224428 -0.000127 -0.024720 -0.998060 0.057147
45.713286 -10.881850 -124.780615 7.238518 -0.000085 -0.024459 -0.998017 0.057993
45.813296 -12.262348 -124.948571 7.248272 -0.001260 -0.023745 -0.997979 0.058920
45.911992 -13.614323 -125.116015 7.267788 -0.000931 -0.024175 -0.997949 0.059258
46.011995 -14.991812 -125.284648 7.290154 0.000196 -0.023615 -0.997914 0.060078
46.112019 -16.374725 -125.450871 7.299500 -0.000455 -0.023040 -0.997903 0.060486
46.212018 -17.752642 -125.622520 7.305707 -0.001186 -0.022297 -0.997923 0.060421
46.312065 -19.135832 -125.801717 7.328281 -0.001091 -0.020982 -0.997941 0.060597
46.412013 -20.508269 -125.970983 7.339543 -0.000567 -0.020386 -0.997950 0.060670
46.512069 -21.863604 -126.146244 7.356875 -0.000265 -0.020872 -0.997912 0.061124
46.612065 -23.222940 -126.315971 7.368942 -0.000593 -0.021012 -0.997923 0.060889
46.717130 -24.654784 -126.495853 7.382634 -0.000985 -0.021345 -0.997917 0.060865
46.812119 -25.919024 -126.656140 7.394848 -0.000951 -0.021825 -0.997898 0.061012
46.911969 -27.296401 -126.826348 7.410619 0.000584 -0.022523 -0.997914 0.060494
47.011993 -28.694880 -126.999198 7.428075 0.001841 -0.022728 -0.997924 0.060229
47.112142 -30.073572 -127.164631 7.437277 0.000985 -0.022885 -0.997950 0.059765
47.212067 -31.447222 -127.333491 7.446399 -0.000176 -0.022738 -0.997998 0.059010
47.312042 -32.836080 -127.505948 7.458457 -0.000057 -0.022126 -0.998061 0.058172
47.412038 -34.218578 -127.673896 7.471574 0.000923 -0.021834 -0.998085 0.057865
47.512066 -35.605117 -127.838760 7.485651 0.001903 -0.021795 -0.998123 0.057199
47.612091 -37.003372 -128.003174 7.493489 0.002597 -0.021647 -0.998158 0.056621
47.712119 -38.392563 -128.166382 7.504420 0.003064 -0.021596 -0.998189 0.056069
47.812069 -39.784979 -128.322908 7.514640 0.003034 -0.021536 -0.998237 0.055229
47.912041 -41.173598 -128.483767 7.521413 0.003121 -0.021002 -0.998268 0.054861
48.012041 -42.548030 -128.643708 7.530204 0.002839 -0.021013 -0.998291 0.054449
48.112142 -43.914307 -128.804731 7.537099 0.002875 -0.020217 -0.998335 0.053941
48.219324 -45.407699 -128.970869 7.546174 0.003015 -0.020425 -0.998343 0.053706
48.312142 -46.666444 -129.112437 7.540892 0.003938 -0.020648 -0.998334 0.053741
48.437772 -48.442877 -129.296562 7.549278 0.005664 -0.024329 -0.998215 0.054244
48.537899 -49.702084 -129.428043 7.564609 0.006976 -0.025759 -0.998152 0.054588
48.637649 -50.984141 -129.568436 7.568421 0.005712 -0.027190 -0.998073 0.055487
48.737950 -52.283328 -129.727050 7.569505 0.003262 -0.026573 -0.998089 0.055693
48.812144 -53.260629 -129.847550 7.565381 0.002242 -0.024724 -0.998157 0.055367
48.937276 -55.017938 -130.057387 7.573704 0.004329 -0.024347 -0.998127 0.055962
49.037798 -56.354434 -130.203455 7.577426 0.004338 -0.024898 -0.998104 0.056116
49.137475 -57.702507 -130.353738 7.583148 0.003008 -0.027998 -0.998013 0.056363
49.237224 -59.055951 -130.507687 7.591081 0.003104 -0.028281 -0.997978 0.056841
49.337222 -60.427154 -130.672650 7.607480 0.003972 -0.028031 -0.997980 0.056871
49.412114 -61.452813 -130.796597 7.607762 0.003826 -0.025691 -0.998018 0.057316
49.511967 -62.884212 -130.976191 7.613340 0.004465 -0.022803 -0.998056 0.057830
49.601279 -64.167319 -131.136998 7.616054 0.004852 -0.021007 -0.998074 0.058175
49.720023 -65.888276 -131.349221 7.615185 0.004886 -0.020042 -0.998043 0.059024
49.819772 -67.279859 -131.513382 7.612386 0.005407 -0.020109 -0.998024 0.059276
49.920518 -68.685378 -131.685984 7.612282 0.006510 -0.020684 -0.997973 0.059837
50.020591 -70.068443 -131.855267 7.611891 0.006996 -0.021355 -0.997917 0.060474
50.112070 -71.343212 -132.005784 7.609602 0.006871 -0.021871 -0.997867 0.061123
50.219622 -72.884011 -132.202170 7.605541 0.007275 -0.021829 -0.997838 0.061566
50.319920 -74.287689 -132.380607 7.601683 0.007623 -0.021779 -0.997833 0.061618
50.412118 -75.593370 -132.545076 7.596560 0.007637 -0.021717 -0.997823 0.061803
50.512092 -77.044473 -132.731333 7.586304 0.007846 -0.021152 -0.997830 0.061856
50.612043 -78.482645 -132.914380 7.583385 0.007708 -0.021862 -0.997823 0.061744
50.712045 -79.903172 -133.102126 7.578647 0.007509 -0.021077 -0.997846 0.061670
50.817277 -81.402259 -133.292004 7.572379 0.007082 -0.020806 -0.997892 0.061055
50.912012 -82.708870 -133.456722 7.568932 0.007610 -0.019967 -0.997917 0.060872
51.019524 -84.222507 -133.644608 7.561888 0.008643 -0.019580 -0.997941 0.060464
51.111966 -85.479398 -133.816237 7.558451 0.009176 -0.019352 -0.997977 0.059865
51.211995 -86.866062 -133.996036 7.549051 0.009571 -0.018975 -0.998010 0.059371
51.312070 -88.286860 -134.164053 7.534429 0.009760 -0.019102 -0.998037 0.058836
51.420696 -89.837647 -134.350198 7.517309 0.010621 -0.019542 -0.998048 0.058348
51.537751 -91.432117 -134.543346 7.497393 0.011964 -0.021636 -0.997988 0.058379
51.637950 -92.740867 -134.699304 7.485185 0.013234 -0.024215 -0.997913 0.058387
51.737597 -94.089964 -134.848615 7.472411 0.014481 -0.026971 -0.997795 0.058886
51.824685 -95.281333 -134.984574 7.456982 0.015060 -0.028038 -0.997712 0.059648
51.937649 -96.872477 -135.180797 7.441364 0.015304 -0.026910 -0.997712 0.060101
52.038295 -98.228700 -135.351753 7.413028 0.015857 -0.025513 -0.997729 0.060288
52.138344 -99.607406 -135.531283 7.393659 0.016920 -0.024041 -0.997715 0.060838
52.212094 -100.619140 -135.664688 7.374130 0.016159 -0.023439 -0.997746 0.060770
52.312017 -102.093939 -135.855791 7.342653 0.012524 -0.021905 -0.997854 0.060417
52.412015 -103.537346 -136.042237 7.329989 0.012131 -0.020350 -0.997939 0.059639
52.512114 -104.968860 -136.220589 7.304347 0.014652 -0.018138 -0.997971 0.059250
52.611995 -106.404759 -136.395492 7.281291 0.015260 -0.017521 -0.997993 0.058908
52.712067 -107.818648 -136.572456 7.246480 0.014720 -0.017073 -0.998045 0.058286
52.811944 -109.215566 -136.747850 7.221567 0.013725 -0.016098 -0.998099 0.057880
52.912118 -110.628333 -136.911684 7.194195 0.011697 -0.015357 -0.998155 0.057564
53.012041 -112.034106 -137.082932 7.177106 0.010556 -0.015003 -0.998197 0.057143
53.112043 -113.440276 -137.258624 7.159741 0.012177 -0.015269 -0.998177 0.057100
53.212139 -114.835689 -137.425009 7.144248 0.013585 -0.016381 -0.998136 0.057196
53.311995 -116.241213 -137.592927 7.122260 0.013958 -0.016822 -0.998111 0.057421
53.446945 -118.148896 -137.826333 7.086524 0.015745 -0.014989 -0.998108 0.057510
53.512096 -118.897015 -137.917624 7.072434 0.018448 -0.014994 -0.998062 0.057502
53.611943 -120.335001 -138.077922 7.038198 0.014795 -0.015604 -0.998083 0.058042
53.712139 -121.751142 -138.249411 7.001582 0.008560 -0.016316 -0.998155 0.057857
53.812116 -123.191958 -138.424476 7.003850 0.007278 -0.016215 -0.998137 0.058363
53.912115 -124.627563 -138.608791 6.998089 0.010212 -0.015216 -0.998133 0.058265
54.011943 -126.044309 -138.782528 6.983559 0.013825 -0.014007 -0.998116 0.058119
54.112117 -127.455431 -138.955388 6.950915 0.016020 -0.013024 -0.998120 0.057714
54.211990 -128.863805 -139.126258 6.920504 0.016278 -0.011359 -0.998137 0.057702
54.311992 -130.281242 -139.299501 6.885874 0.015828 -0.010604 -0.998163 0.057515
54.412045 -131.699691 -139.469562 6.865882 0.016712 -0.010446 -0.998168 0.057208
54.512120 -133.119088 -139.638100 6.821980 0.018293 -0.011148 -0.998120 0.057417
54.611994 -134.537261 -139.801164 6.790523 0.019623 -0.012769 -0.998072 0.057475
54.712114 -135.955919 -139.973716 6.746135 0.019702 -0.013207 -0.998049 0.057751
54.812070 -137.371133 -140.154462 6.708251 0.019177 -0.013866 -0.998076 0.057314
54.911991 -138.796490 -140.324359 6.665469 0.020317 -0.013133 -0.998060 0.057362
55.012142 -140.207092 -140.488213 6.625132 0.022382 -0.013671 -0.998030 0.057002
55.111992 -141.619006 -140.654199 6.576938 0.024097 -0.014388 -0.997942 0.057659
55.212043 -143.026702 -140.820071 6.526078 0.024724 -0.015174 -0.997901 0.057891
55.312094 -144.438255 -140.992392 6.471025 0.024029 -0.015074 -0.997907 0.058106
55.412119 -145.862417 -141.161904 6.422494 0.025264 -0.014991 -0.997866 0.058307
55.511994 -147.274706 -141.336227 6.356076 0.027336 -0.016696 -0.997752 0.058863
55.639719 -149.023163 -141.562005 6.281570 0.024522 -0.019535 -0.997725 0.059679
55.711961 -149.932327 -141.655219 6.245788 0.022258 -0.020799 -0.997759 0.059566
55.813239 -151.385283 -141.827930 6.207853 0.023178 -0.022390 -0.997672 0.060093
55.937500 -153.126994 -142.049357 6.145217 0.025925 -0.024062 -0.997554 0.060283
56.024686 -154.291253 -142.193130 6.101365 0.027310 -0.024476 -0.997485 0.060650
56.138022 -155.872054 -142.389585 6.042331 0.028575 -0.024010 -0.997442 0.060968
56.238122 -157.229754 -142.557526 5.976709 0.028881 -0.024232 -0.997433 0.060877
56.337773 -158.602572 -142.733347 5.916889 0.027394 -0.024373 -0.997473 0.060848
56.438246 -159.985894 -142.907924 5.858939 0.027065 -0.023755 -0.997519 0.060487
56.538171 -161.392304 -143.084671 5.797800 0.028069 -0.022831 -0.997533 0.060152
56.638499 -162.810636 -143.261282 5.730029 0.028437 -0.021415 -0.997573 0.059844
56.738497 -164.231051 -143.446402 5.666294 0.028067 -0.020798 -0.997591 0.059933
56.838345 -165.655818 -143.623633 5.594900 0.027564 -0.021642 -0.997597 0.059759
56.938721 -167.099237 -143.799374 5.531522 0.025674 -0.023606 -0.997611 0.059624
57.038772 -168.534448 -143.971811 5.478599 0.022201 -0.025520 -0.997673 0.059194
57.123288 -169.769317 -144.118083 5.442351 0.020018 -0.026081 -0.997723 0.058894
57.212139 -171.129626 -144.292915 5.406447 0.021009 -0.025367 -0.997738 0.058596
57.338625 -173.090517 -144.544269 5.345267 0.026613 -0.021329 -0.997728 0.058101
57.438823 -174.491865 -144.720137 5.275795 0.029612 -0.019951 -0.997677 0.058018
57.539095 -175.926548 -144.898840 5.204028 0.029610 -0.018496 -0.997728 0.057620
57.620270 -177.100076 -145.038919 5.132672 0.028176 -0.017999 -0.997791 0.057397
57.712092 -178.505164 -145.210651 5.066652 0.027677 -0.019040 -0.997806 0.057049
57.839046 -180.471092 -145.443361 4.976204 0.028515 -0.021282 -0.997758 0.056677
57.938971 -181.888876 -145.594673 4.912224 0.028591 -0.023193 -0.997726 0.056450
58.038871 -183.348344 -145.759616 4.847788 0.028728 -0.024354 -0.997696 0.056434
58.138720 -184.795008 -145.928718 4.785526 0.029921 -0.025028 -0.997682 0.055753
58.238744 -186.262906 -146.094889 4.712766 0.031485 -0.024886 -0.997660 0.055359
58.338549 -187.731460 -146.265100 4.641993 0.031318 -0.024168 -0.997696 0.055119
58.438795 -189.216481 -146.441787 4.561637 0.030135 -0.022216 -0.997815 0.054436
58.516733 -190.382427 -146.582148 4.507250 0.029528 -0.021295 -0.997884 0.053862
58.611992 -191.883520 -146.763594 4.432761 0.030377 -0.020023 -0.997911 0.053388
58.738325 -193.872268 -146.989311 4.333973 0.031675 -0.020262 -0.997937 0.052032
58.838373 -195.357035 -147.136245 4.255357 0.032511 -0.020130 -0.997957 0.051181
58.938448 -196.837054 -147.294068 4.177543 0.033880 -0.020109 -0.997959 0.050258
59.037975 -198.328290 -147.451180 4.094097 0.034549 -0.019549 -0.997963 0.049932
59.138225 -199.838389 -147.608979 4.012928 0.034211 -0.019647 -0.998010 0.049194
59.237752 -201.344752 -147.764409 3.924637 0.033652 -0.019521 -0.998058 0.048658
59.337526 -202.845896 -147.917084 3.853750 0.034855 -0.020229 -0.998047 0.047728
59.437149 -204.355585 -148.073925 3.763383 0.035758 -0.019237 -0.998070 0.046993
59.537575 -205.886473 -148.224620 3.671301 0.036141 -0.019547 -0.998067 0.046636
59.637795 -207.404405 -148.377298 3.585047 0.037129 -0.018558 -0.998064 0.046313
59.737099 -208.918449 -148.530720 3.492560 0.037158 -0.017681 -0.998095 0.045965
59.836551 -210.427410 -148.681861 3.400240 0.035026 -0.017243 -0.998201 0.045500
59.936400 -211.949580 -148.819760 3.309509 0.032862 -0.017337 -0.998319 0.044483
60.036775 -213.482788 -148.959512 3.232423 0.033484 -0.017326 -0.998308 0.044263
60.136375 -215.002713 -149.099632 3.146592 0.035039 -0.017396 -0.998239 0.044593
60.236301 -216.517500 -149.241962 3.060652 0.035852 -0.017672 -0.998202 0.044661
60.336401 -218.028959 -149.388348 2.971726 0.037216 -0.017352 -0.998158 0.044667
60.436225 -219.535687 -149.533005 2.878633 0.038189 -0.017754 -0.998114 0.044656
60.535953 -221.041690 -149.674082 2.788831 0.038192 -0.017603 -0.998120 0.044591
60.635902 -222.530806 -149.819515 2.696287 0.038829 -0.017160 -0.998107 0.044493
60.746676 -224.196034 -149.973796 2.590096 0.039714 -0.016250 -0.998088 0.044485
60.825055 -225.324358 -150.084597 2.513579 0.039474 -0.015651 -0.998129 0.043996
60.911996 -226.665684 -150.217331 2.421097 0.039529 -0.014610 -0.998169 0.043387
61.046873 -228.796804 -150.419261 2.280263 0.041550 -0.014290 -0.998156 0.041873
61.146775 -230.229695 -150.534404 2.177054 0.042677 -0.014561 -0.998111 0.041725
61.244726 -231.648325 -150.647621 2.079727 0.043780 -0.015852 -0.998069 0.041121
61.341436 -233.079206 -150.765835 1.975659 0.043462 -0.016955 -0.998088 0.040544
61.436554 -234.469467 -150.884274 1.876353 0.042551 -0.017570 -0.998155 0.039577
61.511995 -235.611341 -150.976960 1.794436 0.041497 -0.017860 -0.998220 0.038935
61.612090 -237.178977 -151.111273 1.686863 0.041835 -0.017679 -0.998250 0.037860
61.712142 -238.733710 -151.238910 1.578285 0.041722 -0.017650 -0.998294 0.036846
61.812094 -240.266017 -151.365238 1.476999 0.041368 -0.018681 -0.998328 0.035786
61.937250 -242.137962 -151.507454 1.351641 0.042070 -0.019427 -0.998328 0.034544
62.036649 -243.514313 -151.598679 1.260506 0.042724 -0.019768 -0.998299 0.034384
62.137200 -244.897594 -151.697599 1.167354 0.043257 -0.019459 -0.998314 0.033464
62.236550 -246.275169 -151.798802 1.071050 0.044025 -0.018964 -0.998308 0.032905
62.336451 -247.648133 -151.897459 0.972195 0.044857 -0.018897 -0.998288 0.032433
62.437473 -249.029720 -151.988508 0.876066 0.044897 -0.020493 -0.998287 0.031425
62.541239 -250.433404 -152.088451 0.772892 0.043482 -0.020673 -0.998340 0.031605
62.636826 -251.726598 -152.171139 0.681498 0.041441 -0.021666 -0.998411 0.031448
62.711994 -252.747184 -152.242284 0.618238 0.041056 -0.021056 -0.998446 0.031248
62.811994 -254.183672 -152.349780 0.513631 0.041512 -0.018988 -0.998492 0.030492
62.912093 -255.613153 -152.451067 0.418306 0.042670 -0.018054 -0.998479 0.029895
63.012143 -257.016568 -152.545574 0.314613 0.044018 -0.017375 -0.998439 0.029679
63.146772 -258.893645 -152.668044 0.174007 0.044498 -0.017929 -0.998418 0.029335
63.211991 -259.690078 -152.698972 0.118632 0.045035 -0.018253 -0.998387 0.029360
63.312069 -260.986933 -152.805583 0.023792 0.044932 -0.017826 -0.998406 0.029146
63.412093 -262.352244 -152.890837 -0.079676 0.043658 -0.016846 -0.998486 0.028906
63.511993 -263.723955 -152.972600 -0.184310 0.043411 -0.016050 -0.998538 0.027919
63.612067 -265.083123 -153.059188 -0.279416 0.044190 -0.015045 -0.998534 0.027383
63.712093 -266.436696 -153.136799 -0.380807 0.044016 -0.014816 -0.998564 0.026716
63.812165 -267.771376 -153.210520 -0.479438 0.043863 -0.015163 -0.998592 0.025704
63.904221 -268.983642 -153.283603 -0.563764 0.044670 -0.015516 -0.998564 0.025179
64.004220 -270.326152 -153.348768 -0.660634 0.044895 -0.015797 -0.998573 0.024213
64.104172 -271.633420 -153.421532 -0.757060 0.045176 -0.015615 -0.998589 0.023129
64.204171 -272.915733 -153.487343 -0.850174 0.045881 -0.015358 -0.998592 0.021755
64.304172 -274.163069 -153.553306 -0.940671 0.045744 -0.014491 -0.998642 0.020292
64.404220 -275.406723 -153.602228 -1.036605 0.044874 -0.013815 -0.998726 0.018490
64.504123 -276.633578 -153.656199 -1.124117 0.043437 -0.013109 -0.998832 0.016593
64.612115 -277.965143 -153.702388 -1.226465 0.042345 -0.012866 -0.998923 0.013929
64.704224 -279.059164 -153.747529 -1.303195 0.041907 -0.013141 -0.998960 0.012228
64.900271 -281.475703 -153.808377 -1.480611 0.043949 -0.013301 -0.998915 0.007816
65.000197 -282.556629 -153.815716 -1.568189 0.044061 -0.013219 -0.998912 0.007599
65.004222 -282.593963 -153.819707 -1.564533 0.045216 -0.013312 -0.998858 0.007873
65.104397 -283.833278 -153.820235 -1.660362 0.046005 -0.014236 -0.998836 0.002820
65.204373 -285.064418 -153.820912 -1.765882 0.046060 -0.015566 -0.998817 -0.000398
65.304397 -286.322542 -153.821602 -1.857647 0.045422 -0.016567 -0.998824 -0.003502
65.404347 -287.571251 -153.818841 -1.962319 0.044881 -0.016943 -0.998831 -0.005986
65.504442 -288.822660 -153.805823 -2.052588 0.045850 -0.017708 -0.998749 -0.009213
65.644826 -290.550184 -153.787973 -2.185850 0.045975 -0.017342 -0.998709 -0.012867
65.712040 -291.336615 -153.782962 -2.252426 0.045587 -0.017283 -0.998713 -0.013954
65.812066 -292.506175 -153.748349 -2.338847 0.043763 -0.015813 -0.998756 -0.017921
65.912066 -293.709323 -153.707108 -2.435242 0.043701 -0.014593 -0.998702 -0.021706
66.030913 -295.137056 -153.645147 -2.551431 0.045444 -0.014965 -0.998508 -0.026303
66.146900 -296.483743 -153.567456 -2.660887 0.046941 -0.015235 -0.998315 -0.030533
66.244701 -297.583316 -153.499120 -2.748196 0.047126 -0.016164 -0.998156 -0.034677
66.346747 -298.757010 -153.417700 -2.845930 0.047237 -0.016963 -0.997965 -0.039338
66.412089 -299.510768 -153.353610 -2.898506 0.047297 -0.018236 -0.997796 -0.042811
66.511996 -300.741557 -153.231575 -3.007464 0.044787 -0.014611 -0.997655 -0.049647
66.612091 -301.973581 -153.120087 -3.106042 0.042445 -0.013049 -0.997493 -0.055094
66.712018 -303.193564 -152.999178 -3.195308 0.042568 -0.010971 -0.997181 -0.060813
66.812067 -304.428725 -152.844656 -3.294148 0.043300 -0.010448 -0.996859 -0.065489
66.912142 -305.644726 -152.692149 -3.389385 0.043219 -0.011049 -0.996611 -0.069112
67.012017 -306.836746 -152.523589 -3.481143 0.042618 -0.012280 -0.996437 -0.071733
67.111968 -308.024018 -152.353988 -3.569551 0.042861 -0.014128 -0.996330 -0.072731
67.212115 -309.225651 -152.170462 -3.657346 0.043216 -0.015514 -0.996331 -0.072221
67.339442 -310.695121 -151.966508 -3.763815 0.043271 -0.016439 -0.996477 -0.069938
67.439442 -311.764225 -151.844282 -3.847509 0.043288 -0.017581 -0.996632 -0.067398
67.535352 -312.799774 -151.715075 -3.924761 0.043733 -0.018857 -0.996838 -0.063612
67.633631 -313.884595 -151.584037 -4.008675 0.044752 -0.019747 -0.997054 -0.059081
67.733709 -314.971563 -151.456297 -4.087693 0.045463 -0.020155 -0.997299 -0.054056
67.835727 -316.072165 -151.348900 -4.171699 0.045238 -0.019161 -0.997588 -0.049029
67.937649 -317.169196 -151.263649 -4.263293 0.044849 -0.018433 -0.997845 -0.044207
68.036725 -318.226172 -151.183660 -4.343212 0.045359 -0.017950 -0.998020 -0.039710
68.136375 -319.287894 -151.109946 -4.424844 0.046475 -0.017351 -0.998150 -0.035165
68.299997 -321.022615 -151.003166 -4.560548 0.046907 -0.017028 -0.998329 -0.029135
68.399499 -321.900316 -150.982093 -4.623648 0.046662 -0.016825 -0.998399 -0.027190
68.499000 -322.848918 -150.937131 -4.704040 0.045527 -0.016745 -0.998527 -0.024313
68.599050 -323.818421 -150.883949 -4.784409 0.044740 -0.017111 -0.998610 -0.021991
68.698975 -324.785928 -150.845081 -4.854645 0.044496 -0.016874 -0.998657 -0.020507
68.798925 -325.770067 -150.819585 -4.938851 0.044924 -0.016188 -0.998676 -0.019138
68.898776 -326.782940 -150.789502 -5.012737 0.045446 -0.016205 -0.998671 -0.018140
68.998725 -327.820709 -150.754512 -5.099468 0.045605 -0.015842 -0.998678 -0.017652
69.098526 -328.858318 -150.722680 -5.176864 0.045604 -0.016160 -0.998678 -0.017336
69.198651 -329.895012 -150.695854 -5.267431 0.045832 -0.016282 -0.998671 -0.017057
69.299000 -330.963360 -150.656977 -5.347965 0.046338 -0.016868 -0.998641 -0.016882
69.399349 -332.017663 -150.628047 -5.432698 0.046880 -0.016694 -0.998623 -0.016631
69.499748 -333.062564 -150.599022 -5.515676 0.046799 -0.016619 -0.998621 -0.016995
69.600022 -334.113240 -150.572917 -5.603421 0.046753 -0.016707 -0.998618 -0.017216
69.646825 -334.605190 -150.556725 -5.644450 0.046724 -0.016798 -0.998615 -0.017423
69.746716 -335.753856 -150.527193 -5.739051 0.048311 -0.017221 -0.998526 -0.017740
69.841713 -336.815058 -150.499412 -5.825210 0.048922 -0.017004 -0.998491 -0.018271
69.941538 -337.931486 -150.463278 -5.920255 0.049068 -0.017429 -0.998474 -0.018401
70.044728 -339.042187 -150.424293 -6.006627 0.048822 -0.017472 -0.998476 -0.018889
70.197941 -340.653059 -150.363846 -6.140159 0.049131 -0.017257 -0.998456 -0.019319
70.295698 -341.454065 -150.348142 -6.205643 0.048808 -0.017002 -0.998456 -0.020374
70.395607 -342.298568 -150.315861 -6.276813 0.049325 -0.017406 -0.998427 -0.020167
70.438891 -342.656545 -150.298448 -6.302984 0.049562 -0.018223 -0.998401 -0.020194
70.524411 -343.498175 -150.264147 -6.377170 0.050036 -0.017982 -0.998393 -0.019595
70.639594 -344.597759 -150.232139 -6.468771 0.049802 -0.017844 -0.998397 -0.020110
70.740161 -345.523018 -150.202784 -6.548247 0.049730 -0.018059 -0.998391 -0.020419
70.840713 -346.424300 -150.172003 -6.621047 0.049949 -0.018127 -0.998379 -0.020389
70.940638 -347.292867 -150.146399 -6.692287 0.050288 -0.018158 -0.998359 -0.020521
71.040286 -348.139158 -150.121817 -6.756656 0.050240 -0.017908 -0.998378 -0.019897
71.144679 -349.005735 -150.094399 -6.833056 0.050549 -0.017736 -0.998378 -0.019257
71.241187 -349.761353 -150.065964 -6.893174 0.050693 -0.017758 -0.998379 -0.018836
71.344603 -350.521646 -150.041648 -6.956501 0.050838 -0.017345 -0.998389 -0.018259
71.444454 -351.255404 -150.020067 -7.019046 0.051280 -0.017200 -0.998371 -0.018181
71.541361 -351.945382 -149.997818 -7.072805 0.051726 -0.017303 -0.998354 -0.017728
71.640961 -352.626050 -149.979859 -7.134341 0.051380 -0.017265 -0.998382 -0.017209
71.744604 -353.312231 -149.960728 -7.187257 0.050794 -0.017095 -0.998418 -0.017037
71.844581 -353.945122 -149.942180 -7.242706 0.050437 -0.016915 -0.998443 -0.016750
71.944728 -354.569756 -149.928007 -7.295420 0.050084 -0.017111 -0.998461 -0.016557
72.044879 -355.177181 -149.907194 -7.348181 0.049508 -0.017593 -0.998486 -0.016304
72.144780 -355.777863 -149.890537 -7.393591 0.049291 -0.017683 -0.998494 -0.016380
72.246794 -356.384500 -149.871625 -7.444784 0.049039 -0.017359 -0.998513 -0.016324
72.346922 -356.970987 -149.855596 -7.494065 0.048379 -0.017456 -0.998538 -0.016630
72.412116 -357.337910 -149.845469 -7.524722 0.047860 -0.017476 -0.998561 -0.016726
72.546898 -358.166675 -149.822374 -7.593392 0.047881 -0.017591 -0.998540 -0.017794
72.612019 -358.524536 -149.809375 -7.622973 0.047820 -0.017433 -0.998543 -0.017912
72.744802 -359.339648 -149.779998 -7.691482 0.047925 -0.017661 -0.998517 -0.018831
72.846971 -359.883774 -149.764345 -7.732242 0.047763 -0.017651 -0.998523 -0.018943
72.946874 -360.418590 -149.744681 -7.779910 0.048006 -0.017274 -0.998501 -0.019801
73.044675 -360.943360 -149.725846 -7.822253 0.048034 -0.017363 -0.998474 -0.020999
73.147147 -361.480085 -149.702454 -7.867013 0.048229 -0.017189 -0.998441 -0.022222
73.207372 -361.786697 -149.691015 -7.894111 0.048560 -0.017213 -0.998415 -0.022637
73.307300 -362.375908 -149.665984 -7.942724 0.049510 -0.017489 -0.998336 -0.023825
73.407423 -362.916415 -149.639751 -7.986058 0.049602 -0.017601 -0.998304 -0.024885
73.507426 -363.441148 -149.616127 -8.029117 0.049371 -0.017756 -0.998292 -0.025716
73.607475 -363.929308 -149.593599 -8.067944 0.049477 -0.017591 -0.998266 -0.026582
73.707475 -364.410049 -149.566014 -8.112958 0.049491 -0.017631 -0.998240 -0.027522
73.810253 -364.879525 -149.536887 -8.150157 0.049360 -0.017975 -0.998216 -0.028390
73.910101 -365.311127 -149.512889 -8.188110 0.049503 -0.018168 -0.998191 -0.028898
74.010251 -365.708548 -149.487673 -8.218495 0.049612 -0.018196 -0.998168 -0.029456
74.110303 -366.082331 -149.468052 -8.249847 0.049808 -0.017756 -0.998160 -0.029671
74.223541 -366.499847 -149.448618 -8.284221 0.050170 -0.017885 -0.998128 -0.030061
74.310228 -366.772172 -149.436173 -8.305797 0.050303 -0.017769 -0.998121 -0.030152
74.410378 -367.095730 -149.416573 -8.334370 0.050312 -0.017797 -0.998108 -0.030527
74.510324 -367.390419 -149.403058 -8.358812 0.050257 -0.018033 -0.998099 -0.030765
74.610327 -367.674192 -149.383760 -8.382174 0.049955 -0.018215 -0.998104 -0.030997
74.710525 -367.957028 -149.370599 -8.406277 0.049558 -0.017881 -0.998126 -0.031133
74.810326 -368.219161 -149.357570 -8.428855 0.049568 -0.017533 -0.998129 -0.031211
74.910428 -368.470868 -149.339230 -8.450932 0.049759 -0.017569 -0.998115 -0.031339
75.010428 -368.685331 -149.334819 -8.467495 0.049702 -0.017695 -0.998124 -0.031074
75.110573 -368.906365 -149.320651 -8.486743 0.049740 -0.017585 -0.998123 -0.031111
75.210427 -369.119792 -149.311058 -8.504906 0.049862 -0.017594 -0.998122 -0.030933
75.310498 -369.306064 -149.300371 -8.519906 0.049755 -0.017455 -0.998129 -0.030962
75.424907 -369.516664 -149.291709 -8.537477 0.049863 -0.017028 -0.998137 -0.030755
75.510574 -369.648965 -149.284119 -8.549195 0.049993 -0.016857 -0.998137 -0.030637
75.610573 -369.820531 -149.274306 -8.564097 0.049831 -0.016794 -0.998158 -0.030269
75.710526 -369.973769 -149.265567 -8.575767 0.049254 -0.017061 -0.998183 -0.030242
75.810572 -370.127025 -149.258589 -8.588212 0.048411 -0.017209 -0.998229 -0.029975
75.910472 -370.273358 -149.251543 -8.601087 0.047834 -0.017209 -0.998263 -0.029785
76.010523 -370.415739 -149.247562 -8.612333 0.047671 -0.017069 -0.998279 -0.029575
76.110526 -370.577987 -149.236183 -8.627449 0.047720 -0.017075 -0.998283 -0.029351
76.210624 -370.736557 -149.226680 -8.640268 0.047728 -0.017217 -0.998290 -0.029035
76.310649 -370.897734 -149.216732 -8.654660 0.047742 -0.017422 -0.998293 -0.028794
76.410647 -371.057209 -149.208833 -8.667388 0.047704 -0.017568 -0.998296 -0.028636
76.507698 -371.221262 -149.199566 -8.681212 0.047613 -0.017417 -0.998307 -0.028523
76.607703 -371.376171 -149.197170 -8.694543 0.047674 -0.017278 -0.998312 -0.028307
76.707803 -371.548533 -149.186064 -8.709677 0.047796 -0.017298 -0.998320 -0.027818
76.807752 -371.715350 -149.175822 -8.724503 0.047689 -0.017376 -0.998327 -0.027707
76.907802 -371.885109 -149.173574 -8.738297 0.047564 -0.017333 -0.998336 -0.027623
77.007902 -372.055891 -149.165323 -8.752643 0.047698 -0.016942 -0.998343 -0.027360
77.102992 -372.213462 -149.157725 -8.767615 0.047697 -0.016815 -0.998353 -0.027090
77.202941 -372.393866 -149.148122 -8.782393 0.047642 -0.016945 -0.998367 -0.026574
77.302942 -372.580206 -149.131948 -8.797819 0.047858 -0.016976 -0.998359 -0.026455
77.402917 -372.761500 -149.128823 -8.812452 0.047998 -0.017120 -0.998353 -0.026335
77.502991 -372.949598 -149.119022 -8.828160 0.048025 -0.017108 -0.998360 -0.026028
77.603041 -373.124932 -149.114199 -8.842985 0.048139 -0.016953 -0.998362 -0.025863
77.703091 -373.296582 -149.105529 -8.858041 0.048235 -0.016872 -0.998368 -0.025498
77.803091 -373.468259 -149.094874 -8.872951 0.048175 -0.016880 -0.998386 -0.024897
77.903091 -373.644891 -149.084609 -8.887980 0.048063 -0.016882 -0.998393 -0.024843
78.003041 -373.818431 -149.080085 -8.904347 0.048150 -0.016788 -0.998389 -0.024880
78.103142 -373.996280 -149.071278 -8.920173 0.048464 -0.017012 -0.998379 -0.024536
78.203166 -374.174068 -149.059152 -8.935200 0.048642 -0.017771 -0.998361 -0.024343
78.303290 -374.342275 -149.053025 -8.946849 0.048741 -0.018130 -0.998352 -0.024268
78.403316 -374.513951 -149.051179 -8.960690 0.048811 -0.017888 -0.998360 -0.023978
78.503465 -374.667513 -149.049120 -8.973799 0.048818 -0.017376 -0.998376 -0.023684
78.700222 -374.937181 -149.042839 -8.997636 0.049165 -0.017251 -0.998364 -0.023547
78.800345 -375.005070 -149.037641 -9.002525 0.048867 -0.017354 -0.998379 -0.023459
78.844850 -375.046265 -149.033970 -9.007235 0.048834 -0.017399 -0.998374 -0.023715
78.944804 -375.168663 -149.024160 -9.019538 0.049331 -0.017179 -0.998361 -0.023372
79.011993 -375.244634 -149.021481 -9.025157 0.049314 -0.017134 -0.998363 -0.023363
79.144849 -375.386181 -149.015388 -9.038506 0.049322 -0.017450 -0.998363 -0.023132
79.246870 -375.473496 -149.012217 -9.046337 0.049301 -0.017617 -0.998362 -0.023093
79.346748 -375.547221 -149.017311 -9.050196 0.049309 -0.017736 -0.998358 -0.023149
79.411990 -375.590143 -149.016391 -9.054519 0.049178 -0.017457 -0.998374 -0.022918
79.546846 -375.673849 -149.015136 -9.062749 0.049316 -0.017017 -0.998377 -0.022856
79.646897 -375.719603 -149.011587 -9.067098 0.049134 -0.017110 -0.998382 -0.022927
79.712113 -375.745415 -149.008137 -9.068333 0.048987 -0.017246 -0.998388 -0.022905
79.812066 -375.793098 -149.003205 -9.073325 0.048335 -0.017231 -0.998420 -0.022916
80.000297 -375.867687 -149.003486 -9.079726 0.047393 -0.016883 -0.998473 -0.022798
80.003516 -375.845487 -149.002275 -9.079241 0.047101 -0.016900 -0.998490 -0.022679
