7.124534 0.639293 0.002206 0.007395 0.000374 0.001041 0.001830 0.999998
7.225154 1.301848 0.015702 0.017767 0.000731 0.000993 0.003184 0.999994
7.326472 1.703599 0.010561 0.020837 -0.000322 0.000658 0.005825 0.999983
7.427775 2.418396 0.048373 0.017081 -0.001869 0.000341 0.006698 0.999976
7.528398 3.023937 0.048896 0.015250 -0.001714 0.000124 0.008301 0.999964
7.625484 3.712550 0.069742 0.017557 -0.000532 -0.000647 0.009597 0.999954
7.726080 4.414944 0.089004 0.030944 0.000478 -0.001066 0.010594 0.999943
7.826408 5.129651 0.110656 0.043913 0.000113 -0.001270 0.011614 0.999932
7.927555 5.852392 0.132685 0.038382 -0.001131 -0.002295 0.012522 0.999918
8.027377 6.570760 0.155921 0.052410 -0.001286 -0.002578 0.013271 0.999908
8.114709 7.224031 0.175584 0.037112 -0.001064 -0.002698 0.014019 0.999898
8.224983 8.123782 0.202265 0.069014 -0.000677 -0.001971 0.014201 0.999897
8.325238 8.808848 0.229052 0.055650 -0.000849 -0.001456 0.014438 0.999894
8.425809 9.596457 0.263187 0.084567 -0.001733 -0.000756 0.014463 0.999894
8.525558 10.360776 0.280481 0.067384 -0.001788 -0.000747 0.014049 0.999899
8.625808 11.168027 0.308434 0.096789 -0.001010 -0.000442 0.013690 0.999906
8.724910 11.942016 0.321945 0.084819 0.000439 -0.000737 0.013262 0.999912
8.824959 12.736248 0.342810 0.113878 0.000609 -0.000779 0.013047 0.999914
8.926704 13.543379 0.367953 0.104036 -0.000526 -0.001417 0.012530 0.999920
9.032317 14.377430 0.390527 0.120086 0.000560 -0.001339 0.012455 0.999921
9.122666 15.061604 0.407484 0.119625 0.001093 -0.000362 0.012662 0.999919
9.237928 16.037576 0.432938 0.137301 0.000953 0.001475 0.011839 0.999928
9.301919 16.443694 0.449866 0.135996 0.000567 0.001842 0.012656 0.999918
9.423439 17.630106 0.486213 0.150221 0.001088 0.001788 0.013221 0.999910
9.523363 18.259134 0.507321 0.144815 0.001751 0.001217 0.013909 0.999901
9.626828 19.129690 0.520381 0.161536 0.002691 0.002119 0.014701 0.999886
9.700673 19.139924 0.520712 0.162168 0.002675 0.002133 0.014675 0.999886
9.900346 21.422057 0.614669 0.176710 0.002498 0.003293 0.016465 0.999856
10.000197 21.522277 0.609949 0.178961 0.002943 0.003588 0.017497 0.999836
10.022566 21.949591 0.631414 0.175669 0.003476 0.004314 0.019242 0.999799
10.123291 22.819534 0.674423 0.195110 0.000904 0.001699 0.019891 0.999800
10.217606 23.586645 0.709005 0.188439 0.001552 0.000325 0.020461 0.999789
10.317506 24.407797 0.748027 0.199964 0.002034 -0.000521 0.021405 0.999769
10.435209 25.319121 0.784429 0.219435 0.001287 -0.000357 0.021249 0.999773
10.536001 26.005544 0.822413 0.205765 0.001377 0.000865 0.021808 0.999761
10.617653 26.626902 0.847401 0.241589 0.001787 0.002313 0.022828 0.999735
10.717554 27.446067 0.886945 0.209274 0.001568 0.002504 0.023469 0.999720
10.817603 28.193349 0.922051 0.265030 0.001370 0.002242 0.023589 0.999718
10.920747 28.965341 0.963464 0.227808 0.000347 0.001706 0.023646 0.999719
11.021620 29.697254 1.003518 0.277797 -0.001653 0.001744 0.023689 0.999716
11.121294 30.426228 1.056298 0.235207 -0.004514 0.002222 0.023051 0.999722
11.244680 31.313908 1.098134 0.264723 -0.005858 0.003883 0.021739 0.999739
11.344653 31.901152 1.126231 0.242500 -0.005732 0.005223 0.021041 0.999749
11.440337 32.572382 1.155987 0.275755 -0.007090 0.007187 0.019067 0.999767
11.540565 33.285216 1.173433 0.254402 -0.007441 0.007868 0.016031 0.999813
11.641038 33.986636 1.202368 0.272771 -0.007771 0.007914 0.012957 0.999855
11.721346 34.544641 1.212539 0.245773 -0.006979 0.006176 0.010402 0.999902
11.844579 35.462840 1.224957 0.276006 -0.006201 0.002697 0.003541 0.999971
11.911993 35.792188 1.225552 0.252355 -0.006620 0.000969 0.001917 0.999976
12.012044 36.568322 1.241934 0.277306 -0.008091 -0.001331 -0.005778 0.999950
12.112119 37.228485 1.233764 0.262408 -0.007211 -0.001349 -0.012771 0.999892
12.266346 38.250425 1.191088 0.291167 -0.004127 0.001420 -0.023557 0.999713
12.346725 38.500702 1.157012 0.284772 -0.003683 0.001942 -0.025502 0.999666
12.441686 39.139508 1.128131 0.322598 -0.003834 0.003749 -0.033720 0.999417
12.544658 39.758711 1.068386 0.306837 -0.005184 0.004097 -0.042752 0.999064
12.646697 40.361272 1.015066 0.324159 -0.005935 0.003227 -0.051793 0.998635
12.747645 40.940967 0.941454 0.317648 -0.006354 0.001786 -0.062084 0.998049
12.865123 41.624748 0.850003 0.337614 -0.007185 0.000764 -0.076226 0.997064
12.965097 42.140614 0.760885 0.334685 -0.008247 0.000574 -0.087459 0.996134
13.065225 42.702677 0.642003 0.345708 -0.009181 0.000274 -0.102741 0.994666
13.138050 43.100767 0.547946 0.348595 -0.009287 0.000403 -0.113588 0.993484
13.238297 43.775507 0.363514 0.357721 -0.009625 0.001309 -0.134619 0.990850
13.365247 44.488856 0.119910 0.360765 -0.009446 0.001523 -0.156255 0.987670
13.465249 44.908918 -0.026655 0.367680 -0.008526 0.001505 -0.168705 0.985629
13.544655 45.343262 -0.201138 0.383877 -0.007563 0.001790 -0.181906 0.983285
13.665277 46.014765 -0.499374 0.392466 -0.008042 0.001381 -0.206652 0.978381
13.765126 46.441359 -0.724361 0.396389 -0.009030 0.000904 -0.221183 0.975190
13.865228 46.954251 -0.981374 0.391154 -0.009475 0.000501 -0.238988 0.970976
13.965127 47.421395 -1.273642 0.398553 -0.008675 0.000081 -0.256704 0.966451
14.065248 47.908073 -1.586164 0.406918 -0.007476 -0.000189 -0.274581 0.961535
14.165271 48.382718 -1.908332 0.418427 -0.006869 -0.000733 -0.292559 0.956223
14.265298 48.859200 -2.270807 0.432076 -0.007349 -0.000982 -0.311094 0.950350
14.365945 49.321663 -2.637767 0.424126 -0.008143 -0.001612 -0.329241 0.944209
14.465148 49.760828 -3.025300 0.440372 -0.006875 -0.002541 -0.347252 0.937743
14.567191 50.214735 -3.450994 0.443729 -0.005778 -0.004040 -0.365896 0.930629
14.665239 50.626636 -3.868822 0.465198 -0.005299 -0.005263 -0.382962 0.923734
14.767346 51.051507 -4.342387 0.471228 -0.004972 -0.005402 -0.401719 0.915734
14.866719 51.451686 -4.814236 0.479765 -0.004726 -0.004934 -0.418961 0.907978
14.967367 51.848038 -5.326818 0.483508 -0.003395 -0.005520 -0.436445 0.899708
15.067588 52.222573 -5.858994 0.517969 -0.001326 -0.006223 -0.453191 0.891391
15.168892 52.593073 -6.403869 0.526879 -0.001156 -0.007379 -0.469640 0.882827
