1.321467 0.702019 0.014744 0.015120 0.000468 0.002091 0.008713 0.999960
1.422192 1.383309 0.026605 0.023091 0.000253 0.003092 0.014647 0.999888
1.522264 1.798682 0.049726 0.021876 -0.000221 0.003672 0.021835 0.999755
1.623092 2.537518 0.107463 0.028438 -0.000727 0.002862 0.027079 0.999629
1.723661 3.164865 0.151672 0.022353 -0.000371 0.002544 0.032857 0.999457
1.804233 3.744645 0.198204 0.029684 0.000616 0.002490 0.036878 0.999316
1.903932 4.534321 0.271973 0.033166 -0.000799 0.001798 0.041951 0.999118
2.026331 5.396179 0.370011 0.038018 -0.001827 0.001611 0.047362 0.998875
2.200248 6.478379 0.481005 0.038136 -0.001392 0.000146 0.053150 0.998586
2.300048 6.766873 0.517450 0.040579 0.000282 0.000261 0.055105 0.998480
2.400072 7.478610 0.605401 0.048754 0.000437 0.000956 0.058138 0.998308
2.500297 8.085664 0.691973 0.062779 -0.000718 0.001842 0.061218 0.998122
2.521844 8.268742 0.708661 0.054484 -0.000560 0.002767 0.062884 0.998017
2.622515 9.311602 0.856998 0.078366 -0.002106 0.003297 0.065690 0.997832
2.723240 10.011493 0.948763 0.055729 -0.001536 0.003563 0.067530 0.997710
2.823911 10.744856 1.058107 0.077043 -0.001214 0.004733 0.069068 0.997600
2.923862 11.466579 1.158645 0.064782 -0.001457 0.005716 0.070182 0.997517
3.023763 12.140748 1.271521 0.089657 -0.001715 0.006627 0.070970 0.997455
3.124634 12.824577 1.364243 0.073576 -0.002605 0.006253 0.071366 0.997427
3.223787 13.489615 1.471038 0.090762 -0.002964 0.005230 0.070855 0.997469
3.324636 14.162952 1.562003 0.070221 -0.002742 0.003807 0.070062 0.997532
3.424035 14.828711 1.656966 0.087496 -0.001809 0.003342 0.068618 0.997636
3.523936 15.504571 1.749005 0.061223 -0.002160 0.004154 0.066601 0.997769
3.623565 16.159469 1.841665 0.090474 -0.000967 0.005016 0.064301 0.997917
3.724209 16.852146 1.928095 0.072380 -0.001205 0.005326 0.062564 0.998026
3.885053 17.922346 2.046049 0.090925 -0.000001 0.003635 0.059377 0.998229
3.914662 17.897496 2.055029 0.083319 0.001376 0.004037 0.061034 0.998127
4.085180 19.135838 2.183523 0.103220 0.000128 0.000581 0.056107 0.998425
4.117532 19.166257 2.211394 0.084570 0.001456 0.000876 0.057760 0.998329
4.222192 20.086350 2.285668 0.113919 0.000519 0.001052 0.055344 0.998467
4.323589 20.805614 2.387642 0.105124 -0.000884 0.001801 0.053741 0.998553
4.417605 21.426105 2.454645 0.133912 -0.001581 0.002208 0.052613 0.998611
4.525630 22.160641 2.543209 0.118615 -0.003534 0.001860 0.051125 0.998684
4.626850 22.789898 2.602977 0.134824 -0.003538 0.001944 0.050224 0.998730
4.727947 23.423124 2.674870 0.123708 -0.004216 0.002047 0.049232 0.998776
4.827399 24.052162 2.733034 0.141967 -0.004189 0.002215 0.048092 0.998832
4.929747 24.706066 2.803412 0.131949 -0.004289 0.001982 0.047281 0.998870
5.028050 25.326681 2.861999 0.146971 -0.003138 0.001658 0.047204 0.998879
5.126255 25.968969 2.927585 0.141610 -0.002056 0.001424 0.047300 0.998878
5.225681 26.618260 2.989617 0.153269 -0.001852 0.001504 0.048494 0.998821
5.326003 27.264251 3.060179 0.152346 -0.002004 0.001711 0.049622 0.998765
5.426252 27.909439 3.124620 0.165112 -0.002313 0.002627 0.050865 0.998699
5.529491 28.574787 3.196653 0.161656 -0.003323 0.004207 0.051549 0.998656
5.629641 29.182391 3.266703 0.170344 -0.003816 0.005985 0.052653 0.998588
5.730341 29.812633 3.340391 0.170153 -0.004238 0.006788 0.053662 0.998527
5.830145 30.440358 3.414598 0.180551 -0.004584 0.006874 0.054987 0.998453
5.930941 31.073461 3.489149 0.169417 -0.004446 0.005710 0.055949 0.998407
6.030441 31.679385 3.561120 0.171192 -0.003884 0.004139 0.057178 0.998348
6.130092 32.307953 3.639140 0.165162 -0.002994 0.003395 0.058407 0.998283
6.229770 32.918189 3.706361 0.170303 -0.002044 0.003030 0.059226 0.998238
6.325582 33.523577 3.785322 0.172689 -0.000969 0.002522 0.060636 0.998156
6.425307 34.175025 3.865595 0.180161 0.000032 0.001708 0.061804 0.998087
6.523640 34.794261 3.941663 0.181727 0.000645 0.000751 0.063750 0.997965
6.622962 35.423834 4.034051 0.188164 0.001111 0.000071 0.065376 0.997860
6.715411 36.014893 4.112697 0.190995 0.001020 0.000750 0.066761 0.997768
6.833290 36.811435 4.232322 0.194187 -0.000941 0.001851 0.068582 0.997643
6.940267 37.401424 4.317071 0.202259 -0.001875 0.003215 0.070368 0.997514
7.044876 38.064519 4.417644 0.194805 -0.002589 0.004660 0.071578 0.997421
7.124534 38.541698 4.487225 0.206564 -0.001818 0.005417 0.073188 0.997302
7.225154 39.298896 4.602729 0.198814 -0.001773 0.005236 0.074694 0.997191
7.326472 39.947542 4.711350 0.212851 -0.002559 0.004944 0.076342 0.997066
7.427775 40.645194 4.827838 0.192193 -0.004190 0.004358 0.077470 0.996976
7.528398 41.312964 4.935723 0.195381 -0.003803 0.004195 0.078800 0.996874
7.625484 41.979685 5.042321 0.183906 -0.002608 0.003528 0.080077 0.996779
7.726080 42.699387 5.163156 0.198746 -0.001595 0.003167 0.081093 0.996700
7.826408 43.398925 5.282629 0.199118 -0.001993 0.002837 0.082098 0.996618
7.927555 44.115429 5.411874 0.195841 -0.003012 0.001813 0.082847 0.996556
8.027377 44.818837 5.535260 0.194173 -0.003372 0.001543 0.083693 0.996485
8.114709 45.465581 5.645167 0.183924 -0.002862 0.001413 0.084294 0.996436
8.224983 46.345308 5.796876 0.199568 -0.002743 0.002092 0.084557 0.996413
8.325238 47.031010 5.924791 0.188754 -0.002801 0.002696 0.084706 0.996398
8.425809 47.790101 6.061680 0.202226 -0.003835 0.003242 0.084746 0.996390
8.525558 48.552707 6.186329 0.190134 -0.003622 0.003347 0.084415 0.996418
8.625808 49.341785 6.323321 0.198090 -0.003156 0.003619 0.084052 0.996450
8.724910 50.096653 6.442327 0.194368 -0.001538 0.003466 0.083723 0.996482
8.824959 50.879537 6.579706 0.203263 -0.001413 0.003372 0.083408 0.996509
8.926704 51.675785 6.717794 0.198603 -0.002432 0.002755 0.082993 0.996543
9.032317 52.493843 6.859334 0.195587 -0.001530 0.002747 0.082987 0.996546
9.122666 53.165597 6.964505 0.199128 -0.000835 0.003863 0.082927 0.996548
9.237928 54.116781 7.131270 0.199921 -0.001429 0.005690 0.082374 0.996584
9.301919 54.525731 7.200542 0.205557 -0.001309 0.006154 0.082963 0.996533
9.423439 55.680866 7.407644 0.202807 -0.001230 0.006027 0.083839 0.996460
9.523363 56.325015 7.513922 0.196107 -0.000294 0.005528 0.084624 0.996398
9.626828 57.155325 7.657681 0.197972 0.000300 0.006417 0.085404 0.996326
9.700673 57.164408 7.658120 0.199458 0.000370 0.006459 0.085347 0.996330
9.900346 59.411215 8.071859 0.195043 -0.000581 0.007358 0.087327 0.996152
10.000197 59.570737 8.074870 0.196569 0.000532 0.007659 0.088058 0.996086
10.022566 59.898352 8.154786 0.193368 0.001679 0.008855 0.089602 0.995937
10.123291 60.749513 8.317628 0.193239 -0.001483 0.005794 0.090697 0.995861
10.217606 61.523141 8.459455 0.200021 -0.000348 0.004523 0.090989 0.995842
10.317506 62.347207 8.620470 0.190256 0.000054 0.003739 0.091801 0.995770
10.435209 63.248178 8.783192 0.215936 -0.000659 0.003906 0.092113 0.995741
10.536001 63.932662 8.925485 0.187416 -0.000558 0.005049 0.092590 0.995691
10.617653 64.515263 9.027314 0.225560 -0.000138 0.006569 0.093299 0.995616
10.717554 65.319024 9.189801 0.181000 -0.000478 0.006734 0.094144 0.995536
10.817603 66.058999 9.330790 0.230756 -0.000720 0.006420 0.094204 0.995532
10.920747 66.819210 9.479633 0.186124 -0.001802 0.005874 0.094306 0.995524
11.021620 67.540685 9.616752 0.233235 -0.003723 0.005720 0.094170 0.995533
11.121294 68.255427 9.770912 0.187928 -0.006187 0.006057 0.093522 0.995580
11.244680 69.134147 9.945633 0.204515 -0.007997 0.007478 0.092200 0.995680
11.344653 69.710788 10.056599 0.181974 -0.007950 0.008899 0.091558 0.995728
11.440337 70.361977 10.182613 0.205670 -0.009178 0.010714 0.089468 0.995890
11.540565 71.067196 10.304696 0.179828 -0.009733 0.011349 0.086567 0.996134
11.641038 71.748669 10.423627 0.192294 -0.010059 0.011360 0.083477 0.996394
11.721346 72.307658 10.517148 0.160782 -0.009058 0.009825 0.080681 0.996650
11.844579 73.219020 10.661346 0.186193 -0.008285 0.006191 0.074174 0.997192
11.911993 73.558467 10.704532 0.159805 -0.008278 0.004693 0.072207 0.997344
12.012044 74.320225 10.835128 0.178820 -0.009899 0.002100 0.064971 0.997836
12.112119 74.985455 10.906740 0.158614 -0.008774 0.002055 0.057702 0.998293
12.266346 75.996998 11.009956 0.177838 -0.006474 0.004963 0.047011 0.998861
12.346725 76.251289 11.008656 0.172438 -0.005367 0.005641 0.045124 0.998951
12.441686 76.884777 11.073820 0.199626 -0.005886 0.007338 0.036680 0.999283
12.544658 77.511510 11.095591 0.184236 -0.007314 0.007552 0.027731 0.999560
12.646697 78.109022 11.134501 0.194954 -0.008071 0.006611 0.018596 0.999773
12.747645 78.695231 11.148290 0.186299 -0.008283 0.005155 0.008172 0.999919
12.865123 79.386967 11.156380 0.200560 -0.009223 0.004038 -0.005855 0.999932
12.965097 79.908299 11.135058 0.195725 -0.010064 0.003756 -0.017532 0.999789
13.065225 80.484557 11.108723 0.201475 -0.011152 0.003340 -0.032738 0.999396
13.138050 80.898745 11.049571 0.200595 -0.011048 0.003440 -0.044297 0.998951
13.238297 81.584071 10.963632 0.207457 -0.011850 0.004373 -0.065246 0.997789
13.365247 82.321898 10.821163 0.204049 -0.011892 0.004567 -0.087095 0.996119
13.465249 82.772181 10.731322 0.209185 -0.010679 0.004380 -0.099783 0.994942
13.544655 83.211589 10.613524 0.219166 -0.009889 0.004768 -0.113288 0.993502
13.665277 83.934640 10.411178 0.223761 -0.010741 0.004247 -0.138483 0.990297
13.765126 84.382115 10.252777 0.226686 -0.011481 0.003689 -0.152880 0.988171
13.865228 84.919695 10.066642 0.218766 -0.011948 0.003185 -0.170910 0.985209
13.965127 85.434985 9.842893 0.223988 -0.011222 0.002743 -0.189093 0.981891
14.065248 85.954968 9.599865 0.228785 -0.009977 0.002527 -0.207348 0.978213
14.165271 86.474016 9.344048 0.240215 -0.009362 0.002021 -0.225774 0.974133
14.265298 86.998993 9.064573 0.248678 -0.009962 0.001581 -0.244224 0.969666
14.365945 87.502716 8.750527 0.241491 -0.010665 0.000901 -0.262944 0.964752
14.465148 88.008086 8.425099 0.253298 -0.009536 0.000038 -0.281499 0.959514
14.567191 88.501059 8.070090 0.259144 -0.008333 -0.001391 -0.300393 0.953778
14.665239 88.970489 7.707355 0.273857 -0.007782 -0.002701 -0.318030 0.948045
14.767346 89.457693 7.297206 0.281946 -0.007453 -0.002860 -0.337293 0.941366
14.866719 89.921105 6.891152 0.285216 -0.007362 -0.002479 -0.354963 0.934848
14.967367 90.375111 6.434468 0.291451 -0.006003 -0.003015 -0.372977 0.927816
15.067588 90.817948 5.976401 0.322275 -0.004035 -0.003532 -0.390146 0.920737
15.168892 91.257040 5.487749 0.330464 -0.003961 -0.004761 -0.407024 0.913396
15.269017 91.691860 4.980797 0.352186 -0.004196 -0.006754 -0.422654 0.906256
15.368964 92.108179 4.464726 0.352764 -0.004953 -0.009207 -0.436701 0.899546
15.412142 92.293571 4.229665 0.361003 -0.005031 -0.011105 -0.442955 0.896461
15.512166 92.825703 3.517013 0.368563 -0.004298 -0.013911 -0.456070 0.889825
15.628054 93.336037 2.738177 0.415293 -0.002470 -0.013819 -0.466424 0.884450
15.772327 93.907488 1.890870 0.448843 -0.002961 -0.011920 -0.475126 0.879832
15.831215 94.035852 1.730630 0.458170 -0.001683 -0.011411 -0.476709 0.878985
15.935279 94.506874 1.053149 0.481105 -0.002285 -0.009751 -0.481681 0.876290
16.034780 94.924663 0.385197 0.499151 -0.002961 -0.009758 -0.484973 0.874470
16.136974 95.329725 -0.249538 0.505031 -0.002773 -0.010015 -0.487144 0.873260
16.238248 95.713909 -0.879177 0.531333 -0.002342 -0.010804 -0.488563 0.872459
16.339518 96.116990 -1.530609 0.542178 -0.001790 -0.011793 -0.489489 0.871928
16.440765 96.512296 -2.179930 0.577422 -0.001520 -0.011526 -0.490257 0.871500
16.512142 96.795203 -2.646366 0.581851 -0.001675 -0.011691 -0.490552 0.871332
16.612019 97.272549 -3.429662 0.612891 -0.002094 -0.011557 -0.490980 0.871091
16.712139 97.697397 -4.137252 0.629885 -0.002125 -0.011837 -0.491608 0.870734
16.812117 98.122988 -4.829035 0.655388 -0.002265 -0.012416 -0.492206 0.870387
16.911969 98.535315 -5.524843 0.679911 -0.002181 -0.012669 -0.492658 0.870128
17.014610 98.973339 -6.237738 0.706436 -0.002366 -0.012415 -0.493551 0.869625
17.112064 99.378218 -6.925016 0.727350 -0.002317 -0.011739 -0.494089 0.869329
17.211969 99.817202 -7.649417 0.749741 -0.001510 -0.010817 -0.494731 0.868977
17.345153 100.382801 -8.602525 0.785717 -0.000769 -0.009326 -0.496245 0.868132
17.440116 100.668064 -9.105650 0.799578 -0.000057 -0.008910 -0.496727 0.867861
17.502055 100.956186 -9.563898 0.819954 0.000463 -0.008702 -0.497166 0.867612
17.646697 101.656022 -10.761539 0.852562 -0.000042 -0.008101 -0.500074 0.865945
17.746748 101.948937 -11.274848 0.866528 0.000198 -0.008323 -0.500533 0.865677
17.841637 102.321480 -11.900241 0.886952 0.000426 -0.008509 -0.501588 0.865065
17.941388 102.723075 -12.623946 0.910728 0.000239 -0.008746 -0.503146 0.864157
18.072254 103.248339 -13.523582 0.940625 -0.000607 -0.008613 -0.505496 0.862786
18.168964 103.541410 -14.052898 0.955392 -0.000840 -0.008514 -0.506661 0.862103
18.212117 103.729842 -14.372644 0.967773 -0.000920 -0.008704 -0.507226 0.861769
18.369014 104.464035 -15.698165 1.009645 -0.002555 -0.008737 -0.511877 0.859010
18.446871 104.628702 -16.028772 1.007787 -0.002628 -0.009435 -0.512152 0.858839
18.512092 104.927361 -16.537115 1.035931 -0.001799 -0.009755 -0.513617 0.857963
18.646824 105.503281 -17.655122 1.071485 -0.000692 -0.007401 -0.517486 0.855659
18.746772 105.820081 -18.266460 1.088777 -0.000261 -0.006692 -0.518789 0.854876
18.846875 106.167408 -18.921678 1.112652 -0.000870 -0.006305 -0.520919 0.853582
18.946721 106.509757 -19.591781 1.122262 -0.001717 -0.007149 -0.523235 0.852156
19.065124 106.917574 -20.410840 1.145409 -0.001919 -0.007706 -0.526612 0.850069
19.165096 107.211748 -21.018950 1.164907 -0.001242 -0.007561 -0.529029 0.848569
19.246923 107.480085 -21.555277 1.180380 -0.000883 -0.006714 -0.531082 0.847293
19.345076 107.832516 -22.301170 1.200269 -0.000879 -0.005772 -0.534093 0.845405
19.444650 108.172828 -23.027021 1.209057 -0.000953 -0.005959 -0.536691 0.843757
19.544655 108.494772 -23.725923 1.233011 -0.000379 -0.007426 -0.539427 0.841999
19.644729 108.809218 -24.416285 1.250404 -0.000571 -0.008211 -0.542570 0.839970
19.768989 109.198217 -25.278890 1.271680 -0.001658 -0.008533 -0.547127 0.837004
19.868940 109.448904 -25.856828 1.290395 -0.002022 -0.008966 -0.550598 0.834720
19.968939 109.732562 -26.533778 1.300685 -0.002214 -0.008488 -0.555359 0.831565
20.072354 110.025657 -27.258610 1.328085 -0.001975 -0.008171 -0.560581 0.828057
20.169037 110.279708 -27.904909 1.344219 -0.001465 -0.008359 -0.565704 0.824565
20.212070 110.403179 -28.233537 1.358967 -0.000754 -0.008749 -0.567907 0.823046
20.303896 110.737407 -29.167002 1.378172 -0.001602 -0.007972 -0.577076 0.816650
20.412144 111.056473 -30.079068 1.399140 -0.002734 -0.007915 -0.584928 0.811042
20.512094 111.277428 -30.787335 1.415449 -0.003411 -0.008079 -0.591307 0.806399
20.612145 111.512331 -31.560008 1.429265 -0.003966 -0.008857 -0.598070 0.801385
20.768962 111.839640 -32.751351 1.467820 -0.006061 -0.010239 -0.609104 0.793001
20.812091 111.867513 -32.808876 1.461600 -0.005988 -0.011603 -0.608224 0.793658
20.965143 112.152395 -34.075517 1.515592 -0.007670 -0.012170 -0.621696 0.783127
21.065275 112.320561 -34.684881 1.527571 -0.007525 -0.012626 -0.625681 0.779940
21.111965 112.378943 -35.072414 1.556977 -0.007052 -0.012752 -0.628429 0.777730
21.212019 112.562994 -36.072863 1.577904 -0.005131 -0.010698 -0.635147 0.772300
21.312066 112.742360 -36.935396 1.619714 -0.003282 -0.011098 -0.639752 0.768494
21.412043 112.891088 -37.762667 1.631464 -0.003008 -0.011818 -0.643297 0.765519
21.512113 113.036213 -38.576116 1.665666 -0.003320 -0.013074 -0.646494 0.762800
21.612016 113.170617 -39.381673 1.677434 -0.004763 -0.014063 -0.649246 0.760433
21.725158 113.313675 -40.313379 1.716152 -0.005065 -0.015274 -0.651972 0.758072
21.834486 113.429267 -41.119541 1.743941 -0.004632 -0.015990 -0.653826 0.756462
21.934980 113.540449 -41.860206 1.776667 -0.004326 -0.015703 -0.655171 0.755305
22.037077 113.654613 -42.671928 1.807363 -0.003744 -0.014438 -0.656005 0.754609
22.141164 113.776190 -43.492217 1.837154 -0.003418 -0.013546 -0.656343 0.754333
22.244580 113.887235 -44.305433 1.867073 -0.003336 -0.013577 -0.656503 0.754194
22.346950 114.005826 -45.110892 1.895476 -0.003467 -0.014142 -0.656321 0.754341
22.411969 114.077880 -45.613497 1.908192 -0.003738 -0.014901 -0.656025 0.754583
22.535133 114.249546 -46.804635 1.953567 -0.003883 -0.014493 -0.655543 0.755009
22.636702 114.357573 -47.496923 1.975602 -0.004020 -0.014820 -0.655093 0.755393
22.737175 114.474179 -48.311100 2.009733 -0.003714 -0.015116 -0.654690 0.755738
22.837273 114.593471 -49.101043 2.037444 -0.003717 -0.015131 -0.654052 0.756289
22.937370 114.715799 -49.887404 2.060661 -0.003617 -0.015101 -0.653358 0.756890
23.037849 114.828320 -50.699317 2.093150 -0.003004 -0.015315 -0.652593 0.757548
23.137753 114.946575 -51.483818 2.117671 -0.002356 -0.015464 -0.651864 0.758175
23.202081 115.027536 -52.008419 2.140109 -0.001361 -0.015739 -0.651216 0.758728
23.301835 115.182709 -52.999685 2.179685 0.000251 -0.014842 -0.650250 0.759575
23.440887 115.369012 -54.163659 2.225912 0.000500 -0.015239 -0.649230 0.760439
23.540786 115.456929 -54.674314 2.241583 0.000203 -0.016469 -0.649036 0.760579
23.640539 115.564156 -55.431835 2.273780 -0.000421 -0.018619 -0.648592 0.760908
23.739343 115.691461 -56.173216 2.297619 -0.001541 -0.020104 -0.647939 0.761425
23.839692 115.823557 -56.934254 2.332914 -0.002683 -0.019903 -0.647931 0.761435
23.940292 115.950362 -57.693370 2.355191 -0.002209 -0.019049 -0.648166 0.761258
24.012012 116.040574 -58.236027 2.390934 -0.001191 -0.018984 -0.648397 0.761065
24.144852 116.224504 -59.410086 2.433139 0.000067 -0.016496 -0.650346 0.759459
24.244630 116.314231 -59.966379 2.464257 0.000534 -0.016569 -0.651749 0.758253
24.344828 116.435153 -60.706774 2.478088 -0.000607 -0.014116 -0.653531 0.756768
24.446824 116.529550 -61.450523 2.501544 0.000247 -0.012458 -0.656772 0.753986
24.541214 116.625802 -62.136077 2.527661 0.001958 -0.011948 -0.659821 0.751325
24.644678 116.720527 -62.920693 2.558708 0.002447 -0.012340 -0.663655 0.747933
24.711993 116.772641 -63.411886 2.552409 0.000433 -0.013010 -0.665958 0.745876
24.812015 116.869740 -64.319430 2.575169 -0.002492 -0.017086 -0.669860 0.742287
24.912144 116.947122 -65.082489 2.595392 -0.003225 -0.019475 -0.673117 0.739273
25.012017 117.022184 -65.846792 2.637085 -0.002395 -0.019861 -0.676163 0.736481
25.111967 117.084806 -66.585176 2.671755 -0.001725 -0.019469 -0.678708 0.734148
25.212019 117.137594 -67.317454 2.708481 -0.001272 -0.018699 -0.681356 0.731712
25.312064 117.195200 -68.037882 2.738597 -0.001700 -0.018099 -0.683762 0.729479
25.412116 117.237807 -68.784338 2.765179 -0.002574 -0.017713 -0.686068 0.727318
25.512065 117.276423 -69.507076 2.797822 -0.002690 -0.017935 -0.687745 0.725726
25.611992 117.313075 -70.213656 2.822551 -0.003043 -0.018215 -0.688774 0.724741
25.712065 117.354686 -70.916299 2.854405 -0.003733 -0.017825 -0.689353 0.724197
25.812164 117.393259 -71.602510 2.879399 -0.004213 -0.016996 -0.689853 0.723738
25.912015 117.433164 -72.300311 2.908824 -0.004583 -0.016100 -0.690474 0.723163
26.012118 117.460764 -72.990190 2.937120 -0.004557 -0.015421 -0.690990 0.722686
26.112015 117.492214 -73.674444 2.968376 -0.004724 -0.014510 -0.691597 0.722123
26.212018 117.524306 -74.338600 2.990441 -0.005331 -0.013659 -0.692007 0.721742
26.369037 117.577692 -75.394079 3.029528 -0.005424 -0.012490 -0.692896 0.720909
26.468961 117.593248 -75.737421 3.045201 -0.005482 -0.013071 -0.693002 0.720797
26.512042 117.609945 -76.132786 3.056821 -0.005518 -0.013688 -0.693072 0.720718
26.667339 117.660553 -77.313582 3.106825 -0.005720 -0.013323 -0.692766 0.721016
26.731020 117.661911 -77.444034 3.105234 -0.006545 -0.014686 -0.692486 0.721252
26.835506 117.709820 -78.287393 3.140374 -0.006613 -0.013323 -0.691798 0.721937
26.965171 117.752469 -79.115450 3.173585 -0.006627 -0.012272 -0.690750 0.722959
27.065225 117.782125 -79.604127 3.197305 -0.006389 -0.012385 -0.690134 0.723547
27.165171 117.820342 -80.218878 3.221969 -0.006750 -0.011542 -0.689249 0.724401
27.265171 117.851655 -80.829505 3.244972 -0.006951 -0.010819 -0.688535 0.725089
27.365174 117.888223 -81.435343 3.263221 -0.007021 -0.010347 -0.687407 0.726165
27.500297 117.942983 -82.260861 3.299003 -0.007481 -0.009433 -0.686187 0.727326
27.599948 117.974581 -82.694743 3.310857 -0.007880 -0.009532 -0.685463 0.728002
27.699673 118.034510 -83.291537 3.334012 -0.007960 -0.008704 -0.684565 0.728856
27.799424 118.059377 -83.865843 3.349239 -0.008754 -0.008094 -0.683357 0.729987
27.900072 118.117384 -84.462984 3.374911 -0.008779 -0.007940 -0.682558 0.730736
28.000171 118.158878 -85.026470 3.390972 -0.008609 -0.008013 -0.681459 0.731762
28.100321 118.214628 -85.624887 3.416383 -0.008823 -0.008324 -0.680721 0.732442
28.112167 118.210904 -85.680970 3.413200 -0.008949 -0.009357 -0.680092 0.733012
28.212144 118.296832 -86.663312 3.454478 -0.010038 -0.008778 -0.679490 0.733563
28.312091 118.335890 -87.235208 3.461398 -0.010980 -0.009265 -0.678620 0.734349
28.400673 118.334574 -87.211857 3.460796 -0.010944 -0.009219 -0.678585 0.734383
28.511967 118.449784 -88.512002 3.518511 -0.010584 -0.009777 -0.678019 0.734903
28.612115 118.495130 -89.007882 3.533974 -0.010409 -0.010078 -0.677341 0.735527
28.712043 118.546100 -89.588668 3.569854 -0.010456 -0.009748 -0.676906 0.735930
28.812015 118.604944 -90.133153 3.578531 -0.010317 -0.009372 -0.676368 0.736432
28.965168 118.682562 -90.965609 3.622717 -0.010703 -0.008234 -0.675853 0.736913
29.011994 118.691289 -91.026576 3.613925 -0.011451 -0.009483 -0.675307 0.737387
29.111993 118.767453 -91.740256 3.657732 -0.012897 -0.008296 -0.675392 0.737300
29.212017 118.797308 -92.245662 3.661910 -0.013455 -0.007903 -0.675185 0.737483
29.365100 118.877622 -93.025512 3.700249 -0.013130 -0.006328 -0.675835 0.736909
29.465197 118.922898 -93.301037 3.708768 -0.013339 -0.006408 -0.676067 0.736691
29.565148 118.980901 -93.759272 3.728915 -0.014028 -0.004915 -0.676992 0.735840
29.665246 119.016768 -94.192365 3.742272 -0.014155 -0.003484 -0.678190 0.734742
29.712045 119.037206 -94.400140 3.752194 -0.014052 -0.003423 -0.678602 0.734364
29.865220 119.095276 -95.213603 3.782301 -0.012395 -0.000664 -0.683167 0.730157
29.912118 119.095138 -95.219668 3.782470 -0.012363 -0.002304 -0.682559 0.730723
30.012017 119.162227 -95.753564 3.802639 -0.012305 -0.000436 -0.686798 0.726744
30.165074 119.207494 -96.338292 3.822415 -0.012602 0.001027 -0.691613 0.722158
30.212165 119.182060 -96.345332 3.824329 -0.012997 0.000111 -0.691365 0.722389
30.365121 119.177346 -96.855332 3.845159 -0.012700 0.001285 -0.698398 0.715595
30.465147 119.188223 -97.058014 3.857963 -0.013056 0.000118 -0.700163 0.713864
30.565199 119.181257 -97.339236 3.869168 -0.014398 -0.000908 -0.703642 0.710408
30.665048 119.195085 -97.597965 3.872208 -0.015681 -0.001604 -0.707445 0.706592
30.765249 119.188720 -97.863659 3.875418 -0.016060 -0.001708 -0.711817 0.702179
30.812066 119.184080 -97.985537 3.881625 -0.016257 -0.002244 -0.713626 0.700335
30.912014 119.161874 -98.345387 3.887343 -0.015940 -0.001688 -0.720859 0.692897
31.012114 119.141749 -98.624706 3.909094 -0.015689 -0.002286 -0.726093 0.687413
31.112018 119.124931 -98.871681 3.912955 -0.015798 -0.002249 -0.731444 0.681715
31.212017 119.094293 -99.131465 3.932681 -0.016615 -0.002226 -0.737147 0.675524
31.312142 119.080280 -99.373657 3.934927 -0.018039 -0.001794 -0.743224 0.668797
31.412070 119.054681 -99.624203 3.943371 -0.019071 -0.001993 -0.749469 0.661761
31.512115 119.022741 -99.880267 3.956175 -0.019747 -0.002432 -0.756367 0.653844
31.612093 118.965498 -100.149276 3.965152 -0.020698 -0.002325 -0.763536 0.645429
31.712070 118.915919 -100.435321 3.975387 -0.021553 -0.002152 -0.771517 0.635840
31.811968 118.867220 -100.734165 3.984659 -0.021819 -0.001603 -0.780077 0.625301
31.965265 118.722480 -101.215832 4.007932 -0.021713 0.000479 -0.794336 0.607090
32.065299 118.621403 -101.431767 4.010575 -0.022122 0.000507 -0.800221 0.599297
32.165216 118.512345 -101.740422 4.029740 -0.023156 0.000754 -0.810059 0.585891
32.265318 118.377175 -102.063327 4.032715 -0.024545 0.001024 -0.820276 0.571440
32.365244 118.229263 -102.401384 4.050149 -0.024441 0.000042 -0.831051 0.555660
32.465293 118.054528 -102.746079 4.066158 -0.024424 -0.000180 -0.841595 0.539556
32.565268 117.863671 -103.101545 4.075219 -0.024231 0.000136 -0.852486 0.522187
32.665265 117.632796 -103.459032 4.087271 -0.024093 -0.000517 -0.863322 0.504078
32.765391 117.394182 -103.811699 4.109832 -0.023584 -0.002135 -0.873529 0.486196
32.865391 117.136502 -104.155688 4.143761 -0.022286 -0.002677 -0.883709 0.467498
32.965241 116.858077 -104.533828 4.164568 -0.022053 -0.000491 -0.894019 0.447487
33.065265 116.553601 -104.903914 4.173313 -0.021815 0.000869 -0.903746 0.427512
33.165414 116.232071 -105.255018 4.187434 -0.020872 0.000519 -0.913238 0.406890
33.265319 115.865518 -105.590984 4.203533 -0.019787 -0.000775 -0.921831 0.387085
33.365241 115.491650 -105.932310 4.220951 -0.017966 -0.003131 -0.929841 0.367509
33.411992 115.340201 -106.098200 4.249828 -0.016632 -0.005471 -0.933372 0.358484
33.512044 114.900465 -106.541760 4.265007 -0.015086 -0.004567 -0.941832 0.335714
33.612094 114.405065 -106.897396 4.303136 -0.015301 -0.003883 -0.947847 0.318333
33.769015 113.611439 -107.429368 4.333918 -0.015174 -0.002180 -0.956453 0.291484
33.900272 113.080603 -107.697250 4.354569 -0.015297 -0.002143 -0.961796 0.273333
33.965141 112.851782 -107.811426 4.351612 -0.015976 -0.002577 -0.963680 0.266570
34.002283 112.694560 -107.922635 4.370773 -0.017183 -0.003242 -0.965713 0.259021
34.200372 111.770603 -108.504781 4.411503 -0.015228 -0.001963 -0.976535 0.214809
34.202481 111.737683 -108.426852 4.407349 -0.016573 -0.004403 -0.975290 0.220264
34.365292 110.855251 -108.885331 4.433104 -0.015212 -0.001593 -0.982638 0.184900
34.465143 110.270400 -109.054195 4.453558 -0.015472 -0.001604 -0.985870 0.166787
34.565191 109.687992 -109.218275 4.471096 -0.014061 -0.001870 -0.988724 0.149079
34.665141 109.089339 -109.358016 4.493378 -0.012131 -0.002563 -0.991186 0.131897
34.765192 108.485815 -109.502595 4.501200 -0.011109 -0.002844 -0.993222 0.115663
34.812097 108.210931 -109.575386 4.510829 -0.010507 -0.003878 -0.994113 0.107767
34.912044 107.516380 -109.755885 4.522439 -0.010174 -0.007626 -0.995501 0.093889
35.099326 106.179432 -109.992810 4.553472 -0.012146 -0.010858 -0.996889 0.077116
35.199475 105.611553 -110.047798 4.571162 -0.013238 -0.010954 -0.997404 0.069931
35.215031 105.543145 -110.048596 4.567793 -0.014763 -0.011612 -0.997480 0.068422
35.326351 104.684313 -110.157258 4.609468 -0.015681 -0.013056 -0.997719 0.064339
35.415032 104.033383 -110.225177 4.623269 -0.015588 -0.013430 -0.997910 0.061257
35.517302 103.213252 -110.325772 4.666688 -0.014569 -0.014203 -0.998050 0.059012
35.611993 102.465914 -110.413610 4.679171 -0.014596 -0.014179 -0.998126 0.057715
35.712144 101.649802 -110.508863 4.719569 -0.014534 -0.014836 -0.998147 0.057197
35.812092 100.830558 -110.599671 4.734747 -0.014319 -0.014763 -0.998170 0.056866
35.912018 100.016927 -110.684484 4.770597 -0.013308 -0.015706 -0.998153 0.057148
36.012467 99.167577 -110.773340 4.792754 -0.011925 -0.015193 -0.998154 0.057576
36.113364 98.306978 -110.880764 4.820040 -0.010609 -0.015031 -0.998151 0.057938
36.212067 97.464214 -110.989421 4.833496 -0.009403 -0.014836 -0.998155 0.058125
36.312067 96.588829 -111.095219 4.844487 -0.009770 -0.014816 -0.998125 0.058576
36.412117 95.714908 -111.182315 4.869916 -0.010182 -0.017301 -0.998091 0.058401
36.512043 94.793795 -111.297220 4.879819 -0.010404 -0.018522 -0.998061 0.058511
36.601323 93.983092 -111.399107 4.914771 -0.011472 -0.018456 -0.998052 0.058480
36.712088 92.926607 -111.531682 4.932068 -0.013432 -0.018895 -0.997998 0.058846
36.812166 92.013503 -111.634002 4.971324 -0.015027 -0.018764 -0.997974 0.058901
36.912116 91.078074 -111.741904 5.003168 -0.014841 -0.017143 -0.998045 0.058249
37.034179 89.905279 -111.889657 5.046722 -0.012518 -0.014542 -0.998145 0.057781
37.134678 89.021443 -111.998722 5.065271 -0.011219 -0.012915 -0.998245 0.056690
37.212167 88.324673 -112.079516 5.086467 -0.010387 -0.012111 -0.998305 0.055972
37.311994 87.294564 -112.203241 5.107131 -0.009016 -0.012334 -0.998361 0.055152
37.412139 86.270275 -112.304700 5.135149 -0.009001 -0.013150 -0.998396 0.054323
37.512089 85.275534 -112.429026 5.155718 -0.009406 -0.013680 -0.998412 0.053836
37.612040 84.265507 -112.526753 5.186007 -0.009669 -0.014147 -0.998425 0.053425
37.712033 83.275050 -112.644725 5.204493 -0.010073 -0.013890 -0.998435 0.053236
37.811965 82.287806 -112.752339 5.231191 -0.009803 -0.015351 -0.998435 0.052884
37.912136 81.288035 -112.860069 5.262815 -0.008377 -0.016212 -0.998408 0.053377
38.012034 80.284833 -112.970118 5.291487 -0.007032 -0.017244 -0.998358 0.054179
38.112036 79.289565 -113.077490 5.322599 -0.007610 -0.018118 -0.998294 0.054985
38.212008 78.291814 -113.189876 5.343153 -0.010012 -0.018877 -0.998232 0.055461
38.312009 77.283991 -113.307948 5.369851 -0.010816 -0.018897 -0.998195 0.055973
38.411982 76.269646 -113.423130 5.404370 -0.009985 -0.019342 -0.998154 0.056696
38.511984 75.278577 -113.539319 5.435598 -0.009501 -0.017952 -0.998138 0.057520
38.612109 74.242999 -113.671144 5.466884 -0.009907 -0.018220 -0.998079 0.058377
38.712032 73.243989 -113.799161 5.489778 -0.010844 -0.017724 -0.998036 0.059096
38.812061 72.201273 -113.929617 5.523195 -0.011274 -0.018114 -0.997961 0.060155
38.912089 71.168532 -114.058679 5.544356 -0.011115 -0.018116 -0.997913 0.060972
39.012038 70.150021 -114.190998 5.579423 -0.010199 -0.017767 -0.997878 0.061806
39.112111 69.100381 -114.325428 5.603093 -0.008724 -0.018169 -0.997831 0.062670
39.246917 67.675069 -114.507297 5.647269 -0.007119 -0.018197 -0.997737 0.064338
39.312162 67.186434 -114.572108 5.651314 -0.007292 -0.018287 -0.997753 0.064042
39.411967 66.079536 -114.713960 5.691973 -0.007429 -0.018987 -0.997640 0.065560
39.511968 64.946809 -114.879763 5.707526 -0.007481 -0.019531 -0.997607 0.065906
39.611993 63.835948 -115.025616 5.743742 -0.007527 -0.020253 -0.997581 0.066072
39.712066 62.732961 -115.177632 5.764302 -0.008113 -0.020645 -0.997529 0.066665
39.811996 61.655154 -115.330625 5.800287 -0.009869 -0.021223 -0.997477 0.067024
39.912092 60.579135 -115.482161 5.818905 -0.011444 -0.021456 -0.997455 0.067027
40.012015 59.488363 -115.637663 5.860924 -0.011217 -0.020897 -0.997477 0.066906
40.120043 58.286656 -115.802991 5.882737 -0.009612 -0.019836 -0.997530 0.066694
40.219872 57.248258 -115.943902 5.923153 -0.008601 -0.019940 -0.997577 0.066096
40.320395 56.163443 -116.090931 5.936557 -0.008071 -0.020251 -0.997605 0.065638
40.412118 55.162718 -116.223604 5.978859 -0.007524 -0.020638 -0.997645 0.064972
40.512014 53.994161 -116.377687 5.984688 -0.008203 -0.021899 -0.997627 0.064750
40.612094 52.850410 -116.519746 6.039795 -0.009647 -0.022044 -0.997650 0.064158
40.713285 51.689625 -116.682477 6.035118 -0.010301 -0.022213 -0.997674 0.063616
40.817451 50.495570 -116.837056 6.105737 -0.009163 -0.021554 -0.997750 0.062825
40.920465 49.341285 -116.986715 6.086582 -0.007120 -0.021485 -0.997801 0.062294
41.037223 48.028948 -117.146923 6.151464 -0.004064 -0.022705 -0.997797 0.062198
41.137374 47.005919 -117.276138 6.154169 -0.003663 -0.022685 -0.997814 0.061954
41.214958 46.155445 -117.381325 6.187141 -0.006479 -0.024334 -0.997766 0.061876
41.312067 44.911360 -117.537344 6.217929 -0.009855 -0.023881 -0.997773 0.061498
41.412068 43.677350 -117.709603 6.254761 -0.009414 -0.021369 -0.997879 0.060769
41.512014 42.472840 -117.856003 6.286193 -0.006685 -0.019374 -0.997975 0.060210
41.611997 41.278407 -118.018751 6.303121 -0.003713 -0.017244 -0.998040 0.060044
41.712016 40.099987 -118.157295 6.321135 -0.002498 -0.016516 -0.998074 0.059743
41.812114 38.921056 -118.309015 6.327725 -0.004330 -0.016780 -0.998059 0.059823
41.925860 37.564023 -118.465311 6.349537 -0.006689 -0.017756 -0.998003 0.060243
42.012071 36.634520 -118.586418 6.359926 -0.007887 -0.019349 -0.997942 0.060617
42.112039 35.388377 -118.723635 6.422968 -0.008542 -0.020780 -0.997860 0.061402
42.213136 34.162706 -118.891096 6.430007 -0.008619 -0.020288 -0.997823 0.062151
42.312091 32.968091 -119.033050 6.499571 -0.007166 -0.020340 -0.997792 0.062822
42.412020 31.768781 -119.196477 6.494356 -0.006419 -0.018333 -0.997807 0.063275
42.512093 30.566819 -119.364856 6.545287 -0.006902 -0.016388 -0.997822 0.063527
42.628819 29.158793 -119.562302 6.549662 -0.007171 -0.014928 -0.997826 0.063785
42.712120 28.269730 -119.676057 6.585854 -0.007256 -0.014856 -0.997831 0.063717
42.820894 26.904746 -119.867668 6.595912 -0.006122 -0.015520 -0.997777 0.064522
42.912044 25.835651 -119.996529 6.640357 -0.005953 -0.016204 -0.997771 0.064465
43.012091 24.560239 -120.173283 6.650954 -0.005657 -0.016859 -0.997744 0.064735
43.112066 23.316957 -120.334876 6.688080 -0.005753 -0.016673 -0.997735 0.064915
43.212119 22.067602 -120.506327 6.707277 -0.005393 -0.016445 -0.997738 0.064950
43.321016 20.739986 -120.681930 6.738053 -0.005526 -0.016088 -0.997742 0.064969
43.412068 19.692552 -120.829150 6.754521 -0.006381 -0.016475 -0.997722 0.065099
43.519324 18.335112 -121.013182 6.789353 -0.007577 -0.016577 -0.997717 0.065024
43.612068 17.227328 -121.158709 6.813990 -0.007554 -0.016680 -0.997738 0.064680
43.725034 15.799122 -121.352453 6.852274 -0.006058 -0.016125 -0.997772 0.064459
43.820195 14.720297 -121.497609 6.868432 -0.005313 -0.015700 -0.997832 0.063695
43.920146 13.462486 -121.664347 6.893747 -0.004641 -0.015839 -0.997840 0.063584
44.012045 12.297281 -121.816416 6.914558 -0.004440 -0.015998 -0.997883 0.062883
44.112119 10.980241 -121.995990 6.931620 -0.004541 -0.016230 -0.997897 0.062597
44.219728 9.611835 -122.165274 6.959815 -0.005185 -0.016606 -0.997934 0.061850
44.319671 8.384668 -122.312409 6.973870 -0.005919 -0.017111 -0.997967 0.061103
44.417952 7.161836 -122.480873 7.000664 -0.005866 -0.017692 -0.998001 0.060392
44.512044 5.956175 -122.619841 7.020341 -0.004453 -0.019093 -0.998001 0.060081
44.611996 4.631860 -122.771772 7.049917 -0.002101 -0.020066 -0.998015 0.059651
44.712093 3.336741 -122.920538 7.079953 -0.002524 -0.021229 -0.998022 0.059114
44.812040 2.047970 -123.074795 7.082103 -0.005290 -0.021581 -0.998041 0.058483
44.916904 0.689860 -123.248323 7.126292 -0.006987 -0.020985 -0.998059 0.058218
45.013413 -0.524093 -123.399625 7.130434 -0.006362 -0.019802 -0.998107 0.057877
45.112018 -1.812644 -123.558284 7.177267 -0.005692 -0.019950 -0.998093 0.058132
45.212039 -3.129851 -123.710625 7.185482 -0.004870 -0.020491 -0.998074 0.058343
45.341488 -4.830486 -123.909512 7.227303 -0.003527 -0.021771 -0.998017 0.058961
45.441165 -5.896827 -124.041072 7.238742 -0.003364 -0.022252 -0.997973 0.059529
45.541442 -7.125196 -124.199380 7.271696 -0.003856 -0.022293 -0.997950 0.059861
45.637747 -8.333629 -124.348535 7.279551 -0.003528 -0.022423 -0.997900 0.060660
45.713286 -9.340576 -124.464436 7.308364 -0.003237 -0.022416 -0.997870 0.061181
45.813296 -10.848371 -124.656016 7.319995 -0.004247 -0.021463 -0.997832 0.062065
45.911992 -12.255692 -124.836258 7.356228 -0.003823 -0.021914 -0.997792 0.062577
46.011995 -13.639152 -125.022173 7.378926 -0.002811 -0.021175 -0.997754 0.063495
46.112019 -14.990081 -125.196509 7.402469 -0.003437 -0.020792 -0.997754 0.063577
46.212018 -16.338210 -125.381794 7.409904 -0.004295 -0.019850 -0.997761 0.063728
46.312065 -17.688333 -125.561881 7.444561 -0.004135 -0.018717 -0.997769 0.063952
46.412013 -19.035616 -125.743775 7.452869 -0.003603 -0.018162 -0.997765 0.064207
46.512069 -20.376816 -125.920856 7.489245 -0.003289 -0.018491 -0.997751 0.064342
46.612065 -21.720104 -126.096677 7.496640 -0.003577 -0.018552 -0.997749 0.064340
46.717130 -23.143016 -126.289863 7.524662 -0.004007 -0.019223 -0.997723 0.064519
46.812119 -24.398374 -126.457803 7.538003 -0.004033 -0.019619 -0.997730 0.064299
46.911969 -25.816378 -126.639882 7.567763 -0.002506 -0.020186 -0.997743 0.063990
47.011993 -27.196808 -126.822179 7.586554 -0.001232 -0.020368 -0.997749 0.063882
47.112142 -28.576294 -127.009675 7.608423 -0.002026 -0.020937 -0.997775 0.063262
47.212067 -29.957914 -127.178915 7.622024 -0.003312 -0.020426 -0.997833 0.062455
47.312042 -31.344173 -127.364956 7.645014 -0.003102 -0.019962 -0.997889 0.061723
47.412038 -32.713288 -127.539518 7.660193 -0.002112 -0.019685 -0.997931 0.061177
47.512066 -34.093321 -127.721330 7.691854 -0.001339 -0.019415 -0.997973 0.060593
47.612091 -35.493835 -127.894502 7.699570 -0.000578 -0.019266 -0.998009 0.060051
47.712119 -36.869967 -128.069591 7.725399 -0.000095 -0.019318 -0.998029 0.059712
47.812069 -38.249575 -128.236504 7.738866 -0.000097 -0.019095 -0.998067 0.059138
47.912041 -39.646981 -128.408733 7.750998 -0.000123 -0.018705 -0.998105 0.058621
48.012041 -41.032144 -128.571238 7.770228 -0.000306 -0.018716 -0.998144 0.057954
48.112142 -42.403387 -128.749928 7.780816 -0.000231 -0.017764 -0.998190 0.057448
48.219324 -43.902198 -128.923142 7.797924 -0.000153 -0.018168 -0.998185 0.057415
48.312142 -45.135834 -129.068340 7.797736 0.000534 -0.018043 -0.998207 0.057070
48.437772 -46.917214 -129.261748 7.826546 0.002542 -0.021457 -0.998102 0.057675
48.537899 -48.119323 -129.400612 7.843736 0.003810 -0.022938 -0.998038 0.058142
48.637649 -49.400078 -129.555422 7.856256 0.002787 -0.024471 -0.997962 0.058870
48.737950 -50.717531 -129.726862 7.863180 0.000183 -0.023942 -0.997948 0.059383
48.812144 -51.707700 -129.850349 7.862252 -0.001213 -0.022273 -0.998013 0.058921
48.937276 -53.603249 -130.088531 7.884544 0.001358 -0.021513 -0.997993 0.059544
49.037798 -54.926781 -130.229685 7.893058 0.001355 -0.021973 -0.997958 0.059953
49.137475 -56.247011 -130.394828 7.906580 0.000005 -0.025089 -0.997881 0.060032
49.237224 -57.600656 -130.554930 7.921946 0.000145 -0.025397 -0.997849 0.060438
49.337222 -58.974297 -130.736240 7.946955 0.000870 -0.025030 -0.997844 0.060670
49.412114 -59.992910 -130.863580 7.945415 0.000660 -0.022723 -0.997892 0.060781
49.511967 -61.510884 -131.068309 7.968520 0.001367 -0.019929 -0.997918 0.061316
49.601279 -62.822231 -131.237458 7.972706 0.001898 -0.017951 -0.997943 0.061509
49.720023 -64.620488 -131.472724 7.980536 0.002099 -0.017182 -0.997903 0.062364
49.819772 -65.960555 -131.636862 7.986916 0.002474 -0.017043 -0.997887 0.062654
49.920518 -67.316838 -131.826116 7.993077 0.003482 -0.017624 -0.997836 0.063249
50.020591 -68.672210 -131.998388 8.000838 0.004012 -0.018203 -0.997779 0.063945
50.112070 -69.939780 -132.152215 8.002661 0.003886 -0.018874 -0.997728 0.064557
50.219622 -71.500353 -132.365450 8.004398 0.004450 -0.018951 -0.997685 0.065158
50.319920 -72.864971 -132.548024 8.007234 0.004682 -0.018798 -0.997684 0.065209
50.412118 -74.149503 -132.721112 8.010308 0.004586 -0.018499 -0.997698 0.065087
50.512092 -75.621646 -132.927119 8.003974 0.004938 -0.018026 -0.997703 0.065114
50.612043 -77.015684 -133.105705 8.014714 0.005092 -0.018725 -0.997685 0.065173
50.712045 -78.437408 -133.311671 8.007530 0.004671 -0.017881 -0.997714 0.065009
50.817277 -79.926610 -133.501853 8.016688 0.004149 -0.017572 -0.997742 0.064697
50.912012 -81.208116 -133.685840 8.013502 0.004807 -0.016678 -0.997784 0.064232
51.019524 -82.756996 -133.886622 8.020746 0.005821 -0.016380 -0.997800 0.063971
51.111966 -83.992367 -134.067948 8.016437 0.006246 -0.016076 -0.997855 0.063144
51.211995 -85.451540 -134.249678 8.015199 0.006618 -0.015720 -0.997882 0.062771
51.312070 -86.888674 -134.438376 8.005364 0.006730 -0.015761 -0.997917 0.062190
51.420696 -88.435130 -134.638503 7.997533 0.007548 -0.016212 -0.997922 0.061900
51.537751 -90.014863 -134.833558 7.981705 0.009021 -0.018362 -0.997876 0.061854
51.637950 -91.301752 -134.985977 7.980218 0.010318 -0.020898 -0.997822 0.061704
51.737597 -92.651268 -135.156816 7.973540 0.011442 -0.023513 -0.997709 0.062386
51.824685 -93.858387 -135.300557 7.965054 0.012061 -0.024720 -0.997623 0.063180
51.937649 -95.504557 -135.529706 7.954836 0.012373 -0.023546 -0.997614 0.063711
52.038295 -96.836303 -135.704310 7.926901 0.012878 -0.022178 -0.997638 0.063725
52.138344 -98.202989 -135.889927 7.926589 0.014045 -0.020680 -0.997620 0.064254
52.212094 -99.217492 -136.025659 7.902987 0.013270 -0.019884 -0.997661 0.064040
52.312017 -100.804138 -136.245332 7.886083 0.009580 -0.018457 -0.997744 0.063839
52.412015 -102.272393 -136.445498 7.872017 0.009023 -0.017328 -0.997809 0.063211
52.512114 -103.732958 -136.633811 7.859159 0.011577 -0.014709 -0.997838 0.063005
52.611995 -105.130594 -136.824234 7.847682 0.012312 -0.014121 -0.997868 0.062514
52.712067 -106.513778 -137.005776 7.814619 0.011768 -0.013656 -0.997928 0.061760
52.811944 -107.899359 -137.188927 7.806320 0.010806 -0.012735 -0.997972 0.061420
52.912118 -109.309225 -137.367582 7.776513 0.008867 -0.012072 -0.998025 0.060998
53.012041 -110.713307 -137.552805 7.774472 0.007592 -0.011671 -0.998069 0.060533
53.112043 -112.116670 -137.738607 7.755533 0.009073 -0.012031 -0.998057 0.060458
53.212139 -113.512646 -137.905027 7.756999 0.010518 -0.012940 -0.998019 0.060656
53.311995 -114.925138 -138.082688 7.732037 0.010936 -0.013290 -0.997996 0.060890
53.446945 -116.813091 -138.330343 7.714665 0.012785 -0.011239 -0.997984 0.061134
53.512096 -117.459513 -138.408114 7.700411 0.015407 -0.011552 -0.997960 0.060863
53.611943 -118.943960 -138.592295 7.684402 0.011748 -0.011841 -0.997954 0.061728
53.712139 -120.406768 -138.781373 7.641851 0.005447 -0.012846 -0.998015 0.061419
53.812116 -121.865458 -138.970506 7.669495 0.004071 -0.012672 -0.998009 0.061653
53.912115 -123.318989 -139.154664 7.642408 0.006858 -0.011743 -0.998000 0.061726
54.011943 -124.731816 -139.342536 7.657479 0.010456 -0.010436 -0.997981 0.061777
54.112117 -126.137171 -139.528049 7.616397 0.012839 -0.009396 -0.997993 0.061286
54.211990 -127.541530 -139.711865 7.614439 0.012957 -0.007760 -0.998007 0.061268
54.311992 -128.949634 -139.891714 7.564553 0.012649 -0.007097 -0.998029 0.061051
54.412045 -130.382649 -140.070669 7.572567 0.013216 -0.006886 -0.998033 0.060894
54.512120 -131.776033 -140.261097 7.514010 0.014935 -0.007650 -0.997993 0.061068
54.611994 -133.188726 -140.425628 7.514399 0.016251 -0.009156 -0.997954 0.061161
54.712114 -134.587865 -140.607099 7.457061 0.016469 -0.009556 -0.997938 0.061292
54.812070 -135.994014 -140.787325 7.448271 0.015874 -0.010291 -0.997954 0.061075
54.911991 -137.422009 -140.969360 7.395336 0.017019 -0.009563 -0.997948 0.060978
55.012142 -138.833800 -141.145892 7.377136 0.018913 -0.010134 -0.997924 0.060728
55.111992 -140.255407 -141.321661 7.324000 0.020825 -0.010860 -0.997854 0.061127
55.212043 -141.644074 -141.500906 7.292476 0.021556 -0.011657 -0.997790 0.061763
55.312094 -143.052678 -141.683846 7.238133 0.020793 -0.011483 -0.997796 0.061961
55.412119 -144.475935 -141.862409 7.205201 0.021918 -0.011397 -0.997763 0.062118
55.511994 -145.862720 -142.041519 7.140608 0.024187 -0.013107 -0.997658 0.062617
55.639719 -147.632094 -142.265725 7.076874 0.021572 -0.015877 -0.997648 0.063090
55.711961 -148.464159 -142.372881 7.049772 0.018805 -0.016946 -0.997674 0.063294
55.813239 -149.962339 -142.558733 7.024397 0.019859 -0.018516 -0.997589 0.063863
55.937500 -151.772857 -142.804379 6.970334 0.022411 -0.019694 -0.997498 0.064085
56.024686 -152.855696 -142.944814 6.933585 0.023905 -0.020539 -0.997444 0.064133
56.138022 -154.448931 -143.152756 6.879667 0.025481 -0.020167 -0.997418 0.064037
56.238122 -155.776864 -143.329482 6.822563 0.025692 -0.020464 -0.997403 0.064099
56.337773 -157.147947 -143.521381 6.773322 0.024155 -0.020510 -0.997430 0.064260
56.438246 -158.546801 -143.694113 6.718947 0.023832 -0.019800 -0.997480 0.063826
56.538171 -159.970164 -143.899420 6.670091 0.024826 -0.018753 -0.997475 0.063838
56.638499 -161.401194 -144.087406 6.607011 0.025226 -0.017552 -0.997497 0.063685
56.738497 -162.828319 -144.284556 6.551431 0.024818 -0.017154 -0.997535 0.063352
56.838345 -164.242277 -144.474478 6.487449 0.024510 -0.017835 -0.997542 0.063170
56.938721 -165.697095 -144.644259 6.436297 0.022679 -0.019524 -0.997561 0.063054
57.038772 -167.120075 -144.833635 6.387540 0.019170 -0.021532 -0.997613 0.062751
57.123288 -168.337714 -144.988189 6.361026 0.016591 -0.022358 -0.997663 0.062398
57.212139 -169.745130 -145.167899 6.329793 0.017445 -0.021522 -0.997688 0.062061
57.338625 -171.771813 -145.441449 6.274595 0.023425 -0.017544 -0.997646 0.062020
57.438823 -173.103655 -145.617735 6.215847 0.026422 -0.015900 -0.997610 0.061834
57.539095 -174.502610 -145.806684 6.153807 0.026372 -0.014565 -0.997659 0.061399
57.620270 -175.645622 -145.951038 6.091158 0.024796 -0.013799 -0.997747 0.060800
57.712092 -177.095167 -146.140662 6.035638 0.024378 -0.015047 -0.997757 0.060493
57.839046 -179.117661 -146.380583 5.949669 0.025407 -0.016952 -0.997706 0.060409
57.938971 -180.496533 -146.535792 5.897800 0.025456 -0.018702 -0.997690 0.060139
58.038871 -181.890626 -146.712589 5.840872 0.025483 -0.020281 -0.997685 0.059699
58.138720 -183.314207 -146.890549 5.791439 0.026769 -0.020780 -0.997664 0.059309
58.238744 -184.808158 -147.070801 5.722062 0.028309 -0.020462 -0.997670 0.058602
58.338549 -186.287116 -147.255876 5.663752 0.028400 -0.019948 -0.997695 0.058313
58.438795 -187.792185 -147.441054 5.582988 0.027047 -0.017931 -0.997804 0.057748
58.516733 -188.983295 -147.588452 5.539654 0.026201 -0.017357 -0.997858 0.057379
58.611992 -190.557939 -147.786102 5.460064 0.027232 -0.016023 -0.997896 0.056622
58.738325 -192.622053 -148.037068 5.375971 0.028652 -0.016019 -0.997911 0.055636
58.838373 -194.044329 -148.174035 5.304893 0.029257 -0.015767 -0.997929 0.055077
58.938448 -195.459611 -148.353998 5.247485 0.030579 -0.015520 -0.997951 0.054015
59.037975 -196.919207 -148.517441 5.162868 0.031276 -0.015451 -0.997978 0.053139
59.138225 -198.430611 -148.684992 5.098967 0.031189 -0.015582 -0.998002 0.052685
59.237752 -199.922708 -148.850072 5.010147 0.030433 -0.015068 -0.998073 0.051937
59.337526 -201.449918 -149.012747 4.954614 0.031786 -0.016154 -0.998052 0.051198
59.437149 -202.981845 -149.180029 4.852565 0.032578 -0.015220 -0.998049 0.051049
59.537575 -204.519489 -149.346187 4.790244 0.032908 -0.015438 -0.998067 0.050399
59.637795 -206.045283 -149.513009 4.695532 0.034021 -0.014374 -0.998072 0.049876
59.737099 -207.535859 -149.668618 4.625756 0.034037 -0.013468 -0.998096 0.049638
59.836551 -209.049759 -149.829675 4.532843 0.031952 -0.012868 -0.998202 0.049049
59.936400 -210.559056 -149.985027 4.460666 0.029736 -0.013119 -0.998306 0.048255
60.036775 -212.077735 -150.144741 4.389768 0.030255 -0.013031 -0.998299 0.048100
60.136375 -213.593030 -150.300576 4.314494 0.031853 -0.013069 -0.998234 0.048412
60.236301 -215.121193 -150.445481 4.235709 0.032634 -0.013292 -0.998201 0.048508
60.336401 -216.643026 -150.599606 4.154361 0.033933 -0.012916 -0.998155 0.048668
60.436225 -218.145081 -150.754418 4.070935 0.034889 -0.013405 -0.998127 0.048421
60.535953 -219.647843 -150.911122 3.987787 0.034911 -0.013317 -0.998121 0.048555
60.635902 -221.129445 -151.069675 3.902145 0.035608 -0.012961 -0.998115 0.048280
60.746676 -222.789824 -151.232030 3.807557 0.036509 -0.011945 -0.998094 0.048299
60.825055 -223.867295 -151.345982 3.739858 0.036218 -0.011341 -0.998128 0.047969
60.911996 -225.293725 -151.489916 3.648678 0.036209 -0.010508 -0.998191 0.046828
61.046873 -227.521656 -151.708887 3.512891 0.038330 -0.010041 -0.998156 0.045992
61.146775 -228.855111 -151.835914 3.428947 0.039317 -0.010054 -0.998111 0.046135
61.244726 -230.196211 -151.956892 3.345389 0.040487 -0.011586 -0.998097 0.045043
61.341436 -231.615668 -152.085009 3.247501 0.040222 -0.012482 -0.998135 0.044182
61.436554 -233.026374 -152.213477 3.157748 0.039348 -0.013062 -0.998207 0.043167
61.511995 -234.171092 -152.316388 3.078542 0.038063 -0.013317 -0.998284 0.042472
61.612090 -235.825489 -152.481134 2.973937 0.038484 -0.013519 -0.998319 0.041169
61.712142 -237.428815 -152.604731 2.873383 0.038423 -0.013376 -0.998356 0.040379
61.812094 -238.962958 -152.735522 2.777140 0.037981 -0.014330 -0.998385 0.039748
61.937250 -240.830807 -152.886053 2.669617 0.038750 -0.014931 -0.998379 0.038918
62.036649 -242.086220 -152.992527 2.590336 0.039260 -0.015255 -0.998377 0.038330
62.137200 -243.410651 -153.100436 2.509784 0.039622 -0.015106 -0.998394 0.037563
62.236550 -244.759187 -153.211614 2.422305 0.040645 -0.014526 -0.998392 0.036734
62.336451 -246.133997 -153.323542 2.331123 0.041476 -0.014675 -0.998377 0.036165
62.437473 -247.547812 -153.429152 2.242059 0.041654 -0.016003 -0.998371 0.035546
62.541239 -248.949196 -153.541052 2.150161 0.040338 -0.016093 -0.998426 0.035500
62.636826 -250.244436 -153.628191 2.063622 0.038214 -0.017251 -0.998501 0.035192
62.711994 -251.294858 -153.715077 2.009070 0.037493 -0.016698 -0.998550 0.034838
62.811994 -252.804431 -153.841573 1.901527 0.038051 -0.014541 -0.998589 0.034066
62.912093 -254.288264 -153.947628 1.821231 0.039131 -0.013620 -0.998570 0.033793
63.012143 -255.698590 -154.047294 1.712899 0.040533 -0.012765 -0.998521 0.033922
63.146772 -257.577613 -154.182066 1.593738 0.041294 -0.013378 -0.998495 0.033525
63.211991 -258.291144 -154.216723 1.537830 0.041549 -0.013925 -0.998468 0.033788
63.312069 -259.623719 -154.348530 1.457243 0.041505 -0.013376 -0.998512 0.032735
63.412093 -261.007744 -154.431791 1.353019 0.040298 -0.012401 -0.998584 0.032427
63.511993 -262.378876 -154.531604 1.266523 0.040045 -0.011602 -0.998626 0.031747
63.612067 -263.755888 -154.617956 1.171577 0.040856 -0.010550 -0.998626 0.031058
63.712093 -265.108200 -154.713531 1.080976 0.040636 -0.010319 -0.998657 0.030431
63.812165 -266.418785 -154.784411 0.989946 0.040428 -0.010629 -0.998685 0.029679
63.904221 -267.601181 -154.880826 0.914787 0.041051 -0.011030 -0.998679 0.028869
64.004220 -268.926912 -154.955959 0.827443 0.041427 -0.011375 -0.998678 0.028238
64.104172 -270.224637 -155.041542 0.737249 0.041691 -0.011335 -0.998699 0.027100
64.204171 -271.493857 -155.108901 0.656830 0.042371 -0.010931 -0.998720 0.025374
64.304172 -272.726492 -155.181828 0.576291 0.042339 -0.009867 -0.998765 0.024038
64.404220 -273.968372 -155.244818 0.487853 0.041432 -0.009320 -0.998850 0.022266
64.504123 -275.207154 -155.303024 0.406567 0.040094 -0.008751 -0.998952 0.020276
64.612115 -276.549869 -155.364719 0.308491 0.038819 -0.008495 -0.999044 0.018227
64.704224 -277.640821 -155.397851 0.247851 0.038334 -0.008426 -0.999097 0.016250
64.900271 -280.047719 -155.481678 0.084500 0.040635 -0.008671 -0.999065 0.011918
65.000197 -281.073990 -155.494235 0.005832 0.040467 -0.008550 -0.999079 0.011428
65.004222 -281.083338 -155.504571 0.013750 0.041265 -0.008923 -0.999037 0.011906
65.104397 -282.288116 -155.535119 -0.078309 0.042470 -0.009724 -0.999026 0.007026
65.204373 -283.555458 -155.557217 -0.168767 0.042383 -0.010984 -0.999033 0.003983
65.304397 -284.860159 -155.565939 -0.257477 0.041903 -0.012001 -0.999049 0.000794
65.404347 -286.142795 -155.566881 -0.358134 0.041163 -0.012476 -0.999072 -0.002038
65.504442 -287.381705 -155.556079 -0.431754 0.042008 -0.013096 -0.999017 -0.005376
65.644826 -289.140401 -155.545209 -0.565456 0.042489 -0.012814 -0.998974 -0.008973
65.712040 -289.916917 -155.539399 -0.616189 0.041693 -0.012589 -0.999001 -0.010030
65.812066 -291.063525 -155.517400 -0.700739 0.040167 -0.011256 -0.999034 -0.013852
65.912066 -292.254219 -155.490650 -0.787948 0.039880 -0.010162 -0.998998 -0.017571
66.030913 -293.678179 -155.429090 -0.886372 0.041819 -0.010188 -0.998827 -0.022201
66.146900 -295.019783 -155.366862 -0.990807 0.043270 -0.010436 -0.998669 -0.026041
66.244701 -296.115687 -155.319073 -1.062647 0.043244 -0.011432 -0.998539 -0.030315
66.346747 -297.272086 -155.232681 -1.155585 0.043457 -0.012209 -0.998358 -0.035256
66.412089 -298.033617 -155.172536 -1.196459 0.043359 -0.013637 -0.998230 -0.038362
66.511996 -299.264944 -155.072729 -1.308071 0.040880 -0.010145 -0.998074 -0.045539
66.612091 -300.518063 -154.964761 -1.381744 0.038484 -0.008572 -0.997906 -0.051269
66.712018 -301.771047 -154.845119 -1.477108 0.038587 -0.006330 -0.997628 -0.056655
66.812067 -303.002026 -154.706416 -1.555373 0.039308 -0.005961 -0.997304 -0.061676
66.912142 -304.234272 -154.551282 -1.646837 0.039173 -0.006258 -0.997068 -0.065431
67.012017 -305.424237 -154.394382 -1.727947 0.038659 -0.007907 -0.996936 -0.067541
67.111968 -306.586465 -154.234607 -1.800723 0.038961 -0.009314 -0.996836 -0.068652
67.212115 -307.748772 -154.065110 -1.879948 0.039273 -0.010612 -0.996805 -0.068744
67.339442 -309.194859 -153.880397 -1.974942 0.039519 -0.011998 -0.996945 -0.066300
67.439442 -310.194919 -153.759949 -2.041705 0.039413 -0.012826 -0.997086 -0.064048
67.535352 -311.216365 -153.631332 -2.112870 0.039731 -0.014127 -0.997281 -0.060430
67.633631 -312.297845 -153.526970 -2.179665 0.040875 -0.014766 -0.997483 -0.056027
67.733709 -313.409193 -153.396046 -2.255975 0.041529 -0.015027 -0.997723 -0.050971
67.835727 -314.530140 -153.298088 -2.328089 0.041295 -0.014187 -0.998001 -0.045695
67.937649 -315.620886 -153.213307 -2.418310 0.040980 -0.013660 -0.998220 -0.041118
68.036725 -316.687465 -153.134437 -2.482389 0.041506 -0.013200 -0.998383 -0.036522
68.136375 -317.752904 -153.082035 -2.565042 0.042582 -0.012442 -0.998517 -0.031565
68.299997 -319.487937 -152.992982 -2.682394 0.043390 -0.012188 -0.998663 -0.025315
68.399499 -320.253120 -152.976628 -2.731535 0.042882 -0.011963 -0.998733 -0.023445
68.499000 -321.081352 -152.937351 -2.796681 0.041889 -0.011733 -0.998824 -0.021391
68.599050 -322.020596 -152.905763 -2.866210 0.041222 -0.012076 -0.998888 -0.019457
68.698975 -323.023805 -152.872151 -2.931095 0.040862 -0.011949 -0.998936 -0.017703
68.798925 -324.075850 -152.838199 -3.017375 0.041324 -0.011193 -0.998949 -0.016358
68.898776 -325.127540 -152.812626 -3.077602 0.041761 -0.011210 -0.998948 -0.015280
68.998725 -326.191360 -152.793918 -3.170222 0.041924 -0.010752 -0.998953 -0.014836
69.098526 -327.245011 -152.771634 -3.229743 0.041927 -0.011298 -0.998953 -0.014421
69.198651 -328.288611 -152.743702 -3.325695 0.042188 -0.011237 -0.998951 -0.013824
69.299000 -329.358659 -152.715161 -3.383512 0.042629 -0.011907 -0.998923 -0.013890
69.399349 -330.421205 -152.698202 -3.474403 0.043196 -0.011609 -0.998905 -0.013740
69.499748 -331.474327 -152.660199 -3.539498 0.043255 -0.011523 -0.998903 -0.013761
69.600022 -332.511288 -152.643752 -3.628681 0.043126 -0.011506 -0.998904 -0.014083
69.646825 -332.998415 -152.625273 -3.655173 0.042935 -0.011627 -0.998905 -0.014519
69.746716 -334.289799 -152.598324 -3.765956 0.044633 -0.012077 -0.998824 -0.014583
69.841713 -335.405516 -152.569983 -3.831649 0.045222 -0.011770 -0.998798 -0.014799
69.941538 -336.537629 -152.539100 -3.932319 0.045477 -0.012085 -0.998780 -0.015009
70.044728 -337.641957 -152.505182 -4.000052 0.045157 -0.012066 -0.998789 -0.015360
70.197941 -339.184904 -152.473248 -4.120405 0.045655 -0.011906 -0.998757 -0.016099
70.295698 -339.805786 -152.465713 -4.163007 0.045310 -0.011864 -0.998761 -0.016809
70.395607 -340.583315 -152.439898 -4.231319 0.045859 -0.012282 -0.998728 -0.016975
70.438891 -340.989394 -152.428094 -4.250478 0.045992 -0.013127 -0.998714 -0.016812
70.524411 -341.968250 -152.390529 -4.346068 0.046459 -0.012822 -0.998705 -0.016305
70.639594 -343.214762 -152.372038 -4.420472 0.046233 -0.012572 -0.998706 -0.017072
70.740161 -344.157674 -152.344795 -4.513386 0.046064 -0.012771 -0.998705 -0.017419
70.840713 -345.052619 -152.317045 -4.555079 0.046344 -0.012839 -0.998693 -0.017286
70.940638 -345.881848 -152.295598 -4.639112 0.046624 -0.012960 -0.998681 -0.017188
71.040286 -346.700749 -152.278471 -4.672067 0.046565 -0.012681 -0.998696 -0.016649
71.144679 -347.538414 -152.254054 -4.767420 0.046881 -0.012517 -0.998692 -0.016148
71.241187 -348.285005 -152.232008 -4.792349 0.047067 -0.012505 -0.998692 -0.015544
71.344603 -349.065290 -152.211280 -4.881917 0.047186 -0.012173 -0.998700 -0.014923
71.444454 -349.788669 -152.194704 -4.912621 0.047594 -0.011905 -0.998686 -0.014806
71.541361 -350.454994 -152.184885 -4.981023 0.048092 -0.012123 -0.998663 -0.014586
71.640961 -351.140382 -152.167028 -5.016851 0.047764 -0.012041 -0.998690 -0.013887
71.744604 -351.834773 -152.148499 -5.082976 0.047282 -0.011889 -0.998718 -0.013592
71.844581 -352.439325 -152.137041 -5.119080 0.046838 -0.011727 -0.998747 -0.013134
71.944728 -353.086639 -152.122503 -5.181222 0.046470 -0.011866 -0.998764 -0.013012
72.044879 -353.698258 -152.106975 -5.218408 0.045911 -0.012330 -0.998789 -0.012651
72.144780 -354.292017 -152.096939 -5.266209 0.045703 -0.012499 -0.998795 -0.012827
72.246794 -354.903409 -152.086572 -5.308369 0.045444 -0.012201 -0.998810 -0.012791
72.346922 -355.485802 -152.072606 -5.356612 0.044797 -0.012325 -0.998833 -0.013176
72.412116 -355.853563 -152.065976 -5.381768 0.044128 -0.012349 -0.998860 -0.013404
72.546898 -356.756661 -152.039574 -5.452462 0.044323 -0.012380 -0.998838 -0.014282
72.612019 -357.062032 -152.033904 -5.472866 0.044005 -0.012270 -0.998855 -0.014197
72.744802 -357.920607 -152.009992 -5.541994 0.044419 -0.012404 -0.998819 -0.015271
72.846971 -358.424079 -152.001972 -5.572444 0.044087 -0.012419 -0.998830 -0.015505
72.946874 -358.948554 -151.986003 -5.620516 0.044309 -0.012099 -0.998813 -0.016222
73.044675 -359.471521 -151.969021 -5.651687 0.044352 -0.012190 -0.998786 -0.017623
73.147147 -360.021512 -151.953451 -5.701378 0.044556 -0.012068 -0.998763 -0.018504
73.207372 -360.334783 -151.940553 -5.719007 0.044680 -0.011997 -0.998747 -0.019106
73.307300 -360.985044 -151.914779 -5.775152 0.045828 -0.012329 -0.998666 -0.020326
73.407423 -361.533904 -151.888886 -5.808650 0.045875 -0.012392 -0.998642 -0.021337
73.507426 -362.042094 -151.869951 -5.854031 0.045645 -0.012554 -0.998634 -0.022126
73.607475 -362.516914 -151.851565 -5.881286 0.045722 -0.012472 -0.998608 -0.023136
73.707475 -362.984180 -151.827351 -5.929397 0.045804 -0.012500 -0.998585 -0.023936
73.810253 -363.443949 -151.804614 -5.952661 0.045650 -0.012807 -0.998566 -0.024857
73.910101 -363.869360 -151.776349 -5.997982 0.045765 -0.012977 -0.998547 -0.025318
74.010251 -364.265142 -151.771248 -6.012879 0.045902 -0.012994 -0.998530 -0.025733
74.110303 -364.651922 -151.741534 -6.056688 0.046003 -0.012577 -0.998519 -0.026166
74.223541 -365.072507 -151.730252 -6.074483 0.046449 -0.012651 -0.998490 -0.026465
74.310228 -365.335347 -151.707116 -6.107654 0.046526 -0.012594 -0.998480 -0.026736
74.410378 -365.692576 -151.695094 -6.120438 0.046585 -0.012637 -0.998468 -0.027042
74.510324 -365.992558 -151.673132 -6.157335 0.046526 -0.012851 -0.998460 -0.027344
74.610327 -366.284733 -151.663895 -6.164000 0.046243 -0.013043 -0.998466 -0.027530
74.710525 -366.550659 -151.645042 -6.199180 0.045802 -0.012721 -0.998483 -0.027788
74.810326 -366.829730 -151.637886 -6.206496 0.045821 -0.012377 -0.998488 -0.027738
74.910428 -367.077555 -151.623212 -6.242960 0.045965 -0.012374 -0.998477 -0.027880
75.010428 -367.290252 -151.617250 -6.239960 0.045918 -0.012482 -0.998479 -0.027830
75.110573 -367.531693 -151.596151 -6.277113 0.045968 -0.012475 -0.998478 -0.027813
75.210427 -367.734686 -151.592122 -6.273957 0.046108 -0.012387 -0.998481 -0.027510
75.310498 -367.923101 -151.581970 -6.305411 0.045988 -0.012296 -0.998483 -0.027684
75.424907 -368.132153 -151.578102 -6.306623 0.046181 -0.011888 -0.998485 -0.027459
75.510574 -368.278631 -151.567924 -6.335598 0.046216 -0.011723 -0.998493 -0.027187
75.610573 -368.445782 -151.566915 -6.328656 0.046097 -0.011644 -0.998504 -0.027006
75.710526 -368.599131 -151.557974 -6.360568 0.045490 -0.011875 -0.998533 -0.026864
75.810572 -368.754119 -151.548825 -6.350482 0.044723 -0.012025 -0.998571 -0.026687
75.910472 -368.896760 -151.548848 -6.384612 0.044024 -0.011881 -0.998612 -0.026354
76.010523 -369.047635 -151.542617 -6.372498 0.043936 -0.011903 -0.998618 -0.026267
76.110526 -369.214826 -151.537580 -6.410502 0.043949 -0.011795 -0.998624 -0.026056
76.210624 -369.373254 -151.526483 -6.397174 0.043983 -0.012056 -0.998631 -0.025635
76.310649 -369.530960 -151.518307 -6.434762 0.043976 -0.012163 -0.998631 -0.025566
76.410647 -369.697002 -151.508522 -6.421247 0.043962 -0.012371 -0.998637 -0.025275
76.507698 -369.852623 -151.506943 -6.458492 0.043817 -0.012195 -0.998656 -0.024869
76.607703 -370.019247 -151.496132 -6.447023 0.043944 -0.012082 -0.998654 -0.024746
76.707803 -370.182343 -151.493695 -6.484267 0.044019 -0.012043 -0.998656 -0.024562
76.807752 -370.346758 -151.481971 -6.473501 0.043939 -0.012159 -0.998663 -0.024383
76.907802 -370.520337 -151.480336 -6.507923 0.043861 -0.012134 -0.998674 -0.024054
77.007902 -370.698597 -151.469049 -6.500686 0.044001 -0.011724 -0.998680 -0.023776
77.102992 -370.870513 -151.464738 -6.536925 0.043985 -0.011595 -0.998687 -0.023556
77.202941 -371.049884 -151.456589 -6.528270 0.043927 -0.011757 -0.998694 -0.023302
77.302942 -371.226341 -151.447506 -6.562364 0.044164 -0.011766 -0.998685 -0.023221
77.402917 -371.400979 -151.439252 -6.555394 0.044275 -0.011937 -0.998688 -0.022781
77.502991 -371.569923 -151.433299 -6.586384 0.044323 -0.011923 -0.998693 -0.022480
77.603041 -371.751188 -151.423100 -6.584083 0.044442 -0.011756 -0.998692 -0.022371
77.703091 -371.945525 -151.413666 -6.614768 0.044529 -0.011638 -0.998697 -0.022067
77.803091 -372.122916 -151.412413 -6.614443 0.044483 -0.011688 -0.998702 -0.021864
77.903091 -372.291993 -151.406267 -6.640726 0.044351 -0.011610 -0.998717 -0.021516
78.003041 -372.473983 -151.402634 -6.644153 0.044424 -0.011586 -0.998717 -0.021348
78.103142 -372.651451 -151.392044 -6.669771 0.044739 -0.011792 -0.998706 -0.021134
78.203166 -372.820047 -151.386195 -6.673761 0.044905 -0.012402 -0.998694 -0.020989
78.303290 -373.002234 -151.377347 -6.693442 0.044991 -0.012851 -0.998687 -0.020845
78.403316 -373.161982 -151.373610 -6.698492 0.045066 -0.012610 -0.998690 -0.020718
78.503465 -373.313534 -151.376277 -6.716349 0.045100 -0.012079 -0.998697 -0.020591
78.700222 -373.605405 -151.372024 -6.740240 0.045736 -0.011930 -0.998679 -0.020153
78.800345 -373.630258 -151.370209 -6.737477 0.045168 -0.012101 -0.998702 -0.020196
78.844850 -373.702815 -151.366811 -6.747823 0.045016 -0.012154 -0.998699 -0.020651
78.944804 -373.827215 -151.354908 -6.751041 0.045722 -0.011954 -0.998683 -0.019983
79.011993 -373.892023 -151.355440 -6.765325 0.045507 -0.011859 -0.998692 -0.020068
79.144849 -374.052032 -151.344087 -6.773061 0.045710 -0.012151 -0.998685 -0.019790
79.246870 -374.133151 -151.338314 -6.783666 0.045607 -0.012366 -0.998685 -0.019904
79.346748 -374.194759 -151.339575 -6.779653 0.045602 -0.012480 -0.998686 -0.019782
79.411990 -374.238717 -151.339836 -6.791474 0.045361 -0.012253 -0.998698 -0.019862
79.546846 -374.334001 -151.340982 -6.793604 0.045747 -0.011771 -0.998689 -0.019718
79.646897 -374.372351 -151.341036 -6.801956 0.045523 -0.011862 -0.998701 -0.019594
79.712113 -374.398624 -151.336937 -6.795942 0.045159 -0.012012 -0.998715 -0.019613
79.812066 -374.439350 -151.334769 -6.807897 0.044610 -0.011949 -0.998738 -0.019752
80.000297 -374.536815 -151.337310 -6.814700 0.044010 -0.011604 -0.998777 -0.019321
80.003516 -374.516690 -151.334276 -6.814338 0.043076 -0.011671 -0.998814 -0.019459
