1.412041 -0.004415 -0.004060 0.000032 0.000076 -0.000023 -0.000017 1.000000
1.511990 -0.008581 0.000612 -0.000563 0.000031 -0.000058 -0.000013 1.000000
1.612090 -0.005615 -0.002402 -0.000837 0.000005 -0.000042 0.000032 1.000000
1.712041 -0.006174 -0.001094 -0.001012 0.000025 -0.000059 0.000013 1.000000
1.812041 -0.004158 0.003498 -0.001626 0.000020 -0.000032 0.000061 1.000000
1.911993 -0.007691 0.000094 -0.000949 0.000017 -0.000048 0.000030 1.000000
2.012119 -0.006016 0.004240 -0.002517 -0.000001 -0.000059 0.000023 1.000000
2.112042 -0.004593 0.001379 -0.001419 -0.000017 -0.000044 0.000037 1.000000
2.212091 -0.006799 0.003880 -0.002743 -0.000033 -0.000038 0.000024 1.000000
2.312036 -0.005658 0.003801 -0.001487 0.000024 -0.000047 0.000033 1.000000
2.412094 -0.008780 0.002515 -0.002786 -0.000022 -0.000052 0.000029 1.000000
2.512041 -0.006310 0.002547 -0.000935 0.000029 -0.000052 0.000044 1.000000
2.637099 -0.007553 0.001518 -0.002745 -0.000018 -0.000046 0.000038 1.000000
2.712038 -0.005296 0.002740 -0.001584 -0.000022 -0.000085 0.000016 1.000000
2.812139 -0.008304 0.001333 -0.003082 0.000005 -0.000076 0.000025 1.000000
2.911943 -0.009497 0.003777 -0.001385 -0.000004 -0.000041 0.000071 1.000000
3.012041 -0.008387 0.001578 -0.003116 -0.000014 -0.000033 0.000032 1.000000
3.112116 -0.009630 0.003229 -0.001196 0.000015 -0.000069 0.000013 1.000000
3.211943 -0.009655 0.002237 -0.003362 0.000022 -0.000079 0.000033 1.000000
3.311968 -0.009670 0.003771 -0.001668 -0.000007 -0.000056 0.000045 1.000000
3.412142 -0.009027 0.002273 -0.002995 0.000015 -0.000075 0.000052 1.000000
3.512117 -0.011874 0.003097 -0.001522 -0.000008 -0.000053 0.000038 1.000000
3.611995 -0.007943 0.002560 -0.004064 -0.000046 -0.000088 0.000068 1.000000
3.736949 -0.012337 0.001993 -0.001671 -0.000003 -0.000076 0.000062 1.000000
3.812067 -0.009832 0.003135 -0.004270 -0.000034 -0.000066 0.000059 1.000000
3.912092 -0.012328 0.002315 -0.001263 0.000014 -0.000096 0.000065 1.000000
4.037676 -0.009929 0.003315 -0.002882 -0.000002 -0.000084 0.000063 1.000000
4.112046 -0.012380 0.002446 -0.001837 -0.000004 -0.000078 0.000038 1.000000
4.212141 -0.009529 0.003890 -0.002741 -0.000026 -0.000076 0.000049 1.000000
4.312016 -0.010515 0.004888 -0.002179 -0.000018 -0.000090 0.000060 1.000000
4.412093 -0.009491 0.001197 -0.003385 -0.000051 -0.000102 0.000039 1.000000
4.512091 -0.010666 0.004419 -0.002222 -0.000014 -0.000073 0.000051 1.000000
4.612142 -0.008732 0.001707 -0.002189 -0.000011 -0.000069 0.000042 1.000000
4.712093 -0.010740 0.002710 -0.002291 0.000012 -0.000107 0.000063 1.000000
4.834782 -0.012731 0.003107 -0.003307 -0.000021 -0.000106 0.000064 1.000000
4.912119 -0.012275 0.003320 -0.002959 -0.000002 -0.000103 0.000077 1.000000
5.037250 -0.011303 0.003320 -0.002386 -0.000022 -0.000066 0.000059 1.000000
5.136977 -0.012037 0.001921 -0.002678 -0.000016 -0.000067 0.000051 1.000000
5.212067 -0.014089 0.003174 -0.002684 -0.000008 -0.000083 0.000046 1.000000
5.336952 -0.012404 0.001933 -0.002855 -0.000045 -0.000078 0.000061 1.000000
5.412040 -0.011815 0.004096 -0.002616 0.000009 -0.000063 0.000068 1.000000
5.511942 -0.011889 0.002200 -0.003168 -0.000014 -0.000097 0.000055 1.000000
5.611941 -0.012320 0.004934 -0.002576 -0.000009 -0.000093 0.000053 1.000000
5.712016 -0.012556 0.004231 -0.003434 -0.000007 -0.000101 0.000055 1.000000
5.812041 -0.012541 0.002784 -0.002524 -0.000018 -0.000084 0.000037 1.000000
5.912041 -0.010968 0.004103 -0.003234 0.000006 -0.000100 0.000054 1.000000
6.011942 -0.009032 0.003388 -0.002866 -0.000037 -0.000088 0.000072 1.000000
6.165098 -0.008918 0.004061 -0.002609 -0.000021 -0.000085 0.000048 1.000000
6.212036 -0.012640 0.003399 -0.002909 -0.000041 -0.000092 0.000047 1.000000
6.312092 -0.009959 0.003906 -0.002618 -0.000004 -0.000084 0.000077 1.000000
6.412141 -0.012509 0.004136 -0.002390 -0.000016 -0.000067 0.000086 1.000000
6.512117 -0.010319 0.003996 -0.003200 -0.000043 -0.000083 0.000097 1.000000
6.611971 -0.008564 0.002900 -0.002275 0.000017 -0.000086 0.000072 1.000000
6.712090 -0.009992 0.004050 -0.003462 0.000004 -0.000119 0.000054 1.000000
6.811993 -0.008686 0.003064 -0.002239 -0.000029 -0.000076 0.000051 1.000000
6.912068 -0.011819 0.004632 -0.004042 0.000007 -0.000116 0.000080 1.000000
7.012066 -0.007041 0.003674 -0.002186 -0.000012 -0.000090 0.000077 1.000000
7.112089 -0.010486 0.003781 -0.004248 -0.000000 -0.000104 0.000056 1.000000
7.211995 -0.009669 0.004515 -0.001661 0.000018 -0.000108 0.000051 1.000000
7.312141 -0.007704 0.002320 -0.003870 -0.000023 -0.000092 0.000057 1.000000
7.411967 -0.009387 0.004146 -0.002350 0.000006 -0.000103 0.000035 1.000000
7.512067 -0.009452 0.003325 -0.003046 0.000005 -0.000063 0.000048 1.000000
