1.412041 -0.004168 -0.000646 0.000295 0.000042 -0.000014 0.000015 1.000000
1.511990 -0.008845 0.005790 -0.000536 0.000010 -0.000052 0.000039 1.000000
1.612090 -0.002819 -0.000034 -0.000881 -0.000003 -0.000040 0.000038 1.000000
1.712041 -0.003996 0.000144 -0.000444 0.000027 -0.000042 -0.000030 1.000000
1.812041 -0.001277 0.005482 -0.001257 0.000011 0.000013 0.000043 1.000000
1.911993 -0.004540 0.003685 -0.001118 0.000001 -0.000026 0.000034 1.000000
2.012119 -0.006131 0.005878 -0.002105 -0.000001 -0.000008 0.000018 1.000000
2.112042 -0.002777 0.005653 -0.002463 -0.000035 -0.000042 0.000054 1.000000
2.212091 -0.006027 0.004954 -0.001752 -0.000013 -0.000006 0.000079 1.000000
2.312036 -0.007872 0.006320 -0.002140 -0.000036 -0.000014 0.000037 1.000000
2.412094 -0.008125 0.005066 -0.001468 -0.000007 -0.000038 0.000039 1.000000
2.512041 -0.004988 0.005424 -0.001882 -0.000009 -0.000018 0.000031 1.000000
2.637099 -0.006120 0.004822 -0.002263 -0.000061 0.000010 0.000022 1.000000
2.712038 -0.005329 0.005509 -0.003209 -0.000029 -0.000075 0.000048 1.000000
2.812139 -0.006049 0.005037 -0.002037 -0.000018 -0.000040 0.000037 1.000000
2.911943 -0.006007 0.006567 -0.002544 -0.000037 -0.000019 0.000091 1.000000
3.012041 -0.005311 0.005889 -0.002340 -0.000044 0.000030 0.000059 1.000000
3.112116 -0.009204 0.007655 -0.002962 -0.000040 -0.000046 0.000038 1.000000
3.211943 -0.007889 0.006829 -0.002303 0.000002 -0.000037 0.000060 1.000000
3.311968 -0.007709 0.007804 -0.002805 -0.000007 -0.000027 0.000071 1.000000
3.412142 -0.007744 0.005974 -0.001749 0.000024 -0.000039 0.000067 1.000000
3.512117 -0.007952 0.006132 -0.001654 -0.000009 -0.000001 0.000053 1.000000
3.611995 -0.008152 0.005296 -0.003826 -0.000033 -0.000092 0.000088 1.000000
3.736949 -0.010520 0.006589 -0.001931 -0.000013 -0.000039 0.000072 1.000000
3.812067 -0.013785 0.007326 -0.003871 -0.000067 -0.000043 0.000086 1.000000
3.912092 -0.011393 0.007848 -0.002308 -0.000019 -0.000062 0.000108 1.000000
4.037676 -0.007630 0.007871 -0.002122 -0.000017 -0.000038 0.000061 1.000000
4.112046 -0.010297 0.008459 -0.003569 -0.000015 -0.000066 0.000074 1.000000
4.212141 -0.005510 0.009050 -0.002124 -0.000030 -0.000034 0.000050 1.000000
4.312016 -0.008620 0.009008 -0.004170 -0.000018 -0.000129 0.000099 1.000000
4.412093 -0.013245 0.008599 -0.003280 -0.000063 -0.000088 0.000096 1.000000
4.512091 -0.009344 0.007899 -0.002558 -0.000041 -0.000035 0.000061 1.000000
4.612142 -0.007248 0.007683 -0.001544 -0.000050 0.000006 0.000074 1.000000
4.712093 -0.008339 0.007324 -0.002375 -0.000006 -0.000070 0.000087 1.000000
4.834782 -0.011831 0.008799 -0.003390 -0.000043 -0.000076 0.000078 1.000000
4.912119 -0.013388 0.008997 -0.003966 -0.000022 -0.000102 0.000116 1.000000
5.037250 -0.017419 0.008906 -0.002233 -0.000025 -0.000033 0.000123 1.000000
5.136977 -0.011218 0.008461 -0.003051 0.000024 -0.000048 0.000062 1.000000
5.212067 -0.012913 0.008025 -0.003444 -0.000037 -0.000067 0.000095 1.000000
5.336952 -0.012032 0.009832 -0.003606 -0.000067 -0.000048 0.000106 1.000000
5.412040 -0.010966 0.008687 -0.003597 0.000010 -0.000042 0.000067 1.000000
5.511942 -0.010086 0.008217 -0.003719 -0.000006 -0.000080 0.000056 1.000000
5.611941 -0.012387 0.010314 -0.003756 -0.000028 -0.000080 0.000049 1.000000
5.712016 -0.012844 0.010818 -0.004471 -0.000023 -0.000118 0.000109 1.000000
5.812041 -0.014603 0.009119 -0.004525 -0.000016 -0.000076 0.000071 1.000000
5.912041 -0.010476 0.009183 -0.003925 -0.000033 -0.000068 0.000053 1.000000
6.011942 -0.008161 0.008998 -0.004189 -0.000021 -0.000037 0.000056 1.000000
6.165098 -0.007098 0.009898 -0.003023 -0.000039 -0.000048 0.000072 1.000000
6.212036 -0.011181 0.009348 -0.003865 -0.000062 -0.000045 0.000060 1.000000
6.312092 -0.011840 0.009013 -0.003231 -0.000015 -0.000045 0.000098 1.000000
6.412141 -0.012885 0.010526 -0.002936 -0.000059 -0.000039 0.000128 1.000000
6.512117 -0.009028 0.009801 -0.003596 -0.000063 -0.000037 0.000108 1.000000
6.611971 -0.009621 0.010226 -0.003844 -0.000035 -0.000062 0.000096 1.000000
6.712090 -0.007729 0.010031 -0.003773 -0.000034 -0.000089 0.000079 1.000000
6.811993 -0.008058 0.009802 -0.004530 -0.000078 -0.000077 0.000091 1.000000
6.912068 -0.009510 0.009749 -0.004358 -0.000016 -0.000089 0.000099 1.000000
7.012066 -0.007992 0.008604 -0.003817 -0.000037 -0.000062 0.000103 1.000000
7.112089 -0.009375 0.009643 -0.004400 -0.000037 -0.000101 0.000100 1.000000
7.211995 -0.011036 0.010245 -0.003546 -0.000011 -0.000087 0.000084 1.000000
7.312141 -0.009068 0.008882 -0.003464 -0.000023 -0.000062 0.000079 1.000000
7.411967 -0.014076 0.009268 -0.005502 -0.000014 -0.000134 0.000071 1.000000
7.512067 -0.011982 0.009300 -0.003263 -0.000014 -0.000050 0.000101 1.000000
