1.412041 -0.004168162 -0.000645826 0.000295146 0.000042340 -0.000014439 0.000014962 0.999999999
1.511990 -0.008844942 0.005789669 -0.000536041 0.000009755 -0.000052394 0.000039490 0.999999998
1.612090 -0.002818617 -0.000033640 -0.000881241 -0.000002786 -0.000040396 0.000037903 0.999999998
1.712041 -0.003995699 0.000143770 -0.000444032 0.000027129 -0.000042153 -0.000030144 0.999999998
1.812041 -0.001277182 0.005482300 -0.001256703 0.000011022 0.000013400 0.000043381 0.999999999
1.911993 -0.004539752 0.003684762 -0.001117613 0.000001214 -0.000026436 0.000033848 0.999999999
2.012119 -0.006131469 0.005877548 -0.002104515 -0.000000537 -0.000007816 0.000018298 1.000000000
2.112042 -0.002776956 0.005652602 -0.002463197 -0.000035375 -0.000042139 0.000054487 0.999999997
2.212091 0.008253465 -0.004786537 -0.001752341 -0.000012822 -0.000005655 -0.000191851 0.999999981
2.312036 0.008399704 0.001594541 -0.002139628 -0.000035736 -0.000013770 -0.000305097 0.999999953
2.412094 0.010383721 0.004693195 -0.001467797 -0.000007192 -0.000037696 -0.000359657 0.999999935
2.512041 0.015722966 0.007942667 -0.001882303 -0.000008798 -0.000018036 -0.000411488 0.999999915
2.637099 0.014591335 0.007341018 -0.002263464 -0.000061381 0.000010302 -0.000420800 0.999999910
2.712038 0.016887032 0.013590160 -0.003209142 -0.000028650 -0.000075049 -0.000460110 0.999999891
2.812139 0.024277479 0.010104846 -0.002036504 -0.000018509 -0.000039739 -0.000525157 0.999999861
2.911943 0.029470123 0.019601543 -0.002543742 -0.000037385 -0.000019049 -0.000620248 0.999999807
3.012041 0.030635693 0.017786465 -0.002340273 -0.000043909 0.000030163 -0.000620751 0.999999806
3.112116 0.024108261 0.009614377 -0.002962300 -0.000040193 -0.000045537 -0.000463983 0.999999891
3.211943 0.022188230 -0.002525355 -0.002303291 0.000001984 -0.000036592 -0.000247415 0.999999969
3.311968 0.014589873 -0.019025600 -0.002804697 -0.000006581 -0.000026844 0.000088384 0.999999996
3.412142 0.014553934 -0.020855641 -0.001748877 0.000023983 -0.000039434 0.000084556 0.999999995
3.512117 0.001343426 -0.038927446 -0.001653593 -0.000008967 -0.000001369 0.000467315 0.999999891
3.611995 0.001402533 -0.037413070 -0.003825936 -0.000032859 -0.000091904 0.000482148 0.999999879
3.736949 -0.000965592 -0.036120500 -0.001931447 -0.000013206 -0.000039488 0.000466199 0.999999890
3.812067 -0.007013739 -0.044024379 -0.003871346 -0.000066518 -0.000043311 0.000616042 0.999999807
3.912092 0.000642294 -0.048197254 -0.002307958 -0.000018890 -0.000062078 0.000653123 0.999999785
4.037676 0.002719564 -0.051945527 -0.002121581 -0.000016914 -0.000037559 0.000674445 0.999999772
4.112046 -0.002720014 -0.059418942 -0.003568702 -0.000014484 -0.000066161 0.000807577 0.999999672
4.212141 0.002894738 -0.067865548 -0.002124475 -0.000030240 -0.000034280 0.000887709 0.999999605
4.312016 -0.002409143 -0.068044600 -0.004170150 -0.000017464 -0.000128896 0.000958025 0.999999533
4.412093 -0.010543990 -0.065773962 -0.003279561 -0.000063078 -0.000087916 0.000946808 0.999999546
4.512091 -0.015588113 -0.081698237 -0.002557842 -0.000041347 -0.000035344 0.001171531 0.999999312
4.612142 -0.027298546 -0.075005563 -0.001544112 -0.000050165 0.000005833 0.001236753 0.999999234
4.712093 -0.031265639 -0.079213367 -0.002375141 -0.000005824 -0.000069965 0.001328945 0.999999114
4.834782 -0.034757718 -0.077738317 -0.003390367 -0.000042486 -0.000076057 0.001320732 0.999999124
4.912119 -0.038537596 -0.075438346 -0.003965538 -0.000022336 -0.000102483 0.001346555 0.999999088
5.037250 -0.048517335 -0.077971955 -0.002233183 -0.000024979 -0.000032621 0.001419642 0.999998991
5.136977 -0.047578181 -0.084044261 -0.003050572 0.000024075 -0.000047707 0.001495964 0.999998880
5.212067 -0.053579806 -0.095688358 -0.003443669 -0.000037186 -0.000067087 0.001685493 0.999998577
5.336952 -0.052657583 -0.092007391 -0.003605948 -0.000066660 -0.000048536 0.001653520 0.999998630
5.412040 -0.060696773 -0.103698978 -0.003596923 0.000010214 -0.000041746 0.001839142 0.999998308
5.511942 -0.064569929 -0.104471349 -0.003719480 -0.000005446 -0.000080070 0.001881190 0.999998227
5.611941 -0.068125331 -0.094656887 -0.003755839 -0.000027472 -0.000079633 0.001802446 0.999998372
5.712016 -0.065922175 -0.084597333 -0.004471223 -0.000023163 -0.000118451 0.001742188 0.999998475
5.812041 -0.070006288 -0.078805836 -0.004524949 -0.000015511 -0.000076456 0.001681639 0.999998583
5.912041 -0.062980257 -0.072941458 -0.003925203 -0.000032776 -0.000067702 0.001552752 0.999998792
6.011942 -0.059974891 -0.067378701 -0.004188867 -0.000021131 -0.000037139 0.001498618 0.999998876
6.165098 -0.059713946 -0.069100703 -0.003023431 -0.000039236 -0.000048178 0.001557975 0.999998784
6.212036 -0.060566287 -0.064310637 -0.003865327 -0.000061475 -0.000045172 0.001458191 0.999998934
6.312092 -0.064399532 -0.073615815 -0.003230709 -0.000014810 -0.000045032 0.001584384 0.999998744
6.412141 -0.064492615 -0.061626534 -0.002935919 -0.000058970 -0.000038696 0.001539338 0.999998813
6.512117 -0.060635629 -0.062351533 -0.003596285 -0.000062951 -0.000036827 0.001519202 0.999998843
6.611971 -0.062698433 -0.064996984 -0.003843531 -0.000035177 -0.000062453 0.001534593 0.999998820
6.712090 -0.061575818 -0.065345042 -0.003773326 -0.000034237 -0.000088767 0.001519380 0.999998841
6.811993 -0.062182840 -0.066547866 -0.004529872 -0.000077781 -0.000076764 0.001543170 0.999998803
6.912068 -0.067276676 -0.066865264 -0.004357624 -0.000015687 -0.000089493 0.001586518 0.999998737
7.012066 -0.067161596 -0.069163887 -0.003817333 -0.000036837 -0.000062247 0.001609093 0.999998703
7.112089 -0.072311017 -0.077088796 -0.004400373 -0.000036735 -0.000101253 0.001695207 0.999998557
7.211995 -0.075600943 -0.078579865 -0.003545621 -0.000010948 -0.000086580 0.001715125 0.999998525
7.312141 -0.071980329 -0.080566916 -0.003463902 -0.000023063 -0.000061904 0.001689288 0.999998571
7.411967 -0.077687817 -0.082492530 -0.005502117 -0.000013839 -0.000133554 0.001711878 0.999998526
7.512067 -0.075593659 -0.082459939 -0.003263155 -0.000014375 -0.000050120 0.001741977 0.999998481
