1.439693 0.237181155 -0.018829180 -0.006048324 0.000836595 -0.002772597 -0.000466815 0.999995697
1.512067 0.428068087 -0.024303835 -0.017312870 0.002536345 -0.003840757 -0.000582080 0.999989238
1.636575 1.018000271 -0.024710456 0.006030237 0.003972680 -0.004846236 -0.000370721 0.999980297
1.740617 1.603757049 -0.020073470 0.018166220 0.003734521 -0.004183418 -0.000964656 0.999983811
1.900346 2.538148922 -0.029801960 0.047354554 0.002395303 -0.003868415 -0.000973873 0.999989175
2.000322 3.168155005 -0.015391114 0.052742269 0.002549899 -0.003632846 -0.001371467 0.999989210
2.100246 3.874061450 -0.004375050 0.063301639 0.002529260 -0.004277593 -0.001285760 0.999986826
2.112045 3.997582704 -0.011387626 0.066868303 0.002525131 -0.004030409 -0.001695702 0.999987252
2.212093 4.699230771 -0.009604822 0.077000473 0.004067887 -0.006378515 -0.001858499 0.999969656
2.333537 6.123999778 -5.058707969 0.106418092 0.004756834 -0.006627132 0.049534741 0.998739087
2.434082 6.918686818 -4.986473533 0.128323208 0.004994935 -0.006269737 0.049169951 0.998758258
2.534208 7.550662158 -3.591364363 0.165515737 0.005863496 -0.005864953 0.034529983 0.999369252
2.639843 8.078455956 -0.218233798 0.194726297 0.004617361 -0.006101924 -0.000982243 0.999970240
2.712116 8.792067124 -0.220576217 0.217971843 0.004471257 -0.006858426 -0.000734194 0.999966215
2.812019 9.704839850 0.049622789 0.242329265 0.004037839 -0.009877062 -0.004621667 0.999932388
3.000271 11.591463726 0.024695378 0.315528278 0.002291372 -0.010078385 -0.004854878 0.999934801
3.100246 12.597659023 -0.170397140 0.331464136 0.002467135 -0.009117694 -0.002252955 0.999952851
3.200122 13.597443192 -0.258897857 0.362423986 0.002681432 -0.009029867 -0.001558252 0.999954421
3.212067 13.515692511 -0.004029161 0.363959704 0.003025733 -0.008964087 -0.005798380 0.999938433
3.312117 14.761058436 0.102565893 0.405498853 0.002564748 -0.007601519 -0.008158084 0.999934540
3.412093 15.985666174 -0.057360688 0.445890264 0.002648348 -0.006778181 -0.005413422 0.999958868
3.546698 17.687871896 -0.007799168 0.495605438 0.002754056 -0.007447649 -0.005674917 0.999952370
3.612169 18.389955562 0.001363029 0.506182739 0.002603939 -0.007397159 -0.005851420 0.999952130
3.712067 19.396089954 0.109137648 0.541900544 0.002982814 -0.007155090 -0.007370293 0.999942792
3.844904 20.574372056 -0.326364020 0.591926283 0.002085779 -0.006027857 -0.000593065 0.999979481
3.912114 20.729984313 0.396050684 0.602419091 0.001769247 -0.005700771 -0.012879996 0.999899233
4.039392 21.688312339 0.532201483 0.649597798 0.002127284 -0.005759638 -0.015047370 0.999867930
4.144678 21.258970116 0.354207466 0.690580316 0.000936955 -0.005568161 -0.012295601 0.999908464
4.212019 20.649912483 0.248830984 0.705313208 0.000823216 -0.005620346 -0.010818596 0.999925343
4.312116 21.287454999 -0.171788170 0.742441975 -0.000789376 -0.006652919 -0.002039743 0.999975477
4.412068 22.367150404 -0.170080732 0.770144426 -0.002347958 -0.005843045 -0.001906762 0.999978355
4.510666 21.755398255 -0.095611369 0.804755868 -0.003608138 -0.004644874 -0.003017914 0.999978149
4.610865 21.591817887 0.015483198 0.829155591 -0.004394244 -0.003821191 -0.004946543 0.999970810
4.712015 21.667256411 -0.041986072 0.866507020 -0.005172403 -0.003848609 -0.002908847 0.999974986
4.803847 21.605407505 -0.054739662 0.875987291 -0.006554751 -0.004390856 -0.002478483 0.999965806
4.903894 21.399984429 -0.030965374 0.896760420 -0.006521810 -0.003687128 -0.003980264 0.999964014
5.046947 33.392417051 -0.086358118 0.935311563 -0.006246882 -0.002385747 -0.001032318 0.999977109
5.144704 34.080026385 -0.082914227 0.950061790 -0.005951222 -0.001729805 -0.001363881 0.999979865
5.207230 34.565993054 -0.085378623 0.964176785 -0.005392271 -0.002090941 -0.000890371 0.999982879
5.307380 35.429721100 -0.073497899 0.985733539 -0.004602482 -0.003738600 -0.000058831 0.999982418
5.407678 36.254561176 -0.066773580 1.007620433 -0.004354501 -0.004420716 0.000360286 0.999980683
5.600271 37.781737949 -0.058033412 1.056987488 -0.004624426 -0.004379192 0.000908587 0.999979306
5.644680 37.878774088 -0.076974718 1.047191318 -0.004323822 -0.004143426 -0.000612513 0.999981881
5.744581 38.550834078 -0.070866437 1.071834199 -0.004083699 -0.003228996 0.000732860 0.999986180
5.844732 39.213767425 -0.057130367 1.091696458 -0.003754775 -0.002715578 0.000999068 0.999988765
5.944704 39.879528389 -0.059840458 1.117182995 -0.003622247 -0.002398241 0.001074712 0.999989986
6.044583 40.534860669 -0.051244267 1.133468992 -0.004108784 -0.002138961 0.001115018 0.999988650
6.144531 41.168834837 -0.041284394 1.145336888 -0.004235124 -0.002132314 0.001198738 0.999988040
6.240190 41.760835803 -0.036861655 1.156451309 -0.003908330 -0.001775298 0.001516239 0.999989637
6.337848 42.338784971 -0.034714918 1.172694187 -0.003193404 -0.001173055 0.001463008 0.999993143
6.410763 42.765839919 -0.033082246 1.187069963 -0.002903414 -0.000810729 0.001485049 0.999994354
6.538817 43.543016026 -0.022500228 1.208348627 -0.003283609 -0.001157679 0.001768418 0.999992375
6.639042 44.070706033 -0.020368012 1.219107147 -0.003022403 -0.001025752 0.001554111 0.999993699
6.739191 44.567307414 -0.017921989 1.232929745 -0.002981629 -0.001252918 0.001940101 0.999992888
6.840316 45.055391084 -0.012075525 1.243094948 -0.002981438 -0.001782609 0.001823398 0.999992304
6.944781 45.531565711 -0.006156281 1.250756082 -0.003008396 -0.002209685 0.001955055 0.999991122
7.044607 45.952825897 0.002629377 1.261343340 -0.003067020 -0.001953473 0.002190250 0.999990990
7.144804 46.357541788 0.007698530 1.275793432 -0.002981724 -0.002067126 0.002190741 0.999991018
7.246848 46.755252603 0.012324599 1.284682569 -0.003582262 -0.002299489 0.002301207 0.999988292
7.312018 46.999846441 0.010381103 1.289354828 -0.003451261 -0.002091812 0.002222016 0.999989388
7.446722 47.515135806 0.019611428 1.303437219 -0.003721191 -0.002045147 0.002572047 0.999987677
7.544728 47.797698861 0.028608561 1.309716224 -0.003667542 -0.001927812 0.002605041 0.999988023
7.646770 48.097236117 0.035119447 1.315989063 -0.003715864 -0.001553422 0.002523967 0.999988704
7.744826 48.338173651 0.032927996 1.320878311 -0.003786759 -0.001388554 0.002485621 0.999988777
7.844603 48.586752776 0.034353259 1.325223465 -0.003825967 -0.001508643 0.002631862 0.999988080
7.947096 48.814472869 0.047643280 1.330225599 -0.003628981 -0.001471059 0.002562502 0.999989050
8.044951 49.010004225 0.050207938 1.334222523 -0.003439917 -0.001267238 0.002643359 0.999989787
8.144703 49.200454140 0.051882265 1.338481536 -0.003262191 -0.001056493 0.002645120 0.999990623
8.244603 49.362336600 0.051648763 1.346751273 -0.003183792 -0.000903346 0.002502326 0.999991393
8.346797 49.501442364 0.051820877 1.349998454 -0.003452901 -0.000829158 0.002677766 0.999990110
8.444654 49.619549849 0.050753933 1.352505453 -0.003565052 -0.000745252 0.002543947 0.999990132
8.544926 49.725836750 0.050347847 1.354526674 -0.003550620 -0.000835110 0.002628949 0.999989892
8.644604 49.825769972 0.051259175 1.358158508 -0.003257481 -0.001037551 0.002601653 0.999990772
8.712068 49.875230683 0.056050377 1.357403477 -0.003276564 -0.001069985 0.002514389 0.999990899
8.846774 49.984510959 0.065749584 1.359873003 -0.003582626 -0.001542595 0.002645631 0.999988893
8.947167 50.027746409 0.068914295 1.359295652 -0.003554685 -0.001533626 0.002622121 0.999989068
9.047822 50.064840175 0.066485698 1.360516671 -0.003512805 -0.001533530 0.002565051 0.999989364
9.112114 50.089097920 0.068020537 1.359842688 -0.003565002 -0.001413878 0.002379543 0.999989815
9.247070 50.135445332 0.066688916 1.361740530 -0.003542379 -0.001678029 0.002754363 0.999988525
9.344951 50.134368948 0.061993000 1.361384389 -0.003520893 -0.001304889 0.002473293 0.999989892
9.444628 50.127583931 0.056190460 1.365904488 -0.003502251 -0.001761352 0.002648130 0.999988810
9.512042 50.116809513 0.058097361 1.366423730 -0.003496555 -0.002734492 0.002504060 0.999987013
9.612093 50.114176866 0.059108542 1.366135495 -0.003524837 -0.003620914 0.002370099 0.999984423
9.712066 50.121738210 0.056122721 1.363938347 -0.003519177 -0.003515075 0.002480958 0.999984552
9.812043 50.119797309 0.058145743 1.364924847 -0.003532490 -0.003574543 0.002601280 0.999983989
9.912120 50.103939995 0.060649309 1.364798768 -0.003540088 -0.003555794 0.002466681 0.999984370
10.012171 50.096238295 0.069105150 1.363399059 -0.003564115 -0.003435924 0.002511447 0.999984592
10.112018 50.097463947 0.064358433 1.364789586 -0.003572774 -0.003516423 0.002628330 0.999983981
10.212040 50.096829072 0.066451157 1.364621521 -0.003537144 -0.003435941 0.002606946 0.999984443
10.312041 50.101017620 0.062886045 1.363597075 -0.003515015 -0.003536742 0.002529956 0.999984368
10.412067 50.104244229 0.064073351 1.364861988 -0.003524246 -0.003476978 0.002515362 0.999984582
10.512067 50.104033897 0.061614175 1.364388566 -0.003524655 -0.003466637 0.002549003 0.999984531
10.612017 50.114208137 0.063018434 1.364736384 -0.003524239 -0.003404993 0.002654302 0.999984470
10.712116 50.116651905 0.060834495 1.364017470 -0.003549388 -0.003419980 0.002419698 0.999984925
10.812117 50.111536795 0.062325774 1.364787340 -0.003533809 -0.003455261 0.002643297 0.999984293
10.946747 50.119172234 0.067443034 1.364955624 -0.003588863 -0.003562423 0.002679814 0.999983624
11.012069 50.112649919 0.068523108 1.363915055 -0.003491093 -0.003332780 0.002499916 0.999985228
11.112045 50.104904151 0.068882262 1.363763670 -0.003533974 -0.003615004 0.002513821 0.999984062
11.212018 50.107741136 0.066279175 1.363941730 -0.003598660 -0.003447232 0.002497458 0.999984464
11.312068 50.120108982 0.067668720 1.365858428 -0.003518920 -0.003429195 0.002711233 0.999984253
11.412117 50.118393815 0.067622620 1.364865867 -0.003534786 -0.003521286 0.002570808 0.999984248
11.512017 50.130342523 0.064466478 1.364192908 -0.003636047 -0.003614897 0.002725055 0.999983143
11.612118 50.129135424 0.066015619 1.365159301 -0.003525880 -0.003539386 0.002606335 0.999984124
11.712067 50.127382752 0.066155653 1.364178153 -0.003513428 -0.003470036 0.002523061 0.999984624
11.812069 50.125863825 0.066952163 1.364403359 -0.003586205 -0.003570340 0.002673336 0.999983622
11.912065 50.106568898 0.068992893 1.363688713 -0.003544498 -0.003678734 0.002652873 0.999983433
12.012166 50.100433558 0.075670380 1.362596189 -0.003508125 -0.003631206 0.002505848 0.999984114
12.112119 50.105876892 0.066836226 1.363770835 -0.003594815 -0.003590256 0.002518846 0.999983921
12.212069 50.121427978 0.071002712 1.363894248 -0.003630042 -0.003597466 0.002668058 0.999983381
12.312018 50.121419070 0.066410683 1.362812227 -0.003627439 -0.003572856 0.002585799 0.999983695
12.440670 50.121730253 0.069413183 1.364497829 -0.003611467 -0.003623452 0.002602110 0.999983528
12.512017 14.002096434 -0.056157145 1.363438630 -0.003517235 -0.003461561 -0.004555527 0.999977447
12.612016 14.013048197 -0.011391070 1.365151830 -0.003609236 -0.003415198 -0.005612687 0.999971903
12.712094 14.031278515 -0.030775201 1.363680345 -0.003671737 -0.003469264 -0.005420980 0.999972547
12.812042 14.024094524 -0.031317062 1.364668894 -0.003593576 -0.003437867 -0.005532182 0.999972331
12.912169 14.017257326 -0.027890699 1.365297899 -0.003625711 -0.003433074 -0.005500910 0.999972404
13.012046 14.023288585 -0.026255712 1.365020936 -0.003571060 -0.003477060 -0.005534649 0.999972262
13.112119 14.028317245 -0.062362274 1.365832861 -0.003629025 -0.003453418 -0.004801150 0.999975926
13.212020 14.043894537 -0.065659914 1.365779601 -0.003659432 -0.003435380 -0.004618364 0.999976738
13.312017 14.051322423 -0.055270402 1.364920002 -0.003631495 -0.003428810 -0.004817046 0.999975925
13.412016 14.044350960 -0.031100472 1.365351105 -0.003626766 -0.003421811 -0.005398477 0.999972997
13.512067 14.040641512 -0.029832630 1.365244680 -0.003582261 -0.003433875 -0.005402482 0.999973094
13.612143 14.041112015 -0.031839985 1.366128633 -0.003616698 -0.003446758 -0.005443851 0.999972702
13.712164 14.019647332 -0.030149618 1.364311884 -0.003603335 -0.003552769 -0.005439860 0.999972400
13.812167 14.021242791 -0.032387105 1.366380967 -0.003607966 -0.003447491 -0.005371640 0.999973121
13.912018 14.023428345 -0.036387051 1.365053356 -0.003618061 -0.003439903 -0.005451962 0.999972676
14.012092 14.009675748 -0.043066971 1.365340353 -0.003580829 -0.003454783 -0.005226881 0.999973961
14.112117 13.994078093 -0.043868657 1.364258769 -0.003597264 -0.003464387 -0.005124936 0.999974396
14.212069 14.000609298 -0.049258796 1.364469102 -0.003556691 -0.003417218 -0.004804767 0.999976293
14.311971 50.132081385 0.067834904 1.364939194 -0.003610130 -0.003461678 0.002820498 0.999983514
14.412069 50.126064857 0.077915145 1.364856816 -0.003619995 -0.003486082 0.002251069 0.999984838
14.512093 50.123808453 0.058633852 1.364393693 -0.003607079 -0.003468302 0.002449217 0.999984480
14.612070 50.123199976 0.074635256 1.364729295 -0.003600961 -0.003498413 0.001813240 0.999985753
14.712017 50.128909395 0.066281143 1.364089931 -0.003654537 -0.003486701 0.002084355 0.999985071
14.812015 50.146457592 0.073620858 1.364075427 -0.003647178 -0.003562096 0.002060502 0.999984882
14.912116 50.147006703 0.071464475 1.365612678 -0.003603919 -0.003485040 0.001940527 0.999985550
15.011971 50.141898120 0.076499828 1.363510690 -0.003681883 -0.003497943 0.002131988 0.999984831
15.112141 50.140840477 0.052940756 1.364452195 -0.003634585 -0.003462076 0.002526728 0.999984210
15.211998 50.139816338 0.045253765 1.364063123 -0.003592242 -0.003489598 0.002703776 0.999983804
15.312042 50.137851201 0.054070101 1.364950072 -0.003596322 -0.003494288 0.002700424 0.999983782
15.412068 50.137191758 0.034538584 1.365919557 -0.003519532 -0.003496435 0.003243145 0.999982435
15.512072 50.118407111 0.037106521 1.365433212 -0.003608871 -0.003478753 0.002969227 0.999983029
15.612065 50.102333618 0.014421812 1.365024029 -0.003571987 -0.003487323 0.003428623 0.999981662
15.712119 50.111575065 0.032671312 1.364011452 -0.003577858 -0.003490824 0.002930544 0.999983212
15.812167 50.128120599 0.056448286 1.365012517 -0.003587740 -0.003513492 0.002701459 0.999983743
15.912018 50.115501074 0.063294733 1.364532079 -0.003609601 -0.003504788 0.002267481 0.999984773
16.012166 50.124295220 0.067544103 1.364147018 -0.003592553 -0.003517659 0.002448715 0.999984362
16.146773 50.140371316 0.069032432 1.367143108 -0.003613529 -0.003605940 0.002331965 0.999984251
16.212017 50.127080169 0.061148159 1.364524518 -0.003520707 -0.003382726 0.002567537 0.999984785
16.312167 50.132207585 0.059258572 1.365572109 -0.003616407 -0.003487985 0.002671466 0.999983809
16.412170 50.135915359 0.063295837 1.365852285 -0.003609729 -0.003485265 0.002685571 0.999983805
16.512169 50.133329303 0.062087068 1.365122130 -0.003562903 -0.003501885 0.002648730 0.999984013
16.612069 50.141805414 0.063052477 1.365866091 -0.003617887 -0.003507514 0.002690535 0.999983684
16.712114 50.130848232 0.066263606 1.364313785 -0.003567631 -0.003460756 0.002631728 0.999984184
16.812020 50.118695304 0.066225185 1.364255654 -0.003609439 -0.003472000 0.002531283 0.999984255
16.912020 50.130253775 0.070120312 1.365171063 -0.003605716 -0.003467855 0.002729450 0.999983761
17.012118 50.132449993 0.076827737 1.364629690 -0.003589788 -0.003494779 0.002703924 0.999983794
17.112042 50.135628659 0.071811613 1.365296221 -0.003596029 -0.003507960 0.002659031 0.999983846
17.212070 50.134569544 0.068101427 1.364730175 -0.003562657 -0.003513704 0.002683472 0.999983880
17.312119 50.142225852 0.061539932 1.365470886 -0.003565019 -0.003490796 0.002581059 0.999984221
17.412120 50.133860722 0.060648861 1.366317411 -0.003583937 -0.003485523 0.002687580 0.999983892
17.512142 50.132654778 0.061472987 1.364524175 -0.003583146 -0.003478959 0.002628223 0.999984075
17.612065 50.132930533 0.060444318 1.365640325 -0.003594517 -0.003485754 0.002612517 0.999984052
17.712067 50.142932682 0.063813939 1.365185464 -0.003628382 -0.003502881 0.002579889 0.999983954
17.812067 50.143746266 0.063112280 1.365777222 -0.003586301 -0.003518175 0.002628829 0.999983925
17.912068 50.142349827 0.063416529 1.364966964 -0.003652159 -0.003474424 0.002684579 0.999983691
18.046899 50.147564470 0.066569966 1.365821908 -0.003604045 -0.003624553 0.002627028 0.999983486
18.146772 50.147503088 0.063767664 1.366141797 -0.003529742 -0.003490307 0.002685653 0.999984073
18.212090 50.146940610 0.059191919 1.365560773 -0.003620333 -0.003356068 0.002708666 0.999984146
18.312071 50.153140007 0.059072390 1.366034808 -0.003528900 -0.003495212 0.002679060 0.999984076
18.412069 50.151775523 0.064381004 1.366371077 -0.003558368 -0.003494923 0.002689147 0.999983946
18.512164 50.146928118 0.067101205 1.363893909 -0.003617949 -0.003477372 0.002566897 0.999984115
18.612115 50.147907076 0.064018212 1.365608367 -0.003621705 -0.003486139 0.002734689 0.999983626
18.712115 50.151811806 0.066103507 1.363463954 -0.003696342 -0.003387625 0.002639506 0.999983947
18.812044 50.150072565 0.066075352 1.366027536 -0.003557830 -0.003488954 0.002677050 0.999984001
18.912168 50.157028296 0.065221526 1.364775451 -0.003634247 -0.003425435 0.002821007 0.999983550
19.012017 50.151245593 0.063844574 1.365179479 -0.003610864 -0.003510805 0.002750884 0.999983534
19.112120 50.138046063 0.059111821 1.364059218 -0.003650727 -0.003402878 0.002709186 0.999983876
19.212119 50.135013463 0.057969803 1.365060567 -0.003635063 -0.003506435 0.002686735 0.999983636
19.312020 50.139137581 0.065274179 1.365126463 -0.003587490 -0.003513364 0.002617428 0.999983968
19.412118 50.142139455 0.058189525 1.366220041 -0.003597482 -0.003502911 0.002703427 0.999983739
19.512117 50.138776111 0.059893983 1.364872643 -0.003599390 -0.003527896 0.002650390 0.999983787
19.612115 50.145256901 0.059487403 1.365669982 -0.003599991 -0.003527869 0.002624872 0.999983852
19.712068 50.145443069 0.063238889 1.365540384 -0.003638140 -0.003504978 0.002572035 0.999983932
19.812019 50.144348778 0.063913589 1.365081702 -0.003610582 -0.003495988 0.002580766 0.999984041
19.912116 50.139909169 0.064462818 1.365238894 -0.003660721 -0.003513808 0.002689327 0.999983510
20.012093 50.132171747 0.064716803 1.365292281 -0.003629022 -0.003466990 0.002654643 0.999983881
20.112017 50.131265724 0.065773520 1.365887673 -0.003578304 -0.003463247 0.002710104 0.999983928
20.212092 50.129086107 0.067023614 1.365352213 -0.003565732 -0.003528953 0.002604384 0.999984024
20.311995 50.128348806 0.064846440 1.364625359 -0.003603153 -0.003510993 0.002668389 0.999983785
20.412168 50.120476427 0.063597084 1.364712693 -0.003592686 -0.003480740 0.002702239 0.999983837
20.511994 50.129830660 0.060801985 1.364581847 -0.003609880 -0.003461900 0.002668490 0.999983931
20.612017 50.131756302 0.058430787 1.364288044 -0.003656321 -0.003506616 0.002628251 0.999983713
20.712170 50.134895423 0.060761766 1.365357311 -0.003631266 -0.003469748 0.002808021 0.999983445
20.812019 50.131668379 0.060053702 1.364785069 -0.003645597 -0.003489571 0.002617186 0.999983841
20.912168 50.145030333 0.061081997 1.365045593 -0.003607350 -0.003507029 0.002631779 0.999983881
21.012118 50.149758614 0.062761440 1.365052982 -0.003615971 -0.003481870 0.002682111 0.999983804
21.112071 50.143825300 0.060882052 1.365805965 -0.003650906 -0.003477400 0.002633520 0.999983821
21.212164 50.142968694 0.067683785 1.364879192 -0.003555268 -0.003506831 0.002735696 0.999983789
21.312018 50.142521365 0.065100962 1.364746465 -0.003622151 -0.003500252 0.002639595 0.999983830
21.412064 50.135909090 0.060930891 1.363031011 -0.003621085 -0.003429566 0.002572781 0.999984253
21.512093 50.140223320 0.090547537 1.365520610 -0.003610083 -0.003493529 0.001188703 0.999986675
21.612069 50.155228183 0.088737492 1.364715013 -0.003632572 -0.003489331 0.001675773 0.999985910
21.712117 50.132782931 0.104726960 1.365857057 -0.003597424 -0.003501108 0.001261271 0.999986605
21.812093 50.119460906 0.070984254 1.364720617 -0.003630928 -0.003515341 0.002021738 0.999985186
21.912114 50.121663728 0.071938619 1.365227129 -0.003591691 -0.003497396 0.002126154 0.999985174
22.012115 50.133411418 0.093406634 1.365755748 -0.003628413 -0.003499465 0.001212236 0.999986559
22.112164 50.129645731 0.077376268 1.365817685 -0.003532387 -0.003511595 0.001633437 0.999986261
22.212143 50.140534908 0.085722545 1.366654170 -0.003582140 -0.003536698 0.001268769 0.999986525
22.312166 50.132253148 0.096362350 1.365701407 -0.003576839 -0.003504933 0.000962060 0.999986998
22.412067 50.128122258 0.094792080 1.365669893 -0.003646253 -0.003483021 0.001046969 0.999986739
22.512139 50.123982935 0.090527543 1.365707488 -0.003595049 -0.003496131 0.001004084 0.999986922
22.612169 50.120970394 0.088115336 1.365828611 -0.003541848 -0.003531840 0.001298473 0.999986648
22.712018 50.117663999 0.079669945 1.365237315 -0.003614312 -0.003487600 0.001580220 0.999986138
22.812042 50.121052305 0.080870359 1.365885375 -0.003600231 -0.003495874 0.001615571 0.999986103
22.912017 50.136560033 0.092106091 1.365712529 -0.003634733 -0.003495091 0.001078394 0.999986705
23.012018 50.147078070 0.101763085 1.366174418 -0.003601710 -0.003517047 0.000897356 0.999986926
23.147848 50.144252604 0.087933231 1.365941781 -0.003597549 -0.003599594 0.001285064 0.999986224
23.212044 50.135759722 0.078479560 1.365498363 -0.003529949 -0.003435396 0.001392949 0.999986899
23.312068 50.132464576 0.076732681 1.364638566 -0.003587454 -0.003513819 0.001608908 0.999986097
23.412166 50.130504613 0.064304330 1.365297066 -0.003628696 -0.003518551 0.001730247 0.999985729
23.512119 50.130972040 0.064723518 1.365416220 -0.003636653 -0.003523396 0.001723354 0.999985695
23.612042 50.138474721 0.065927524 1.364607580 -0.003610691 -0.003504349 0.001523598 0.999986180
23.712019 50.149475343 0.070509005 1.366134993 -0.003575184 -0.003507834 0.001383746 0.999986499
23.812066 50.147460255 0.063536964 1.364979375 -0.003649207 -0.003528584 0.001495503 0.999985998
23.912166 50.149595775 0.067236970 1.365946190 -0.003597924 -0.003523717 0.001418741 0.999986313
24.012164 50.141790356 0.062692973 1.365288072 -0.003598940 -0.003483596 0.001728925 0.999985961
24.112119 50.155979698 0.068994321 1.365767602 -0.003579710 -0.003516965 0.001520925 0.999986252
24.212041 50.162239180 0.075733875 1.365964642 -0.003641369 -0.003498075 0.001460279 0.999986186
24.312021 50.164827722 0.074184350 1.366034198 -0.003567860 -0.003499113 0.001564151 0.999986290
24.412118 50.169835208 0.071771114 1.365994478 -0.003573203 -0.003522031 0.001706936 0.999985957
24.512042 50.173190862 0.075245210 1.366645074 -0.003611025 -0.003556494 0.001610381 0.999985859
24.612116 50.172423364 0.078480369 1.365639585 -0.003640298 -0.003512086 0.001408263 0.999986215
24.712117 50.175549934 0.087695289 1.366649919 -0.003575110 -0.003495950 0.001059146 0.999986937
24.812071 50.167070722 0.091387906 1.365020366 -0.003629895 -0.003503525 0.000854473 0.999986909
24.912094 50.164107145 0.092071866 1.365650051 -0.003594479 -0.003520946 0.001022359 0.999986819
25.012017 50.167120455 0.094329856 1.365220347 -0.003623646 -0.003529054 0.000869122 0.999986830
25.112169 50.175350483 0.091290175 1.365971998 -0.003580928 -0.003539179 0.000600815 0.999987145
25.212019 50.178281396 0.087971447 1.366227458 -0.003622847 -0.003505406 0.000939191 0.999986852
25.312069 50.169639761 0.084233204 1.365767129 -0.003614426 -0.003489222 0.001138727 0.999986732
25.412142 50.168600881 0.081284636 1.365937358 -0.003583521 -0.003509149 0.001230837 0.999986665
25.546849 50.174813711 0.087824668 1.366499169 -0.003621800 -0.003626689 0.001346314 0.999985958
25.612167 50.172634845 0.078554606 1.364756793 -0.003536972 -0.003465828 0.001418856 0.999986732
25.712143 50.166625356 0.071617256 1.365657990 -0.003539899 -0.003534372 0.001741753 0.999985972
25.812065 50.180315360 0.078667923 1.365752842 -0.003600151 -0.003527726 0.001838853 0.999985606
25.947797 50.171658789 0.076603668 1.366107752 -0.003582358 -0.003627931 0.001758923 0.999985455
26.012067 50.155034836 0.068892679 1.365337315 -0.003599248 -0.003461192 0.001814194 0.999985887
26.112017 50.157015510 0.068540146 1.365991973 -0.003592171 -0.003529396 0.001902574 0.999985510
26.212117 50.158582609 0.068569873 1.365202300 -0.003572646 -0.003520616 0.001929279 0.999985560
26.312118 50.168401559 0.066342545 1.366921936 -0.003596298 -0.003525360 0.001901241 0.999985512
26.412019 50.163473742 0.069019356 1.365969296 -0.003559198 -0.003482462 0.001871655 0.999985851
26.512120 50.162550894 0.077397858 1.365808764 -0.003627540 -0.003528779 0.001427158 0.999986176
26.646849 50.160855985 0.078507058 1.364950971 -0.003602303 -0.003611934 0.001363690 0.999986059
26.712042 50.168327173 0.088056737 1.365731790 -0.003555621 -0.003435019 0.001179081 0.999987084
26.812095 50.163577840 0.083224792 1.365802170 -0.003644014 -0.003526859 0.001236694 0.999986376
26.912042 50.165118763 0.091193671 1.364832797 -0.003629322 -0.003506055 0.001135013 0.999986624
27.012167 50.160590013 0.088927851 1.365906735 -0.003567645 -0.003548623 0.001114297 0.999986719
27.112093 50.151047046 0.079749676 1.365544682 -0.003566251 -0.003517800 0.001408487 0.999986461
27.212067 50.153777298 0.078427910 1.366045583 -0.003623138 -0.003537587 0.001521517 0.999986022
27.312167 50.144932208 0.074143993 1.365536188 -0.003594089 -0.003530151 0.001592322 0.999986042
27.412118 50.149433268 0.072949667 1.365124819 -0.003575256 -0.003538525 0.001549199 0.999986148
27.511992 50.155620507 0.074561032 1.365455915 -0.003613181 -0.003539878 0.001971744 0.999985263
27.612167 50.156453354 0.070249231 1.365679084 -0.003627640 -0.003510098 0.001905449 0.999985444
27.712142 50.155582007 0.060268642 1.365901921 -0.003575211 -0.003533485 0.002206208 0.999984932
27.812115 50.153018493 0.059288048 1.365644800 -0.003622296 -0.003542680 0.002162682 0.999984825
27.912166 50.147869935 0.068297036 1.365308281 -0.003571148 -0.003505784 0.001998018 0.999985482
28.012117 50.149353616 0.068433618 1.365052409 -0.003620470 -0.003541633 0.002105208 0.999984958
28.146773 50.160489626 0.065598726 1.365582216 -0.003714749 -0.003582577 0.002015848 0.999984651
28.211995 50.155282080 0.064385485 1.365552303 -0.003664211 -0.003419394 0.002104007 0.999985227
28.312118 50.163555910 0.066906425 1.366516358 -0.003563097 -0.003551181 0.002115983 0.999985108
28.412017 50.153537082 0.067565785 1.365016706 -0.003566555 -0.003524068 0.002096562 0.999985232
28.512018 50.159579520 0.072453370 1.366289446 -0.003615885 -0.003581149 0.002223212 0.999984579
28.612043 50.165889373 0.068673431 1.366603205 -0.003638040 -0.003517472 0.002011521 0.999985173
28.712169 50.163517055 0.073368808 1.365939270 -0.003643592 -0.003503223 0.002025211 0.999985175
28.812096 50.173840202 0.086652163 1.366355843 -0.003611654 -0.003562616 0.001658247 0.999985757
28.912117 50.174551471 0.083597254 1.366916431 -0.003611718 -0.003532149 0.001634718 0.999985903
29.012065 50.171432707 0.085435529 1.364469491 -0.003736013 -0.003435537 0.001456379 0.999986059
29.112018 50.169290300 0.095044965 1.365158571 -0.003639943 -0.003503267 0.000860762 0.999986868
29.212018 50.174435125 0.097940630 1.365901940 -0.003613607 -0.003533452 0.000809288 0.999986901
29.312169 50.169473678 0.088560310 1.365912988 -0.003661836 -0.003515593 0.001267129 0.999986313
29.412117 50.160820044 0.085096127 1.364774777 -0.003597661 -0.003535271 0.001285357 0.999986453
29.512067 50.160388932 0.085288243 1.365606328 -0.003626561 -0.003538257 0.001299318 0.999986320
29.612140 50.161993628 0.085759784 1.365850858 -0.003599105 -0.003557154 0.001531940 0.999986023
29.712116 50.154124304 0.078450712 1.365488974 -0.003604546 -0.003544437 0.001728020 0.999985729
29.812168 50.150970416 0.068541560 1.366604774 -0.003618301 -0.003530207 0.002206770 0.999984788
29.912043 50.143797551 0.064552624 1.365272557 -0.003650078 -0.003537764 0.002335483 0.999984353
30.012021 50.139402256 0.063490655 1.365763590 -0.003637644 -0.003532732 0.002367530 0.999984341
30.112092 50.141881494 0.071738094 1.365362135 -0.003607869 -0.003542087 0.002370014 0.999984410
30.212116 50.135805873 0.067063389 1.365750044 -0.003613635 -0.003539633 0.002528037 0.999984011
30.312170 50.135752486 0.059656664 1.366116811 -0.003610482 -0.003549542 0.002539584 0.999983958
30.412066 50.139850990 0.067222259 1.365620808 -0.003630318 -0.003558602 0.002362320 0.999984288
30.512015 50.138467714 0.064078615 1.366671252 -0.003575252 -0.003535249 0.002368020 0.999984556
30.612092 50.128484808 0.054507068 1.365584915 -0.003561538 -0.003554565 0.002709589 0.999983669
30.712067 50.130301030 0.057927730 1.365664969 -0.003649830 -0.003544147 0.002671506 0.999983490
30.812092 50.137078813 0.060547742 1.366068303 -0.003591336 -0.003516447 0.002469350 0.999984319
30.912019 50.139748262 0.057478555 1.366241721 -0.003629680 -0.003552373 0.002545084 0.999983864
31.012046 50.126417907 0.047773735 1.366224342 -0.003528051 -0.003537479 0.002550429 0.999984267
31.112069 50.131932944 0.063111405 1.366093718 -0.003618869 -0.003529038 0.002380115 0.999984392
31.212147 50.132072190 0.060493235 1.365904678 -0.003615049 -0.003553642 0.002410007 0.999984247
31.312167 50.134750926 0.069676906 1.365462169 -0.003633420 -0.003514796 0.002268399 0.999984649
31.412170 50.143153836 0.083692044 1.365979761 -0.003619404 -0.003554199 0.001916272 0.999985298
31.512018 50.143018481 0.088760785 1.366321537 -0.003569989 -0.003524533 0.001615908 0.999986111
31.612115 50.139183693 0.091700235 1.365586984 -0.003599809 -0.003540349 0.001606611 0.999985963
31.712069 50.147606864 0.093740887 1.367140813 -0.003562103 -0.003526843 0.001434110 0.999986408
31.812165 50.147108302 0.101928448 1.366614243 -0.003609347 -0.003530770 0.001255858 0.999986464
31.912166 50.135397747 0.095400497 1.365747011 -0.003606545 -0.003533293 0.001513373 0.999986109
32.012117 50.135741797 0.103135982 1.366340454 -0.003580732 -0.003527001 0.001249296 0.999986589
32.112116 50.125657986 0.091783583 1.366158215 -0.003611016 -0.003534407 0.001331841 0.999986347
32.212015 50.131003841 0.092284874 1.365540516 -0.003629620 -0.003534839 0.001613855 0.999985863
32.312019 50.119506351 0.090205029 1.366200143 -0.003613518 -0.003557037 0.001706354 0.999985689
32.412119 50.123652640 0.084117914 1.366902516 -0.003615120 -0.003550006 0.001822468 0.999985503
32.512169 50.110878730 0.055098018 1.364888851 -0.003663869 -0.003480762 0.002216461 0.999984774
32.612117 50.113988631 0.061350565 1.366420314 -0.003629807 -0.003535314 0.002129794 0.999984895
32.712022 50.109887425 0.065357026 1.365278306 -0.003577919 -0.003560555 0.002163863 0.999984919
32.812194 50.116332727 0.061609213 1.364550584 -0.003721308 -0.003485807 0.002239489 0.999984493
32.912089 50.119546673 0.064207752 1.365309237 -0.003694200 -0.003501010 0.002074712 0.999984896
33.012119 50.115764001 0.066102818 1.364888678 -0.003633000 -0.003522468 0.002117918 0.999984954
33.112019 50.121193936 0.069353641 1.364238552 -0.003722950 -0.003494684 0.001987376 0.999984988
33.212017 50.125447788 0.070658289 1.361692002 -0.003724017 -0.003420937 0.002031129 0.999985152
33.346874 50.123394004 0.076308890 1.365447637 -0.003671673 -0.003605345 0.001910555 0.999984935
33.412168 50.125921026 0.075765137 1.364011283 -0.003605510 -0.003499292 0.001765326 0.999985819
33.512115 50.116402760 0.054480454 1.365053692 -0.003620696 -0.003562604 0.002209240 0.999984659
33.612043 50.109738183 0.051077152 1.364963359 -0.003617598 -0.003553437 0.002160737 0.999984809
33.712068 50.097383559 0.042279315 1.363786601 -0.003704438 -0.003487917 0.002362083 0.999984266
33.812069 50.095267125 0.036282667 1.363471619 -0.003673606 -0.003477413 0.002414133 0.999984292
33.912019 50.088500820 0.033006898 1.363388857 -0.003617316 -0.003536288 0.002431527 0.999984249
34.012118 50.084319803 0.027510086 1.363039476 -0.003653865 -0.003509956 0.002586114 0.999983821
34.147070 50.083606274 0.025431250 1.364688421 -0.003655331 -0.003581347 0.002518028 0.999983736
34.212043 50.089885655 0.028607513 1.363226069 -0.003650373 -0.003455799 0.002541906 0.999984135
34.312017 50.099096558 0.026287634 1.360666972 -0.003834547 -0.003451156 0.002775930 0.999982840
34.412019 50.101616842 0.025316265 1.365370390 -0.003591501 -0.003534385 0.002814997 0.999983342
34.512068 50.105866787 0.019276267 1.362941628 -0.003603874 -0.003498215 0.002978564 0.999982951
34.612092 50.107695683 0.016589106 1.363786194 -0.003649385 -0.003456236 0.003281399 0.999981984
34.712043 50.110614022 0.019009065 1.365333109 -0.003559790 -0.003556672 0.003249275 0.999982060
34.812018 50.111565640 0.031534273 1.365625028 -0.003609764 -0.003571260 0.003113416 0.999982261
34.912167 50.107068410 0.026935828 1.363746478 -0.003717647 -0.003563679 0.003140445 0.999981808
35.012167 50.113435416 0.037922204 1.364568108 -0.003683931 -0.003539475 0.003008413 0.999982425
35.111994 50.130569001 0.049909719 1.364621062 -0.003687688 -0.003570140 0.002492277 0.999983722
35.212068 50.127411511 0.050828335 1.364527543 -0.003689605 -0.003534217 0.002484833 0.999983861
35.312042 50.127363729 0.061384692 1.364376349 -0.003682236 -0.003539822 0.002274611 0.999984368
35.412019 50.131659518 0.057700415 1.365046801 -0.003589860 -0.003555364 0.002328871 0.999984524
35.512118 50.133332839 0.062704034 1.365174877 -0.003607435 -0.003577484 0.002303979 0.999984440
35.612141 50.134107017 0.053956103 1.366456819 -0.003592361 -0.003563933 0.002361684 0.999984408
35.712118 50.135519318 0.065547275 1.365704440 -0.003618260 -0.003563079 0.002048941 0.999985007
35.812067 50.143299104 0.073161532 1.365819996 -0.003570787 -0.003571782 0.001602834 0.999985961
35.912046 50.156044626 0.083524220 1.366316771 -0.003680121 -0.003588577 0.001523457 0.999985629
36.011994 50.153588025 0.089613568 1.365772054 -0.003602038 -0.003574171 0.000849389 0.999986764
36.112015 50.167518016 0.095791732 1.367453103 -0.003585423 -0.003589882 0.000831271 0.999986783
36.212020 50.171449291 0.099682240 1.366771133 -0.003652964 -0.003569274 0.000802695 0.999986636
36.312118 50.172806332 0.109868857 1.365167710 -0.003661921 -0.003555688 0.000478843 0.999986859
36.412018 50.179518918 0.114476120 1.365218039 -0.003666769 -0.003579129 0.000258073 0.999986839
36.512044 50.198892751 0.120029961 1.366060103 -0.003604688 -0.003566939 0.000181328 0.999987125
36.612115 50.191605420 0.117591878 1.366669801 -0.003650021 -0.003551760 0.000100822 0.999987026
36.712065 50.191888482 0.122934348 1.366351348 -0.003602314 -0.003543718 -0.000131880 0.999987224
36.812116 50.185163175 0.110485057 1.366034514 -0.003562710 -0.003563910 0.000456832 0.999987198
36.912117 50.185215331 0.110559939 1.366295490 -0.003657026 -0.003557067 0.000357602 0.999986923
37.012017 50.192882250 0.126705371 1.365868013 -0.003670192 -0.003577261 0.000085193 0.999986863
37.146750 50.194144983 0.127569531 1.365214233 -0.003615672 -0.003615891 0.000089590 0.999986922
37.212120 50.194860946 0.126509666 1.365211762 -0.003615944 -0.003532172 0.000046922 0.999987223
37.312165 50.202321613 0.123221380 1.366351061 -0.003563821 -0.003551661 0.000254339 0.999987310
