1.439693 0.237181 -0.018829 -0.006048 0.000837 -0.002773 -0.000467 0.999996
1.512067 0.428068 -0.024304 -0.017313 0.002536 -0.003841 -0.000582 0.999989
1.636575 1.018000 -0.024710 0.006030 0.003973 -0.004846 -0.000371 0.999980
1.740617 1.603757 -0.020073 0.018166 0.003735 -0.004183 -0.000965 0.999984
1.900346 2.538149 -0.029802 0.047355 0.002395 -0.003868 -0.000974 0.999989
2.000322 3.168155 -0.015391 0.052742 0.002550 -0.003633 -0.001371 0.999989
2.100246 3.874061 -0.004375 0.063302 0.002529 -0.004278 -0.001286 0.999987
2.112045 3.997583 -0.011388 0.066868 0.002525 -0.004030 -0.001696 0.999987
2.212093 4.699231 -0.009605 0.077000 0.004068 -0.006379 -0.001858 0.999970
2.333537 5.641952 -0.019124 0.106418 0.004407 -0.006865 -0.002300 0.999964
2.434082 6.440594 -0.019522 0.128323 0.004663 -0.006520 -0.002666 0.999964
2.534208 7.320467 -0.041301 0.165516 0.005638 -0.006082 -0.003227 0.999960
2.639843 8.299951 -0.040526 0.194726 0.004604 -0.006112 -0.003104 0.999966
2.712116 9.013562 -0.042868 0.217972 0.004457 -0.006868 -0.002856 0.999962
2.812019 10.051155 -0.047712 0.242329 0.004048 -0.009873 -0.003630 0.999936
3.000271 11.966598 -0.051963 0.315528 0.002299 -0.010077 -0.004090 0.999938
3.100246 12.904086 -0.038466 0.331464 0.002452 -0.009122 -0.003953 0.999948
3.200122 13.866841 -0.047154 0.362424 0.002656 -0.009037 -0.004385 0.999946
3.212067 13.990299 -0.050299 0.363960 0.003033 -0.008962 -0.005015 0.999943
3.312117 15.134551 -0.050036 0.405499 0.002583 -0.007595 -0.005743 0.999951
3.412093 16.251116 -0.069425 0.445890 0.002650 -0.006778 -0.005163 0.999960
3.546698 17.740581 -0.064027 0.495605 0.002759 -0.007446 -0.005011 0.999956
3.612169 18.429411 -0.068073 0.506183 0.002610 -0.007395 -0.004998 0.999957
3.712067 19.576841 -0.082856 0.541901 0.003002 -0.007147 -0.004639 0.999959
3.844904 21.061818 -0.100263 0.591926 0.002061 -0.006036 -0.004670 0.999969
3.912114 21.750473 -0.088714 0.602419 0.001815 -0.005686 -0.004815 0.999971
4.039392 23.167279 -0.095770 0.649598 0.002188 -0.005737 -0.004420 0.999971
4.144678 24.279648 -0.104044 0.690580 0.000983 -0.005560 -0.004012 0.999976
4.212019 24.985006 -0.106514 0.705313 0.000862 -0.005615 -0.003916 0.999976
4.312116 26.080467 -0.104052 0.742442 -0.000799 -0.006652 -0.003483 0.999971
4.412068 27.160163 -0.102344 0.770144 -0.002356 -0.005840 -0.003350 0.999975
4.510666 28.189160 -0.100782 0.804756 -0.003608 -0.004645 -0.003007 0.999978
4.610865 29.216242 -0.096193 0.829156 -0.004386 -0.003831 -0.002711 0.999979
4.712015 30.214592 -0.089575 0.866507 -0.005170 -0.003852 -0.002222 0.999977
4.803847 31.087590 -0.083182 0.875987 -0.006553 -0.004393 -0.002086 0.999967
4.903894 32.054400 -0.084047 0.896760 -0.006513 -0.003703 -0.001568 0.999971
5.046947 33.392417 -0.086358 0.935312 -0.006247 -0.002386 -0.001032 0.999977
5.144704 34.080026 -0.082914 0.950062 -0.005951 -0.001730 -0.001364 0.999980
5.207230 34.565993 -0.085379 0.964177 -0.005392 -0.002091 -0.000890 0.999983
5.307380 35.429721 -0.073498 0.985734 -0.004602 -0.003739 -0.000059 0.999982
5.407678 36.254561 -0.066774 1.007620 -0.004355 -0.004421 0.000360 0.999981
5.600271 37.781738 -0.058033 1.056987 -0.004624 -0.004379 0.000909 0.999979
5.644680 37.878774 -0.076975 1.047191 -0.004324 -0.004143 -0.000613 0.999982
5.744581 38.550834 -0.070866 1.071834 -0.004084 -0.003229 0.000733 0.999986
5.844732 39.213767 -0.057130 1.091696 -0.003755 -0.002716 0.000999 0.999989
5.944704 39.879528 -0.059840 1.117183 -0.003622 -0.002398 0.001075 0.999990
6.044583 40.534861 -0.051244 1.133469 -0.004109 -0.002139 0.001115 0.999989
6.144531 41.168835 -0.041284 1.145337 -0.004235 -0.002132 0.001199 0.999988
6.240190 41.760836 -0.036862 1.156451 -0.003908 -0.001775 0.001516 0.999990
6.337848 42.338785 -0.034715 1.172694 -0.003193 -0.001173 0.001463 0.999993
6.410763 42.765840 -0.033082 1.187070 -0.002903 -0.000811 0.001485 0.999994
6.538817 43.543016 -0.022500 1.208349 -0.003284 -0.001158 0.001768 0.999992
6.639042 44.070706 -0.020368 1.219107 -0.003022 -0.001026 0.001554 0.999994
6.739191 44.567307 -0.017922 1.232930 -0.002982 -0.001253 0.001940 0.999993
6.840316 45.055391 -0.012076 1.243095 -0.002981 -0.001783 0.001823 0.999992
6.944781 45.531566 -0.006156 1.250756 -0.003008 -0.002210 0.001955 0.999991
7.044607 45.952826 0.002629 1.261343 -0.003067 -0.001953 0.002190 0.999991
7.144804 46.357542 0.007699 1.275793 -0.002982 -0.002067 0.002191 0.999991
7.246848 46.755253 0.012325 1.284683 -0.003582 -0.002299 0.002301 0.999988
7.312018 46.999846 0.010381 1.289355 -0.003451 -0.002092 0.002222 0.999989
7.446722 47.515136 0.019611 1.303437 -0.003721 -0.002045 0.002572 0.999988
7.544728 47.797699 0.028609 1.309716 -0.003668 -0.001928 0.002605 0.999988
7.646770 48.097236 0.035119 1.315989 -0.003716 -0.001553 0.002524 0.999989
7.744826 48.338174 0.032928 1.320878 -0.003787 -0.001389 0.002486 0.999989
7.844603 48.586753 0.034353 1.325223 -0.003826 -0.001509 0.002632 0.999988
7.947096 48.814473 0.047643 1.330226 -0.003629 -0.001471 0.002563 0.999989
8.044951 49.010004 0.050208 1.334223 -0.003440 -0.001267 0.002643 0.999990
8.144703 49.200454 0.051882 1.338482 -0.003262 -0.001056 0.002645 0.999991
8.244603 49.362337 0.051649 1.346751 -0.003184 -0.000903 0.002502 0.999991
8.346797 49.501442 0.051821 1.349998 -0.003453 -0.000829 0.002678 0.999990
8.444654 49.619550 0.050754 1.352505 -0.003565 -0.000745 0.002544 0.999990
8.544926 49.725837 0.050348 1.354527 -0.003551 -0.000835 0.002629 0.999990
8.644604 49.825770 0.051259 1.358159 -0.003257 -0.001038 0.002602 0.999991
8.712068 49.875231 0.056050 1.357403 -0.003277 -0.001070 0.002514 0.999991
8.846774 49.984511 0.065750 1.359873 -0.003583 -0.001543 0.002646 0.999989
8.947167 50.027746 0.068914 1.359296 -0.003555 -0.001534 0.002622 0.999989
9.047822 50.064840 0.066486 1.360517 -0.003513 -0.001534 0.002565 0.999989
9.112114 50.089098 0.068021 1.359843 -0.003565 -0.001414 0.002380 0.999990
9.247070 50.135445 0.066689 1.361741 -0.003542 -0.001678 0.002754 0.999989
9.344951 50.134369 0.061993 1.361384 -0.003521 -0.001305 0.002473 0.999990
9.444628 50.127584 0.056190 1.365904 -0.003502 -0.001761 0.002648 0.999989
9.512042 50.116810 0.058097 1.366424 -0.003497 -0.002734 0.002504 0.999987
9.612093 50.114177 0.059109 1.366135 -0.003525 -0.003621 0.002370 0.999984
9.712066 50.121738 0.056123 1.363938 -0.003519 -0.003515 0.002481 0.999985
9.812043 50.119797 0.058146 1.364925 -0.003532 -0.003575 0.002601 0.999984
9.912120 50.103940 0.060649 1.364799 -0.003540 -0.003556 0.002467 0.999984
10.012171 50.096238 0.069105 1.363399 -0.003564 -0.003436 0.002511 0.999985
10.112018 50.097464 0.064358 1.364790 -0.003573 -0.003516 0.002628 0.999984
10.212040 50.096829 0.066451 1.364622 -0.003537 -0.003436 0.002607 0.999984
10.312041 50.101018 0.062886 1.363597 -0.003515 -0.003537 0.002530 0.999984
10.412067 50.104244 0.064073 1.364862 -0.003524 -0.003477 0.002515 0.999985
10.512067 50.104034 0.061614 1.364389 -0.003525 -0.003467 0.002549 0.999985
10.612017 50.114208 0.063018 1.364736 -0.003524 -0.003405 0.002654 0.999984
10.712116 50.116652 0.060834 1.364017 -0.003549 -0.003420 0.002420 0.999985
10.812117 50.111537 0.062326 1.364787 -0.003534 -0.003455 0.002643 0.999984
10.946747 50.119172 0.067443 1.364956 -0.003589 -0.003562 0.002680 0.999984
11.012069 50.112650 0.068523 1.363915 -0.003491 -0.003333 0.002500 0.999985
11.112045 50.104904 0.068882 1.363764 -0.003534 -0.003615 0.002514 0.999984
11.212018 50.107741 0.066279 1.363942 -0.003599 -0.003447 0.002497 0.999984
11.312068 50.120109 0.067669 1.365858 -0.003519 -0.003429 0.002711 0.999984
11.412117 50.118394 0.067623 1.364866 -0.003535 -0.003521 0.002571 0.999984
11.512017 50.130343 0.064466 1.364193 -0.003636 -0.003615 0.002725 0.999983
11.612118 50.129135 0.066016 1.365159 -0.003526 -0.003539 0.002606 0.999984
11.712067 50.127383 0.066156 1.364178 -0.003513 -0.003470 0.002523 0.999985
11.812069 50.125864 0.066952 1.364403 -0.003586 -0.003570 0.002673 0.999984
11.912065 50.106569 0.068993 1.363689 -0.003544 -0.003679 0.002653 0.999983
12.012166 50.100434 0.075670 1.362596 -0.003508 -0.003631 0.002506 0.999984
12.112119 50.105877 0.066836 1.363771 -0.003595 -0.003590 0.002519 0.999984
12.212069 50.121428 0.071003 1.363894 -0.003630 -0.003597 0.002668 0.999983
12.312018 50.121419 0.066411 1.362812 -0.003627 -0.003573 0.002586 0.999984
12.440670 50.121730 0.069413 1.364498 -0.003611 -0.003623 0.002602 0.999984
12.512017 50.115467 0.071162 1.363439 -0.003493 -0.003486 0.002480 0.999985
12.612016 50.118069 0.067797 1.365152 -0.003581 -0.003445 0.002683 0.999984
12.712094 50.113105 0.061891 1.363680 -0.003644 -0.003499 0.002678 0.999984
12.812042 50.105921 0.061349 1.364669 -0.003566 -0.003467 0.002567 0.999984
12.912169 50.108065 0.063415 1.365298 -0.003598 -0.003462 0.002607 0.999984
13.012046 50.114096 0.065050 1.365021 -0.003543 -0.003506 0.002573 0.999984
13.112119 50.120588 0.063820 1.365833 -0.003603 -0.003480 0.002631 0.999984
13.212020 50.136873 0.062316 1.365780 -0.003634 -0.003462 0.002748 0.999984
13.312017 50.147000 0.069907 1.364920 -0.003606 -0.003456 0.002660 0.999984
13.412016 50.135826 0.067221 1.365351 -0.003599 -0.003451 0.002677 0.999984
13.512067 50.129638 0.066994 1.365245 -0.003554 -0.003463 0.002686 0.999984
13.612143 50.130108 0.064987 1.366129 -0.003589 -0.003476 0.002644 0.999984
13.712164 50.121568 0.067834 1.364312 -0.003575 -0.003582 0.002584 0.999984
13.812167 50.123163 0.065597 1.366381 -0.003580 -0.003476 0.002652 0.999984
13.912018 50.125349 0.061597 1.365053 -0.003590 -0.003469 0.002572 0.999984
14.012092 50.120892 0.061858 1.365340 -0.003554 -0.003483 0.002640 0.999984
14.112117 50.120249 0.068967 1.364259 -0.003570 -0.003492 0.002666 0.999984
14.212069 50.131422 0.074614 1.364469 -0.003531 -0.003444 0.002725 0.999984
14.311971 50.122245 0.073442 1.364939 -0.003611 -0.003461 0.002600 0.999984
14.412069 50.113160 0.067231 1.364857 -0.003619 -0.003487 0.002588 0.999984
14.512093 50.110106 0.058851 1.364394 -0.003606 -0.003469 0.002715 0.999984
14.612070 50.114355 0.063674 1.364729 -0.003598 -0.003501 0.002591 0.999984
14.712017 50.117162 0.060717 1.364090 -0.003652 -0.003489 0.002739 0.999983
14.812015 50.133375 0.067996 1.364075 -0.003645 -0.003564 0.002697 0.999983
14.912116 50.133688 0.067628 1.365613 -0.003602 -0.003487 0.002566 0.999984
15.011971 50.126340 0.069660 1.363511 -0.003680 -0.003500 0.002726 0.999983
15.112141 50.122699 0.064435 1.364452 -0.003634 -0.003462 0.002576 0.999984
15.211998 50.118451 0.061593 1.364063 -0.003593 -0.003489 0.002568 0.999984
15.312042 50.118611 0.066007 1.364950 -0.003597 -0.003494 0.002603 0.999984
15.412068 50.125092 0.066315 1.365920 -0.003521 -0.003494 0.002681 0.999984
15.512072 50.120317 0.061910 1.365433 -0.003610 -0.003478 0.002712 0.999984
15.612065 50.117584 0.057850 1.365024 -0.003574 -0.003485 0.002767 0.999984
15.712119 50.107200 0.061469 1.364011 -0.003579 -0.003490 0.002643 0.999984
15.812167 50.116941 0.066196 1.365013 -0.003587 -0.003514 0.002786 0.999984
15.912018 50.111456 0.063604 1.364532 -0.003608 -0.003506 0.002651 0.999984
16.012166 50.114392 0.068056 1.364147 -0.003592 -0.003519 0.002712 0.999984
16.146773 50.129315 0.066978 1.367143 -0.003612 -0.003607 0.002719 0.999983
16.212017 50.127080 0.061148 1.364525 -0.003521 -0.003383 0.002568 0.999985
16.312167 50.132208 0.059259 1.365572 -0.003616 -0.003488 0.002671 0.999984
16.412170 50.135915 0.063296 1.365852 -0.003610 -0.003485 0.002686 0.999984
16.512169 50.133329 0.062087 1.365122 -0.003563 -0.003502 0.002649 0.999984
16.612069 50.141805 0.063052 1.365866 -0.003618 -0.003508 0.002691 0.999984
16.712114 50.130848 0.066264 1.364314 -0.003568 -0.003461 0.002632 0.999984
16.812020 50.118695 0.066225 1.364256 -0.003609 -0.003472 0.002531 0.999984
16.912020 50.130254 0.070120 1.365171 -0.003606 -0.003468 0.002729 0.999984
17.012118 50.132450 0.076828 1.364630 -0.003590 -0.003495 0.002704 0.999984
17.112042 50.135629 0.071812 1.365296 -0.003596 -0.003508 0.002659 0.999984
17.212070 50.134570 0.068101 1.364730 -0.003563 -0.003514 0.002683 0.999984
17.312119 50.142226 0.061540 1.365471 -0.003565 -0.003491 0.002581 0.999984
17.412120 50.133861 0.060649 1.366317 -0.003584 -0.003486 0.002688 0.999984
17.512142 50.132655 0.061473 1.364524 -0.003583 -0.003479 0.002628 0.999984
17.612065 50.132931 0.060444 1.365640 -0.003595 -0.003486 0.002613 0.999984
17.712067 50.142933 0.063814 1.365185 -0.003628 -0.003503 0.002580 0.999984
17.812067 50.143746 0.063112 1.365777 -0.003586 -0.003518 0.002629 0.999984
17.912068 50.142350 0.063417 1.364967 -0.003652 -0.003474 0.002685 0.999984
18.046899 50.147564 0.066570 1.365822 -0.003604 -0.003625 0.002627 0.999983
18.146772 50.147503 0.063768 1.366142 -0.003530 -0.003490 0.002686 0.999984
18.212090 50.146941 0.059192 1.365561 -0.003620 -0.003356 0.002709 0.999984
18.312071 50.153140 0.059072 1.366035 -0.003529 -0.003495 0.002679 0.999984
18.412069 50.151776 0.064381 1.366371 -0.003558 -0.003495 0.002689 0.999984
18.512164 50.146928 0.067101 1.363894 -0.003618 -0.003477 0.002567 0.999984
18.612115 50.147907 0.064018 1.365608 -0.003622 -0.003486 0.002735 0.999984
18.712115 50.151812 0.066104 1.363464 -0.003696 -0.003388 0.002640 0.999984
18.812044 50.150073 0.066075 1.366028 -0.003558 -0.003489 0.002677 0.999984
18.912168 50.157028 0.065222 1.364775 -0.003634 -0.003425 0.002821 0.999984
19.012017 50.151246 0.063845 1.365179 -0.003611 -0.003511 0.002751 0.999984
19.112120 50.138046 0.059112 1.364059 -0.003651 -0.003403 0.002709 0.999984
19.212119 50.135013 0.057970 1.365061 -0.003635 -0.003506 0.002687 0.999984
19.312020 50.139138 0.065274 1.365126 -0.003587 -0.003513 0.002617 0.999984
19.412118 50.142139 0.058190 1.366220 -0.003597 -0.003503 0.002703 0.999984
19.512117 50.138776 0.059894 1.364873 -0.003599 -0.003528 0.002650 0.999984
19.612115 50.145257 0.059487 1.365670 -0.003600 -0.003528 0.002625 0.999984
19.712068 50.145443 0.063239 1.365540 -0.003638 -0.003505 0.002572 0.999984
19.812019 50.144349 0.063914 1.365082 -0.003611 -0.003496 0.002581 0.999984
19.912116 50.139909 0.064463 1.365239 -0.003661 -0.003514 0.002689 0.999984
20.012093 50.132172 0.064717 1.365292 -0.003629 -0.003467 0.002655 0.999984
20.112017 50.131266 0.065774 1.365888 -0.003578 -0.003463 0.002710 0.999984
20.212092 50.129086 0.067024 1.365352 -0.003566 -0.003529 0.002604 0.999984
20.311995 50.128349 0.064846 1.364625 -0.003603 -0.003511 0.002668 0.999984
20.412168 50.120476 0.063597 1.364713 -0.003593 -0.003481 0.002702 0.999984
20.511994 50.129831 0.060802 1.364582 -0.003610 -0.003462 0.002668 0.999984
20.612017 50.131756 0.058431 1.364288 -0.003656 -0.003507 0.002628 0.999984
20.712170 50.134895 0.060762 1.365357 -0.003631 -0.003470 0.002808 0.999983
20.812019 50.131668 0.060054 1.364785 -0.003646 -0.003490 0.002617 0.999984
20.912168 50.145030 0.061082 1.365046 -0.003607 -0.003507 0.002632 0.999984
21.012118 50.149759 0.062761 1.365053 -0.003616 -0.003482 0.002682 0.999984
21.112071 50.143825 0.060882 1.365806 -0.003651 -0.003477 0.002634 0.999984
21.212164 50.142969 0.067684 1.364879 -0.003555 -0.003507 0.002736 0.999984
21.312018 50.142521 0.065101 1.364746 -0.003622 -0.003500 0.002640 0.999984
21.412064 50.135909 0.060931 1.363031 -0.003621 -0.003430 0.002573 0.999984
21.512093 50.137826 0.064725 1.365521 -0.003606 -0.003498 0.002498 0.999984
21.612069 50.147118 0.065857 1.364715 -0.003629 -0.003493 0.002649 0.999984
21.712117 50.141123 0.065433 1.365857 -0.003592 -0.003506 0.002722 0.999984
21.812093 50.140818 0.063957 1.364721 -0.003629 -0.003517 0.002602 0.999984
21.912114 50.138442 0.065565 1.365227 -0.003590 -0.003499 0.002643 0.999984
22.012115 50.138562 0.066123 1.365756 -0.003623 -0.003505 0.002745 0.999984
22.112164 50.139954 0.064042 1.365818 -0.003529 -0.003515 0.002623 0.999984
22.212143 50.143256 0.061220 1.366654 -0.003578 -0.003541 0.002490 0.999984
22.312166 50.140083 0.059714 1.365701 -0.003571 -0.003511 0.002618 0.999984
22.412067 50.141437 0.066505 1.365670 -0.003640 -0.003489 0.002739 0.999984
22.512139 50.136673 0.067664 1.365707 -0.003590 -0.003502 0.002587 0.999984
22.612169 50.133902 0.068739 1.365829 -0.003537 -0.003537 0.002714 0.999984
22.712018 50.128203 0.068107 1.365237 -0.003610 -0.003492 0.002727 0.999984
22.812042 50.131592 0.069307 1.365885 -0.003596 -0.003500 0.002762 0.999984
22.912017 50.132542 0.062864 1.365713 -0.003629 -0.003501 0.002645 0.999984
23.012018 50.139402 0.065491 1.366174 -0.003595 -0.003524 0.002696 0.999984
23.147848 50.142403 0.069221 1.365942 -0.003592 -0.003605 0.002691 0.999983
23.212044 50.135585 0.068479 1.365498 -0.003526 -0.003440 0.002604 0.999984
23.312068 50.131626 0.071589 1.364639 -0.003584 -0.003517 0.002634 0.999984
23.412166 50.132770 0.068086 1.365297 -0.003625 -0.003522 0.002721 0.999984
23.512119 50.133238 0.068505 1.365416 -0.003633 -0.003527 0.002714 0.999983
23.612042 50.130055 0.063796 1.364608 -0.003607 -0.003508 0.002653 0.999984
23.712019 50.137277 0.063195 1.366135 -0.003571 -0.003512 0.002658 0.999984
23.812066 50.134364 0.058682 1.364979 -0.003645 -0.003533 0.002720 0.999983
23.912166 50.136499 0.062382 1.365946 -0.003594 -0.003528 0.002643 0.999984
24.012164 50.128670 0.064123 1.365288 -0.003596 -0.003487 0.002708 0.999984
24.112119 50.134535 0.061136 1.365768 -0.003576 -0.003521 0.002622 0.999984
24.212041 50.138591 0.063644 1.365965 -0.003637 -0.003503 0.002711 0.999984
24.312021 50.142755 0.063420 1.366034 -0.003564 -0.003503 0.002735 0.999984
24.412118 50.149878 0.067248 1.365994 -0.003570 -0.003526 0.002725 0.999984
24.512042 50.152103 0.069816 1.366645 -0.003607 -0.003560 0.002680 0.999984
24.612116 50.148231 0.068069 1.365640 -0.003636 -0.003517 0.002723 0.999983
24.712117 50.146438 0.070403 1.366650 -0.003569 -0.003502 0.002663 0.999984
24.812071 50.136105 0.068774 1.365020 -0.003624 -0.003510 0.002650 0.999984
24.912094 50.133142 0.069458 1.365650 -0.003588 -0.003527 0.002818 0.999983
25.012017 50.133393 0.068636 1.365220 -0.003617 -0.003536 0.002801 0.999983
25.112169 50.139299 0.061544 1.365972 -0.003574 -0.003546 0.002617 0.999984
25.212019 50.146094 0.064899 1.366227 -0.003617 -0.003512 0.002700 0.999984
25.312069 50.139190 0.064998 1.365767 -0.003609 -0.003495 0.002708 0.999984
25.412142 50.138358 0.064976 1.365937 -0.003578 -0.003514 0.002718 0.999984
25.546849 50.145707 0.073103 1.366499 -0.003617 -0.003632 0.002749 0.999983
25.612167 50.144920 0.069694 1.364757 -0.003533 -0.003470 0.002680 0.999984
25.712143 50.145220 0.070097 1.365658 -0.003536 -0.003538 0.002752 0.999984
25.812065 50.159855 0.077606 1.365753 -0.003597 -0.003531 0.002806 0.999983
25.947797 50.151199 0.075542 1.366108 -0.003579 -0.003631 0.002726 0.999983
26.012067 50.137831 0.068499 1.365337 -0.003596 -0.003464 0.002674 0.999984
26.112017 50.142074 0.069994 1.365992 -0.003589 -0.003532 0.002685 0.999984
26.212117 50.145328 0.066993 1.365202 -0.003570 -0.003523 0.002737 0.999984
26.312118 50.156466 0.061893 1.366922 -0.003593 -0.003528 0.002724 0.999984
26.412019 50.151538 0.064570 1.365969 -0.003556 -0.003485 0.002694 0.999984
26.512120 50.147233 0.062917 1.365809 -0.003623 -0.003533 0.002629 0.999984
26.646849 50.141904 0.060489 1.364951 -0.003597 -0.003617 0.002756 0.999983
26.712042 50.147839 0.066692 1.365732 -0.003551 -0.003440 0.002664 0.999984
26.812095 50.143090 0.061860 1.365802 -0.003639 -0.003532 0.002721 0.999983
26.912042 50.143781 0.064349 1.364833 -0.003624 -0.003512 0.002743 0.999984
27.012167 50.139252 0.062083 1.365907 -0.003562 -0.003554 0.002723 0.999984
27.112093 50.132797 0.058167 1.365545 -0.003561 -0.003523 0.002765 0.999984
27.212067 50.133750 0.060789 1.366046 -0.003619 -0.003542 0.002742 0.999983
27.312167 50.127173 0.060398 1.365536 -0.003590 -0.003534 0.002609 0.999984
27.412118 50.131674 0.059204 1.365125 -0.003572 -0.003542 0.002566 0.999984
27.511992 50.139180 0.066984 1.365456 -0.003611 -0.003543 0.002726 0.999983
27.612167 50.140013 0.062672 1.365679 -0.003625 -0.003513 0.002659 0.999984
27.712142 50.142116 0.059850 1.365902 -0.003574 -0.003535 0.002660 0.999984
27.812115 50.137856 0.055535 1.365645 -0.003620 -0.003545 0.002730 0.999983
27.912166 50.132052 0.061620 1.365308 -0.003569 -0.003508 0.002640 0.999984
28.012117 50.133545 0.062400 1.365052 -0.003618 -0.003544 0.002738 0.999983
28.146773 50.144681 0.059565 1.365582 -0.003712 -0.003585 0.002648 0.999983
28.211995 50.141440 0.062019 1.365552 -0.003662 -0.003421 0.002608 0.999984
28.312118 50.148389 0.062280 1.366516 -0.003561 -0.003553 0.002668 0.999984
28.412017 50.138370 0.062940 1.365017 -0.003565 -0.003526 0.002648 0.999984
28.512018 50.144271 0.069281 1.366289 -0.003614 -0.003583 0.002773 0.999983
28.612043 50.149368 0.063329 1.366603 -0.003636 -0.003520 0.002648 0.999984
28.712169 50.147254 0.067440 1.365939 -0.003641 -0.003506 0.002692 0.999984
28.812096 50.153413 0.071558 1.366356 -0.003608 -0.003567 0.002743 0.999983
28.912117 50.154124 0.068504 1.366916 -0.003608 -0.003536 0.002719 0.999984
29.012065 50.150521 0.067214 1.364469 -0.003732 -0.003440 0.002691 0.999983
29.112018 50.141854 0.062924 1.365159 -0.003634 -0.003510 0.002688 0.999984
29.212018 50.146832 0.064894 1.365902 -0.003607 -0.003540 0.002660 0.999984
29.312169 50.146585 0.063076 1.365913 -0.003656 -0.003521 0.002800 0.999983
29.412117 50.142829 0.063396 1.364775 -0.003593 -0.003540 0.002672 0.999984
29.512067 50.142397 0.063588 1.365606 -0.003622 -0.003543 0.002686 0.999984
29.612140 50.148665 0.067878 1.365851 -0.003595 -0.003561 0.002681 0.999984
29.712116 50.145766 0.067057 1.365489 -0.003601 -0.003548 0.002607 0.999984
29.812168 50.150557 0.064824 1.366605 -0.003616 -0.003532 0.002743 0.999983
29.912043 50.148391 0.064367 1.365273 -0.003649 -0.003539 0.002723 0.999983
30.012021 50.146390 0.065608 1.365764 -0.003636 -0.003534 0.002701 0.999983
30.112092 50.150990 0.073000 1.365362 -0.003607 -0.003543 0.002693 0.999984
30.212116 50.145313 0.070355 1.365750 -0.003613 -0.003541 0.002771 0.999983
30.312170 50.145260 0.062948 1.366117 -0.003610 -0.003550 0.002782 0.999983
30.412066 50.147428 0.068441 1.365621 -0.003629 -0.003560 0.002682 0.999983
30.512015 50.146045 0.065297 1.366671 -0.003574 -0.003536 0.002688 0.999984
30.612092 50.139548 0.065777 1.365585 -0.003561 -0.003555 0.002733 0.999984
30.712067 50.142174 0.066535 1.365665 -0.003649 -0.003544 0.002768 0.999983
30.812092 50.148131 0.065354 1.366068 -0.003591 -0.003517 0.002680 0.999984
30.912019 50.150801 0.062285 1.366242 -0.003629 -0.003553 0.002755 0.999983
31.012046 50.141079 0.060767 1.366224 -0.003528 -0.003537 0.002542 0.999984
31.112069 50.141688 0.065332 1.366094 -0.003618 -0.003530 0.002694 0.999984
31.212147 50.141827 0.062714 1.365905 -0.003614 -0.003555 0.002724 0.999983
31.312167 50.144606 0.066196 1.365462 -0.003632 -0.003516 0.002718 0.999984
31.412170 50.151314 0.066689 1.365980 -0.003616 -0.003557 0.002773 0.999983
31.512018 50.149954 0.065160 1.366322 -0.003566 -0.003528 0.002667 0.999984
31.612115 50.148115 0.068839 1.365587 -0.003596 -0.003544 0.002681 0.999984
31.712069 50.157967 0.063821 1.367141 -0.003558 -0.003531 0.002651 0.999984
31.812165 50.157955 0.063550 1.366614 -0.003604 -0.003536 0.002692 0.999984
31.912166 50.154077 0.064496 1.365747 -0.003602 -0.003538 0.002733 0.999984
32.012117 50.153764 0.064939 1.366340 -0.003576 -0.003532 0.002674 0.999984
32.112116 50.145049 0.060652 1.366158 -0.003606 -0.003539 0.002616 0.999984
32.212015 50.154493 0.067686 1.365541 -0.003626 -0.003539 0.002761 0.999983
32.312019 50.144007 0.071283 1.366200 -0.003610 -0.003561 0.002729 0.999983
32.412119 50.149502 0.068025 1.366903 -0.003612 -0.003553 0.002760 0.999983
32.512169 50.138807 0.061746 1.364889 -0.003662 -0.003482 0.002689 0.999984
32.612117 50.140135 0.062330 1.366420 -0.003628 -0.003538 0.002740 0.999983
32.712022 50.136034 0.066337 1.365278 -0.003576 -0.003563 0.002774 0.999983
32.812194 50.143318 0.067881 1.364551 -0.003720 -0.003488 0.002748 0.999983
32.912089 50.146041 0.065174 1.365309 -0.003692 -0.003503 0.002696 0.999983
33.012119 50.141548 0.068657 1.364889 -0.003631 -0.003525 0.002706 0.999984
33.112019 50.144533 0.067577 1.364239 -0.003721 -0.003497 0.002667 0.999983
33.212017 50.148135 0.067680 1.361692 -0.003722 -0.003424 0.002745 0.999983
33.346874 50.145573 0.064464 1.365448 -0.003668 -0.003609 0.002840 0.999983
33.412168 50.146989 0.064409 1.364011 -0.003602 -0.003503 0.002697 0.999984
33.512115 50.155552 0.068591 1.365054 -0.003619 -0.003565 0.002808 0.999983
33.612043 50.148209 0.066284 1.364963 -0.003616 -0.003555 0.002714 0.999983
33.712068 50.137007 0.065298 1.363787 -0.003703 -0.003489 0.002753 0.999983
33.812069 50.134172 0.063655 1.363472 -0.003673 -0.003479 0.002715 0.999984
33.912019 50.128800 0.064066 1.363389 -0.003617 -0.003537 0.002639 0.999984
34.012118 50.123556 0.060359 1.363039 -0.003653 -0.003510 0.002732 0.999983
34.147070 50.122843 0.058280 1.364688 -0.003655 -0.003582 0.002664 0.999983
34.212043 50.132690 0.065871 1.363226 -0.003650 -0.003456 0.002613 0.999984
34.312017 50.137991 0.059560 1.360667 -0.003835 -0.003451 0.002697 0.999983
34.412019 50.141763 0.061461 1.365370 -0.003592 -0.003534 0.002651 0.999984
34.512068 50.146348 0.057236 1.362942 -0.003605 -0.003497 0.002682 0.999984
34.612092 50.152161 0.059776 1.363786 -0.003651 -0.003454 0.002771 0.999984
34.712043 50.155079 0.062196 1.365333 -0.003562 -0.003555 0.002739 0.999984
34.812018 50.154790 0.067511 1.365625 -0.003611 -0.003570 0.002745 0.999983
34.912167 50.153765 0.065114 1.363746 -0.003719 -0.003562 0.002683 0.999983
35.012167 50.158476 0.070654 1.364568 -0.003685 -0.003539 0.002755 0.999983
35.111994 50.158353 0.065462 1.364621 -0.003687 -0.003571 0.002664 0.999983
35.212068 50.155196 0.066381 1.364528 -0.003689 -0.003535 0.002656 0.999983
35.312042 50.155010 0.070304 1.364376 -0.003681 -0.003542 0.002760 0.999983
35.412019 50.159144 0.068659 1.365047 -0.003588 -0.003557 0.002761 0.999983
35.512118 50.160817 0.073663 1.365175 -0.003606 -0.003579 0.002736 0.999983
35.612141 50.158685 0.067566 1.366457 -0.003591 -0.003565 0.002721 0.999983
35.712118 50.156701 0.068406 1.365704 -0.003616 -0.003566 0.002816 0.999983
35.812067 50.156105 0.065799 1.365820 -0.003567 -0.003576 0.002702 0.999984
35.912046 50.164481 0.068857 1.366317 -0.003675 -0.003593 0.002860 0.999983
36.011994 50.155551 0.063367 1.365772 -0.003596 -0.003580 0.002571 0.999984
36.112015 50.162496 0.062654 1.367453 -0.003578 -0.003597 0.002774 0.999983
36.212020 50.166428 0.066544 1.366771 -0.003646 -0.003576 0.002745 0.999983
36.312118 50.161566 0.065326 1.365168 -0.003654 -0.003564 0.002791 0.999983
36.412018 50.158896 0.067699 1.365218 -0.003658 -0.003588 0.002660 0.999983
36.512044 50.162530 0.062691 1.366060 -0.003595 -0.003577 0.002895 0.999983
36.612115 50.155243 0.060253 1.366670 -0.003640 -0.003562 0.002814 0.999983
36.712065 50.154205 0.061372 1.366351 -0.003592 -0.003554 0.002683 0.999984
36.812116 50.150017 0.062200 1.366035 -0.003554 -0.003572 0.002849 0.999983
36.912117 50.147811 0.062955 1.366295 -0.003648 -0.003566 0.002752 0.999983
37.012017 50.149067 0.071588 1.365868 -0.003661 -0.003587 0.002685 0.999983
37.146750 50.150330 0.072452 1.365214 -0.003606 -0.003625 0.002690 0.999983
37.212120 50.149779 0.070978 1.365212 -0.003607 -0.003542 0.002657 0.999984
37.312165 50.154395 0.067038 1.366351 -0.003554 -0.003561 0.002890 0.999983
