1.439693 0.281058 -0.015316 -0.006800 0.000867 -0.002853 -0.000200 0.999996
1.512067 0.486707 -0.018272 -0.016230 0.002487 -0.004006 -0.000244 0.999989
1.636575 1.168632 -0.021322 0.006184 0.004155 -0.005020 -0.000305 0.999979
1.740617 1.914600 -0.018868 0.020761 0.003801 -0.004315 -0.000553 0.999983
1.900346 3.153271 -0.017405 0.060966 0.002570 -0.003988 -0.000992 0.999988
2.000322 3.995622 -0.010424 0.071222 0.002305 -0.003750 -0.001437 0.999989
2.100246 4.984395 -0.012170 0.098077 0.002301 -0.004285 -0.001647 0.999987
2.112045 5.160316 -0.012318 0.095854 0.002422 -0.004013 -0.002069 0.999987
2.212093 6.486298 -0.025878 0.137808 0.003857 -0.006564 -0.002543 0.999968
2.333537 8.081859 -0.014708 0.169642 0.004223 -0.007163 -0.002615 0.999962
2.434082 9.354918 -0.034673 0.211619 0.005035 -0.006729 -0.002901 0.999960
2.534208 10.568840 -0.029865 0.251786 0.005749 -0.006268 -0.002974 0.999959
2.639843 11.849457 -0.033437 0.294783 0.004748 -0.006341 -0.003231 0.999963
2.712116 12.629943 -0.034878 0.318075 0.004549 -0.006915 -0.003344 0.999960
2.812019 13.918322 -0.032824 0.346998 0.004075 -0.010082 -0.003911 0.999933
3.000271 16.234075 -0.034624 0.426536 0.002579 -0.010227 -0.004456 0.999934
3.100246 17.209657 -0.041336 0.444362 0.002390 -0.009310 -0.004094 0.999945
3.200122 18.208290 -0.038679 0.489789 0.002716 -0.009230 -0.004674 0.999943
3.212067 18.314056 -0.043171 0.474071 0.003011 -0.009242 -0.005160 0.999939
3.312117 19.541749 -0.025133 0.550939 0.003184 -0.007875 -0.005825 0.999947
3.412093 20.717427 -0.068452 0.556530 0.002382 -0.007048 -0.005388 0.999958
3.546698 22.275068 -0.073218 0.629129 0.003087 -0.007729 -0.004780 0.999954
3.612169 22.938694 -0.087147 0.614027 0.002466 -0.007686 -0.004680 0.999956
3.712067 24.082469 -0.085386 0.689948 0.003407 -0.007317 -0.004838 0.999956
3.844904 25.558867 -0.093294 0.715668 0.001909 -0.006450 -0.004659 0.999967
3.912114 26.160063 -0.097505 0.746293 0.002016 -0.005895 -0.004945 0.999968
4.039392 27.542799 -0.101137 0.775241 0.002065 -0.006083 -0.004262 0.999970
4.144678 28.574590 -0.109482 0.826000 0.001023 -0.005760 -0.003982 0.999975
4.212019 29.221866 -0.107328 0.819431 0.000687 -0.005983 -0.003961 0.999974
4.312116 30.360505 -0.109892 0.884472 -0.000466 -0.006841 -0.003485 0.999970
4.412068 31.430502 -0.111098 0.879620 -0.002469 -0.006251 -0.003279 0.999972
4.510666 32.437353 -0.107339 0.949455 -0.003481 -0.004961 -0.003002 0.999977
4.610865 33.427446 -0.110916 0.935225 -0.004700 -0.004213 -0.002601 0.999977
4.712015 34.377522 -0.103073 1.012908 -0.005056 -0.003914 -0.002226 0.999977
4.803847 35.207531 -0.103411 0.969619 -0.006788 -0.004843 -0.002032 0.999963
4.903894 36.152745 -0.095424 1.047094 -0.006171 -0.003943 -0.001551 0.999972
5.046947 37.448530 -0.095361 1.050594 -0.006491 -0.002873 -0.000937 0.999974
5.144704 38.051504 -0.094315 1.090139 -0.005789 -0.001811 -0.001102 0.999981
5.207230 38.550301 -0.093469 1.072563 -0.005611 -0.002473 -0.000733 0.999981
5.307380 39.470671 -0.087594 1.127009 -0.004468 -0.003906 0.000015 0.999982
5.407678 40.315680 -0.085900 1.118814 -0.004520 -0.004866 0.000168 0.999978
5.600271 41.857187 -0.068932 1.167266 -0.004518 -0.004558 0.000834 0.999979
5.644680 41.890423 -0.067190 1.158947 -0.004465 -0.004580 -0.000084 0.999980
5.744581 42.524756 -0.060175 1.198552 -0.004111 -0.003476 0.000968 0.999985
5.844732 43.174986 -0.070066 1.205897 -0.003821 -0.002990 0.001001 0.999988
5.944704 43.836290 -0.059240 1.247727 -0.003624 -0.002606 0.001145 0.999989
6.044583 44.499092 -0.051371 1.246506 -0.004309 -0.002474 0.001248 0.999987
6.144531 45.112291 -0.050545 1.279462 -0.004221 -0.002352 0.001384 0.999987
6.240190 45.696077 -0.050225 1.267092 -0.004124 -0.002139 0.001544 0.999988
6.337848 46.270909 -0.045893 1.311542 -0.003124 -0.001312 0.001599 0.999993
6.410763 46.699289 -0.039481 1.289978 -0.003060 -0.001238 0.001552 0.999993
6.538817 47.489108 -0.030741 1.344429 -0.003140 -0.001331 0.001848 0.999992
6.639042 47.966159 -0.032690 1.322676 -0.003443 -0.001439 0.001631 0.999992
6.739191 48.420720 -0.028182 1.375428 -0.002959 -0.001373 0.001879 0.999993
6.840316 48.894366 -0.019895 1.347016 -0.003246 -0.002222 0.001944 0.999990
6.944781 49.351804 -0.008741 1.393725 -0.002949 -0.002311 0.002111 0.999991
7.044607 49.753046 -0.006432 1.363254 -0.003394 -0.002380 0.002293 0.999989
7.144804 50.156770 0.003261 1.418736 -0.002906 -0.002258 0.002150 0.999991
7.246848 50.559000 0.004301 1.385108 -0.003905 -0.002738 0.002282 0.999986
7.312018 50.787781 0.008445 1.444407 -0.003384 -0.002255 0.002186 0.999989
7.446722 51.343729 0.008094 1.416067 -0.004048 -0.002539 0.002408 0.999986
7.544728 51.607894 0.008064 1.463446 -0.003433 -0.001978 0.002411 0.999989
7.646770 51.903481 0.019086 1.419536 -0.004073 -0.002032 0.002321 0.999987
7.744826 52.156863 0.016812 1.470504 -0.003663 -0.001528 0.002341 0.999989
7.844603 52.403862 0.020403 1.424335 -0.004134 -0.001960 0.002566 0.999986
7.947096 52.632515 0.028213 1.476534 -0.003600 -0.001625 0.002526 0.999989
8.044951 52.824989 0.027329 1.431805 -0.003823 -0.001753 0.002512 0.999988
8.144703 53.013987 0.029512 1.485452 -0.003225 -0.001247 0.002512 0.999991
8.244603 53.186966 0.032022 1.446167 -0.003497 -0.001437 0.002457 0.999990
8.346797 53.329038 0.031047 1.496030 -0.003472 -0.001013 0.002535 0.999990
8.444654 53.449332 0.038240 1.452258 -0.003891 -0.001237 0.002542 0.999988
8.544926 53.541132 0.037382 1.500155 -0.003393 -0.000929 0.002672 0.999990
8.644604 53.631126 0.044735 1.457644 -0.003507 -0.001539 0.002522 0.999989
8.712068 53.676593 0.043826 1.513410 -0.003216 -0.001290 0.002484 0.999991
8.846774 53.779406 0.044706 1.472702 -0.003893 -0.002019 0.002598 0.999987
8.947167 53.813637 0.051169 1.510822 -0.003427 -0.001616 0.002507 0.999990
9.047822 53.850567 0.046751 1.465013 -0.003839 -0.001938 0.002627 0.999987
9.112114 53.864387 0.052508 1.516087 -0.003476 -0.001568 0.002430 0.999990
9.247070 53.887160 0.055035 1.473795 -0.003929 -0.002127 0.002584 0.999987
9.344951 53.868138 0.046082 1.513369 -0.003381 -0.001472 0.002534 0.999990
9.444628 53.858428 0.050738 1.471068 -0.003682 -0.002303 0.002655 0.999987
9.512042 53.859194 0.055692 1.520740 -0.003488 -0.002917 0.002550 0.999986
9.612093 53.865659 0.050996 1.463083 -0.003956 -0.004055 0.002504 0.999981
9.712066 53.865506 0.051414 1.515821 -0.003406 -0.003636 0.002506 0.999984
9.812043 53.871711 0.047848 1.459873 -0.003893 -0.004017 0.002632 0.999981
9.912120 53.875902 0.050251 1.514867 -0.003474 -0.003685 0.002564 0.999984
10.012171 53.880015 0.048584 1.457769 -0.003914 -0.003830 0.002559 0.999982
10.112018 53.869274 0.048305 1.515861 -0.003488 -0.003672 0.002580 0.999984
10.212040 53.872655 0.048073 1.457006 -0.003960 -0.003886 0.002623 0.999981
10.312041 53.878396 0.052801 1.516289 -0.003406 -0.003539 0.002585 0.999985
10.412067 53.872254 0.046591 1.456429 -0.003931 -0.003924 0.002619 0.999981
10.512067 53.866114 0.050022 1.515109 -0.003448 -0.003622 0.002505 0.999984
10.612017 53.869496 0.049634 1.457424 -0.003895 -0.003899 0.002608 0.999981
10.712116 53.867111 0.051601 1.515278 -0.003393 -0.003623 0.002588 0.999984
10.812117 53.867217 0.048313 1.458195 -0.003875 -0.003922 0.002613 0.999981
10.946747 53.869671 0.045674 1.496409 -0.003513 -0.003677 0.002603 0.999984
11.012069 53.873295 0.053948 1.454277 -0.003786 -0.003758 0.002503 0.999983
11.112045 53.867422 0.046195 1.509163 -0.003489 -0.003655 0.002599 0.999984
11.212018 53.876232 0.052344 1.458588 -0.003913 -0.003934 0.002639 0.999981
11.312068 53.862812 0.050301 1.511748 -0.003511 -0.003595 0.002678 0.999984
11.412117 53.873509 0.050919 1.460582 -0.003936 -0.003901 0.002592 0.999981
11.512017 53.867829 0.050766 1.511962 -0.003478 -0.003619 0.002615 0.999984
11.612118 53.869192 0.047191 1.462707 -0.003838 -0.003907 0.002577 0.999982
11.712067 53.872256 0.055489 1.510338 -0.003525 -0.003621 0.002659 0.999984
11.812069 53.869258 0.052231 1.462570 -0.003871 -0.003917 0.002644 0.999981
11.912065 53.866750 0.054583 1.509026 -0.003505 -0.003698 0.002527 0.999984
12.012166 53.874518 0.051436 1.463289 -0.003849 -0.003880 0.002629 0.999982
12.112119 53.873356 0.049475 1.509074 -0.003546 -0.003666 0.002682 0.999983
12.212069 53.871217 0.054585 1.463373 -0.003884 -0.003884 0.002613 0.999981
12.312018 53.866163 0.051931 1.507130 -0.003540 -0.003599 0.002657 0.999984
12.440670 53.879219 0.052750 1.476794 -0.003986 -0.003901 0.002684 0.999981
12.512017 53.863255 0.051253 1.508830 -0.003560 -0.003586 0.002568 0.999984
12.612016 53.864734 0.055856 1.470368 -0.003791 -0.003845 0.002693 0.999982
12.712094 53.860956 0.050394 1.505063 -0.003569 -0.003612 0.002624 0.999984
12.812042 53.865844 0.049840 1.470253 -0.003821 -0.003866 0.002670 0.999982
12.912169 53.865084 0.054488 1.503434 -0.003597 -0.003686 0.002602 0.999983
13.012046 53.866214 0.051803 1.469957 -0.003802 -0.003845 0.002633 0.999982
13.112119 53.858274 0.049170 1.502453 -0.003597 -0.003690 0.002623 0.999983
13.212020 53.869814 0.047198 1.470526 -0.003836 -0.003852 0.002697 0.999982
13.312017 53.868136 0.053516 1.501737 -0.003572 -0.003678 0.002676 0.999983
13.412016 53.880472 0.051688 1.471948 -0.003772 -0.003840 0.002620 0.999982
13.512067 53.880118 0.052140 1.500974 -0.003584 -0.003654 0.002685 0.999983
13.612143 53.875147 0.050747 1.472537 -0.003826 -0.003819 0.002695 0.999982
13.712164 53.872374 0.051143 1.499946 -0.003583 -0.003677 0.002647 0.999983
13.812167 53.866994 0.053010 1.473281 -0.003780 -0.003822 0.002642 0.999982
13.912018 53.865492 0.050333 1.500009 -0.003608 -0.003699 0.002658 0.999983
14.012092 53.865837 0.047408 1.474060 -0.003777 -0.003854 0.002615 0.999982
14.112117 53.866869 0.055362 1.498797 -0.003600 -0.003726 0.002670 0.999983
14.212069 53.881137 0.050820 1.475132 -0.003754 -0.003846 0.002608 0.999982
14.311971 53.871774 0.049659 1.498606 -0.003626 -0.003678 0.002562 0.999983
14.412069 53.876052 0.056066 1.475344 -0.003720 -0.003837 0.002633 0.999982
14.512093 53.873103 0.048821 1.497858 -0.003589 -0.003735 0.002691 0.999983
14.612070 53.869175 0.055072 1.475675 -0.003764 -0.003831 0.002675 0.999982
14.712017 53.869272 0.049229 1.497048 -0.003623 -0.003680 0.002631 0.999983
14.812015 53.879404 0.051626 1.476049 -0.003825 -0.003807 0.002657 0.999982
14.912116 53.870649 0.051284 1.496466 -0.003649 -0.003732 0.002681 0.999983
15.011971 53.871000 0.051072 1.475394 -0.003758 -0.003848 0.002669 0.999982
15.112141 53.864703 0.050364 1.496891 -0.003617 -0.003738 0.002587 0.999983
15.211998 53.866987 0.051346 1.475250 -0.003806 -0.003838 0.002581 0.999982
15.312042 53.868666 0.055153 1.496918 -0.003590 -0.003767 0.002616 0.999983
15.412068 53.873958 0.053001 1.474931 -0.003824 -0.003815 0.002633 0.999982
15.512072 53.874099 0.052510 1.497228 -0.003619 -0.003701 0.002695 0.999983
15.612065 53.870279 0.053641 1.475470 -0.003817 -0.003827 0.002698 0.999982
15.712119 53.874268 0.048412 1.497435 -0.003604 -0.003714 0.002599 0.999983
15.812167 53.867719 0.050965 1.475524 -0.003843 -0.003809 0.002678 0.999982
15.912018 53.868256 0.051179 1.497701 -0.003596 -0.003742 0.002674 0.999983
16.012166 53.868024 0.051578 1.475381 -0.003762 -0.003830 0.002702 0.999982
16.146773 53.872072 0.051580 1.490862 -0.003651 -0.003788 0.002661 0.999983
16.212017 53.873320 0.055002 1.473514 -0.003703 -0.003746 0.002570 0.999983
16.312167 53.873504 0.052342 1.495973 -0.003657 -0.003715 0.002700 0.999983
16.412170 53.873445 0.053603 1.476027 -0.003799 -0.003852 0.002663 0.999982
16.512169 53.879644 0.051284 1.496225 -0.003615 -0.003742 0.002670 0.999983
16.612069 53.889437 0.051596 1.476676 -0.003830 -0.003815 0.002712 0.999982
16.712114 53.874684 0.054963 1.495582 -0.003616 -0.003738 0.002664 0.999983
16.812020 53.871406 0.050042 1.477725 -0.003770 -0.003846 0.002617 0.999982
16.912020 53.878411 0.055694 1.495343 -0.003670 -0.003716 0.002737 0.999983
17.012118 53.879220 0.053519 1.477268 -0.003795 -0.003819 0.002672 0.999982
17.112042 53.883408 0.047610 1.495727 -0.003653 -0.003719 0.002703 0.999983
17.212070 53.877850 0.052290 1.477332 -0.003839 -0.003838 0.002647 0.999982
17.312119 53.879294 0.051635 1.494547 -0.003680 -0.003755 0.002646 0.999983
17.412120 53.873172 0.048664 1.478817 -0.003779 -0.003841 0.002701 0.999982
17.512142 53.870230 0.050889 1.493807 -0.003679 -0.003720 0.002627 0.999983
17.612065 53.873746 0.047503 1.479862 -0.003784 -0.003820 0.002639 0.999982
17.712067 53.878704 0.046881 1.493497 -0.003675 -0.003768 0.002694 0.999983
17.812067 53.876124 0.055470 1.479523 -0.003746 -0.003823 0.002597 0.999982
17.912068 53.877157 0.051303 1.493742 -0.003651 -0.003757 0.002645 0.999983
18.046899 53.867181 0.050610 1.484945 -0.003800 -0.003896 0.002684 0.999982
18.146772 53.876687 0.051115 1.491421 -0.003720 -0.003711 0.002679 0.999983
18.212090 53.876347 0.053808 1.482037 -0.003762 -0.003715 0.002635 0.999983
18.312071 53.874631 0.050099 1.491615 -0.003706 -0.003734 0.002686 0.999983
18.412069 53.867826 0.055684 1.481237 -0.003773 -0.003814 0.002727 0.999982
18.512164 53.880331 0.051073 1.491113 -0.003680 -0.003783 0.002657 0.999983
18.612115 53.883133 0.052912 1.482938 -0.003750 -0.003825 0.002601 0.999982
18.712115 53.878246 0.051989 1.490643 -0.003707 -0.003755 0.002588 0.999983
18.812044 53.873645 0.051546 1.482525 -0.003744 -0.003812 0.002728 0.999982
18.912168 53.873973 0.049128 1.490039 -0.003713 -0.003764 0.002644 0.999983
19.012017 53.884022 0.052187 1.483069 -0.003773 -0.003809 0.002661 0.999982
19.112120 53.875242 0.051014 1.490731 -0.003704 -0.003764 0.002638 0.999983
19.212119 53.864564 0.053826 1.482840 -0.003736 -0.003815 0.002650 0.999982
19.312020 53.870242 0.051137 1.490198 -0.003724 -0.003730 0.002684 0.999983
19.412118 53.874938 0.054407 1.483583 -0.003748 -0.003804 0.002698 0.999982
19.512117 53.879703 0.055782 1.489701 -0.003700 -0.003759 0.002667 0.999983
19.612115 53.879485 0.048803 1.484166 -0.003752 -0.003831 0.002664 0.999982
19.712068 53.876203 0.053399 1.489187 -0.003749 -0.003779 0.002643 0.999982
19.812019 53.879796 0.050983 1.484434 -0.003739 -0.003807 0.002600 0.999982
19.912116 53.888506 0.051550 1.489533 -0.003703 -0.003769 0.002604 0.999983
20.012093 53.882054 0.051743 1.484627 -0.003764 -0.003771 0.002673 0.999982
20.112017 53.870762 0.052547 1.488792 -0.003694 -0.003774 0.002592 0.999983
20.212092 53.872346 0.054119 1.484840 -0.003740 -0.003807 0.002592 0.999982
20.311995 53.873000 0.052440 1.488694 -0.003691 -0.003785 0.002641 0.999983
20.412168 53.875453 0.050928 1.485329 -0.003732 -0.003779 0.002682 0.999982
20.511994 53.876954 0.050110 1.488384 -0.003725 -0.003771 0.002643 0.999982
20.612017 53.877340 0.049748 1.485243 -0.003749 -0.003799 0.002677 0.999982
20.712170 53.883369 0.051707 1.488059 -0.003759 -0.003766 0.002680 0.999982
20.812019 53.876220 0.050703 1.485256 -0.003743 -0.003794 0.002659 0.999982
20.912168 53.875019 0.055328 1.488265 -0.003692 -0.003778 0.002665 0.999983
21.012118 53.872432 0.050041 1.485130 -0.003702 -0.003792 0.002637 0.999982
21.112071 53.874437 0.051202 1.489111 -0.003661 -0.003787 0.002679 0.999983
21.212164 53.873078 0.047902 1.485188 -0.003727 -0.003804 0.002613 0.999982
21.312018 53.881700 0.047385 1.489065 -0.003715 -0.003780 0.002675 0.999982
21.412064 53.869913 0.051683 1.484685 -0.003753 -0.003803 0.002646 0.999982
21.512093 53.868023 0.053276 1.488338 -0.003723 -0.003777 0.002697 0.999982
21.612069 53.870702 0.052064 1.484642 -0.003700 -0.003784 0.002662 0.999982
21.712117 53.874517 0.047199 1.489175 -0.003702 -0.003771 0.002696 0.999982
21.812093 53.876147 0.050157 1.484315 -0.003756 -0.003795 0.002616 0.999982
21.912114 53.878187 0.048289 1.489389 -0.003714 -0.003773 0.002674 0.999982
22.012115 53.878733 0.052451 1.484421 -0.003713 -0.003783 0.002686 0.999982
22.112164 53.875426 0.051381 1.488983 -0.003674 -0.003764 0.002579 0.999983
22.212143 53.874146 0.048887 1.485284 -0.003760 -0.003814 0.002689 0.999982
22.312166 53.870893 0.053206 1.488489 -0.003702 -0.003755 0.002619 0.999983
22.412067 53.873720 0.047998 1.484795 -0.003756 -0.003791 0.002681 0.999982
22.512139 53.875145 0.053181 1.488105 -0.003731 -0.003763 0.002674 0.999982
22.612169 53.877098 0.052038 1.485304 -0.003738 -0.003798 0.002693 0.999982
22.712018 53.872265 0.051299 1.489081 -0.003673 -0.003780 0.002666 0.999983
22.812042 53.870429 0.055440 1.485572 -0.003705 -0.003792 0.002647 0.999982
22.912017 53.877543 0.054230 1.488865 -0.003700 -0.003788 0.002635 0.999983
23.012018 53.873401 0.051602 1.485517 -0.003719 -0.003820 0.002636 0.999982
23.147848 53.879965 0.055353 1.488010 -0.003707 -0.003848 0.002654 0.999982
23.212044 53.867770 0.052216 1.485439 -0.003693 -0.003730 0.002556 0.999983
23.312068 53.872129 0.050350 1.487905 -0.003706 -0.003812 0.002585 0.999983
23.412166 53.872900 0.052275 1.486597 -0.003684 -0.003812 0.002609 0.999983
23.512119 53.867561 0.054791 1.487775 -0.003725 -0.003791 0.002634 0.999982
23.612042 53.868330 0.052112 1.485982 -0.003735 -0.003768 0.002695 0.999982
23.712019 53.873507 0.051935 1.488908 -0.003700 -0.003809 0.002645 0.999982
23.812066 53.866395 0.048996 1.484906 -0.003758 -0.003832 0.002592 0.999982
23.912166 53.866576 0.057116 1.489192 -0.003653 -0.003787 0.002581 0.999983
24.012164 53.876331 0.053519 1.485387 -0.003736 -0.003822 0.002677 0.999982
24.112119 53.872581 0.049358 1.488828 -0.003689 -0.003759 0.002746 0.999982
24.212041 53.866457 0.053455 1.484666 -0.003758 -0.003793 0.002660 0.999982
24.312021 53.872099 0.049309 1.488913 -0.003685 -0.003798 0.002778 0.999982
24.412118 53.878801 0.054169 1.485203 -0.003695 -0.003827 0.002685 0.999982
24.512042 53.883167 0.050720 1.489092 -0.003684 -0.003806 0.002683 0.999982
24.612116 53.879057 0.052605 1.485041 -0.003709 -0.003806 0.002604 0.999982
24.712117 53.876664 0.055559 1.489904 -0.003641 -0.003777 0.002683 0.999983
24.812071 53.875450 0.054162 1.483921 -0.003745 -0.003798 0.002671 0.999982
24.912094 53.867085 0.049211 1.489750 -0.003661 -0.003798 0.002747 0.999982
25.012017 53.867460 0.053800 1.484115 -0.003710 -0.003824 0.002732 0.999982
25.112169 53.865824 0.058706 1.489338 -0.003637 -0.003796 0.002622 0.999983
25.212019 53.873847 0.052293 1.484303 -0.003753 -0.003826 0.002698 0.999982
25.312069 53.880361 0.056832 1.489508 -0.003681 -0.003798 0.002732 0.999982
25.412142 53.876698 0.049357 1.485250 -0.003679 -0.003810 0.002704 0.999982
25.546849 53.871769 0.056624 1.487922 -0.003758 -0.003845 0.002767 0.999982
25.612167 53.874677 0.053269 1.483726 -0.003678 -0.003776 0.002659 0.999983
25.712143 53.866496 0.054044 1.488962 -0.003661 -0.003795 0.002663 0.999983
25.812065 53.874773 0.055005 1.484809 -0.003750 -0.003793 0.002692 0.999982
25.947797 53.869315 0.055396 1.487529 -0.003711 -0.003849 0.002704 0.999982
26.012067 53.872959 0.053749 1.484938 -0.003658 -0.003778 0.002709 0.999983
26.112017 53.871669 0.051212 1.487622 -0.003678 -0.003809 0.002635 0.999983
26.212117 53.869319 0.051721 1.485380 -0.003697 -0.003821 0.002644 0.999982
26.312118 53.871749 0.054698 1.487961 -0.003747 -0.003802 0.002719 0.999982
26.412019 53.871510 0.051346 1.485121 -0.003747 -0.003808 0.002688 0.999982
26.512120 53.867955 0.048707 1.488138 -0.003699 -0.003772 0.002693 0.999982
26.646849 53.865612 0.054084 1.485977 -0.003795 -0.003872 0.002781 0.999981
26.712042 53.868327 0.045935 1.488608 -0.003686 -0.003732 0.002664 0.999983
26.812095 53.875297 0.051139 1.485974 -0.003768 -0.003783 0.002710 0.999982
26.912042 53.877006 0.051467 1.487400 -0.003714 -0.003798 0.002717 0.999982
27.012167 53.879575 0.047716 1.486316 -0.003714 -0.003793 0.002644 0.999982
27.112093 53.870391 0.051128 1.487197 -0.003730 -0.003793 0.002645 0.999982
27.212067 53.863091 0.049888 1.485381 -0.003690 -0.003818 0.002668 0.999982
27.312167 53.862374 0.052536 1.487938 -0.003721 -0.003817 0.002660 0.999982
27.412118 53.870509 0.050454 1.485386 -0.003725 -0.003827 0.002692 0.999982
27.511992 53.878603 0.052827 1.488686 -0.003707 -0.003801 0.002734 0.999982
27.612167 53.868153 0.052440 1.485560 -0.003746 -0.003799 0.002715 0.999982
27.712142 53.869020 0.050637 1.488379 -0.003729 -0.003801 0.002669 0.999982
27.812115 53.870475 0.051653 1.485407 -0.003748 -0.003817 0.002682 0.999982
27.912166 53.873709 0.051865 1.488872 -0.003665 -0.003823 0.002667 0.999982
28.012117 53.873552 0.055915 1.484970 -0.003767 -0.003784 0.002659 0.999982
28.146773 53.868244 0.051804 1.487401 -0.003759 -0.003847 0.002738 0.999982
28.211995 53.871429 0.052478 1.484457 -0.003732 -0.003758 0.002611 0.999983
28.312118 53.868143 0.052489 1.488066 -0.003749 -0.003802 0.002635 0.999982
28.412017 53.871578 0.052483 1.484897 -0.003755 -0.003825 0.002641 0.999982
28.512018 53.872499 0.051746 1.488233 -0.003717 -0.003801 0.002735 0.999982
28.612043 53.876828 0.047800 1.485214 -0.003753 -0.003803 0.002624 0.999982
28.712169 53.873876 0.056573 1.488508 -0.003719 -0.003787 0.002652 0.999982
28.812096 53.864381 0.052215 1.485364 -0.003745 -0.003840 0.002693 0.999982
28.912117 53.871537 0.054356 1.487692 -0.003715 -0.003792 0.002702 0.999982
29.012065 53.863274 0.054070 1.486019 -0.003730 -0.003835 0.002619 0.999982
29.112018 53.868222 0.054660 1.487381 -0.003710 -0.003804 0.002656 0.999982
29.212018 53.870077 0.056016 1.486317 -0.003724 -0.003787 0.002664 0.999982
29.312169 53.870894 0.054981 1.487705 -0.003750 -0.003817 0.002704 0.999982
29.412117 53.869212 0.053598 1.485981 -0.003708 -0.003833 0.002655 0.999982
29.512067 53.869872 0.055166 1.487737 -0.003744 -0.003801 0.002669 0.999982
29.612140 53.866302 0.050516 1.486068 -0.003729 -0.003845 0.002665 0.999982
29.712116 53.866837 0.050718 1.487746 -0.003702 -0.003823 0.002653 0.999982
29.812168 53.875966 0.052429 1.486654 -0.003731 -0.003797 0.002696 0.999982
29.912043 53.874637 0.046394 1.487445 -0.003749 -0.003816 0.002710 0.999982
30.012021 53.872605 0.049408 1.487104 -0.003736 -0.003838 0.002622 0.999982
30.112092 53.873192 0.052737 1.487093 -0.003735 -0.003807 0.002681 0.999982
30.212116 53.870234 0.054849 1.486980 -0.003715 -0.003802 0.002638 0.999982
30.312170 53.868688 0.054754 1.487844 -0.003706 -0.003842 0.002675 0.999982
30.412066 53.864217 0.054956 1.486241 -0.003705 -0.003821 0.002684 0.999982
30.512015 53.864826 0.052218 1.488607 -0.003672 -0.003814 0.002671 0.999982
30.612092 53.866319 0.056142 1.485701 -0.003748 -0.003809 0.002690 0.999982
30.712067 53.868126 0.056108 1.487503 -0.003674 -0.003822 0.002635 0.999982
30.812092 53.862528 0.049783 1.486017 -0.003787 -0.003803 0.002744 0.999982
30.912019 53.867056 0.059769 1.486377 -0.003757 -0.003816 0.002733 0.999982
31.012046 53.865459 0.051832 1.486337 -0.003729 -0.003832 0.002701 0.999982
31.112069 53.865133 0.055544 1.487082 -0.003765 -0.003822 0.002704 0.999982
31.212147 53.871051 0.056307 1.486424 -0.003754 -0.003806 0.002700 0.999982
31.312167 53.873118 0.055418 1.486911 -0.003710 -0.003822 0.002682 0.999982
31.412170 53.878664 0.052945 1.487327 -0.003709 -0.003817 0.002678 0.999982
31.512018 53.875751 0.054366 1.486602 -0.003744 -0.003804 0.002727 0.999982
31.612115 53.875166 0.053578 1.487337 -0.003735 -0.003804 0.002704 0.999982
31.712069 53.871392 0.053353 1.486062 -0.003732 -0.003795 0.002712 0.999982
31.812165 53.872667 0.051812 1.487578 -0.003724 -0.003816 0.002664 0.999982
31.912166 53.876659 0.052679 1.485581 -0.003741 -0.003789 0.002653 0.999982
32.012117 53.873477 0.049787 1.486629 -0.003821 -0.003795 0.002652 0.999982
32.112116 53.877312 0.056276 1.486660 -0.003736 -0.003821 0.002680 0.999982
32.212015 53.875977 0.050541 1.486861 -0.003739 -0.003800 0.002694 0.999982
32.312019 53.882646 0.053497 1.487370 -0.003739 -0.003838 0.002663 0.999982
32.412119 53.877102 0.048171 1.486406 -0.003758 -0.003814 0.002703 0.999982
32.512169 53.878992 0.045874 1.487503 -0.003692 -0.003800 0.002696 0.999982
32.612117 53.869474 0.052523 1.486745 -0.003726 -0.003835 0.002686 0.999982
32.712022 53.869382 0.051166 1.486916 -0.003777 -0.003824 0.002667 0.999982
32.812194 53.874960 0.049047 1.486536 -0.003779 -0.003834 0.002715 0.999982
32.912089 53.873253 0.051858 1.486706 -0.003754 -0.003818 0.002636 0.999982
33.012119 53.865558 0.053891 1.485880 -0.003721 -0.003813 0.002707 0.999982
33.112019 53.865803 0.054572 1.486652 -0.003763 -0.003808 0.002641 0.999982
33.212017 53.869856 0.051668 1.484586 -0.003803 -0.003787 0.002643 0.999982
33.346874 53.866721 0.051544 1.486525 -0.003800 -0.003836 0.002707 0.999982
33.412168 53.877184 0.049777 1.484508 -0.003790 -0.003800 0.002620 0.999982
33.512115 53.873121 0.055729 1.487674 -0.003705 -0.003805 0.002709 0.999982
33.612043 53.874094 0.054661 1.484701 -0.003797 -0.003800 0.002705 0.999982
33.712068 53.874873 0.054558 1.486971 -0.003737 -0.003798 0.002635 0.999982
33.812069 53.872555 0.051854 1.484019 -0.003796 -0.003786 0.002694 0.999982
33.912019 53.878286 0.057378 1.486639 -0.003792 -0.003775 0.002662 0.999982
34.012118 53.870391 0.054933 1.484309 -0.003732 -0.003792 0.002716 0.999982
34.147070 53.870153 0.052965 1.487829 -0.003760 -0.003863 0.002734 0.999982
34.212043 53.871048 0.052185 1.482077 -0.003835 -0.003738 0.002641 0.999982
34.312017 53.865053 0.052491 1.487599 -0.003778 -0.003789 0.002662 0.999982
34.412019 53.872400 0.052357 1.482449 -0.003827 -0.003824 0.002641 0.999982
34.512068 53.877235 0.056303 1.487746 -0.003785 -0.003795 0.002666 0.999982
34.612092 53.882101 0.049608 1.483167 -0.003831 -0.003843 0.002675 0.999982
34.712043 53.872127 0.054353 1.488520 -0.003767 -0.003766 0.002724 0.999982
34.812018 53.869452 0.045862 1.484284 -0.003758 -0.003829 0.002716 0.999982
34.912167 53.866061 0.055149 1.488534 -0.003749 -0.003819 0.002715 0.999982
35.012167 53.870157 0.049480 1.484280 -0.003728 -0.003842 0.002661 0.999982
35.111994 53.875596 0.055145 1.488854 -0.003742 -0.003825 0.002631 0.999982
35.212068 53.865615 0.054462 1.483786 -0.003786 -0.003869 0.002691 0.999982
35.312042 53.859484 0.055539 1.488446 -0.003749 -0.003794 0.002699 0.999982
35.412019 53.866313 0.054972 1.483798 -0.003747 -0.003841 0.002664 0.999982
35.512118 53.871375 0.050285 1.488488 -0.003761 -0.003830 0.002647 0.999982
35.612141 53.872705 0.052877 1.485714 -0.003780 -0.003853 0.002679 0.999982
35.712118 53.874516 0.051890 1.487748 -0.003764 -0.003816 0.002678 0.999982
35.812067 53.871682 0.054844 1.485659 -0.003689 -0.003839 0.002695 0.999982
35.912046 53.868033 0.052365 1.488421 -0.003770 -0.003856 0.002697 0.999982
36.011994 53.872830 0.054003 1.485523 -0.003774 -0.003833 0.002636 0.999982
36.112015 53.875192 0.047736 1.488548 -0.003717 -0.003863 0.002735 0.999982
36.212020 53.880411 0.055164 1.485610 -0.003758 -0.003855 0.002658 0.999982
36.312118 53.871705 0.055953 1.487716 -0.003682 -0.003836 0.002711 0.999982
36.412018 53.872918 0.051735 1.486158 -0.003749 -0.003836 0.002682 0.999982
36.512044 53.866562 0.049139 1.487746 -0.003722 -0.003835 0.002680 0.999982
36.612115 53.861771 0.050993 1.485974 -0.003726 -0.003835 0.002735 0.999982
36.712065 53.867557 0.047726 1.487309 -0.003734 -0.003840 0.002719 0.999982
36.812116 53.867778 0.050861 1.485122 -0.003732 -0.003838 0.002658 0.999982
36.912117 53.880250 0.048750 1.487810 -0.003747 -0.003842 0.002740 0.999982
37.012017 53.875274 0.050507 1.485364 -0.003772 -0.003866 0.002627 0.999982
37.146750 53.866150 0.051497 1.486896 -0.003734 -0.003873 0.002708 0.999982
37.212120 53.869302 0.049852 1.484967 -0.003713 -0.003833 0.002643 0.999982
37.312165 53.874893 0.048512 1.487258 -0.003784 -0.003837 0.002711 0.999982
