1.465175 0.210043 0.025003 0.003626 -0.000778 -0.000841 -0.000801 0.999999
1.565471 0.483727 0.062219 -0.004436 -0.001076 -0.000357 -0.002462 0.999996
1.665248 0.964816 0.101428 0.010547 -0.000906 0.000156 -0.002250 0.999997
1.712045 1.242267 0.114473 0.009884 -0.000721 0.000330 -0.001711 0.999998
1.846849 1.949802 0.166164 0.014271 -0.000570 -0.001578 -0.001786 0.999997
1.912068 2.369682 0.175927 0.027569 -0.000120 -0.001672 -0.001917 0.999997
2.012096 2.987292 0.172457 0.040162 -0.000345 -0.001284 -0.002307 0.999996
2.146822 3.834941 0.195008 0.050664 0.000192 -0.000005 -0.002409 0.999997
2.244604 4.537284 0.212643 0.060774 0.000466 0.001022 -0.002199 0.999997
2.344750 5.259808 0.224184 0.069957 0.000640 0.001375 -0.001462 0.999998
2.446850 6.034946 0.229621 0.081856 0.001233 0.001011 -0.000502 0.999999
2.512144 6.549124 0.220264 0.089813 0.001043 0.000745 -0.001886 0.999997
2.612092 7.307660 0.210163 0.099855 0.000745 -0.000329 -0.001777 0.999998
2.712190 8.133084 0.202565 0.117284 0.000239 -0.000953 -0.002907 0.999995
2.812167 8.977771 0.183503 0.131467 -0.000579 -0.001199 -0.003922 0.999991
2.912192 9.855294 0.159549 0.152630 -0.000970 -0.001601 -0.004523 0.999988
3.012192 10.753273 0.146347 0.168729 -0.001031 -0.000586 -0.004355 0.999990
3.112043 11.697987 0.126739 0.186930 -0.000937 0.000065 -0.005394 0.999985
3.212068 12.662916 0.111040 0.210855 -0.001514 0.000691 -0.006068 0.999980
3.369436 14.233337 0.089781 0.236881 -0.001965 0.001569 -0.006691 0.999974
3.446775 15.014683 0.092689 0.253510 -0.001518 0.001492 -0.007008 0.999973
3.512192 15.732035 0.071817 0.255901 -0.001364 0.001175 -0.008466 0.999963
3.612045 16.802549 0.057527 0.270096 -0.001133 0.000951 -0.009053 0.999958
3.765523 18.514783 0.021684 0.298855 -0.001079 0.000340 -0.009649 0.999953
3.812020 19.040713 0.009640 0.308887 -0.000846 0.000605 -0.010392 0.999945
3.912067 20.195906 -0.013336 0.321792 -0.001549 0.000186 -0.009444 0.999954
4.002731 21.279517 -0.046246 0.344149 -0.001787 -0.000413 -0.011079 0.999937
4.112067 22.617823 -0.080611 0.360287 -0.002651 -0.000408 -0.011435 0.999931
4.212095 23.869085 -0.109826 0.374799 -0.002545 0.000430 -0.012470 0.999919
4.312142 25.199955 -0.136997 0.399226 -0.001500 0.001309 -0.011459 0.999932
4.412093 26.539487 -0.165375 0.415175 -0.000692 0.001559 -0.012283 0.999923
4.600172 29.122436 -0.217550 0.448459 -0.001298 0.000865 -0.013974 0.999901
4.700272 30.467993 -0.252436 0.459019 -0.001972 0.000717 -0.016285 0.999865
4.765049 31.353043 -0.269658 0.475286 -0.001772 0.001007 -0.017516 0.999844
4.865150 32.744799 -0.298841 0.494790 -0.002538 0.000529 -0.018471 0.999826
4.965149 34.156141 -0.355256 0.511019 -0.002215 -0.000073 -0.019126 0.999815
5.065246 35.580696 -0.406751 0.526975 -0.001672 -0.000355 -0.020310 0.999792
5.165149 37.018592 -0.461344 0.545339 -0.002077 0.000254 -0.021415 0.999768
5.265223 38.470455 -0.515533 0.565360 -0.001600 0.000941 -0.022189 0.999752
5.365173 39.945315 -0.586782 0.589270 -0.001567 0.001093 -0.022432 0.999747
5.465101 41.422114 -0.654835 0.605546 -0.001005 0.000432 -0.023285 0.999728
5.565175 42.902767 -0.723054 0.629192 -0.000938 0.000312 -0.023856 0.999715
5.646874 44.107701 -0.772163 0.641674 -0.000959 0.000607 -0.024855 0.999690
5.746925 45.653316 -0.829185 0.661710 -0.000987 0.002183 -0.025656 0.999668
5.846874 47.179394 -0.899606 0.681047 -0.000723 0.003369 -0.026315 0.999648
5.946826 48.690516 -0.971036 0.700062 -0.000491 0.003884 -0.026667 0.999637
6.046823 50.209306 -1.047000 0.713810 -0.000242 0.003216 -0.027221 0.999624
6.112068 51.180438 -1.091194 0.726280 -0.000408 0.002883 -0.027493 0.999618
6.265125 53.620068 -1.211131 0.756701 -0.000887 0.001185 -0.027749 0.999614
6.312091 54.305735 -1.241787 0.760428 -0.000778 0.001049 -0.029611 0.999561
6.412118 55.877579 -1.327722 0.785580 -0.001264 -0.000173 -0.029187 0.999573
6.512217 57.442007 -1.426356 0.808544 -0.001133 -0.000778 -0.029767 0.999556
6.612069 59.002172 -1.508813 0.834641 -0.001206 -0.000750 -0.030716 0.999527
6.777415 61.583623 -1.647733 0.878934 -0.001499 0.000419 -0.031773 0.999494
6.812168 62.089145 -1.681097 0.877740 -0.000875 0.000285 -0.032752 0.999463
6.912017 63.604084 -1.761627 0.906953 -0.001242 0.001146 -0.033952 0.999422
7.046772 65.645471 -1.888644 0.933934 -0.000880 0.001366 -0.034752 0.999395
7.146748 67.144695 -1.993963 0.953398 -0.000339 0.001380 -0.035369 0.999373
7.212067 68.101719 -2.065399 0.967429 0.000122 0.001662 -0.035926 0.999353
7.303211 69.461032 -2.147237 0.988993 0.000518 0.002001 -0.035850 0.999355
7.403038 70.943312 -2.251476 1.011305 -0.000522 0.002053 -0.036558 0.999329
7.600297 73.832841 -2.451123 1.050545 -0.001770 0.002144 -0.037030 0.999310
7.699872 75.229304 -2.555256 1.062186 -0.001633 0.001633 -0.038940 0.999239
7.799673 76.612377 -2.654197 1.078240 -0.001447 0.002399 -0.039692 0.999208
7.900046 77.928717 -2.745391 1.095896 -0.001307 0.003566 -0.041018 0.999151
7.944604 78.518029 -2.795974 1.112970 -0.000803 0.004693 -0.041579 0.999124
8.044727 79.987777 -2.921521 1.134453 0.000360 0.004482 -0.040893 0.999153
8.146724 81.411498 -3.050150 1.153258 0.000524 0.003786 -0.042634 0.999083
8.246898 82.769504 -3.155335 1.173996 0.000213 0.002887 -0.043483 0.999050
8.346873 84.087086 -3.276129 1.192923 0.000446 0.002538 -0.043969 0.999030
8.448295 85.373271 -3.375404 1.213662 -0.000129 0.002219 -0.044671 0.998999
8.546999 86.604278 -3.476496 1.229776 -0.000033 0.002062 -0.045754 0.998951
8.646748 87.808028 -3.584103 1.250350 -0.000542 0.001979 -0.046173 0.998931
8.747069 88.985404 -3.685688 1.268671 -0.000262 0.001801 -0.046383 0.998922
8.846796 90.137369 -3.788463 1.284270 0.000139 0.001830 -0.047317 0.998878
8.948217 91.279580 -3.880803 1.301979 0.000254 0.002042 -0.047502 0.998869
9.046826 92.373895 -3.978576 1.321849 0.000243 0.002449 -0.048587 0.998816
9.146747 93.472091 -4.083464 1.337544 0.000057 0.003162 -0.048857 0.998801
9.246823 94.546445 -4.180920 1.353904 -0.000005 0.003372 -0.049560 0.998765
9.344880 95.583997 -4.267807 1.363036 -0.000329 0.003451 -0.050051 0.998741
9.446773 96.667672 -4.370168 1.372625 -0.000007 0.002908 -0.050577 0.998716
9.546946 97.717582 -4.471290 1.386633 -0.000087 0.002440 -0.051355 0.998677
9.612141 98.386825 -4.536743 1.392446 -0.000062 0.002029 -0.051766 0.998657
9.712044 99.510653 -4.648126 1.405339 -0.000183 0.001793 -0.051916 0.998650
9.846845 101.009135 -4.805775 1.428238 0.000359 0.002190 -0.052005 0.998644
9.912047 101.599233 -4.855848 1.434534 0.000463 0.002203 -0.053076 0.998588
10.069063 103.292876 -5.032648 1.453638 0.000744 0.001288 -0.052674 0.998611
10.146798 103.970796 -5.100713 1.460392 0.000783 0.001353 -0.054481 0.998514
10.212044 104.612637 -5.165465 1.473584 0.000940 0.001412 -0.054279 0.998524
10.312065 105.652966 -5.282149 1.488641 0.000857 0.001338 -0.054041 0.998537
10.412120 106.708949 -5.391669 1.504253 0.000641 0.000961 -0.054673 0.998504
10.511994 107.752079 -5.500133 1.516754 0.000559 0.000746 -0.054863 0.998493
10.612118 108.783194 -5.608473 1.531212 0.000242 0.000862 -0.055505 0.998458
10.746749 110.159994 -5.755712 1.550129 -0.000129 0.002133 -0.055708 0.998445
10.810229 110.731518 -5.818495 1.555330 0.000058 0.002360 -0.056839 0.998381
10.910255 111.720393 -5.921109 1.570003 0.000491 0.003423 -0.056941 0.998372
11.010381 112.691117 -6.023181 1.579145 0.000562 0.003884 -0.057169 0.998357
11.144634 113.972148 -6.159159 1.597281 0.001344 0.004116 -0.057833 0.998317
11.244804 114.820798 -6.259096 1.603402 0.001764 0.004041 -0.058734 0.998264
11.311081 115.370977 -6.331099 1.608116 0.001577 0.003976 -0.059802 0.998201
11.411284 116.274423 -6.438768 1.618792 0.002635 0.004199 -0.059635 0.998208
11.510813 117.162384 -6.536347 1.630814 0.003175 0.004577 -0.059929 0.998187
11.610765 118.022945 -6.643026 1.643695 0.003090 0.004721 -0.060017 0.998181
11.709769 118.862069 -6.743846 1.651941 0.002831 0.004774 -0.060707 0.998140
11.809820 119.674258 -6.832504 1.660619 0.002824 0.004571 -0.061353 0.998102
11.910068 120.463129 -6.919017 1.672257 0.002578 0.004577 -0.061433 0.998097
12.010170 121.227487 -7.001521 1.681989 0.002340 0.004525 -0.062676 0.998021
12.146723 122.251214 -7.127798 1.689800 0.001961 0.004451 -0.062700 0.998021
12.244727 122.862697 -7.206580 1.696798 0.002338 0.004230 -0.063449 0.997973
12.344928 123.481851 -7.275730 1.699906 0.002204 0.004556 -0.063717 0.997955
12.444655 124.119240 -7.354915 1.710417 0.002146 0.004639 -0.064155 0.997927
12.544778 124.745385 -7.429833 1.719787 0.001676 0.004803 -0.064571 0.997900
12.644730 125.356662 -7.508169 1.725291 0.001745 0.005018 -0.065617 0.997831
12.744778 125.957078 -7.586276 1.735600 0.002021 0.005222 -0.066255 0.997787
12.844729 126.542732 -7.667510 1.741963 0.001794 0.005305 -0.066579 0.997765
12.946846 127.146476 -7.749341 1.747392 0.001297 0.004960 -0.067348 0.997716
13.011052 127.505769 -7.791172 1.750893 0.001077 0.004743 -0.067975 0.997675
13.111074 128.123580 -7.867638 1.758631 0.001569 0.003761 -0.068411 0.997649
13.211178 128.732964 -7.949184 1.764055 0.001649 0.002990 -0.069344 0.997587
13.311226 129.329927 -8.027801 1.770450 0.001615 0.002809 -0.069776 0.997557
13.411274 129.918778 -8.112184 1.777275 0.001493 0.002690 -0.070713 0.997492
13.512117 130.494735 -8.189851 1.783486 0.001245 0.002497 -0.071095 0.997466
13.612117 131.054243 -8.257458 1.788702 0.001201 0.002416 -0.071629 0.997428
13.712141 131.601083 -8.338741 1.791874 0.001401 0.002501 -0.072404 0.997371
13.812217 132.141201 -8.409741 1.801314 0.001110 0.002223 -0.072895 0.997337
13.912120 132.680603 -8.491762 1.806680 0.000572 0.002153 -0.073500 0.997293
14.012120 133.212862 -8.563401 1.813813 0.000520 0.002161 -0.073864 0.997266
14.169536 134.053377 -8.677659 1.820197 0.000987 0.001796 -0.074321 0.997232
14.212118 134.171900 -8.705035 1.822354 0.001167 0.001512 -0.075456 0.997147
14.303862 134.679628 -8.779263 1.829076 0.001233 0.001477 -0.075117 0.997173
14.469289 135.600680 -8.919681 1.840816 0.000846 0.001646 -0.075584 0.997138
14.511966 135.736370 -8.940682 1.839243 0.000724 0.001358 -0.076727 0.997051
14.611991 136.290057 -9.025624 1.846166 0.000798 0.001743 -0.076488 0.997069
14.746921 137.011478 -9.124640 1.853320 0.001445 0.001814 -0.076332 0.997080
14.803539 137.273456 -9.169945 1.859493 0.001766 0.001665 -0.077090 0.997021
14.903440 137.835157 -9.253142 1.870984 0.001797 0.001748 -0.076808 0.997043
15.012218 138.428609 -9.343293 1.879313 0.001456 0.001614 -0.077074 0.997023
15.103286 138.897001 -9.418284 1.883100 0.001429 0.001505 -0.077341 0.997003
15.300221 139.969434 -9.592739 1.896777 0.001921 0.001814 -0.076829 0.997041
15.399648 140.271567 -9.625721 1.893571 0.002055 0.001735 -0.077646 0.996977
15.499574 140.652809 -9.684135 1.903712 0.002372 0.001935 -0.078031 0.996946
15.599524 141.050598 -9.730287 1.909461 0.002399 0.001938 -0.077822 0.996963
15.699448 141.484837 -9.789551 1.917395 0.002408 0.001776 -0.078350 0.996921
15.799223 141.943805 -9.865407 1.921119 0.002395 0.001770 -0.078354 0.996921
15.899099 142.420501 -9.945735 1.927010 0.002459 0.001351 -0.078082 0.996943
15.999225 142.912210 -10.019897 1.932519 0.002573 0.000875 -0.077670 0.996975
16.099125 143.400866 -10.095821 1.939059 0.002711 0.000878 -0.077389 0.996997
16.199024 143.915301 -10.167280 1.946130 0.002546 0.000748 -0.077239 0.997009
16.299025 144.419446 -10.246363 1.950746 0.002043 0.000505 -0.077016 0.997028
16.398900 144.924660 -10.332427 1.958923 0.002008 0.000048 -0.076985 0.997030
16.498826 145.435574 -10.406032 1.962566 0.002188 -0.000328 -0.076936 0.997034
16.598749 145.947133 -10.480285 1.969921 0.002418 -0.000493 -0.076646 0.997055
16.698699 146.445696 -10.554265 1.974499 0.002691 -0.000347 -0.076716 0.997049
16.798674 146.954936 -10.622392 1.980428 0.002593 -0.000438 -0.077020 0.997026
16.898873 147.470417 -10.698590 1.989083 0.002773 -0.000866 -0.076945 0.997031
16.999100 147.983255 -10.777609 1.995505 0.002738 -0.000749 -0.077160 0.997015
17.099473 148.500719 -10.860292 2.003825 0.002693 -0.000805 -0.076753 0.997046
17.199846 149.025951 -10.942189 2.012090 0.002618 -0.000843 -0.077059 0.997023
17.212118 149.084712 -10.946015 2.009926 0.002345 -0.000900 -0.077507 0.996989
17.326331 149.846756 -11.067592 2.018931 0.002356 0.000032 -0.077070 0.997023
17.424912 150.466610 -11.168069 2.024360 0.002604 0.000252 -0.077365 0.996999
17.512065 150.985260 -11.249634 2.032675 0.002693 0.000677 -0.077563 0.996984
17.627201 151.678173 -11.357273 2.046752 0.002410 0.000755 -0.077386 0.996998
17.712118 152.118522 -11.425789 2.052547 0.002283 0.000875 -0.077178 0.997014
17.812044 152.666169 -11.501287 2.060978 0.001911 0.001219 -0.077333 0.997003
17.930568 153.303995 -11.594107 2.068288 0.001407 0.001154 -0.077870 0.996962
18.012145 153.680977 -11.651138 2.069254 0.001420 0.001137 -0.078520 0.996911
18.112118 154.195287 -11.722586 2.079002 0.001232 0.000887 -0.079040 0.996870
18.212167 154.702253 -11.803821 2.086762 0.001422 0.000651 -0.079224 0.996856
18.312019 155.203378 -11.887558 2.097616 0.001216 0.000314 -0.080209 0.996777
18.411971 155.701489 -11.960299 2.101204 0.000692 -0.000712 -0.080914 0.996721
18.533238 156.300702 -12.046390 2.111082 0.000050 -0.001355 -0.081357 0.996684
18.612068 156.647331 -12.098965 2.111635 -0.000040 -0.001689 -0.082404 0.996598
18.712166 157.136586 -12.177516 2.119387 0.000143 -0.001143 -0.082659 0.996577
18.812166 157.632582 -12.261848 2.124910 0.000401 -0.000412 -0.083417 0.996515
18.966121 158.386729 -12.385089 2.136592 0.001412 0.001068 -0.083753 0.996485
19.044606 158.667664 -12.443112 2.144977 0.001712 0.001391 -0.084474 0.996423
19.144730 159.100799 -12.522661 2.159838 0.001460 0.002445 -0.085211 0.996359
19.246796 159.547372 -12.591403 2.165106 0.001055 0.002800 -0.085666 0.996319
19.346728 159.996898 -12.659532 2.167111 0.001007 0.002700 -0.086199 0.996274
19.446773 160.445948 -12.735601 2.168404 0.001632 0.002605 -0.086480 0.996249
19.510705 160.732407 -12.784872 2.172272 0.002177 0.002573 -0.087092 0.996195
19.610804 161.225313 -12.879496 2.177517 0.002784 0.002766 -0.087620 0.996146
19.710801 161.704585 -12.957088 2.183249 0.003070 0.003234 -0.087516 0.996153
19.844677 162.324341 -13.066651 2.193204 0.002994 0.003950 -0.088053 0.996103
19.926757 162.632688 -13.124951 2.196170 0.003008 0.003815 -0.088417 0.996072
20.010804 162.971277 -13.178823 2.201558 0.002744 0.003798 -0.088692 0.996048
20.110853 163.383061 -13.261688 2.202340 0.002900 0.003495 -0.089143 0.996008
20.210903 163.786735 -13.329674 2.207950 0.002813 0.003338 -0.089534 0.995974
20.344706 164.320986 -13.421958 2.210091 0.002911 0.002985 -0.089846 0.995947
20.447646 164.662198 -13.476880 2.213095 0.003384 0.002554 -0.090268 0.995908
20.546872 165.006974 -13.541415 2.217147 0.003736 0.002577 -0.090638 0.995874
20.612115 165.231530 -13.581811 2.218748 0.003693 0.002634 -0.091252 0.995817
20.710755 165.623858 -13.654218 2.223600 0.004150 0.002726 -0.091320 0.995809
20.810704 166.012820 -13.725231 2.229721 0.004337 0.002998 -0.091695 0.995773
20.944655 166.532926 -13.818484 2.236909 0.003971 0.003555 -0.092003 0.995745
21.046775 166.866375 -13.877979 2.238773 0.003857 0.003158 -0.092870 0.995666
21.112142 167.075416 -13.915854 2.238969 0.004321 0.003291 -0.093262 0.995627
21.244754 167.575200 -14.009740 2.244909 0.004629 0.003451 -0.093649 0.995589
21.346748 167.924469 -14.082268 2.251760 0.004738 0.002632 -0.094022 0.995555
21.412116 168.142075 -14.119618 2.250756 0.004519 0.001760 -0.094275 0.995534
21.568889 168.769441 -14.243649 2.253812 0.004238 0.000759 -0.094384 0.995527
21.668814 169.093263 -14.300920 2.254301 0.003897 0.000565 -0.095166 0.995454
21.768984 169.454743 -14.366148 2.255484 0.004137 0.000629 -0.095549 0.995416
21.812065 169.616776 -14.395676 2.258509 0.004461 0.000747 -0.095930 0.995378
21.968886 170.334957 -14.544309 2.264956 0.004689 0.000478 -0.096455 0.995326
22.023293 170.548117 -14.586065 2.268109 0.004662 0.000339 -0.097123 0.995261
22.111966 170.982153 -14.669184 2.269228 0.003887 0.000109 -0.097394 0.995238
22.212167 171.485616 -14.768094 2.269776 0.003742 -0.000351 -0.097850 0.995194
22.301228 171.943283 -14.852016 2.271585 0.003816 -0.000309 -0.098174 0.995162
22.412045 172.540310 -14.967237 2.275574 0.004384 -0.000270 -0.098870 0.995091
22.512164 173.059411 -15.067300 2.282871 0.005150 -0.000303 -0.098814 0.995093
22.620492 173.617993 -15.176221 2.289138 0.005286 -0.000273 -0.098872 0.995086
22.712042 174.073326 -15.266048 2.292838 0.005114 0.000022 -0.099135 0.995061
22.820445 174.643674 -15.384486 2.301354 0.004369 0.000173 -0.099296 0.995048
22.912115 175.121247 -15.469524 2.302134 0.004275 0.000317 -0.099463 0.995032
23.091724 176.095980 -15.667755 2.309233 0.005418 0.000385 -0.099199 0.995053
23.112165 176.091260 -15.669588 2.311309 0.005737 -0.000008 -0.099567 0.995014
23.223815 176.716887 -15.798325 2.322115 0.005148 0.000364 -0.099923 0.994982
23.323862 177.280448 -15.906968 2.326256 0.004615 0.000486 -0.100021 0.994974
23.412115 177.774659 -16.000496 2.329149 0.004825 0.000548 -0.100278 0.994948
23.590849 178.830314 -16.220376 2.342253 0.004753 0.000742 -0.099999 0.994976
23.623462 178.922141 -16.237752 2.342112 0.004775 0.000485 -0.100267 0.994949
23.792343 179.899669 -16.438448 2.352096 0.004541 0.000562 -0.100079 0.994969
23.823166 180.017324 -16.457201 2.351343 0.004242 0.000384 -0.100525 0.994925
23.969107 180.907872 -16.625948 2.357905 0.004536 -0.000080 -0.100354 0.994941
24.069061 181.470276 -16.743493 2.363590 0.004509 -0.000430 -0.100572 0.994920
24.169036 182.050778 -16.854346 2.371119 0.004304 -0.000699 -0.101034 0.994873
24.269188 182.651722 -16.970692 2.373250 0.004117 -0.000938 -0.101449 0.994832
24.323837 182.983542 -17.046996 2.373821 0.003961 -0.001182 -0.102304 0.994745
24.469040 184.000326 -17.262824 2.382687 0.004471 -0.001112 -0.101964 0.994777
24.568964 184.648322 -17.403971 2.389135 0.003967 -0.001042 -0.102625 0.994712
24.668892 185.289139 -17.541048 2.400463 0.003752 -0.000554 -0.103096 0.994664
24.772873 185.976594 -17.683751 2.405315 0.003885 0.000478 -0.103687 0.994602
24.810799 186.224162 -17.730644 2.408469 0.004055 0.000964 -0.104266 0.994541
24.910847 187.020018 -17.898531 2.415874 0.005161 0.002525 -0.104015 0.994559
25.066969 188.202690 -18.142253 2.431421 0.004735 0.003124 -0.104812 0.994476
25.128501 188.554381 -18.216555 2.433743 0.004371 0.002841 -0.105764 0.994378
25.244873 189.356938 -18.379421 2.445457 0.004792 0.003119 -0.106235 0.994325
25.346774 190.026234 -18.515261 2.451082 0.004725 0.002892 -0.106537 0.994293
25.447816 190.676260 -18.650842 2.457918 0.004394 0.002973 -0.107173 0.994226
25.532261 191.216713 -18.769687 2.461228 0.003884 0.003071 -0.107582 0.994184
25.646841 191.984969 -18.941805 2.465979 0.003832 0.003370 -0.107856 0.994153
25.772253 192.790478 -19.126020 2.468836 0.004003 0.003646 -0.108393 0.994093
25.869784 193.366992 -19.248855 2.474963 0.004559 0.004053 -0.109140 0.994008
25.967017 193.954249 -19.370109 2.480200 0.004069 0.004269 -0.109543 0.993965
26.046969 194.439869 -19.472345 2.482029 0.004341 0.004205 -0.109808 0.993934
26.144845 195.061482 -19.601384 2.482102 0.004874 0.004886 -0.109845 0.993925
26.210857 195.498615 -19.697831 2.489041 0.006002 0.005065 -0.110230 0.993875
26.344650 196.440380 -19.907610 2.496319 0.006633 0.005033 -0.110090 0.993887
26.444724 197.074966 -20.050778 2.504559 0.006424 0.004773 -0.110107 0.993887
26.546775 197.724331 -20.188841 2.506746 0.005710 0.004259 -0.110311 0.993872
26.612044 198.126844 -20.283903 2.505773 0.006056 0.003414 -0.110535 0.993848
26.746863 199.039984 -20.496419 2.512384 0.006520 0.002997 -0.110861 0.993810
26.803603 199.353718 -20.567943 2.512459 0.006487 0.002589 -0.111604 0.993728
26.903506 200.027077 -20.718389 2.525189 0.006432 0.003749 -0.111571 0.993729
27.003579 200.662206 -20.851238 2.532624 0.006487 0.004786 -0.111675 0.993712
27.103290 201.265137 -20.984408 2.539910 0.006417 0.004894 -0.111895 0.993687
27.299848 202.393823 -21.226663 2.548896 0.005927 0.005484 -0.111530 0.993728
27.399623 202.747544 -21.296397 2.547597 0.006150 0.005268 -0.111923 0.993684
27.499398 203.118922 -21.382741 2.550590 0.005615 0.005370 -0.111748 0.993706
27.599199 203.487448 -21.458589 2.554027 0.005279 0.005597 -0.111411 0.993745
27.699299 203.856039 -21.547093 2.555758 0.005507 0.006269 -0.110945 0.993791
27.799049 204.235640 -21.631189 2.559010 0.005734 0.007060 -0.110625 0.993821
27.899024 204.597553 -21.705660 2.565306 0.006096 0.007251 -0.110269 0.993857
27.999000 204.960504 -21.779501 2.566850 0.005809 0.007477 -0.109975 0.993889
28.098925 205.320010 -21.865376 2.567576 0.005674 0.007936 -0.109667 0.993921
28.198898 205.664168 -21.939143 2.569580 0.005472 0.008524 -0.109190 0.993969
28.298950 206.000437 -22.015369 2.574022 0.005753 0.008860 -0.108977 0.993988
28.399025 206.319633 -22.080102 2.575687 0.005896 0.009074 -0.108644 0.994022
28.498924 206.622168 -22.141062 2.577464 0.006037 0.008569 -0.107929 0.994103
28.598824 206.912727 -22.207653 2.579784 0.005464 0.007116 -0.107889 0.994122
28.698725 207.182526 -22.261709 2.579308 0.005039 0.006104 -0.107758 0.994146
28.798749 207.455994 -22.317621 2.581405 0.005050 0.005459 -0.107033 0.994228
28.898499 207.734783 -22.383708 2.579077 0.005235 0.005192 -0.106944 0.994238
28.998600 207.995331 -22.439320 2.576879 0.005532 0.005096 -0.106625 0.994271
29.098626 208.261007 -22.494738 2.579491 0.005810 0.005160 -0.106540 0.994278
29.198698 208.526583 -22.540033 2.580237 0.005923 0.004855 -0.105932 0.994344
29.298924 208.796596 -22.598963 2.584111 0.005266 0.004617 -0.106003 0.994341
29.399073 209.046223 -22.653373 2.579844 0.004654 0.004434 -0.105919 0.994354
29.499224 209.302085 -22.707791 2.581519 0.004809 0.004493 -0.106317 0.994311
29.599447 209.554782 -22.764991 2.588931 0.005153 0.004583 -0.106283 0.994312
29.699624 209.798384 -22.819943 2.591708 0.004904 0.004742 -0.106261 0.994315
29.799699 210.060414 -22.865568 2.593362 0.004598 0.004677 -0.106085 0.994335
29.900222 210.314618 -22.920725 2.590296 0.003913 0.004703 -0.106462 0.994298
29.945847 210.422052 -22.947935 2.589017 0.003991 0.004496 -0.107272 0.994212
30.068957 210.792087 -23.026855 2.592643 0.004528 0.004108 -0.106422 0.994302
30.146798 210.981695 -23.072155 2.594414 0.004776 0.004015 -0.107114 0.994227
30.246895 211.266041 -23.123364 2.597313 0.004357 0.004059 -0.106974 0.994244
30.345847 211.528578 -23.181599 2.596749 0.004320 0.004120 -0.107026 0.994238
30.412163 211.699013 -23.211550 2.597298 0.004316 0.003946 -0.107327 0.994207
30.572500 212.155591 -23.302395 2.600691 0.004264 0.004380 -0.106846 0.994257
30.672324 212.357853 -23.348044 2.601706 0.004437 0.004205 -0.107417 0.994195
30.746795 212.519313 -23.380757 2.604178 0.004828 0.004264 -0.107742 0.994158
30.844680 212.750228 -23.431498 2.608198 0.004485 0.004526 -0.107937 0.994137
30.939839 212.977051 -23.477232 2.608401 0.003771 0.004152 -0.107738 0.994163
31.012062 213.147306 -23.520154 2.608316 0.003451 0.003789 -0.107827 0.994156
31.112067 213.402804 -23.579080 2.609961 0.003666 0.003684 -0.108167 0.994119
31.244605 213.740448 -23.663613 2.611468 0.003907 0.003652 -0.107675 0.994172
31.312063 213.878376 -23.690961 2.613056 0.003740 0.003459 -0.108239 0.994112
31.469410 214.265161 -23.772046 2.615352 0.003189 0.003620 -0.107998 0.994139
31.568909 214.463889 -23.797330 2.611793 0.003380 0.003305 -0.108449 0.994091
31.646822 214.618399 -23.832380 2.614595 0.003571 0.003337 -0.108822 0.994049
31.712217 214.759259 -23.866655 2.617718 0.003498 0.003294 -0.108699 0.994063
31.812168 215.006631 -23.920516 2.617226 0.003933 0.003137 -0.108782 0.994053
31.946819 215.329821 -23.983073 2.620218 0.003513 0.003246 -0.108694 0.994064
32.069207 215.583750 -24.034310 2.617983 0.003291 0.003290 -0.108847 0.994048
32.172301 215.774353 -24.077731 2.620402 0.002847 0.003870 -0.109175 0.994011
32.246822 215.913038 -24.105809 2.623018 0.002321 0.004692 -0.109309 0.993994
32.346847 216.114473 -24.154426 2.624937 0.002439 0.005344 -0.109467 0.993973
32.444703 216.301067 -24.199678 2.629884 0.002828 0.005738 -0.109403 0.993977
32.544827 216.473616 -24.234805 2.628749 0.003008 0.006098 -0.109257 0.993990
32.644753 216.634200 -24.267607 2.631677 0.002801 0.006337 -0.109975 0.993910
32.739315 216.772822 -24.295512 2.633701 0.002574 0.006619 -0.109879 0.993920
32.839010 216.903512 -24.327354 2.632846 0.002345 0.006855 -0.109714 0.993937
32.944650 217.013168 -24.347471 2.634761 0.002814 0.006823 -0.110102 0.993893
33.044725 217.111564 -24.370786 2.631601 0.003123 0.006540 -0.110106 0.993893
33.138293 217.179923 -24.381183 2.631658 0.003358 0.006192 -0.110507 0.993850
33.246797 217.257086 -24.397986 2.632630 0.003773 0.006108 -0.110289 0.993874
33.344678 217.302020 -24.412136 2.631526 0.004044 0.006048 -0.110255 0.993877
33.441734 217.344601 -24.422932 2.633436 0.004460 0.006055 -0.110332 0.993866
33.544678 217.381189 -24.431852 2.636286 0.004397 0.006123 -0.110640 0.993832
33.644724 217.400631 -24.435416 2.636548 0.004394 0.006178 -0.110634 0.993832
