1.465175 0.210042596 0.025002570 0.003626229 -0.000777670 -0.000841457 -0.000800737 0.999999023
1.565471 0.483727063 0.062219118 -0.004435822 -0.001075617 -0.000356516 -0.002461568 0.999996328
1.665248 0.964816102 0.101428112 0.010546660 -0.000905914 0.000155796 -0.002249931 0.999997046
1.712045 1.242267052 0.114472535 0.009884130 -0.000721412 0.000330089 -0.001711206 0.999998221
1.846849 1.949801778 0.166164378 0.014270558 -0.000570228 -0.001577832 -0.001785981 0.999996998
1.912068 2.369682307 0.175927073 0.027568524 -0.000119831 -0.001671599 -0.001917334 0.999996758
2.012096 2.987291769 0.172457203 0.040161808 -0.000345026 -0.001284141 -0.002307122 0.999996455
2.146822 3.834940993 0.195008394 0.050663623 0.000192316 -0.000005134 -0.002408937 0.999997080
2.244604 4.537283979 0.212643034 0.060774298 0.000465979 0.001021715 -0.002198971 0.999996952
2.344750 5.259807784 0.224184024 0.069956528 0.000640205 0.001375324 -0.001461889 0.999997781
2.446850 6.034945953 0.229621471 0.081856072 0.001233472 0.001010797 -0.000501906 0.999998602
2.512144 6.549124171 0.220263532 0.089812563 0.001042827 0.000744962 -0.001886347 0.999997400
2.612092 7.307660145 0.210163118 0.099854900 0.000744884 -0.000328772 -0.001777415 0.999998089
2.712190 8.133083856 0.202565000 0.117284290 0.000239313 -0.000953282 -0.002906957 0.999995292
2.812167 8.977770816 0.183503231 0.131466985 -0.000578965 -0.001199193 -0.003921672 0.999991424
2.912192 9.396673279 3.944811937 0.152630169 -0.001028002 -0.001564374 -0.041167187 0.999150519
3.012192 10.987497586 -4.806400127 0.168729428 -0.000999021 -0.000638148 0.047209672 0.998884298
3.112043 11.192489256 5.605167530 0.186929919 -0.000931879 0.000119988 -0.064336473 0.997927821
3.212068 13.917159274 -8.610032177 0.210855339 -0.001576197 0.000534695 0.095117495 0.995464661
3.369436 15.833679918 -9.264845971 0.236880683 -0.002133302 0.001331061 0.109155836 0.994021469
3.446775 15.327359587 -4.114317443 0.253510274 -0.001600896 0.001401712 0.050587534 0.998717364
3.512192 15.696918617 -1.819029494 0.255901321 -0.001399474 0.001132475 0.022155762 0.999752910
3.612045 16.738503026 -1.573807960 0.270096365 -0.001159619 0.000918043 0.019742176 0.999804010
3.765523 18.450736435 -1.609651321 0.298854968 -0.001088746 0.000308567 0.019146535 0.999816048
3.812020 18.978666406 -1.468965832 0.308886531 -0.000863415 0.000579580 0.018805972 0.999822611
3.912067 20.311226744 -1.005104038 0.321792248 -0.001553508 0.000145507 0.016942542 0.999855247
4.002731 21.394837881 -1.038013548 0.344149370 -0.001775406 -0.000460377 0.015307029 0.999881158
4.112067 22.762344737 -0.985349818 0.360287032 -0.002637825 -0.000484829 0.017792752 0.999838099
4.212095 24.114817992 -0.960317377 0.374799050 -0.002558368 0.000341453 0.022243811 0.999749244
4.312142 25.258943048 -0.763066156 0.399225943 -0.001543852 0.001256816 0.022762388 0.999738921
4.412093 26.913439866 -0.789553352 0.415175424 -0.000763182 0.001525645 0.033706326 0.999430325
4.600172 29.792763346 -0.785136731 0.448458728 -0.001353972 0.000773815 0.054583149 0.998508011
4.700272 30.900166097 -0.346313731 0.459018563 -0.002003867 0.000621585 0.031819764 0.999491421
4.765049 31.369384009 -0.031496269 0.475286021 -0.001811961 0.000932656 0.023939668 0.999711328
4.865150 32.869549247 0.210843841 0.494790001 -0.002564229 0.000383042 0.038873953 0.999240759
4.965149 34.273496144 0.245723204 0.511018746 -0.002207962 -0.000194068 0.035602651 0.999363567
5.065246 35.580696123 -0.406750989 0.526975177 -0.001671983 -0.000354524 -0.020310420 0.999792261
5.165149 37.018591765 -0.461344126 0.545339222 -0.002076511 0.000254497 -0.021414971 0.999768484
5.265223 38.448374275 -0.204481677 0.565359505 -0.001597478 0.000945292 -0.024963246 0.999686646
5.365173 39.923234485 -0.275730736 0.589269766 -0.001563575 0.001097328 -0.025206857 0.999680432
5.465101 41.799996109 -0.220256100 0.605545927 -0.001002782 0.000436694 -0.028059272 0.999605663
5.565175 42.955079639 -0.446057149 0.629191651 -0.000937554 0.000314815 -0.026536718 0.999647350
5.646874 44.279475746 -1.013817026 0.641673807 -0.000960081 0.000605399 -0.022687524 0.999741961
5.746925 45.955811632 -0.615736091 0.661709810 -0.000980403 0.002185424 -0.028466856 0.999591867
5.846874 47.364528719 -0.687382845 0.681046816 -0.000714968 0.003370712 -0.028795299 0.999579390
5.946826 48.654484851 -0.814010238 0.700061514 -0.000484163 0.003885031 -0.028433561 0.999588018
6.046823 50.118695032 -0.917156176 0.713810216 -0.000237746 0.003216248 -0.028664598 0.999583883
6.112068 51.006556075 -0.999205868 0.726280416 -0.000405738 0.002883759 -0.028400521 0.999592382
6.265125 53.361163793 -1.138002468 0.756701118 -0.000885935 0.001185545 -0.028369812 0.999596400
6.312091 53.901032897 -1.225888781 0.760428193 -0.000778218 0.001049037 -0.029416041 0.999566401
6.412118 55.725844529 -1.190116715 0.785579797 -0.001264023 -0.000171083 -0.030786151 0.999525180
6.512217 57.305192100 -1.391672884 0.808544006 -0.001133604 -0.000777900 -0.030204536 0.999542793
6.612069 58.878896864 -1.564392650 0.834640733 -0.001205178 -0.000751203 -0.030088637 0.999546226
6.777415 61.490437367 -1.717948819 0.878933987 -0.001499211 0.000418036 -0.030959711 0.999519421
6.812168 61.926715517 -1.789553957 0.877739695 -0.000875408 0.000283956 -0.031317919 0.999509050
6.912017 63.593408816 -1.767037171 0.906952746 -0.001241610 0.001146438 -0.034000814 0.999420376
7.046772 65.629717490 -1.924719843 0.933934345 -0.000880024 0.001365625 -0.034376115 0.999407646
7.146748 67.043890769 -1.983993584 0.953397794 -0.000338793 0.001379521 -0.035352880 0.999373882
7.212067 67.962656347 -2.073707287 0.967429253 0.000121279 0.001661776 -0.035681337 0.999361829
7.303211 69.319030804 -2.164002586 0.988993465 0.000517773 0.002000702 -0.035491795 0.999367831
7.403038 70.812644547 -2.256837222 1.011305493 -0.000522385 0.002052636 -0.036355090 0.999336691
7.600297 73.718854996 -2.375443431 1.050544801 -0.001767621 0.002145197 -0.037980923 0.999274598
7.699872 74.886711362 -2.670028998 1.062185571 -0.001636320 0.001629381 -0.036704268 0.999323503
7.799673 76.311742220 -2.656629390 1.078240023 -0.001448767 0.002398271 -0.038891084 0.999239527
7.900046 77.647555084 -2.681225361 1.095895508 -0.001304961 0.003566967 -0.041500785 0.999131252
7.944604 78.318886639 -2.680641990 1.112969545 -0.000795761 0.004694013 -0.043122830 0.999058434
8.044727 79.865889685 -2.848072557 1.134452865 0.000364268 0.004481277 -0.041826688 0.999114765
8.146724 81.190857318 -3.001689398 1.153257836 0.000525729 0.003786012 -0.043098116 0.999063533
8.246898 82.459186185 -3.122533215 1.173995911 0.000212623 0.002887277 -0.043427936 0.999052367
8.346873 83.776768472 -3.243327039 1.192923023 0.000446308 0.002537631 -0.043913764 0.999032003
8.448295 84.983520150 -3.355294978 1.213661573 -0.000130488 0.002218923 -0.044202126 0.999020136
8.546999 86.153306966 -3.460581424 1.229776123 -0.000034008 0.002061908 -0.045078164 0.998981334
8.646748 87.319776251 -3.576491797 1.250349777 -0.000543964 0.001978070 -0.045277762 0.998972330
8.747069 88.469396719 -3.692621729 1.268671412 -0.000263962 0.001800594 -0.045107602 0.998980476
8.846796 89.582260820 -3.808392609 1.284270168 0.000136370 0.001830325 -0.045757109 0.998950909
8.948217 90.784733752 -3.902042396 1.301979492 0.000251685 0.002042416 -0.046165744 0.998931674
9.046826 91.942261027 -3.992573403 1.321848935 0.000240001 0.002449004 -0.047388432 0.998873506
9.146747 93.179767310 -4.093052630 1.337544000 0.000054744 0.003162417 -0.048103190 0.998837364
9.246823 94.305858035 -4.169184636 1.353903673 -0.000006198 0.003372370 -0.049253636 0.998780610
9.344880 95.352585031 -4.255979937 1.363036177 -0.000330292 0.003450502 -0.049773758 0.998754503
9.446773 96.443165638 -4.364858386 1.372625117 -0.000008295 0.002908346 -0.050204778 0.998734710
9.546946 97.499114884 -4.464534802 1.386633252 -0.000087978 0.002440317 -0.051013921 0.998694957
9.612141 98.172243427 -4.528025244 1.392446162 -0.000063214 0.002028591 -0.051401367 0.998676014
9.712044 99.316954772 -4.643544536 1.405338773 -0.000183367 0.001792674 -0.051543531 0.998669123
9.846845 100.836152607 -4.797754738 1.428238060 0.000358297 0.002190496 -0.051728278 0.998658730
9.912047 101.425125248 -4.849592983 1.434534215 0.000462133 0.002203099 -0.052811942 0.998601939
10.069063 103.144092960 -5.027659791 1.453637868 0.000743877 0.001288658 -0.052422509 0.998623886
10.146798 103.810025524 -5.092941606 1.460391929 0.000782503 0.001352762 -0.054321424 0.998522278
10.212044 104.512536926 -5.163981806 1.473584386 0.000939961 0.001412740 -0.054002375 0.998539365
10.312065 105.574378978 -5.281771811 1.488641462 0.000857163 0.001337993 -0.053809042 0.998549980
10.412120 106.648552689 -5.390884194 1.504252731 0.000641156 0.000960624 -0.054516139 0.998512222
10.511994 107.692949521 -5.498387581 1.516754482 0.000558831 0.000745923 -0.054727649 0.998500884
10.612118 108.724587155 -5.605951864 1.531211960 0.000241616 0.000862341 -0.055369361 0.998465539
10.746749 110.123977725 -5.751189223 1.550129282 -0.000129156 0.002132923 -0.055653778 0.998447841
10.810229 110.693484524 -5.813692854 1.555329559 0.000057965 0.002360362 -0.056791454 0.998383271
10.910255 111.652355164 -5.920625455 1.570002844 0.000490337 0.003423057 -0.056647395 0.998388259
11.010381 112.631310057 -6.024311378 1.579145164 0.000561168 0.003883821 -0.056995128 0.998366744
11.144634 113.912341872 -6.160288967 1.597280704 0.001343150 0.004116465 -0.057659085 0.998326941
11.244804 114.760281920 -6.261005942 1.603401740 0.001763577 0.004041666 -0.058525572 0.998276170
11.311081 115.294716974 -6.333066491 1.608116211 0.001576393 0.003976154 -0.059526249 0.998217577
11.411284 116.198163562 -6.440735439 1.618791618 0.002633726 0.004200006 -0.059359893 0.998224337
11.510813 117.089721490 -6.537028851 1.630814429 0.003173808 0.004577823 -0.059577805 0.998208122
11.610765 117.966008875 -6.640130005 1.643695481 0.003088510 0.004721737 -0.059770526 0.998196198
11.709768 118.801789857 -6.735667068 1.651941316 0.002829957 0.004774008 -0.060579503 0.998147947
11.809820 119.617217391 -6.823283494 1.660618887 0.002823657 0.004571468 -0.061247308 0.998108158
11.910068 120.407002451 -6.907270295 1.672257191 0.002578079 0.004576788 -0.061349358 0.998102531
12.010170 121.187799012 -6.990069601 1.681988567 0.002340206 0.004525198 -0.062642337 0.998023038
12.146723 122.219846637 -7.116908835 1.689800117 0.001960861 0.004451019 -0.062715381 0.998019601
12.244727 122.832094308 -7.196875933 1.696798282 0.002338146 0.004230162 -0.063472742 0.997971868
12.344928 123.442821730 -7.264359645 1.699906480 0.002204226 0.004555590 -0.063779595 0.997951177
12.444655 124.080284272 -7.344237386 1.710417127 0.002146398 0.004639319 -0.064150090 0.997927170
12.544778 124.705841413 -7.419184322 1.719786503 0.001675924 0.004802547 -0.064558628 0.997900952
12.644730 125.312429627 -7.496333000 1.725291213 0.001745072 0.005018463 -0.065612176 0.997831054
12.744778 125.905407776 -7.573714301 1.735599594 0.002020953 0.005221990 -0.066200227 0.997790648
12.844729 126.486920334 -7.653716387 1.741963071 0.001793718 0.005305352 -0.066524002 0.997769108
12.946846 127.085532122 -7.733599928 1.747391891 0.001296385 0.004960016 -0.067298586 0.997719709
13.011052 127.450335265 -7.773283739 1.750893183 0.001076878 0.004742763 -0.067962090 0.997676050
13.111074 128.065796064 -7.850632562 1.758631215 0.001568459 0.003761013 -0.068377141 0.997651222
13.211178 128.675180188 -7.932179147 1.764054978 0.001649282 0.002990535 -0.069310107 0.997589317
13.311226 129.280676542 -8.019464273 1.770450436 0.001614783 0.002809350 -0.069536668 0.997574134
13.411274 129.875919344 -8.103505133 1.777274854 0.001492013 0.002690421 -0.070512713 0.997506137
13.512117 130.458512955 -8.181862210 1.783486028 0.001244255 0.002497587 -0.070971061 0.997474472
13.612117 131.024230166 -8.251502325 1.788701818 0.001200922 0.002415873 -0.071490974 0.997437598
13.712141 131.578902680 -8.333696637 1.791873500 0.001400410 0.002501081 -0.072305062 0.997378444
13.812217 132.123813564 -8.406251708 1.801314199 0.001109731 0.002222868 -0.072807604 0.997342910
13.912120 132.663117181 -8.487979913 1.806679956 0.000571762 0.002153072 -0.073416941 0.997298847
14.012120 133.200342245 -8.553718029 1.813813288 0.000520655 0.002161009 -0.073957088 0.997258947
14.169536 134.042430686 -8.669036996 1.820196900 0.000987318 0.001795805 -0.074395189 0.997226733
14.212118 134.161631172 -8.696751032 1.822354091 0.001167536 0.001511524 -0.075519872 0.997142468
14.303862 134.670606876 -8.772831279 1.829076193 0.001232848 0.001477094 -0.075214295 0.997165537
14.469289 135.592350859 -8.914070062 1.840816139 0.000845729 0.001645633 -0.075672040 0.997131044
14.511966 135.716023459 -8.932623826 1.839243244 0.000724274 0.001358156 -0.076812073 0.997044400
14.611991 136.281446311 -9.020639390 1.846166488 0.000798347 0.001742452 -0.076633632 0.997057477
14.746921 137.001183892 -9.119853025 1.853319554 0.001445340 0.001814110 -0.076481473 0.997068305
14.803539 137.262808096 -9.165187255 1.859493417 0.001766192 0.001664377 -0.077270266 0.997007230
14.903440 137.817320449 -9.248538560 1.870984357 0.001796999 0.001747340 -0.076990763 0.997028656
15.012218 138.410773030 -9.338689647 1.879313202 0.001455811 0.001613853 -0.077256535 0.997008879
15.103286 138.878771336 -9.401930855 1.883099594 0.001429241 0.001504492 -0.077766780 0.996969419
15.300221 139.948843468 -9.575519462 1.896776842 0.001921843 0.001813517 -0.077252409 0.997008066
15.399648 140.245686017 -9.605739040 1.893570920 0.002055645 0.001734144 -0.078037839 0.996946770
15.499574 140.655155506 -9.670559416 1.903711613 0.002372584 0.001934534 -0.078302829 0.996924920
15.599524 141.055692595 -9.715866348 1.909460625 0.002399090 0.001936882 -0.078114067 0.996939660
15.699448 141.487025158 -9.771485649 1.917394787 0.002408847 0.001775500 -0.078696784 0.996894107
15.799223 141.945993276 -9.847341954 1.921119394 0.002395187 0.001769266 -0.078701559 0.996893774
15.899099 142.372763694 -9.943371104 1.927009966 0.002459064 0.001351557 -0.077780865 0.996966531
15.999225 142.861548369 -10.009852992 1.932518896 0.002572876 0.000874868 -0.077630707 0.996978479
16.099125 143.346263323 -10.080335999 1.939059115 0.002711398 0.000877733 -0.077541209 0.996985075
16.199024 143.858330344 -10.146361998 1.946129585 0.002545978 0.000747117 -0.077472091 0.996990990
16.299025 144.362475513 -10.225445017 1.950745834 0.002043541 0.000504549 -0.077249182 0.997009595
16.398900 144.865757679 -10.301661536 1.958923206 0.002007739 0.000046688 -0.077494289 0.996990773
16.498826 145.373110988 -10.371168317 1.962566133 0.002187465 -0.000329072 -0.077489919 0.996990682
16.598749 145.904746425 -10.428708133 1.969921417 0.002416938 -0.000496082 -0.077790765 0.996966654
16.698699 146.403308754 -10.502687839 1.974499271 0.002690942 -0.000349628 -0.077860546 0.996960567
16.798674 146.889134347 -10.576853687 1.980428335 0.002592893 -0.000440791 -0.077902245 0.996957533
16.898873 147.443981982 -10.645321948 1.989083134 0.002771669 -0.000869353 -0.078151633 0.996937252
16.999100 147.927950588 -10.764733898 1.995504784 0.002737579 -0.000749075 -0.077128079 0.997017153
17.099473 148.461918321 -10.856582571 2.003824993 0.002692782 -0.000804434 -0.076474112 0.997067607
17.199846 148.957182488 -10.928272136 2.012089652 0.002618334 -0.000842355 -0.076967179 0.997029833
17.212118 149.049693035 -10.924877901 2.009925556 0.002344955 -0.000900346 -0.077705186 0.996973217
17.326331 149.851805189 -11.042375872 2.018930747 0.002355532 0.000030963 -0.077547100 0.996985907
17.424912 150.471658476 -11.142852384 2.024360281 0.002604403 0.000250337 -0.077841923 0.996962281
17.512065 150.970019147 -11.224438307 2.032675495 0.002692785 0.000676346 -0.077975429 0.996951415
17.627201 151.645789037 -11.309830742 2.046751586 0.002410883 0.000752520 -0.078383992 0.996920042
17.712118 152.075662715 -11.369602296 2.052546999 0.002284485 0.000871994 -0.078390177 0.996919756
17.812044 152.616534651 -11.444997426 2.060978349 0.001912294 0.001217082 -0.078511389 0.996910640
17.930568 153.231131869 -11.539430577 2.068287719 0.001408056 0.001152487 -0.078926681 0.996878763
18.012145 153.597517158 -11.594020989 2.069253592 0.001421706 0.001135882 -0.079636786 0.996822286
18.112118 154.081843763 -11.672673421 2.079001830 0.001232505 0.000886236 -0.079817595 0.996808330
18.212167 154.585239738 -11.745537857 2.086762330 0.001422612 0.000649410 -0.080318104 0.996768056
18.312019 155.095877272 -11.839938395 2.097615569 0.001216255 0.000312831 -0.081021935 0.996711527
18.411971 155.599666586 -11.923605829 2.101204081 0.000692084 -0.000712427 -0.081422488 0.996679182
18.533238 156.197925217 -12.006758468 2.111082115 0.000049457 -0.001354867 -0.081971611 0.996633743
18.612068 156.545640260 -12.072877681 2.111634805 -0.000040479 -0.001688867 -0.082551570 0.996585362
18.712166 157.041343717 -12.158478088 2.119386843 0.000142966 -0.001143411 -0.082596250 0.996582426
18.812166 157.537339301 -12.242809574 2.124909555 0.000400710 -0.000412220 -0.083353830 0.996519849
18.966121 158.313197024 -12.376286146 2.136591969 0.001411798 0.001068551 -0.083479127 0.996507953
19.044606 158.597617350 -12.449325765 2.144976723 0.001711330 0.001392764 -0.083680306 0.996490210
19.144730 159.009841082 -12.531402918 2.159838415 0.001457590 0.002446027 -0.084192015 0.996445481
19.246796 159.495559561 -12.594134521 2.165105854 0.001053066 0.002800840 -0.085118634 0.996366331
19.346728 159.955926453 -12.673659079 2.167111448 0.001004265 0.002700829 -0.085316683 0.996349718
19.446773 160.409542534 -12.755141901 2.168404190 0.001629256 0.002606248 -0.085464852 0.996336445
19.510705 160.707147033 -12.808626607 2.172271817 0.002173768 0.002575387 -0.086010740 0.996288510
19.610804 161.202032873 -12.895188698 2.177516872 0.002781841 0.002768692 -0.086824717 0.996215872
19.710801 161.684872915 -12.958555189 2.183249329 0.003068994 0.003235488 -0.087178894 0.996182691
19.844677 162.303433663 -13.061623769 2.193204312 0.002993631 0.003950106 -0.087871839 0.996119458
19.926757 162.611779850 -13.119923440 2.196170126 0.003007354 0.003815729 -0.088235945 0.996087754
20.010804 162.922072566 -13.177371168 2.201558411 0.002742778 0.003799169 -0.088282200 0.996084483
20.110853 163.322525192 -13.248120239 2.202339790 0.002899994 0.003495305 -0.089028507 0.996018724
20.210903 163.726199009 -13.316106077 2.207950336 0.002812830 0.003338160 -0.089419445 0.995984492
20.344706 164.259195556 -13.396426254 2.210091499 0.002911623 0.002984082 -0.090053459 0.995928206
20.447646 164.603642916 -13.442542981 2.213094564 0.003384762 0.002552185 -0.090741724 0.995865437
20.546872 164.933739626 -13.508767903 2.217147478 0.003736868 0.002575268 -0.090982504 0.995842150
20.612115 165.145360430 -13.558527668 2.218748005 0.003692555 0.002633773 -0.091237145 0.995818865
20.710755 165.525453309 -13.640130420 2.223600365 0.004149286 0.002727969 -0.090915129 0.995846264
20.810704 165.930454392 -13.704864599 2.229720742 0.004336933 0.002998819 -0.091564524 0.995785186
20.944655 166.454022829 -13.796083415 2.236908574 0.003970563 0.003555534 -0.091965103 0.995747966
21.046775 166.786475932 -13.855811313 2.238773211 0.003856519 0.003157975 -0.092797372 0.995672538
21.112142 166.986976507 -13.916028994 2.238968760 0.004317924 0.003294062 -0.092449632 0.995702551
21.244754 167.474514231 -14.027692765 2.244909024 0.004624223 0.003457931 -0.092163556 0.995727140
21.346748 167.837803053 -14.090573971 2.251760028 0.004735444 0.002636946 -0.092908838 0.995659867
21.412116 168.056506040 -14.125588979 2.250755762 0.004517427 0.001764953 -0.093224891 0.995633265
21.568889 168.710201420 -14.249660152 2.253812325 0.004237486 0.000763164 -0.093479584 0.995611887
21.668814 169.055729389 -14.316909144 2.254300820 0.003896735 0.000569126 -0.094124117 0.995552682
21.768984 169.414264260 -14.382391164 2.255484487 0.004136453 0.000633194 -0.094497258 0.995516327
21.812065 169.576296894 -14.411919161 2.258509033 0.004460250 0.000752142 -0.094878423 0.995478591
21.968886 170.299612820 -14.542904856 2.264955825 0.004689188 0.000480646 -0.095963086 0.995373732
22.023293 170.554378811 -14.545919971 2.268108702 0.004662226 0.000334846 -0.097924589 0.995182861
22.111966 170.958150227 -14.638788353 2.269228400 0.003887411 0.000107376 -0.097737606 0.995204621
22.212167 171.520327642 -14.701033777 2.269775750 0.003741903 -0.000356783 -0.099445961 0.995035865
22.301228 171.959922439 -14.781392668 2.271585259 0.003815539 -0.000315208 -0.099798092 0.995000343
22.412045 172.547961938 -14.894311782 2.275574424 0.004383122 -0.000277471 -0.100527652 0.994924571
22.512164 173.067363255 -14.999158912 2.282870840 0.005149073 -0.000311116 -0.100339422 0.994939893
22.620492 173.612533925 -15.117588351 2.289138143 0.005285628 -0.000279776 -0.100075453 0.994965772
22.712042 174.049592259 -15.219640882 2.292837805 0.005114514 0.000018032 -0.099907930 0.994983541
22.820445 174.607582490 -15.351834824 2.301354396 0.004369539 0.000171840 -0.099645764 0.995013366
22.912115 175.065837506 -15.441391801 2.302134311 0.004275355 0.000316411 -0.099541481 0.995024178
23.091724 176.036015087 -15.636671274 2.309232966 0.005417710 0.000384563 -0.099367383 0.995035991
23.112165 176.001516673 -15.640133426 2.311308782 0.005736574 -0.000007452 -0.099535144 0.995017511
23.223815 176.662557842 -15.773702879 2.322115215 0.005147791 0.000363691 -0.099942170 0.994979864
23.323862 177.231115960 -15.884800657 2.326255589 0.004614500 0.000485745 -0.099992664 0.994977355
23.412115 177.728645383 -15.980131623 2.329149267 0.004824914 0.000548637 -0.100214159 0.994954040
23.590849 178.784300336 -16.200012085 2.342252558 0.004752846 0.000741899 -0.099934851 0.994982354
23.623462 178.855130853 -16.212497252 2.342111641 0.004774602 0.000485157 -0.100216915 0.994954038
23.792343 179.832659514 -16.413193376 2.352095590 0.004541459 0.000562218 -0.100029113 0.994973987
23.823166 179.963365533 -16.433299751 2.351342578 0.004241852 0.000384290 -0.100483322 0.994929626
23.969107 180.853912649 -16.602046451 2.357905271 0.004536292 -0.000080157 -0.100312336 0.994945652
24.069061 181.466315821 -16.707298166 2.363589617 0.004508818 -0.000431847 -0.101061214 0.994869899
24.169036 181.986767918 -16.821292591 2.371119345 0.004304319 -0.000699659 -0.101190455 0.994857515
24.269188 182.617178229 -16.928530133 2.373250132 0.004116274 -0.000939849 -0.102002224 0.994775210
24.323837 182.973229747 -16.998110380 2.373820635 0.003959769 -0.001185154 -0.103198893 0.994652152
24.469040 184.018505462 -17.210625137 2.382687374 0.004469514 -0.001117470 -0.103188262 0.994651174
24.568964 184.707089177 -17.366730634 2.389134643 0.003965751 -0.001046451 -0.103703798 0.994599769
24.668892 185.296648414 -17.504282873 2.400463348 0.003751042 -0.000557623 -0.103947126 0.994575595
24.772873 186.005189539 -17.676704739 2.405314727 0.003885379 0.000478108 -0.103750758 0.994595624
24.810799 186.315807497 -17.708068707 2.408468702 0.004055476 0.000960207 -0.105269254 0.994435023
24.910847 187.096681432 -17.902420834 2.415873770 0.005161031 0.002524496 -0.104183628 0.994541483
25.066969 188.279353702 -18.146142344 2.431420974 0.004735350 0.003123053 -0.104979864 0.994458170
25.128501 188.605426499 -18.215352010 2.433743339 0.004371274 0.002840769 -0.105894605 0.994363693
25.244873 189.367160754 -18.368423167 2.445456616 0.004792080 0.003118926 -0.106270664 0.994320800
25.346774 190.070806206 -18.508064566 2.451082330 0.004725536 0.002890934 -0.106818368 0.994263118
25.447816 190.651686101 -18.636110044 2.457917999 0.004393507 0.002973061 -0.107145251 0.994229226
25.532261 191.192139391 -18.754955003 2.461228311 0.003883477 0.003070740 -0.107554970 0.994186812
25.646841 191.939688178 -18.921982721 2.465978901 0.003831718 0.003370215 -0.107785818 0.994161042
25.772253 192.716002984 -19.100311657 2.468836235 0.004002650 0.003646627 -0.108241530 0.994109879
25.869784 193.252801859 -19.222108185 2.474963445 0.004557308 0.004054643 -0.108784936 0.994046593
25.967017 193.782064882 -19.345679323 2.480200132 0.004065600 0.004272791 -0.108730455 0.994053772
26.046969 194.299186451 -19.437908731 2.482029329 0.004339688 0.004206634 -0.109401733 0.993979241
26.144845 195.013406483 -19.551110213 2.482101967 0.004877234 0.004882223 -0.110533243 0.993848469
26.210857 195.450539203 -19.647556916 2.489041319 0.006005015 0.005061280 -0.110917903 0.993798542
26.344650 196.370921853 -19.855961085 2.496319088 0.006636429 0.005028735 -0.110704627 0.993818472
26.444724 197.008091928 -19.995897609 2.504559008 0.006427712 0.004768831 -0.110800299 0.993810463
26.546775 197.648923390 -20.122089777 2.506745597 0.005714362 0.004253341 -0.111249934 0.993766928
26.612044 198.051436473 -20.217151668 2.505772545 0.006059077 0.003407817 -0.111473242 0.993743121
26.746863 198.901055690 -20.439914079 2.512384041 0.006520681 0.002994507 -0.111168279 0.993775693
26.803603 199.176542265 -20.536938120 2.512459436 0.006485374 0.002592477 -0.111079448 0.993786987
26.903506 199.784419144 -20.710591442 2.525188853 0.006426488 0.003758502 -0.110036767 0.993899635
27.003579 200.458879137 -20.833250438 2.532623967 0.006481239 0.004792872 -0.110576623 0.993834912
27.103290 201.099979438 -20.946518090 2.539910013 0.006415035 0.004896974 -0.111467068 0.993735357
27.299848 202.266941572 -21.177359286 2.548896310 0.005927946 0.005483858 -0.111627276 0.993717333
27.399623 202.620662818 -21.247093909 2.547596674 0.006150142 0.005267160 -0.112020789 0.993672871
27.499398 202.952641067 -21.371644884 2.550590422 0.005608367 0.005377159 -0.110523780 0.993843110
27.599199 203.385614640 -21.420919224 2.554026748 0.005278381 0.005597463 -0.111377270 0.993748414
27.699299 203.760408985 -21.523002536 2.555757821 0.005504328 0.006271091 -0.110574922 0.993832764
27.799049 204.172874755 -21.614810684 2.559009666 0.005732503 0.007061579 -0.110365336 0.993849468
27.899024 204.575645586 -21.675930289 2.565305625 0.006099186 0.007247803 -0.110760583 0.993801974
27.999000 204.942184798 -21.757505016 2.566850074 0.005811331 0.007475188 -0.110266547 0.993856951
28.098925 205.302896984 -21.852025076 2.567576123 0.005674278 0.007935912 -0.109709517 0.993915814
28.198898 205.646900607 -21.935476776 2.569580026 0.005469696 0.008525556 -0.108906580 0.994000379
28.298950 205.982146971 -22.006067028 2.574022473 0.005752750 0.008860692 -0.108927269 0.993993584
28.399025 206.297668264 -22.062307285 2.575686627 0.005896779 0.009073692 -0.108769110 0.994008137
28.498924 206.601633448 -22.116768959 2.577463868 0.006040088 0.008566828 -0.108268371 0.994066440
28.598824 206.891374884 -22.183418657 2.579783655 0.005466446 0.007114140 -0.108248638 0.994083366
28.698725 207.161640029 -22.237314105 2.579308200 0.005040290 0.006103125 -0.108011335 0.994118151
28.798749 207.431855675 -22.304014520 2.581405471 0.005049908 0.005459143 -0.106978363 0.994233537
28.898499 207.704540817 -22.373048116 2.579077099 0.005234502 0.005192421 -0.106865220 0.994246179
28.998600 207.948273686 -22.441100593 2.576879339 0.005529180 0.005099443 -0.106003814 0.994337274
29.098626 208.213949225 -22.496518348 2.579491229 0.005806595 0.005163700 -0.105918730 0.994344428
29.198698 208.478142480 -22.547024047 2.580236649 0.005919237 0.004859222 -0.105218157 0.994419675
29.298924 208.737878446 -22.613544419 2.584110511 0.005261447 0.004622385 -0.105014017 0.994446080
29.399073 208.983988074 -22.673106761 2.579843533 0.004649204 0.004438415 -0.104906128 0.994461357
29.499224 209.248315469 -22.701079055 2.581519014 0.004806732 0.004494897 -0.105862956 0.994358952
29.599447 209.507898001 -22.735608568 2.588931297 0.005153555 0.004582804 -0.106396593 0.994299856
29.699624 209.751499714 -22.790561233 2.591707931 0.004904063 0.004741589 -0.106373985 0.994302792
29.799699 210.014386473 -22.824583033 2.593362073 0.004599819 0.004675253 -0.106523767 0.994288525
29.900222 210.267221989 -22.874692284 2.590296453 0.003915477 0.004700904 -0.107005323 0.994239625
29.945847 210.366754000 -22.901410098 2.589017416 0.003993657 0.004493542 -0.107844016 0.994149650
30.068957 210.751820279 -22.966077316 2.592642722 0.004532146 0.004103599 -0.107348717 0.994202632
30.146798 210.960425800 -23.001103928 2.594414392 0.004780613 0.004009018 -0.108378419 0.994090133
30.246895 211.178703828 -23.094921165 2.597313257 0.004356768 0.004059605 -0.106849057 0.994257420
30.345847 211.488905487 -23.123200293 2.596748669 0.004324114 0.004116365 -0.107917640 0.994141912
30.412163 211.612297930 -23.174113620 2.597297547 0.004316743 0.003945765 -0.107411707 0.994197426
30.572500 212.021798205 -23.279345000 2.600690986 0.004261335 0.004382613 -0.106251432 0.994320505
30.672324 212.214125462 -23.315473085 2.601705889 0.004434976 0.004206238 -0.107033499 0.994236626
30.746795 212.310763532 -23.366424472 2.604178093 0.004822485 0.004270621 -0.106396881 0.994302876
30.844680 212.576938993 -23.422605373 2.608197604 0.004478578 0.004531864 -0.106565167 0.994285306
30.939839 212.870887137 -23.416999623 2.608400848 0.003774255 0.004148504 -0.108529269 0.994077433
31.012062 212.991960702 -23.481194443 2.608316386 0.003449383 0.003790248 -0.107533728 0.994188228
31.112067 213.267633978 -23.530882214 2.609961455 0.003667127 0.003683659 -0.108383034 0.994095620
31.244605 213.641032624 -23.607219611 2.611468395 0.003909725 0.003649672 -0.108382151 0.994094917
31.312063 213.815735455 -23.626813510 2.613055823 0.003744322 0.003454899 -0.109446381 0.993979644
31.469410 214.177365178 -23.723735740 2.615351676 0.003190926 0.003617756 -0.108565848 0.994077556
31.568909 214.344475534 -23.756728751 2.611793313 0.003380480 0.003304981 -0.108520110 0.994083012
31.646822 214.411116223 -23.828911786 2.614594662 0.003564940 0.003343304 -0.107166126 0.994229116
31.712217 214.618767928 -23.844977551 2.617718126 0.003496033 0.003295742 -0.108091730 0.994129314
31.812168 214.940254703 -23.857587923 2.617225863 0.003936389 0.003132665 -0.109975884 0.993921524
31.946819 215.278120064 -23.916433246 2.620217753 0.003517023 0.003240769 -0.110079581 0.993911271
32.069207 215.532564850 -23.971248666 2.617983160 0.003295438 0.003286164 -0.110077413 0.993912121
32.172301 215.707163744 -24.016067494 2.620401954 0.002851205 0.003866351 -0.110296119 0.993887161
32.246822 215.849830603 -24.039269504 2.623017780 0.002326981 0.004688640 -0.110584685 0.993852921
32.346847 216.076396351 -24.080601404 2.624936895 0.002448075 0.005339693 -0.111149090 0.993786383
32.444703 216.252291115 -24.129947188 2.629884292 0.002836510 0.005733433 -0.110890228 0.993812074
32.544827 216.367413020 -24.196612039 2.628748722 0.003008360 0.006097708 -0.109387697 0.993975905
32.644753 216.531981537 -24.234982948 2.631677486 0.002801714 0.006337249 -0.110038048 0.993903223
32.739315 216.654186294 -24.268436869 2.633700921 0.002572790 0.006619948 -0.109685534 0.993940964
32.839010 216.784876286 -24.300279428 2.632845969 0.002343734 0.006855325 -0.109521190 0.993958058
32.944650 216.902415875 -24.321370528 2.634761298 0.002812576 0.006823316 -0.109950066 0.993909712
33.044725 216.968693909 -24.356197658 2.631600530 0.003117973 0.006542423 -0.109351613 0.993976710
33.138293 217.011387371 -24.376391876 2.631657996 0.003349606 0.006196120 -0.109189631 0.993995982
33.246797 217.089493387 -24.392295518 2.632629647 0.003764684 0.006112743 -0.108980446 0.994017970
33.344678 217.156200329 -24.404959563 2.631526241 0.004037040 0.006052466 -0.109169839 0.993996487
33.441734 217.223483896 -24.416916204 2.633435820 0.004454724 0.006059026 -0.109408356 0.993968438
33.544678 217.285843631 -24.426762807 2.636286310 0.004392490 0.006126419 -0.109867660 0.993917638
33.644724 217.330125223 -24.431073827 2.636547602 0.004390326 0.006180669 -0.110063692 0.993895622
