1.465175 0.203404 0.039415 0.002224 -0.000550 -0.000788 -0.000773 0.999999
1.565471 0.480368 0.064603 -0.005324 -0.000829 -0.000369 -0.002296 0.999997
1.665248 1.034603 0.091537 0.011961 -0.000692 0.000160 -0.000966 0.999999
1.712045 1.408384 0.082258 0.007598 -0.000884 0.000313 -0.000360 0.999999
1.846849 2.399265 0.100779 0.023295 -0.000654 -0.001576 0.000254 0.999999
1.912068 3.103826 0.095775 0.035723 -0.000187 -0.001882 -0.000586 0.999998
2.012096 4.286466 0.121786 0.060389 -0.000527 -0.001531 -0.000336 0.999999
2.146822 6.013481 0.127929 0.086562 -0.000245 0.000018 -0.000507 1.000000
2.244604 7.250509 0.123297 0.110877 -0.000257 0.000976 -0.001358 0.999999
2.344750 8.659677 0.139093 0.129612 0.000141 0.001310 -0.001435 0.999998
2.446850 10.182763 0.136736 0.160060 0.000856 0.000974 -0.001573 0.999998
2.512144 11.186058 0.130974 0.165536 0.000612 0.000860 -0.002333 0.999997
2.612092 12.961312 0.133899 0.202742 0.000781 -0.000180 -0.002711 0.999996
2.712190 14.621226 0.116849 0.227109 -0.000381 -0.000843 -0.003628 0.999993
2.812167 16.214509 0.116961 0.255834 -0.000768 -0.001005 -0.005043 0.999986
2.912192 17.806334 0.111557 0.281465 -0.001241 -0.001167 -0.006107 0.999980
3.012192 19.342845 0.106622 0.310970 -0.001239 -0.000688 -0.006978 0.999975
3.112043 20.849120 0.097965 0.334931 -0.001423 0.000173 -0.007974 0.999967
3.212068 22.357622 0.081600 0.364128 -0.001696 0.000754 -0.008688 0.999961
3.369436 24.717312 0.040260 0.395019 -0.001622 0.001560 -0.010116 0.999946
3.446775 25.686931 0.022005 0.409112 -0.001333 0.001594 -0.011356 0.999933
3.512192 26.534209 0.011002 0.416738 -0.001428 0.001502 -0.012389 0.999921
3.612045 28.080254 -0.004919 0.439812 -0.000964 0.001011 -0.013913 0.999902
3.765523 30.481097 -0.067535 0.472975 -0.000946 0.000619 -0.014609 0.999893
3.812020 31.103703 -0.092186 0.479018 -0.000581 0.000701 -0.015880 0.999873
3.912067 32.638116 -0.133518 0.503649 -0.001159 0.000297 -0.016403 0.999865
4.002731 34.021023 -0.167913 0.519472 -0.001387 -0.000217 -0.017229 0.999851
4.112067 35.753455 -0.210420 0.545522 -0.001834 -0.000170 -0.018271 0.999831
4.212095 37.263931 -0.273736 0.560000 -0.001723 0.000595 -0.018945 0.999819
4.312142 38.765711 -0.326307 0.589109 -0.001144 0.001653 -0.019530 0.999807
4.412093 40.254252 -0.381063 0.603993 -0.000799 0.001819 -0.020020 0.999798
4.600172 43.078619 -0.485923 0.644340 -0.001756 0.001125 -0.021820 0.999760
4.700272 44.431328 -0.573198 0.645846 -0.001990 0.001184 -0.022984 0.999733
4.765049 45.309911 -0.605350 0.671514 -0.001985 0.001179 -0.024288 0.999702
4.865150 46.646346 -0.648410 0.671174 -0.002673 0.000673 -0.025145 0.999680
4.965149 47.982131 -0.692847 0.701167 -0.002302 0.000128 -0.026798 0.999638
5.065246 49.362856 -0.774855 0.709278 -0.002338 -0.000238 -0.027841 0.999610
5.165149 50.781760 -0.853566 0.736221 -0.002171 0.000391 -0.029481 0.999563
5.265223 52.213968 -0.927106 0.748137 -0.001985 0.001078 -0.030067 0.999545
5.365173 53.667786 -1.028185 0.777988 -0.001619 0.001372 -0.030990 0.999517
5.465101 55.135841 -1.107567 0.789540 -0.001299 0.000805 -0.031783 0.999494
5.565175 56.600405 -1.194778 0.817838 -0.001088 0.000571 -0.032194 0.999481
5.646874 57.773552 -1.245700 0.822604 -0.001227 0.000912 -0.032962 0.999455
5.746925 59.351535 -1.336651 0.852827 -0.001192 0.002522 -0.033945 0.999420
5.846874 60.882484 -1.428488 0.864442 -0.000960 0.003681 -0.034152 0.999409
5.946826 62.384578 -1.530312 0.885034 -0.000705 0.004028 -0.034465 0.999398
6.046823 63.858970 -1.629979 0.891294 -0.000348 0.003512 -0.034863 0.999386
6.112068 64.787020 -1.677148 0.910515 -0.000450 0.002912 -0.035457 0.999367
6.265125 67.286393 -1.856002 0.934560 -0.001143 0.001404 -0.035711 0.999361
6.312091 67.921046 -1.889800 0.938653 -0.000908 0.001137 -0.036656 0.999327
6.412118 69.492746 -2.010517 0.960237 -0.001048 0.000038 -0.037164 0.999309
6.512217 71.030617 -2.114684 0.979992 -0.001169 -0.000611 -0.037666 0.999290
6.612069 72.515525 -2.215430 1.004004 -0.001059 -0.000363 -0.038136 0.999272
6.777415 74.948839 -2.392840 1.044169 -0.001665 0.000773 -0.039044 0.999236
6.812168 75.326160 -2.414452 1.040038 -0.000985 0.000661 -0.039662 0.999212
6.912017 76.711746 -2.520856 1.071612 -0.001460 0.001397 -0.041258 0.999146
7.046772 78.597242 -2.668192 1.084308 -0.000945 0.001619 -0.041912 0.999120
7.146748 79.897685 -2.777313 1.110808 -0.000308 0.001624 -0.042144 0.999110
7.212067 80.716805 -2.845771 1.113620 -0.000259 0.001943 -0.042636 0.999089
7.303211 82.015303 -2.947214 1.145421 0.000521 0.002311 -0.043361 0.999057
7.403038 83.465199 -3.071237 1.154441 -0.000709 0.002270 -0.043820 0.999037
7.600297 86.279178 -3.304986 1.198523 -0.001491 0.002276 -0.044600 0.999001
7.699872 87.492199 -3.381483 1.197152 -0.001934 0.001812 -0.045256 0.998972
7.799673 88.703757 -3.498912 1.236273 -0.002626 0.002677 -0.046973 0.998889
7.900046 89.910105 -3.620047 1.235045 -0.002061 0.003682 -0.047708 0.998852
7.944604 90.447916 -3.654964 1.274678 -0.001282 0.004943 -0.048373 0.998816
8.044727 91.681325 -3.772964 1.254153 -0.000256 0.004486 -0.048112 0.998832
8.146724 92.889196 -3.880779 1.304057 0.000559 0.004004 -0.048629 0.998809
8.246898 94.075277 -3.998656 1.292243 -0.000052 0.003047 -0.049940 0.998748
8.346873 95.234421 -4.115497 1.332933 0.000002 0.002845 -0.050438 0.998723
8.448295 96.426187 -4.227569 1.333732 -0.000639 0.002416 -0.052010 0.998643
8.546999 97.566513 -4.335730 1.360269 -0.000477 0.002422 -0.052617 0.998612
8.646748 98.695784 -4.441176 1.372291 -0.001225 0.002235 -0.053068 0.998588
8.747069 99.806998 -4.568613 1.393147 -0.000627 0.002164 -0.053909 0.998543
8.846796 100.920160 -4.677514 1.403195 -0.000608 0.002183 -0.054537 0.998509
8.948217 102.031533 -4.795283 1.420554 -0.000267 0.002212 -0.054903 0.998489
9.046826 103.095867 -4.917589 1.434186 -0.000544 0.002735 -0.056008 0.998426
9.146747 104.176457 -5.028883 1.450539 -0.000490 0.003409 -0.056322 0.998407
9.246823 105.245481 -5.127392 1.464274 -0.000750 0.003730 -0.056619 0.998389
9.344880 106.272888 -5.251012 1.476029 -0.001188 0.003929 -0.057243 0.998352
9.446773 107.351514 -5.368508 1.481994 -0.000727 0.003391 -0.058154 0.998302
9.546946 108.402850 -5.482727 1.498716 -0.000668 0.002820 -0.058673 0.998273
9.612141 109.073460 -5.563235 1.499045 -0.000661 0.002242 -0.059190 0.998244
9.712044 110.287994 -5.706887 1.515927 -0.000330 0.002265 -0.059618 0.998219
9.846845 111.836801 -5.896754 1.534781 -0.000301 0.002519 -0.059728 0.998211
9.912047 112.376841 -5.941588 1.536589 0.000513 0.002407 -0.060893 0.998141
10.069063 114.043697 -6.132165 1.564464 -0.000016 0.001977 -0.060459 0.998169
10.146798 114.672647 -6.210091 1.561884 0.000005 0.001541 -0.062101 0.998069
10.212044 115.299238 -6.267147 1.580811 0.000342 0.001694 -0.061835 0.998085
10.312065 116.415123 -6.425129 1.591689 0.000034 0.001553 -0.061794 0.998088
10.412120 117.535842 -6.552805 1.612983 -0.000200 0.001309 -0.062192 0.998063
10.511994 118.582278 -6.674308 1.618304 -0.000124 0.000896 -0.062600 0.998038
10.612118 119.596893 -6.803287 1.640150 -0.000421 0.001045 -0.063071 0.998008
10.746749 120.944064 -6.973095 1.654126 -0.000890 0.002414 -0.063185 0.997999
10.810229 121.440661 -7.037753 1.663264 -0.000959 0.002562 -0.064396 0.997921
10.910255 122.431670 -7.154568 1.670067 -0.000444 0.003495 -0.064170 0.997933
11.010381 123.415963 -7.277340 1.685879 -0.000248 0.004055 -0.064677 0.997898
11.144634 124.691805 -7.437844 1.697101 0.000628 0.004426 -0.065250 0.997859
11.244804 125.470002 -7.538540 1.708191 0.000852 0.004265 -0.066691 0.997764
11.311081 125.986191 -7.608323 1.708451 0.001206 0.004025 -0.067331 0.997722
11.411284 126.942284 -7.732554 1.722292 0.002052 0.004503 -0.067288 0.997721
11.510813 127.855875 -7.853634 1.731992 0.002410 0.004639 -0.067621 0.997697
11.610765 128.722511 -7.961091 1.744365 0.002394 0.004754 -0.068042 0.997668
11.709769 129.561480 -8.089471 1.758341 0.001984 0.004744 -0.068487 0.997639
11.809820 130.361417 -8.179312 1.764190 0.002018 0.004690 -0.069145 0.997594
11.910068 131.153508 -8.279138 1.779144 0.001691 0.004555 -0.069479 0.997572
12.010170 131.903847 -8.376745 1.781063 0.001349 0.004623 -0.069831 0.997547
12.146723 132.909828 -8.515553 1.797615 0.000813 0.004602 -0.070127 0.997527
12.244727 133.462635 -8.592374 1.799152 0.001422 0.004221 -0.071126 0.997457
12.344928 134.098280 -8.674227 1.806155 0.001063 0.004380 -0.071276 0.997446
12.444655 134.740812 -8.766023 1.818075 0.001189 0.004669 -0.071939 0.997397
12.544778 135.387159 -8.850640 1.822595 0.000703 0.004770 -0.072310 0.997371
12.644730 136.004097 -8.938325 1.830511 0.000734 0.005065 -0.073004 0.997319
12.744778 136.601218 -9.032459 1.841140 0.000833 0.005347 -0.073867 0.997253
12.844729 137.188966 -9.121306 1.844898 0.000748 0.005285 -0.074387 0.997215
12.946846 137.776699 -9.208728 1.849720 0.000334 0.005068 -0.075242 0.997152
13.011052 138.123182 -9.259272 1.853078 -0.000148 0.004798 -0.075653 0.997123
13.111074 138.798861 -9.353507 1.860992 0.000230 0.003810 -0.076082 0.997094
13.211178 139.406890 -9.443323 1.867625 0.000372 0.003015 -0.076679 0.997051
13.311226 139.984230 -9.526806 1.871082 0.000689 0.002910 -0.077284 0.997005
13.411274 140.537307 -9.614152 1.877969 0.000291 0.002717 -0.078224 0.996932
13.512117 141.095180 -9.706792 1.884776 -0.000155 0.002578 -0.078807 0.996887
13.612117 141.647120 -9.773134 1.887882 -0.000091 0.002431 -0.079397 0.996840
13.712141 142.193285 -9.866224 1.894283 0.000134 0.002609 -0.079972 0.996794
13.812217 142.732601 -9.947556 1.900652 -0.000105 0.002350 -0.080512 0.996751
13.912120 143.275122 -10.031147 1.903178 -0.000357 0.002168 -0.080987 0.996713
14.012120 143.813722 -10.109633 1.910939 -0.000296 0.002206 -0.081514 0.996670
14.169536 144.665532 -10.258549 1.921145 -0.000287 0.001909 -0.081814 0.996646
14.212118 144.730828 -10.271811 1.921571 -0.000153 0.001516 -0.082588 0.996583
14.303862 145.280698 -10.362879 1.927123 -0.000155 0.001625 -0.082743 0.996570
14.469289 146.234490 -10.534166 1.942501 -0.000467 0.001874 -0.083122 0.996537
14.511966 146.306621 -10.531891 1.936464 -0.000495 0.001361 -0.084118 0.996455
14.611991 146.876347 -10.628254 1.945833 -0.000325 0.001831 -0.083564 0.996501
14.746921 147.628483 -10.744892 1.954340 0.000255 0.001827 -0.083803 0.996481
14.803539 147.850749 -10.786718 1.958431 0.000786 0.001525 -0.084619 0.996412
14.903440 148.440292 -10.889824 1.967285 0.000439 0.001672 -0.084623 0.996412
15.012218 149.045028 -10.981483 1.973737 0.000690 0.001613 -0.084647 0.996409
15.103286 149.494242 -11.062494 1.978192 0.000550 0.001624 -0.085082 0.996372
15.300221 150.527016 -11.240986 1.989455 0.001149 0.002122 -0.084536 0.996418
15.399648 150.735853 -11.264548 1.989336 0.001032 0.001901 -0.085498 0.996336
15.499574 151.092766 -11.315989 1.996399 0.001187 0.002080 -0.085689 0.996319
15.599524 151.539790 -11.398895 2.004650 0.001302 0.002036 -0.085724 0.996316
15.699448 152.013054 -11.480965 2.011951 0.001218 0.001864 -0.085768 0.996313
15.799223 152.511067 -11.568119 2.014523 0.001173 0.001822 -0.085616 0.996326
15.899099 153.000795 -11.657997 2.021028 0.001250 0.001513 -0.085478 0.996338
15.999225 153.501049 -11.725774 2.021139 0.001534 0.001059 -0.085277 0.996356
16.099125 153.994900 -11.823563 2.032424 0.001625 0.000855 -0.085083 0.996372
16.199024 154.491788 -11.890373 2.037231 0.001259 0.000793 -0.084496 0.996423
16.299025 154.987289 -11.984896 2.044296 0.001039 0.000649 -0.084636 0.996411
16.398900 155.487751 -12.054577 2.052162 0.001064 0.000216 -0.084426 0.996429
16.498826 155.977089 -12.126568 2.050329 0.001328 -0.000188 -0.084437 0.996428
16.598749 156.476783 -12.225076 2.061727 0.001467 -0.000329 -0.084700 0.996405
16.698699 156.977186 -12.302394 2.064839 0.001409 -0.000219 -0.084795 0.996397
16.798674 157.487497 -12.388515 2.076043 0.001519 -0.000397 -0.084671 0.996408
16.898873 158.004252 -12.457923 2.079339 0.001809 -0.000726 -0.084633 0.996410
16.999100 158.520038 -12.561350 2.092876 0.001484 -0.000694 -0.084655 0.996409
17.099473 159.022056 -12.634687 2.093928 0.001461 -0.000617 -0.084548 0.996418
17.199846 159.530094 -12.730359 2.105046 0.001606 -0.000781 -0.084767 0.996399
17.212118 159.598639 -12.732362 2.100084 0.001266 -0.001063 -0.085311 0.996353
17.326331 160.479046 -12.890936 2.114832 0.001138 0.000032 -0.084838 0.996394
17.424912 161.065541 -12.987011 2.114665 0.001311 0.000049 -0.084582 0.996416
17.512065 161.533527 -13.073171 2.130207 0.001582 0.000523 -0.084676 0.996407
17.627201 162.204908 -13.162917 2.135763 0.001277 0.000783 -0.084899 0.996388
17.712118 162.579351 -13.240575 2.148822 0.001214 0.000873 -0.084937 0.996385
17.812044 163.138733 -13.320913 2.150957 0.000699 0.001228 -0.085238 0.996360
17.930568 163.767558 -13.430501 2.163067 0.000245 0.001340 -0.085402 0.996346
18.012145 164.124002 -13.485988 2.158639 0.000110 0.001162 -0.086241 0.996274
18.112118 164.667662 -13.579275 2.174865 -0.000078 0.001019 -0.086705 0.996233
18.212167 165.174092 -13.662638 2.177658 0.000121 0.000805 -0.087039 0.996205
18.312019 165.665064 -13.749580 2.193977 0.000018 0.000319 -0.087770 0.996141
18.411971 166.169238 -13.835532 2.197419 -0.000731 -0.000735 -0.088356 0.996088
18.533238 166.777689 -13.943836 2.206269 -0.001277 -0.001409 -0.089086 0.996022
18.612068 167.093041 -13.997715 2.206408 -0.001233 -0.001606 -0.089788 0.995959
18.712166 167.616147 -14.085621 2.213099 -0.001323 -0.001122 -0.090325 0.995911
18.812166 168.130531 -14.179494 2.217915 -0.000932 -0.000394 -0.090899 0.995860
18.966121 168.887322 -14.305023 2.233898 0.000055 0.001170 -0.091164 0.995835
19.044606 169.098318 -14.362279 2.238449 0.000400 0.001200 -0.092388 0.995722
19.144730 169.546297 -14.438562 2.251265 0.000006 0.002414 -0.092761 0.995685
19.246796 170.012607 -14.521618 2.258278 -0.000174 0.002600 -0.093397 0.995626
19.346728 170.483145 -14.610996 2.256805 0.000050 0.002524 -0.093740 0.995594
19.446773 170.934712 -14.694028 2.262397 0.000446 0.002481 -0.094270 0.995543
19.510705 171.224435 -14.748454 2.264989 0.000763 0.002375 -0.094693 0.995503
19.610804 171.756432 -14.870209 2.274426 0.001200 0.002602 -0.094886 0.995484
19.710801 172.237178 -14.947308 2.276000 0.001741 0.002935 -0.095083 0.995463
19.844677 172.831402 -15.056099 2.288813 0.001733 0.003711 -0.095485 0.995422
19.926757 173.066462 -15.096897 2.288415 0.001669 0.003636 -0.095982 0.995375
20.010804 173.418094 -15.175224 2.296395 0.001327 0.003594 -0.096288 0.995346
20.110853 173.851712 -15.252892 2.295976 0.001450 0.003314 -0.096771 0.995300
20.210903 174.251254 -15.332994 2.306020 0.001265 0.003337 -0.097168 0.995262
20.344706 174.777608 -15.426201 2.307271 0.001591 0.002896 -0.097612 0.995219
20.447646 175.092615 -15.493762 2.310383 0.001968 0.002496 -0.097906 0.995191
20.546872 175.422859 -15.559215 2.310820 0.002267 0.002415 -0.098495 0.995132
20.612115 175.666843 -15.607382 2.315030 0.002228 0.002424 -0.098918 0.995090
20.710755 176.095332 -15.693669 2.319799 0.002660 0.002549 -0.099126 0.995068
20.810704 176.493370 -15.778634 2.324924 0.002840 0.002781 -0.099407 0.995039
20.944655 177.006733 -15.867643 2.333204 0.002626 0.003183 -0.099845 0.994994
21.046775 177.300635 -15.923002 2.330862 0.002410 0.002953 -0.100361 0.994944
21.112142 177.510576 -15.962905 2.340513 0.002440 0.002964 -0.101059 0.994873
21.244754 178.018487 -16.071962 2.344651 0.002828 0.003321 -0.101208 0.994856
21.346748 178.350033 -16.136032 2.350125 0.003069 0.002406 -0.101648 0.994813
21.412116 178.570613 -16.193035 2.344501 0.002990 0.001618 -0.102168 0.994761
21.568889 179.224154 -16.321122 2.352248 0.002722 0.000751 -0.102218 0.994758
21.668814 179.507739 -16.376261 2.349581 0.002211 0.000254 -0.102751 0.994705
21.768984 179.864357 -16.447498 2.352559 0.002620 0.000406 -0.103300 0.994647
21.812065 180.036822 -16.486670 2.355060 0.002884 0.000199 -0.104003 0.994573
21.968886 180.830531 -16.648442 2.363218 0.002996 0.000522 -0.104100 0.994562
22.023293 180.962378 -16.682517 2.364701 0.003215 -0.000224 -0.104670 0.994502
22.111966 181.431237 -16.777704 2.367715 0.002234 -0.000424 -0.105063 0.994463
22.212167 181.969759 -16.915078 2.368739 0.002141 -0.000584 -0.105309 0.994437
22.301228 182.425171 -16.994995 2.370672 0.002471 -0.000799 -0.105483 0.994418
22.412045 183.004513 -17.132048 2.373202 0.002851 -0.000486 -0.105771 0.994386
22.512164 183.503954 -17.211089 2.381193 0.003773 -0.000655 -0.106316 0.994325
22.620492 184.038842 -17.345996 2.388541 0.003674 -0.000622 -0.106475 0.994308
22.712042 184.485162 -17.431928 2.394464 0.003517 -0.000496 -0.106645 0.994291
22.820445 185.064434 -17.546897 2.401053 0.002977 -0.000066 -0.106781 0.994278
22.912115 185.534067 -17.641406 2.401827 0.002790 0.000000 -0.106910 0.994265
23.091724 186.503857 -17.865592 2.411669 0.003918 0.000437 -0.106857 0.994267
23.112165 186.455197 -17.842548 2.411332 0.004003 -0.000645 -0.106990 0.994252
23.223815 187.127260 -18.002813 2.422525 0.003496 0.000077 -0.107334 0.994217
23.323862 187.715381 -18.127092 2.427967 0.002856 0.000182 -0.107495 0.994202
23.412115 188.198512 -18.231143 2.428654 0.003117 0.000254 -0.107966 0.994150
23.590849 189.275082 -18.458585 2.440507 0.003481 0.000759 -0.107202 0.994231
23.623462 189.261989 -18.446430 2.440425 0.003588 -0.000241 -0.107709 0.994176
23.792343 190.146086 -18.666056 2.458262 0.002672 0.000515 -0.107886 0.994160
23.823166 190.270169 -18.678750 2.451638 0.002491 -0.000157 -0.108195 0.994127
23.969107 191.211122 -18.884014 2.459429 0.003102 -0.000196 -0.107893 0.994158
24.069061 191.789979 -19.004303 2.466588 0.002956 -0.000703 -0.108144 0.994131
24.169036 192.363638 -19.128977 2.472542 0.002766 -0.000942 -0.108717 0.994068
24.269188 192.974204 -19.269798 2.475441 0.002283 -0.001120 -0.108730 0.994068
24.323837 193.314180 -19.343193 2.480666 0.002116 -0.001794 -0.109435 0.993990
24.469040 194.400404 -19.595063 2.486726 0.002718 -0.001333 -0.109950 0.993932
24.568964 195.013928 -19.712888 2.491285 0.002685 -0.001443 -0.110334 0.993890
24.668892 195.625548 -19.852096 2.503069 0.002043 -0.000731 -0.111088 0.993808
24.772873 196.274477 -20.004209 2.506868 0.002188 0.000204 -0.111357 0.993778
24.810799 196.525157 -20.051303 2.509831 0.002374 0.000450 -0.111886 0.993718
24.910847 197.379326 -20.259434 2.517328 0.003446 0.002134 -0.111708 0.993733
25.066969 198.622867 -20.525382 2.535148 0.003281 0.003217 -0.112439 0.993648
25.128501 198.873551 -20.573348 2.529767 0.003136 0.002396 -0.113219 0.993562
25.244873 199.637459 -20.745874 2.542921 0.003540 0.002881 -0.113823 0.993491
25.346774 200.271317 -20.875673 2.549924 0.003160 0.002668 -0.114434 0.993422
25.447816 200.906730 -21.026413 2.554721 0.002723 0.002744 -0.114507 0.993415
25.532261 201.459245 -21.159174 2.557676 0.002162 0.002787 -0.115280 0.993327
25.646841 202.255195 -21.352122 2.561180 0.002455 0.003136 -0.115584 0.993290
25.772253 203.070727 -21.548163 2.566793 0.002570 0.003496 -0.116056 0.993233
25.869784 203.613428 -21.673082 2.575940 0.002871 0.003696 -0.117172 0.993101
25.967017 204.190377 -21.804662 2.576596 0.002603 0.003957 -0.117182 0.993099
26.046969 204.672014 -21.914051 2.577686 0.002727 0.003846 -0.117580 0.993052
26.144845 205.349761 -22.082666 2.578033 0.003563 0.004613 -0.117689 0.993033
26.210857 205.803349 -22.192950 2.587433 0.004334 0.004613 -0.118003 0.992993
26.344650 206.823792 -22.438646 2.597693 0.004851 0.004993 -0.118040 0.992984
26.444724 207.417380 -22.564713 2.602334 0.004621 0.004470 -0.118130 0.992977
26.546775 208.021482 -22.719475 2.602763 0.004251 0.004052 -0.118420 0.992946
26.612044 208.405542 -22.803734 2.605333 0.004484 0.002827 -0.118782 0.992906
26.746863 209.324616 -23.024101 2.609405 0.004995 0.002960 -0.118762 0.992906
26.803603 209.614365 -23.097506 2.612848 0.004606 0.001977 -0.119195 0.992858
26.903506 210.320601 -23.270700 2.616842 0.004936 0.003535 -0.119290 0.992841
27.003579 210.961338 -23.416736 2.631712 0.005012 0.004347 -0.119374 0.992827
27.103290 211.544829 -23.558800 2.631451 0.004801 0.004581 -0.119734 0.992784
27.299848 212.666083 -23.812737 2.639767 0.004546 0.006011 -0.119588 0.992795
27.399623 212.883475 -23.875324 2.640196 0.004437 0.005021 -0.119404 0.992823
27.499398 213.225025 -23.942651 2.650378 0.003732 0.005268 -0.119681 0.992791
27.599199 213.634325 -24.047294 2.646771 0.003466 0.005526 -0.119193 0.992850
27.699299 214.054016 -24.148739 2.652737 0.003818 0.006059 -0.118962 0.992873
27.799049 214.476633 -24.248418 2.656400 0.004021 0.006861 -0.118126 0.992967
27.899024 214.874559 -24.341811 2.662857 0.004242 0.006983 -0.117939 0.992987
27.999000 215.255018 -24.423748 2.663628 0.003934 0.007237 -0.117998 0.992980
28.098925 215.630043 -24.516816 2.665449 0.003628 0.007685 -0.117606 0.993024
28.198898 215.971908 -24.588886 2.664524 0.003896 0.008244 -0.117366 0.993047
28.298950 216.289836 -24.666962 2.668594 0.004114 0.008808 -0.116986 0.993086
28.399025 216.595159 -24.747768 2.669865 0.004206 0.008926 -0.116590 0.993131
28.498924 216.881118 -24.809820 2.675116 0.004083 0.008313 -0.116224 0.993180
28.598824 217.156971 -24.867329 2.673717 0.003715 0.007090 -0.116131 0.993202
28.698725 217.437592 -24.936928 2.677829 0.003257 0.005878 -0.115503 0.993284
28.798749 217.700413 -25.003380 2.674717 0.003236 0.005289 -0.115127 0.993331
28.898499 217.951012 -25.053080 2.675085 0.003346 0.005093 -0.114781 0.993372
28.998600 218.228199 -25.121703 2.670570 0.003766 0.004960 -0.114682 0.993383
29.098626 218.490335 -25.177084 2.679950 0.003827 0.004987 -0.114521 0.993401
29.198698 218.750449 -25.221411 2.678398 0.003782 0.004808 -0.114227 0.993436
29.298924 219.024653 -25.286750 2.681311 0.003394 0.004543 -0.113997 0.993465
29.399073 219.293168 -25.355128 2.674406 0.002868 0.004311 -0.113839 0.993486
29.499224 219.541926 -25.399580 2.681111 0.002912 0.004460 -0.114011 0.993465
29.599447 219.787187 -25.467924 2.683264 0.003301 0.004491 -0.113979 0.993467
29.699624 220.045308 -25.524367 2.687634 0.003207 0.004683 -0.114356 0.993424
29.799699 220.290918 -25.572942 2.689037 0.002826 0.004546 -0.113873 0.993481
29.900222 220.544347 -25.630640 2.685895 0.002064 0.004580 -0.114320 0.993431
29.945847 220.648522 -25.659481 2.685455 0.002028 0.003980 -0.114951 0.993361
30.068957 221.055261 -25.756124 2.688267 0.002633 0.004178 -0.114661 0.993392
30.146798 221.237227 -25.800866 2.691532 0.002866 0.003794 -0.114809 0.993376
30.246895 221.516918 -25.863128 2.693692 0.002573 0.003954 -0.115027 0.993351
30.345847 221.789022 -25.925129 2.692067 0.002278 0.003962 -0.114969 0.993359
30.412163 221.945059 -25.955642 2.694915 0.002380 0.003585 -0.115505 0.993298
30.572500 222.393360 -26.055536 2.697287 0.002358 0.004667 -0.115302 0.993317
30.672324 222.547101 -26.095633 2.697747 0.002387 0.004090 -0.115624 0.993282
30.746795 222.692378 -26.127684 2.699824 0.002851 0.003891 -0.115956 0.993243
30.844680 222.952882 -26.185948 2.701417 0.002716 0.004347 -0.116082 0.993226
30.939839 223.188338 -26.244062 2.703412 0.002064 0.004022 -0.116002 0.993239
31.012062 223.365003 -26.288921 2.703372 0.001721 0.003429 -0.115970 0.993245
31.112067 223.650679 -26.344619 2.704220 0.001690 0.003452 -0.116326 0.993204
31.244605 223.989822 -26.429417 2.711762 0.001776 0.003732 -0.116254 0.993211
31.312063 224.094810 -26.461183 2.706541 0.001691 0.003054 -0.116523 0.993182
31.469410 224.484059 -26.543279 2.707579 0.001577 0.004010 -0.116377 0.993196
31.568909 224.640574 -26.571980 2.703719 0.001656 0.003184 -0.116606 0.993172
31.646822 224.794746 -26.617069 2.708764 0.001615 0.003063 -0.116939 0.993133
31.712217 224.967483 -26.651988 2.708219 0.001706 0.002965 -0.116950 0.993132
31.812168 225.237390 -26.715021 2.711234 0.001879 0.003057 -0.116883 0.993139
31.946819 225.567695 -26.790026 2.715581 0.001607 0.003386 -0.116762 0.993153
32.069207 225.791428 -26.844367 2.715802 0.001205 0.003411 -0.117029 0.993122
32.172301 225.963351 -26.875855 2.714935 0.000973 0.003673 -0.117302 0.993089
32.246822 226.099643 -26.913434 2.718484 0.000350 0.004251 -0.117191 0.993100
32.346847 226.310985 -26.972322 2.716966 0.000738 0.005233 -0.117577 0.993050
32.444703 226.501596 -27.007971 2.721870 0.000905 0.005506 -0.117585 0.993047
32.544827 226.671064 -27.052170 2.718836 0.001143 0.005849 -0.117658 0.993036
32.644753 226.829834 -27.098608 2.724326 0.001006 0.006018 -0.117889 0.993008
32.739315 226.976439 -27.117002 2.721857 0.000518 0.006256 -0.117715 0.993028
32.839010 227.099910 -27.142041 2.725393 0.000531 0.006744 -0.117991 0.992992
32.944650 227.209348 -27.168111 2.722657 0.000789 0.006671 -0.118259 0.992960
33.044725 227.303542 -27.197132 2.725099 0.000997 0.006331 -0.118192 0.992970
33.138293 227.374991 -27.218333 2.723717 0.001021 0.005917 -0.118381 0.992950
33.246797 227.450860 -27.232536 2.722111 0.001676 0.005920 -0.118300 0.992959
33.344678 227.503799 -27.250781 2.724374 0.002026 0.005739 -0.118313 0.992958
33.441734 227.548991 -27.250080 2.726923 0.002532 0.005820 -0.118691 0.992911
33.544678 227.578630 -27.261270 2.726114 0.002588 0.005841 -0.118788 0.992899
33.644724 227.594491 -27.262055 2.728385 0.002408 0.005887 -0.118844 0.992893
