1.441911 0.202497 -0.057146 -0.000706 0.000588 0.000380 0.000070 1.000000
1.565246 0.455763 -0.120295 0.000471 0.000780 0.000656 -0.000193 0.999999
1.612116 0.710867 -0.119899 0.012556 0.000046 0.000582 -0.000813 0.999999
1.712192 1.230697 -0.197159 0.016855 0.000245 0.000257 -0.000270 1.000000
1.812115 1.958887 -0.245403 0.029221 0.000745 0.000680 0.000136 0.999999
1.912141 2.875259 -0.299965 0.039512 0.000887 0.001309 0.000875 0.999998
2.046874 4.279781 -0.337457 0.048285 0.001476 0.001444 0.002866 0.999994
2.112087 5.065910 -0.329370 0.059132 0.001637 0.001320 0.002137 0.999996
2.212088 6.468321 -0.338109 0.067652 0.000643 0.001632 0.005202 0.999985
2.312041 7.957427 -0.309809 0.080075 -0.000117 0.001562 0.006666 0.999977
2.412167 9.508363 -0.286986 0.082214 -0.000910 0.000872 0.008826 0.999960
2.512092 11.113417 -0.235660 0.093493 -0.001799 -0.000010 0.010687 0.999941
2.612040 12.745376 -0.198617 0.104213 -0.002788 -0.000804 0.012483 0.999918
2.711989 14.384839 -0.143029 0.122400 -0.002868 -0.001491 0.014769 0.999886
2.812167 16.039914 -0.079931 0.142480 -0.002964 -0.001164 0.016948 0.999851
2.912116 17.676157 -0.013092 0.158061 -0.002788 -0.000500 0.019096 0.999814
3.012067 19.300999 0.063146 0.176422 -0.002850 -0.000267 0.021223 0.999771
3.112092 20.928028 0.152821 0.187328 -0.003258 0.000508 0.023517 0.999718
3.300322 24.047682 0.336249 0.209152 -0.003374 0.001775 0.028902 0.999575
3.399898 25.579007 0.435451 0.209964 -0.003657 0.001917 0.029741 0.999549
3.411992 25.765405 0.450652 0.214862 -0.003159 0.002180 0.027823 0.999605
3.512115 27.435730 0.556711 0.229078 -0.003912 0.003952 0.030869 0.999508
3.612163 29.086500 0.671698 0.227455 -0.004134 0.005129 0.032928 0.999436
3.712062 30.734978 0.788980 0.222636 -0.004662 0.005851 0.035158 0.999354
3.811966 32.380712 0.922164 0.214248 -0.007478 0.003371 0.036922 0.999284
3.969039 34.978703 1.140698 0.222075 -0.011491 0.002113 0.039593 0.999148
4.065221 36.588672 1.278870 0.220213 -0.012188 0.002568 0.039667 0.999135
4.172227 38.404088 1.446116 0.225040 -0.012379 0.002565 0.041322 0.999066
4.211966 39.029083 1.497768 0.226939 -0.012310 0.002154 0.040348 0.999108
4.311991 40.694060 1.642800 0.237287 -0.013470 -0.000297 0.041799 0.999035
4.412114 42.362168 1.799581 0.251678 -0.014705 0.000183 0.042533 0.998987
4.572327 45.043727 2.056902 0.268876 -0.016778 0.001653 0.045138 0.998838
4.676615 46.720589 2.222887 0.267899 -0.017365 0.001615 0.045847 0.998796
4.775566 48.312029 2.374679 0.275627 -0.018378 0.001844 0.047175 0.998716
4.879037 50.023778 2.554913 0.278559 -0.018804 0.002742 0.048653 0.998635
4.965096 51.406212 2.702453 0.277403 -0.018867 0.003828 0.049580 0.998585
5.074495 53.283260 2.908993 0.280177 -0.019115 0.004640 0.051669 0.998471
5.113187 53.894046 2.973295 0.276666 -0.019914 0.003980 0.051253 0.998479
5.274276 56.726143 3.322299 0.277160 -0.020512 0.003712 0.054745 0.998283
5.312044 57.309356 3.365834 0.257011 -0.020801 0.003579 0.053777 0.998330
5.413114 59.068582 3.606124 0.284869 -0.020340 0.006766 0.054410 0.998289
5.572429 61.869816 3.928277 0.238822 -0.019491 0.009643 0.056017 0.998193
5.684744 63.747883 4.146608 0.218917 -0.019608 0.010119 0.056581 0.998154
5.746847 64.721421 4.256099 0.205508 -0.019176 0.011528 0.055435 0.998212
5.881434 67.004212 4.530505 0.178762 -0.018000 0.008456 0.057259 0.998161
5.976849 68.534689 4.711030 0.160031 -0.017903 0.006733 0.056671 0.998210
6.075854 70.143072 4.913429 0.146403 -0.020187 0.005275 0.056764 0.998170
6.174332 71.780557 5.098398 0.142974 -0.022189 0.005645 0.057269 0.998096
6.272519 73.430650 5.311224 0.125488 -0.022109 0.006342 0.057476 0.998082
6.372170 75.145232 5.506732 0.112514 -0.020713 0.007310 0.058108 0.998069
6.472119 76.869619 5.706452 0.093536 -0.018245 0.008221 0.058630 0.998079
6.572043 78.603487 5.921204 0.082355 -0.016227 0.008946 0.059377 0.998064
6.672856 80.342401 6.129196 0.066297 -0.016067 0.009933 0.060096 0.998014
6.773634 82.096058 6.345119 0.042696 -0.017181 0.009536 0.060792 0.997957
6.872960 83.797522 6.569219 0.017459 -0.018036 0.008447 0.060966 0.997941
6.972137 85.505677 6.796081 -0.004118 -0.018574 0.009701 0.060846 0.997927
7.072086 87.237519 7.024528 -0.023522 -0.018827 0.011533 0.060998 0.997894
7.172314 88.955873 7.245318 -0.053222 -0.019419 0.011749 0.061035 0.997878
7.271962 90.676858 7.466286 -0.086974 -0.020712 0.011059 0.060685 0.997881
7.373036 92.425688 7.702458 -0.113628 -0.022284 0.010688 0.060272 0.997876
7.472065 94.125351 7.929468 -0.144536 -0.023248 0.010557 0.060129 0.997864
7.572162 95.880465 8.155163 -0.169314 -0.023331 0.011340 0.059969 0.997863
7.672160 97.616103 8.368039 -0.195571 -0.023165 0.012024 0.060007 0.997857
7.771988 99.350159 8.600136 -0.227049 -0.023009 0.012295 0.060107 0.997851
7.872216 101.094825 8.823974 -0.258233 -0.022994 0.012357 0.060266 0.997841
7.972263 102.842747 9.048853 -0.286664 -0.022336 0.012757 0.060417 0.997842
8.072288 104.574481 9.262116 -0.321837 -0.021839 0.012786 0.060871 0.997825
8.173260 106.347548 9.494532 -0.347297 -0.021456 0.012628 0.061138 0.997819
8.272213 108.063892 9.714631 -0.380258 -0.021457 0.013021 0.061184 0.997811
8.372063 109.818161 9.944447 -0.413847 -0.021354 0.013683 0.061437 0.997789
8.472065 111.552436 10.176362 -0.446729 -0.021650 0.014364 0.061604 0.997762
8.572066 113.312822 10.399043 -0.487690 -0.021437 0.014812 0.061490 0.997768
8.672213 115.077066 10.629190 -0.524702 -0.020781 0.014977 0.061597 0.997772
8.773158 116.851805 10.848204 -0.564713 -0.020020 0.014255 0.061267 0.997819
8.872264 118.581135 11.073736 -0.598534 -0.019518 0.013364 0.061258 0.997842
8.971940 120.320648 11.289356 -0.629592 -0.020000 0.013808 0.060951 0.997845
9.071687 122.076811 11.516525 -0.661891 -0.020854 0.014753 0.060818 0.997822
9.171713 123.842549 11.749046 -0.699394 -0.022057 0.015250 0.060550 0.997805
9.271713 125.595047 11.976483 -0.738793 -0.023047 0.015329 0.060217 0.997801
9.375683 127.397729 12.228873 -0.784638 -0.023042 0.014671 0.060442 0.997798
9.471768 129.057712 12.432098 -0.823532 -0.022318 0.014958 0.060518 0.997805
9.571524 130.837302 12.650966 -0.854597 -0.021598 0.016495 0.060799 0.997780
9.699947 133.104223 12.951155 -0.914487 -0.020438 0.016341 0.062076 0.997728
9.799149 134.566158 13.122372 -0.946624 -0.020200 0.016228 0.062448 0.997712
9.898401 136.211277 13.368867 -0.992754 -0.019869 0.016726 0.062424 0.997712
9.998351 137.878514 13.568371 -1.023591 -0.019586 0.016730 0.062845 0.997691
10.098077 139.589003 13.809392 -1.076344 -0.018723 0.016884 0.063725 0.997649
10.198003 141.295112 14.039212 -1.095728 -0.018272 0.017593 0.064242 0.997612
10.297803 143.030863 14.270212 -1.154852 -0.018292 0.017410 0.065050 0.997562
10.397454 144.752820 14.501403 -1.180965 -0.019047 0.017254 0.065509 0.997521
10.497429 146.503338 14.743824 -1.231762 -0.020010 0.017344 0.066154 0.997458
10.598626 148.256715 14.993334 -1.272031 -0.020949 0.016424 0.067293 0.997378
10.699623 150.016661 15.252342 -1.322819 -0.022137 0.016103 0.067360 0.997353
10.771571 151.228154 15.425965 -1.343454 -0.023248 0.016870 0.067073 0.997335
10.871449 153.164545 15.715354 -1.407977 -0.023812 0.016877 0.066305 0.997372
10.971569 155.014929 15.970800 -1.447272 -0.023751 0.016998 0.066620 0.997351
11.071895 156.822967 16.233202 -1.504540 -0.023680 0.017212 0.066632 0.997348
11.173567 158.624030 16.483486 -1.542460 -0.023075 0.017316 0.066566 0.997365
11.271673 160.325776 16.733079 -1.596658 -0.022834 0.017332 0.066218 0.997393
11.371650 162.079923 16.976373 -1.632727 -0.023103 0.018138 0.065717 0.997406
11.471623 163.816948 17.212506 -1.679885 -0.023732 0.018809 0.066231 0.997345
11.571498 165.558615 17.462593 -1.723335 -0.024688 0.019187 0.066109 0.997322
11.671921 167.312060 17.717707 -1.779690 -0.025499 0.018527 0.066698 0.997275
11.771572 169.023424 17.971899 -1.828514 -0.025926 0.017638 0.066648 0.997284
11.871573 170.737958 18.209277 -1.879688 -0.025684 0.017176 0.066305 0.997321
11.973642 172.476449 18.456684 -1.919771 -0.025657 0.017555 0.066597 0.997296
12.071775 174.143720 18.692643 -1.964834 -0.025742 0.018087 0.066623 0.997282
12.200172 176.350750 19.017587 -2.023767 -0.025675 0.017539 0.067711 0.997220
12.299747 177.844561 19.243313 -2.068857 -0.025769 0.017324 0.068275 0.997183
12.369754 178.938475 19.388835 -2.088244 -0.025820 0.017687 0.067539 0.997226
12.465595 180.639334 19.636290 -2.149178 -0.025236 0.017911 0.067908 0.997212
12.572438 182.548708 19.912858 -2.175570 -0.024930 0.018441 0.068371 0.997178
12.672664 184.317852 20.170362 -2.245416 -0.024492 0.018097 0.069497 0.997117
12.766938 185.974407 20.411197 -2.264478 -0.024820 0.017838 0.069817 0.997091
12.867292 187.755787 20.679719 -2.338927 -0.025052 0.017716 0.070263 0.997056
12.966818 189.502233 20.928377 -2.359717 -0.025474 0.018185 0.070711 0.997006
13.066843 191.228300 21.195679 -2.433689 -0.025498 0.018434 0.070972 0.996982
13.166771 192.934617 21.451385 -2.454980 -0.025748 0.018718 0.071517 0.996931
13.267192 194.659353 21.715545 -2.530238 -0.025781 0.018714 0.071679 0.996919
13.373858 196.454704 21.994000 -2.560538 -0.026161 0.019019 0.072526 0.996842
13.500022 198.514873 22.300640 -2.635367 -0.027000 0.019290 0.073296 0.996758
13.599473 199.965538 22.523607 -2.670609 -0.027566 0.019883 0.074041 0.996676
13.699673 201.522829 22.788412 -2.732409 -0.027510 0.020306 0.073792 0.996687
13.746772 202.288997 22.893109 -2.745813 -0.027639 0.021134 0.073264 0.996705
13.875509 204.686223 23.244553 -2.837280 -0.025717 0.019409 0.075814 0.996601
13.968944 206.330003 23.524130 -2.865379 -0.025361 0.019069 0.076366 0.996575
14.069043 208.098146 23.811373 -2.942805 -0.024973 0.018170 0.077256 0.996533
14.169017 209.819292 24.099993 -2.965105 -0.025181 0.018385 0.078128 0.996456
14.300272 212.053476 24.474774 -3.047891 -0.026166 0.019092 0.078965 0.996351
14.400022 213.482344 24.727696 -3.075917 -0.027208 0.020947 0.079007 0.996283
14.499848 214.982714 24.968594 -3.131327 -0.028633 0.021942 0.078128 0.996290
14.599922 216.548985 25.233690 -3.179548 -0.029602 0.021388 0.077098 0.996354
14.699673 218.132299 25.481580 -3.248022 -0.029670 0.019821 0.076725 0.996414
14.799299 219.775333 25.745943 -3.291888 -0.028764 0.018373 0.076133 0.996513
14.890679 221.292166 25.994257 -3.352657 -0.027309 0.017892 0.075898 0.996581
14.990705 223.022881 26.249699 -3.380007 -0.025828 0.018450 0.075132 0.996668
15.090278 224.719682 26.519315 -3.439203 -0.024479 0.018840 0.075146 0.996694
15.190205 226.381101 26.783142 -3.461837 -0.024231 0.019218 0.075067 0.996699
15.269662 227.675512 26.995960 -3.510538 -0.024004 0.019805 0.074832 0.996710
15.369390 229.424863 27.259756 -3.541641 -0.023426 0.019207 0.074951 0.996727
15.469012 231.120056 27.547767 -3.601679 -0.023820 0.019196 0.075773 0.996656
15.565147 232.717673 27.801152 -3.612455 -0.024826 0.020233 0.075964 0.996596
15.665445 234.351890 28.082434 -3.691399 -0.028047 0.021363 0.076196 0.996469
15.765271 235.927110 28.358138 -3.709001 -0.030810 0.021493 0.076318 0.996376
15.865819 237.483451 28.620981 -3.790608 -0.031497 0.019272 0.076362 0.996396
15.968913 239.052549 28.862364 -3.805480 -0.030252 0.017831 0.077336 0.996387
16.068912 240.534625 29.109055 -3.863970 -0.029411 0.015388 0.078072 0.996395
16.110778 241.128320 29.203798 -3.868455 -0.028193 0.012998 0.077125 0.996538
16.266741 243.702739 29.588211 -3.923849 -0.028308 0.020495 0.079798 0.996198
16.344656 244.749541 29.804064 -3.951624 -0.029495 0.023539 0.079750 0.996100
16.441364 246.175800 30.033424 -3.999690 -0.024731 0.025236 0.079629 0.996198
16.540489 247.604710 30.287352 -4.028459 -0.023105 0.024487 0.080210 0.996209
16.646773 249.105134 30.532889 -4.090474 -0.021654 0.020630 0.080898 0.996274
16.712042 249.961774 30.664119 -4.103350 -0.020747 0.020222 0.080916 0.996300
16.865124 252.154899 31.040094 -4.160354 -0.022641 0.020653 0.082220 0.996143
16.902437 252.518470 31.116279 -4.168693 -0.022826 0.022341 0.081567 0.996156
17.001669 253.879857 31.341346 -4.212365 -0.021559 0.020673 0.081992 0.996185
17.101859 255.259452 31.602744 -4.238855 -0.021167 0.018516 0.082736 0.996175
17.272228 257.600333 32.030360 -4.306002 -0.019486 0.012907 0.084864 0.996118
17.400222 259.124190 32.281875 -4.345509 -0.020009 0.013243 0.085889 0.996016
17.499848 260.215843 32.495954 -4.368893 -0.020360 0.014933 0.085902 0.995984
17.599798 261.300868 32.669470 -4.389977 -0.020151 0.016611 0.085806 0.995970
17.665146 262.027609 32.810958 -4.404732 -0.020383 0.017402 0.085525 0.995975
17.702387 262.459625 32.878349 -4.419475 -0.020367 0.017891 0.084665 0.996041
17.865224 264.511693 33.260347 -4.462908 -0.021800 0.015395 0.086574 0.995888
18.000022 266.195303 33.577369 -4.509973 -0.022109 0.015288 0.087502 0.995802
18.099723 267.376929 33.810452 -4.529965 -0.022995 0.015535 0.087977 0.995736
18.199673 268.534405 34.019653 -4.565874 -0.023396 0.015107 0.088523 0.995685
18.299473 269.695470 34.249428 -4.585481 -0.023638 0.015003 0.088712 0.995664
18.399697 270.893167 34.462307 -4.618818 -0.023990 0.015840 0.088628 0.995650
18.500023 272.083404 34.695743 -4.636193 -0.024087 0.015956 0.088820 0.995629
18.567369 272.893643 34.831892 -4.666211 -0.023892 0.015837 0.088017 0.995706
18.602145 273.364390 34.908458 -4.658072 -0.023819 0.015955 0.087293 0.995770
18.799997 276.006508 35.376486 -4.714995 -0.022000 0.013640 0.088576 0.995733
18.801882 275.955189 35.387138 -4.709963 -0.022925 0.015916 0.087955 0.995733
18.966219 278.201377 35.795795 -4.775862 -0.022639 0.014503 0.087749 0.995780
19.065176 279.500892 36.049146 -4.800532 -0.023162 0.015462 0.087757 0.995753
19.165098 280.760006 36.292471 -4.838556 -0.023552 0.016579 0.087402 0.995757
19.265125 282.001382 36.527424 -4.859506 -0.023377 0.017263 0.086770 0.995804
19.365299 283.194111 36.735653 -4.896022 -0.022870 0.016740 0.086177 0.995877
19.467068 284.403377 36.950870 -4.926628 -0.022234 0.016117 0.085567 0.995954
19.566618 285.584999 37.164571 -4.953478 -0.021774 0.015974 0.084668 0.996043
19.666141 286.762610 37.368577 -4.983695 -0.021391 0.016192 0.084114 0.996095
19.765173 287.923237 37.583229 -5.001496 -0.021584 0.016531 0.083120 0.996169
19.865096 289.110778 37.795649 -5.036129 -0.022235 0.016560 0.082687 0.996190
19.965199 290.288344 37.993852 -5.059997 -0.023191 0.016830 0.081873 0.996231
20.065172 291.456843 38.207835 -5.091619 -0.024134 0.016814 0.080989 0.996281
20.165249 292.630383 38.395559 -5.116569 -0.025314 0.016609 0.080156 0.996322
20.265126 293.810817 38.596561 -5.157062 -0.026606 0.016225 0.079719 0.996330
20.365098 295.001133 38.802062 -5.175920 -0.026887 0.016737 0.078855 0.996383
20.465173 296.171857 38.992885 -5.213667 -0.027046 0.016808 0.077862 0.996456
20.565074 297.340104 39.191868 -5.237048 -0.026575 0.015512 0.077315 0.996532
20.611090 297.883266 39.271244 -5.265402 -0.025902 0.014328 0.076158 0.996656
20.734480 299.465959 39.499606 -5.284812 -0.024655 0.013187 0.075785 0.996732
20.865171 301.124601 39.761881 -5.329637 -0.024109 0.015441 0.075612 0.996726
20.965200 302.193489 39.942808 -5.345210 -0.024319 0.018088 0.075309 0.996700
21.065200 303.292856 40.108870 -5.379777 -0.023923 0.019795 0.074469 0.996740
21.102712 303.688190 40.177058 -5.382127 -0.023984 0.020521 0.073508 0.996795
21.265222 305.602737 40.442582 -5.446596 -0.022855 0.018116 0.074052 0.996828
21.399798 307.124694 40.701127 -5.492629 -0.022823 0.017989 0.074447 0.996801
21.499946 308.103990 40.868745 -5.523143 -0.022626 0.017555 0.074281 0.996826
21.600123 309.106157 41.026520 -5.544720 -0.022316 0.017224 0.073517 0.996895
21.665274 309.775629 41.134987 -5.570324 -0.022302 0.017317 0.073019 0.996931
21.765198 310.841330 41.281059 -5.586276 -0.021786 0.017679 0.072640 0.996963
21.865248 311.935220 41.437098 -5.621995 -0.021711 0.018110 0.072386 0.996976
21.965147 313.053700 41.604214 -5.644077 -0.021567 0.018455 0.072458 0.996967
22.065249 314.209138 41.779162 -5.678300 -0.021411 0.019214 0.072273 0.996970
22.165273 315.384149 41.952474 -5.716236 -0.021047 0.019980 0.071592 0.997012
22.265226 316.542346 42.127564 -5.750217 -0.020041 0.019989 0.071356 0.997049
22.365321 317.703549 42.298380 -5.797377 -0.018893 0.019688 0.071020 0.997102
22.465198 318.862139 42.475438 -5.823001 -0.017408 0.020281 0.070799 0.997132
22.544653 319.770859 42.603719 -5.854455 -0.016179 0.021074 0.069822 0.997206
22.646921 321.004948 42.768666 -5.882276 -0.015099 0.020707 0.069381 0.997261
22.712166 321.776990 42.899223 -5.905538 -0.014732 0.020455 0.068516 0.997332
22.812140 323.047199 43.087766 -5.942585 -0.015469 0.018048 0.067987 0.997403
22.912167 324.292133 43.261454 -5.974886 -0.016293 0.017347 0.067893 0.997409
23.012067 325.484754 43.426130 -6.002778 -0.017121 0.017304 0.067321 0.997434
23.148274 327.074284 43.663303 -6.045080 -0.017741 0.016862 0.067148 0.997443
23.300172 328.610224 43.876863 -6.089576 -0.017833 0.017565 0.067121 0.997431
23.399623 329.392065 44.006547 -6.108763 -0.018156 0.018560 0.066714 0.997434
23.499449 330.230049 44.102077 -6.128556 -0.017274 0.019493 0.064880 0.997553
23.599523 331.079304 44.209426 -6.151746 -0.016531 0.018875 0.063775 0.997649
23.699898 332.001064 44.328592 -6.175902 -0.016640 0.017629 0.062890 0.997726
23.800023 332.980940 44.453338 -6.200569 -0.017573 0.016793 0.062472 0.997751
23.900122 334.022113 44.598953 -6.224162 -0.019245 0.016282 0.061437 0.997793
24.000122 335.101366 44.744929 -6.256266 -0.020407 0.016037 0.061060 0.997797
24.100122 336.209915 44.899678 -6.274160 -0.021330 0.015607 0.061031 0.997786
24.101796 336.225176 44.897732 -6.283517 -0.021746 0.015773 0.060041 0.997834
24.265300 338.348572 45.112874 -6.334493 -0.021166 0.016569 0.062734 0.997668
24.365248 339.576034 45.329526 -6.364642 -0.021198 0.017461 0.063573 0.997599
24.465444 340.769568 45.477583 -6.394357 -0.021198 0.018317 0.064471 0.997526
24.600321 342.338415 45.718489 -6.441283 -0.021000 0.017382 0.067269 0.997362
24.672203 343.005059 45.829689 -6.460409 -0.020899 0.016916 0.067383 0.997365
24.772380 344.027862 45.988426 -6.489825 -0.020007 0.014906 0.069392 0.997277
24.824061 344.576825 46.061928 -6.501110 -0.019405 0.014432 0.069942 0.997258
24.969014 346.192610 46.250723 -6.530628 -0.019850 0.013585 0.073899 0.996976
25.067445 347.237444 46.445009 -6.562697 -0.020574 0.013732 0.075028 0.996875
25.165274 348.291857 46.616655 -6.581455 -0.020839 0.014477 0.076021 0.996783
25.295851 349.739756 46.841679 -6.619327 -0.021891 0.016808 0.077892 0.996580
25.365269 350.450699 46.982069 -6.631199 -0.022525 0.018977 0.078310 0.996494
25.468913 351.609963 47.164668 -6.670148 -0.022889 0.018111 0.079944 0.996372
25.569061 352.730338 47.362869 -6.708792 -0.023062 0.015815 0.081551 0.996277
25.669010 353.848367 47.544322 -6.750023 -0.024016 0.014581 0.083134 0.996142
25.767342 354.984671 47.758169 -6.777064 -0.025327 0.015216 0.084734 0.995965
25.868987 356.177682 47.974902 -6.820045 -0.025682 0.016022 0.085707 0.995860
25.940911 357.017094 48.124578 -6.838963 -0.025625 0.016583 0.086282 0.995803
26.068913 358.658219 48.413032 -6.899602 -0.023876 0.018046 0.088314 0.995643
26.169036 359.806761 48.639069 -6.925543 -0.023629 0.019050 0.089567 0.995518
26.268939 360.933058 48.853951 -6.967614 -0.023065 0.019946 0.090911 0.995392
26.365119 362.014413 49.060232 -6.999042 -0.023079 0.019948 0.091801 0.995310
26.468914 363.201358 49.292021 -7.047616 -0.023136 0.019181 0.092773 0.995234
26.572252 364.365040 49.517382 -7.092065 -0.022378 0.018426 0.093996 0.995150
26.602580 364.726342 49.590951 -7.103217 -0.022548 0.018824 0.093680 0.995169
26.702089 366.119003 49.812169 -7.155336 -0.019630 0.017572 0.096691 0.994966
26.810646 367.633311 50.130946 -7.206415 -0.017601 0.016584 0.098422 0.994851
26.901595 368.851397 50.406932 -7.233624 -0.016147 0.016846 0.099347 0.994779
27.012116 370.345920 50.727400 -7.272723 -0.015416 0.018707 0.101336 0.994557
27.112166 371.573754 50.990571 -7.297586 -0.015568 0.019770 0.102557 0.994409
27.202089 372.636415 51.224662 -7.321483 -0.016159 0.018213 0.103309 0.994351
27.378658 374.764206 51.719711 -7.375952 -0.021020 0.012015 0.105648 0.994109
27.472305 375.574612 51.933401 -7.423989 -0.022208 0.011955 0.105604 0.994088
27.512365 375.932445 51.983667 -7.403366 -0.024435 0.010712 0.105472 0.994064
27.665192 377.546864 52.318662 -7.465209 -0.029350 0.013764 0.108027 0.993619
27.746025 378.415771 52.552745 -7.477728 -0.030493 0.014504 0.107327 0.993650
27.837023 379.490549 52.779413 -7.548055 -0.029272 0.018692 0.108337 0.993507
27.947097 380.863166 53.056539 -7.585229 -0.024971 0.023242 0.109268 0.993427
28.044979 382.110075 53.335976 -7.652240 -0.021213 0.025364 0.109517 0.993435
28.112041 382.958141 53.521351 -7.661939 -0.018440 0.024788 0.109964 0.993455
28.212094 384.369562 53.829283 -7.747997 -0.016771 0.019536 0.111386 0.993444
28.312068 385.758450 54.173141 -7.771839 -0.017600 0.017196 0.111901 0.993415
28.401917 386.981249 54.459419 -7.844717 -0.018680 0.016690 0.112304 0.993358
28.512165 388.514587 54.828845 -7.871444 -0.019069 0.017729 0.113164 0.993235
28.679012 390.754495 55.366252 -7.949270 -0.019765 0.019134 0.114473 0.993045
28.772377 391.780897 55.658056 -7.990248 -0.019911 0.019892 0.114913 0.992977
28.872254 392.897144 55.914884 -8.026241 -0.021662 0.018809 0.115405 0.992904
29.000172 394.330377 56.272598 -8.089903 -0.024561 0.017594 0.116780 0.992698
29.099997 395.423911 56.544715 -8.130711 -0.026227 0.017890 0.117485 0.992567
29.168963 396.210391 56.748850 -8.163447 -0.027528 0.019415 0.117688 0.992479
29.272305 397.504203 57.046157 -8.221745 -0.025412 0.020308 0.119231 0.992334
29.372256 398.796710 57.367556 -8.273075 -0.022610 0.019876 0.120549 0.992251
29.472355 400.115619 57.682456 -8.330798 -0.021190 0.019515 0.121598 0.992161
29.569037 401.418911 58.013767 -8.374162 -0.020144 0.020666 0.122504 0.992048
29.667467 402.756182 58.355894 -8.430566 -0.019689 0.021936 0.123331 0.991928
29.768913 404.161569 58.726919 -8.479124 -0.019498 0.022108 0.124027 0.991841
29.869013 405.549516 59.072155 -8.546030 -0.019223 0.020201 0.124262 0.991858
29.968938 406.940871 59.463050 -8.581789 -0.019779 0.017531 0.124907 0.991816
30.073177 408.407454 59.859673 -8.636380 -0.022494 0.017064 0.124817 0.991778
30.165223 409.671336 60.201579 -8.686956 -0.025195 0.017723 0.124869 0.991695
30.265175 411.091668 60.564090 -8.737157 -0.027566 0.018894 0.125116 0.991579
30.303988 411.631923 60.716187 -8.768482 -0.029071 0.019591 0.124130 0.991647
30.403815 413.178008 61.113315 -8.823848 -0.027511 0.019106 0.124672 0.991632
30.600072 416.262373 61.910488 -8.941810 -0.025871 0.022221 0.125932 0.991452
30.699823 417.597285 62.310546 -8.999993 -0.025934 0.022989 0.126638 0.991343
30.799998 418.966423 62.678491 -9.051842 -0.026130 0.024880 0.126509 0.991309
30.865096 419.824782 62.904784 -9.105641 -0.026595 0.024391 0.126468 0.991314
30.965073 421.168154 63.256858 -9.162928 -0.026810 0.022809 0.126442 0.991349
31.069609 422.578457 63.626651 -9.233867 -0.026482 0.021670 0.126360 0.991394
31.172203 423.983547 63.988025 -9.286800 -0.025579 0.021182 0.125755 0.991505
31.269013 425.296789 64.324755 -9.341145 -0.024824 0.022015 0.125456 0.991544
31.372306 426.717991 64.703771 -9.395737 -0.024222 0.022833 0.125060 0.991591
31.468989 428.062068 65.045895 -9.451223 -0.024307 0.021351 0.124776 0.991657
31.568938 429.466389 65.415346 -9.508386 -0.025171 0.019162 0.124249 0.991747
31.610366 430.047053 65.564436 -9.531579 -0.026458 0.018484 0.123876 0.991773
31.768967 432.431348 66.164045 -9.620345 -0.027354 0.021673 0.122849 0.991812
31.866293 433.817089 66.548509 -9.688193 -0.026945 0.022414 0.123210 0.991761
31.940742 434.892739 66.822291 -9.727509 -0.026162 0.022955 0.123016 0.991794
32.065099 436.779883 67.302245 -9.817176 -0.026037 0.023648 0.123185 0.991760
32.166322 438.240297 67.694824 -9.888159 -0.025971 0.023701 0.123719 0.991694
32.265114 439.644226 68.067788 -9.950900 -0.026285 0.021301 0.124171 0.991684
32.366051 441.075810 68.439612 -10.014778 -0.026287 0.020017 0.124574 0.991660
32.465622 442.474234 68.815921 -10.066891 -0.026484 0.021873 0.124882 0.991577
32.566123 443.897533 69.195844 -10.139233 -0.026060 0.024206 0.124814 0.991542
32.602216 444.416774 69.327029 -10.155216 -0.025818 0.024962 0.124296 0.991595
32.800246 447.429746 70.130219 -10.304183 -0.023738 0.022048 0.124339 0.991711
32.836752 447.835779 70.194948 -10.320226 -0.022894 0.022072 0.125543 0.991578
32.965100 449.607271 70.656066 -10.395240 -0.022930 0.020623 0.124303 0.991765
33.065150 450.985728 71.012190 -10.447774 -0.022283 0.020697 0.123664 0.991858
33.165099 452.367761 71.368672 -10.501562 -0.022586 0.021232 0.122897 0.991935
33.265046 453.795808 71.742794 -10.558608 -0.023239 0.021676 0.121907 0.992033
33.365152 455.245389 72.113269 -10.613683 -0.024766 0.021805 0.120901 0.992116
33.465124 456.718107 72.492953 -10.682213 -0.027457 0.022619 0.119931 0.992145
33.565102 458.213465 72.879926 -10.747336 -0.030442 0.023297 0.118858 0.992171
33.665130 459.734782 73.275716 -10.828740 -0.032254 0.024105 0.117211 0.992290
33.765100 461.255703 73.668772 -10.901231 -0.030801 0.024743 0.116343 0.992423
33.865151 462.807743 74.024597 -10.979424 -0.027150 0.025163 0.115387 0.992631
33.965077 464.330980 74.387376 -11.046940 -0.022337 0.025159 0.115570 0.992729
34.065228 465.866637 74.728457 -11.118533 -0.018922 0.024405 0.116003 0.992769
34.165124 467.386324 75.094425 -11.174685 -0.017429 0.024382 0.115899 0.992809
34.206292 468.002234 75.239392 -11.199028 -0.016751 0.025102 0.115407 0.992860
34.365174 470.613639 75.858411 -11.320919 -0.018795 0.022915 0.115441 0.992872
34.465198 472.140581 76.248085 -11.394942 -0.017719 0.021003 0.116045 0.992864
34.548149 473.379601 76.540576 -11.438055 -0.017540 0.020225 0.116433 0.992838
34.665080 475.200512 76.979006 -11.508585 -0.016374 0.023542 0.116778 0.992744
34.710679 475.868444 77.140442 -11.535078 -0.015777 0.025701 0.116490 0.992734
34.806288 477.367855 77.520330 -11.614248 -0.015606 0.025772 0.115882 0.992806
34.906192 478.975145 77.914012 -11.690366 -0.015068 0.023743 0.115931 0.992859
35.006240 480.560609 78.289294 -11.766511 -0.014208 0.021819 0.116217 0.992883
35.112046 482.270660 78.691954 -11.816711 -0.013856 0.022247 0.116374 0.992860
35.265105 484.708451 79.269145 -11.915872 -0.016589 0.024641 0.116471 0.992750
35.309384 485.310315 79.428511 -11.953562 -0.016209 0.025075 0.116721 0.992716
35.406043 486.756685 79.803176 -12.021429 -0.021942 0.025270 0.115849 0.992703
35.565128 489.219594 80.418165 -12.154613 -0.023814 0.024241 0.115313 0.992748
35.665173 490.730091 80.767134 -12.227501 -0.023473 0.023898 0.115912 0.992695
35.765151 492.238133 81.116724 -12.298654 -0.021547 0.023502 0.116352 0.992696
35.865152 493.712784 81.451422 -12.357127 -0.020278 0.023461 0.116575 0.992698
35.910081 494.364053 81.623393 -12.397242 -0.020059 0.022830 0.116220 0.992758
36.065000 496.723911 82.230570 -12.496441 -0.021676 0.024938 0.117637 0.992507
36.165074 498.242057 82.597707 -12.576870 -0.022261 0.025864 0.118536 0.992363
36.265074 499.773201 82.997250 -12.642973 -0.022539 0.025030 0.120404 0.992153
36.365078 501.304558 83.382788 -12.728504 -0.023000 0.024252 0.121577 0.992019
36.465150 502.850049 83.775389 -12.793572 -0.023685 0.025123 0.122879 0.991821
36.506261 503.497801 83.941146 -12.837251 -0.024283 0.025589 0.123599 0.991705
36.665849 506.075837 84.585423 -12.967160 -0.023091 0.025718 0.126236 0.991398
36.766769 507.688776 85.038284 -13.049024 -0.022468 0.025310 0.127721 0.991232
36.865073 509.225298 85.439050 -13.109078 -0.021748 0.024738 0.129148 0.991078
36.965099 510.821027 85.875571 -13.192614 -0.021620 0.024445 0.130456 0.990917
37.002170 511.402488 86.047618 -13.202904 -0.022141 0.023965 0.130834 0.990867
37.100773 511.398647 86.046566 -13.200669 -0.022135 0.024022 0.130745 0.990878
37.265070 515.698926 87.276233 -13.402719 -0.022236 0.024333 0.133045 0.990562
37.366669 517.260110 87.666408 -13.461941 -0.022334 0.024746 0.134972 0.990289
37.404307 517.820246 87.830080 -13.498854 -0.021831 0.022854 0.135104 0.990327
37.502055 519.360438 88.244325 -13.539861 -0.025356 0.023858 0.135045 0.990228
37.700296 522.527657 89.151248 -13.721477 -0.028542 0.031338 0.136860 0.989683
37.798464 523.890802 89.552301 -13.798201 -0.029208 0.031574 0.139802 0.989245
37.898512 525.287680 89.944664 -13.903449 -0.027675 0.032833 0.139871 0.989238
37.998387 526.697266 90.400546 -13.985590 -0.025578 0.031841 0.140193 0.989281
38.099576 528.168708 90.820250 -14.090163 -0.023650 0.030736 0.140569 0.989311
38.199596 529.644287 91.244170 -14.171763 -0.022566 0.031047 0.141554 0.989186
38.273799 530.764937 91.544647 -14.242594 -0.021459 0.031494 0.141882 0.989150
38.373947 532.313628 92.013368 -14.343453 -0.019673 0.032178 0.142823 0.989029
38.412066 532.901700 92.205802 -14.368063 -0.019228 0.032749 0.143331 0.988946
38.512169 534.593402 92.732061 -14.496862 -0.017321 0.032972 0.144023 0.988873
38.612120 536.271268 93.226813 -14.574252 -0.016683 0.032814 0.144637 0.988800
38.712115 537.950396 93.755206 -14.699077 -0.016394 0.031968 0.144736 0.988818
