1.441911 0.155427 -0.064451 0.000573 0.000398 0.000269 -0.000623 1.000000
1.565246 0.384870 -0.120433 0.000749 0.000527 0.000161 -0.000445 1.000000
1.612116 0.616499 -0.138879 0.011851 -0.000116 -0.000175 -0.000994 0.999999
1.712192 1.029586 -0.218317 0.020210 -0.000011 -0.000482 -0.000786 1.000000
1.812115 1.461591 -0.299555 0.026062 0.000359 0.000215 0.000337 1.000000
1.912141 1.918931 -0.381885 0.039287 0.000688 0.000620 0.001059 0.999999
2.046874 2.595429 -0.465367 0.049142 0.001165 0.000789 0.003049 0.999994
2.112087 3.030287 -0.493484 0.053441 0.001034 0.000839 0.002777 0.999995
2.212088 3.602298 -0.557467 0.070257 0.000266 0.000891 0.005234 0.999986
2.312041 4.257499 -0.596707 0.069352 -0.000242 0.000999 0.008999 0.999959
2.412167 4.977769 -0.625646 0.067930 -0.000851 -0.000010 0.011117 0.999938
2.512092 5.759252 -0.652369 0.070234 -0.001877 -0.000820 0.013836 0.999902
2.612040 6.607410 -0.668872 0.079223 -0.002682 -0.001625 0.015701 0.999872
2.711989 7.568827 -0.670430 0.095344 -0.002442 -0.002248 0.017585 0.999840
2.812167 8.567654 -0.643055 0.114879 -0.002657 -0.001868 0.019998 0.999795
2.912116 9.655856 -0.619745 0.127668 -0.002628 -0.001402 0.022251 0.999748
3.012067 10.776404 -0.564796 0.149176 -0.002597 -0.000918 0.025304 0.999676
3.112092 12.006350 -0.494944 0.159944 -0.002751 -0.000331 0.027326 0.999623
3.300322 14.314039 -0.366293 0.181905 -0.002924 0.001032 0.032941 0.999452
3.399898 15.519521 -0.286022 0.192330 -0.003459 0.001001 0.032774 0.999456
3.411992 15.687142 -0.271281 0.188792 -0.003204 0.001213 0.030783 0.999520
3.512115 17.011181 -0.191907 0.211235 -0.003958 0.003103 0.034428 0.999395
3.612163 18.386938 -0.085652 0.202007 -0.003648 0.004099 0.036919 0.999303
3.712062 19.837200 0.013538 0.205636 -0.004391 0.004836 0.038718 0.999229
3.811966 21.304676 0.145023 0.196257 -0.007012 0.002380 0.040568 0.999149
3.969039 23.677169 0.353186 0.206782 -0.010984 0.001022 0.043198 0.999006
4.065221 25.089650 0.509268 0.210138 -0.011609 0.001520 0.043509 0.998984
4.172227 26.697540 0.657622 0.215940 -0.011831 0.001359 0.044910 0.998920
4.211966 27.298250 0.715345 0.219210 -0.011723 0.000987 0.044291 0.998949
4.311991 28.907187 0.864945 0.237148 -0.013111 -0.001399 0.045575 0.998874
4.412114 30.532716 1.020816 0.254925 -0.014348 -0.000964 0.046733 0.998804
4.572327 33.173598 1.290435 0.269533 -0.016132 0.000604 0.049647 0.998636
4.676615 34.877702 1.474560 0.275150 -0.016717 0.000507 0.049858 0.998616
4.775566 36.497265 1.653367 0.282527 -0.017709 0.000645 0.051519 0.998515
4.879037 38.215853 1.843057 0.292021 -0.018060 0.001647 0.052835 0.998439
4.965096 39.631409 2.003486 0.296589 -0.018249 0.002769 0.054489 0.998344
5.074495 41.512304 2.225640 0.302382 -0.018457 0.003552 0.056763 0.998211
5.113187 42.156407 2.293732 0.301363 -0.019219 0.002899 0.056112 0.998235
5.274276 44.969841 2.659454 0.302962 -0.019854 0.002653 0.059864 0.998006
5.312044 45.588380 2.729557 0.292617 -0.020192 0.002356 0.058713 0.998068
5.413114 47.368429 2.953755 0.306793 -0.019854 0.005763 0.059585 0.998009
5.572429 50.212600 3.316787 0.279038 -0.019128 0.008595 0.061109 0.997911
5.684744 52.185166 3.573979 0.255721 -0.019100 0.009035 0.061059 0.997910
5.746847 53.256087 3.706053 0.249773 -0.018560 0.010324 0.060078 0.997968
5.881434 55.687285 4.030242 0.224807 -0.017275 0.007366 0.061889 0.997906
5.976849 57.370761 4.234434 0.208079 -0.017126 0.005577 0.061409 0.997950
6.075854 59.140731 4.472092 0.195444 -0.019696 0.004294 0.061464 0.997906
6.174332 60.895177 4.711904 0.192660 -0.021634 0.004599 0.061779 0.997845
6.272519 62.640381 4.933572 0.182832 -0.021602 0.005445 0.062173 0.997817
6.372170 64.421423 5.160068 0.167096 -0.020019 0.006289 0.062650 0.997815
6.472119 66.198907 5.385376 0.153237 -0.017665 0.007257 0.063702 0.997786
6.572043 67.974781 5.610147 0.141719 -0.015625 0.007999 0.065259 0.997714
6.672856 69.738270 5.852249 0.128592 -0.015602 0.008992 0.066076 0.997652
6.773634 71.489533 6.088309 0.105142 -0.016590 0.008451 0.066543 0.997610
6.872960 73.220693 6.326238 0.084995 -0.017599 0.007528 0.066947 0.997573
6.972137 74.953757 6.575619 0.067004 -0.018133 0.008732 0.066892 0.997557
7.072086 76.687035 6.818846 0.049457 -0.018367 0.010576 0.066772 0.997543
7.172314 78.433115 7.059038 0.023285 -0.018864 0.010750 0.066803 0.997530
7.271962 80.154880 7.300245 -0.007860 -0.020255 0.010194 0.066276 0.997544
7.373036 81.908620 7.555515 -0.033970 -0.021799 0.009748 0.065949 0.997537
7.472065 83.596244 7.801160 -0.059082 -0.022737 0.009541 0.066216 0.997501
7.572162 85.331394 8.048602 -0.081607 -0.022809 0.010366 0.065864 0.997514
7.672160 87.064786 8.288485 -0.103492 -0.022641 0.011006 0.066199 0.997489
7.771988 88.802360 8.529811 -0.134816 -0.022603 0.011270 0.066192 0.997487
7.872216 90.549379 8.777772 -0.161450 -0.022566 0.011418 0.066255 0.997482
7.972263 92.289918 9.007907 -0.186038 -0.021969 0.011805 0.066449 0.997478
8.072288 94.022996 9.258443 -0.216168 -0.021398 0.011817 0.066941 0.997457
8.173260 95.797643 9.509030 -0.242272 -0.021016 0.011738 0.067201 0.997449
8.272213 97.522563 9.755878 -0.268629 -0.021070 0.012141 0.067372 0.997432
8.372063 99.267190 10.006035 -0.303162 -0.020938 0.012733 0.067637 0.997409
8.472065 101.016717 10.256013 -0.331491 -0.021284 0.013514 0.067584 0.997395
8.572066 102.774811 10.503442 -0.367807 -0.020982 0.013867 0.067449 0.997406
8.672213 104.533117 10.750682 -0.405059 -0.020377 0.014134 0.067388 0.997419
8.773158 106.303990 10.999648 -0.442750 -0.019654 0.013347 0.067326 0.997448
8.872264 108.034002 11.244198 -0.476414 -0.019039 0.012572 0.067255 0.997475
8.971940 109.785731 11.491887 -0.503500 -0.019524 0.013078 0.066830 0.997488
9.071687 111.546400 11.737480 -0.532171 -0.020290 0.013896 0.066499 0.997483
9.171713 113.310300 11.988499 -0.568412 -0.021651 0.014436 0.066703 0.997433
9.271713 115.061199 12.241606 -0.605444 -0.022735 0.014638 0.066649 0.997410
9.375683 116.873241 12.504156 -0.645907 -0.022726 0.013902 0.066365 0.997440
9.471768 118.528788 12.747943 -0.683005 -0.021970 0.014073 0.066400 0.997452
9.571524 120.284709 12.991796 -0.712507 -0.021188 0.015627 0.066712 0.997425
9.699947 122.540773 13.318590 -0.764916 -0.020063 0.015559 0.067768 0.997378
9.799149 124.087467 13.518604 -0.799838 -0.019780 0.015429 0.068756 0.997318
9.898401 125.745654 13.754169 -0.843110 -0.019475 0.015778 0.069263 0.997283
9.998351 127.405077 13.994953 -0.876405 -0.019226 0.015827 0.069770 0.997252
10.098077 129.063010 14.233552 -0.917097 -0.018303 0.016005 0.070124 0.997242
10.198003 130.745274 14.487812 -0.945490 -0.017883 0.016738 0.070326 0.997223
10.297803 132.456921 14.745411 -0.987144 -0.018073 0.016701 0.071105 0.997165
10.397454 134.156200 14.991382 -1.026415 -0.018701 0.016594 0.071947 0.997095
10.497429 135.898075 15.261141 -1.062785 -0.019676 0.016598 0.072527 0.997034
10.598626 137.663393 15.542580 -1.108946 -0.020516 0.015659 0.073131 0.996988
10.699623 139.422159 15.813807 -1.149484 -0.021755 0.015415 0.073524 0.996937
10.771571 140.655948 16.005253 -1.178761 -0.022898 0.016049 0.073540 0.996900
10.871449 142.584109 16.311578 -1.227329 -0.023419 0.016064 0.072689 0.996950
10.971569 144.428619 16.589791 -1.277669 -0.023412 0.016152 0.072789 0.996942
11.071895 146.256741 16.884279 -1.325388 -0.023335 0.016269 0.073025 0.996924
11.173567 148.079603 17.165240 -1.371482 -0.022757 0.016239 0.073326 0.996916
11.271673 149.814209 17.432499 -1.414206 -0.022561 0.016355 0.073532 0.996903
11.371650 151.599659 17.706980 -1.464577 -0.022897 0.016838 0.073535 0.996888
11.471623 153.355488 17.983751 -1.499082 -0.023530 0.017906 0.074094 0.996813
11.571498 155.108246 18.255699 -1.545017 -0.024404 0.018269 0.073891 0.996800
11.671921 156.869292 18.539323 -1.599820 -0.025265 0.017462 0.074441 0.996752
11.771572 158.599414 18.824302 -1.643416 -0.025617 0.016677 0.074672 0.996740
11.871573 160.320508 19.092287 -1.694450 -0.025467 0.016135 0.074123 0.996793
11.973642 162.083678 19.374465 -1.734880 -0.025464 0.016337 0.074632 0.996752
12.071775 163.752339 19.633738 -1.774663 -0.025634 0.016960 0.074742 0.996729
12.200172 165.957599 19.983657 -1.830226 -0.025484 0.016598 0.075531 0.996680
12.299747 167.533514 20.251534 -1.874819 -0.025562 0.016166 0.076863 0.996583
12.369754 168.669655 20.429300 -1.896409 -0.025673 0.016459 0.076356 0.996614
12.465595 170.331307 20.684645 -1.940293 -0.024974 0.016777 0.075653 0.996680
12.572438 172.182469 20.977556 -1.978917 -0.024710 0.017224 0.076538 0.996612
12.672664 173.904612 21.251627 -2.027257 -0.024337 0.017056 0.077572 0.996544
12.766938 175.552857 21.521202 -2.065170 -0.024640 0.016657 0.077827 0.996523
12.867292 177.310362 21.820610 -2.113078 -0.024859 0.016658 0.078136 0.996493
12.966818 179.032576 22.101983 -2.153090 -0.025196 0.016961 0.078666 0.996438
13.066843 180.760113 22.396902 -2.202173 -0.025282 0.017298 0.078949 0.996408
13.166771 182.494336 22.691950 -2.246749 -0.025594 0.017546 0.079607 0.996343
13.267192 184.230507 22.985047 -2.294553 -0.025595 0.017581 0.080112 0.996302
13.373858 186.054435 23.292210 -2.344011 -0.025913 0.017769 0.081203 0.996202
13.500022 188.173651 23.651950 -2.402836 -0.026819 0.018271 0.082396 0.996071
13.599473 189.693693 23.920918 -2.450576 -0.027459 0.018660 0.083410 0.995962
13.699673 191.306349 24.194194 -2.500212 -0.027432 0.019077 0.083581 0.995941
13.746772 192.069656 24.327309 -2.524310 -0.027508 0.019647 0.082791 0.995993
13.875509 194.380585 24.713912 -2.597559 -0.025730 0.018433 0.083216 0.996029
13.968944 195.978591 25.001008 -2.637037 -0.025353 0.017888 0.084344 0.995953
14.069043 197.690018 25.305719 -2.689789 -0.024865 0.017080 0.085159 0.995911
14.169017 199.396247 25.624905 -2.732049 -0.025089 0.017188 0.086627 0.995777
14.300272 201.627642 26.033212 -2.792528 -0.026033 0.018115 0.087292 0.995678
14.400022 203.116999 26.304231 -2.832538 -0.027148 0.019741 0.088433 0.995516
14.499848 204.706507 26.609528 -2.878015 -0.028542 0.020612 0.087195 0.995569
14.599922 206.306365 26.913064 -2.932925 -0.029490 0.020059 0.086061 0.995651
14.699673 207.895943 27.217262 -2.995414 -0.029611 0.018538 0.085546 0.995722
14.799299 209.509421 27.506622 -3.044921 -0.028746 0.016899 0.084604 0.995857
14.890679 210.976056 27.775494 -3.089701 -0.027200 0.016447 0.084457 0.995920
14.990705 212.653608 28.063463 -3.126862 -0.025811 0.017038 0.083357 0.996040
15.090278 214.304182 28.341819 -3.167638 -0.024393 0.017518 0.083443 0.996060
15.190205 215.961113 28.628247 -3.204611 -0.024190 0.017901 0.083418 0.996060
15.269662 217.267022 28.854519 -3.233208 -0.023947 0.018350 0.083658 0.996038
15.369390 218.999798 29.162950 -3.277953 -0.023257 0.017813 0.083533 0.996074
15.469012 220.676495 29.450944 -3.320334 -0.023706 0.017838 0.084267 0.996001
15.565147 222.277172 29.742624 -3.345811 -0.024691 0.018748 0.084800 0.995916
15.665445 223.916296 30.035843 -3.397225 -0.027934 0.020007 0.085248 0.995767
15.765271 225.524584 30.341190 -3.441874 -0.030722 0.019991 0.085289 0.995682
15.865819 227.098560 30.645349 -3.492373 -0.031519 0.017917 0.085855 0.995648
15.968913 228.682393 30.934919 -3.531743 -0.030127 0.016221 0.086503 0.995664
16.068912 230.173825 31.208181 -3.565690 -0.029462 0.013942 0.087370 0.995643
16.110778 230.780975 31.316043 -3.589245 -0.027824 0.011137 0.086566 0.995795
16.266741 233.368602 31.767718 -3.633926 -0.028382 0.019568 0.087981 0.995525
16.344656 234.412006 31.989039 -3.658229 -0.029416 0.021744 0.090050 0.995265
16.441364 235.852055 32.253238 -3.702836 -0.024826 0.023933 0.089514 0.995388
16.540489 237.267865 32.521839 -3.734345 -0.023139 0.023039 0.090020 0.995405
16.646773 238.771317 32.807554 -3.785301 -0.021645 0.019225 0.090541 0.995472
16.712042 239.653814 32.968635 -3.814391 -0.020669 0.018511 0.091160 0.995450
16.865124 241.830055 33.392600 -3.856896 -0.022700 0.019637 0.091623 0.995341
16.902437 242.184478 33.476823 -3.870155 -0.022684 0.020489 0.092923 0.995204
17.001669 243.554882 33.734450 -3.902646 -0.021592 0.019138 0.091606 0.995377
17.101859 244.917002 33.996149 -3.934046 -0.021221 0.016926 0.091798 0.995408
17.272228 247.200923 34.434029 -3.991490 -0.019538 0.011881 0.094491 0.995263
17.400222 248.631832 34.730966 -4.024167 -0.019915 0.012367 0.096617 0.995046
17.499848 249.751716 34.957688 -4.045737 -0.020284 0.013680 0.096704 0.995012
17.599798 250.865531 35.172048 -4.061310 -0.020026 0.015231 0.096843 0.994982
17.665146 251.619462 35.323222 -4.076691 -0.020211 0.015760 0.096309 0.995021
17.702387 252.060625 35.409156 -4.089121 -0.020293 0.016084 0.094873 0.995153
17.865224 254.082371 35.805528 -4.128751 -0.021784 0.014280 0.096324 0.995009
18.000022 255.728974 36.149487 -4.171296 -0.022048 0.013996 0.097987 0.994845
18.099723 256.916434 36.394488 -4.194023 -0.022944 0.014060 0.098485 0.994775
18.199673 258.083280 36.638205 -4.224162 -0.023421 0.013667 0.099355 0.994683
18.299473 259.252598 36.878317 -4.247971 -0.023645 0.013506 0.099539 0.994661
18.399697 260.432954 37.122132 -4.270707 -0.023939 0.014319 0.099461 0.994650
18.500023 261.627433 37.370058 -4.294738 -0.024144 0.014372 0.099694 0.994621
18.567369 262.425625 37.527333 -4.314466 -0.023992 0.014028 0.099205 0.994679
18.602145 262.863036 37.613423 -4.322468 -0.023896 0.013821 0.097741 0.994829
18.799997 265.403767 38.123129 -4.373948 -0.022120 0.012778 0.098076 0.994851
18.801882 265.374505 38.125899 -4.371953 -0.022900 0.013713 0.098089 0.994820
18.966219 267.540008 38.559760 -4.413781 -0.022717 0.013403 0.097422 0.994894
19.065176 268.808952 38.854761 -4.440252 -0.023111 0.014098 0.097813 0.994837
19.165098 270.067958 39.131179 -4.467992 -0.023618 0.015190 0.097746 0.994815
19.265125 271.301872 39.390613 -4.494674 -0.023659 0.015796 0.097088 0.994869
19.365299 272.534882 39.637559 -4.521470 -0.023071 0.015332 0.096552 0.994942
19.467068 273.746723 39.889798 -4.553553 -0.022251 0.014766 0.096379 0.994986
19.566618 274.932612 40.123681 -4.579113 -0.021844 0.014593 0.095600 0.995073
19.666141 276.111234 40.359571 -4.605385 -0.021502 0.014848 0.094839 0.995150
19.765173 277.286459 40.586499 -4.626998 -0.021759 0.015137 0.094008 0.995219
19.865096 278.461717 40.828062 -4.652850 -0.022442 0.015229 0.093505 0.995249
19.965199 279.647420 41.061465 -4.678504 -0.023266 0.015396 0.092699 0.995303
20.065172 280.831744 41.294166 -4.703536 -0.024209 0.015502 0.092294 0.995317
20.165249 282.001427 41.517780 -4.731142 -0.025439 0.015155 0.091374 0.995376
20.265126 283.158236 41.747186 -4.763200 -0.026677 0.014818 0.090758 0.995405
20.365098 284.337457 41.972931 -4.787812 -0.026998 0.015281 0.089870 0.995470
20.465173 285.514236 42.192362 -4.814365 -0.027266 0.015441 0.088988 0.995540
20.565074 286.681228 42.405242 -4.846285 -0.026815 0.014077 0.088889 0.995581
20.611090 287.223799 42.508069 -4.861389 -0.026018 0.012654 0.087557 0.995739
20.734480 288.770774 42.756560 -4.891868 -0.024849 0.011742 0.086407 0.995881
20.865171 290.360602 43.050730 -4.922366 -0.024424 0.014143 0.086217 0.995877
20.965200 291.476025 43.272883 -4.943284 -0.024416 0.016578 0.086722 0.995795
21.065200 292.605135 43.471416 -4.969576 -0.024182 0.018657 0.086398 0.995792
21.102712 293.013256 43.549900 -4.979405 -0.024057 0.019012 0.085242 0.995888
21.265222 294.955238 43.868006 -5.036850 -0.023146 0.016889 0.084985 0.995970
21.399798 296.468055 44.161106 -5.079150 -0.023102 0.016684 0.085826 0.995903
21.499946 297.464202 44.335578 -5.108333 -0.022786 0.016028 0.087086 0.995811
21.600123 298.502545 44.510574 -5.129572 -0.022468 0.015840 0.087056 0.995824
21.665274 299.195097 44.633977 -5.149856 -0.022515 0.015570 0.085265 0.995982
21.765198 300.286553 44.817022 -5.170986 -0.021978 0.016212 0.084616 0.996039
21.865248 301.384827 45.018794 -5.196860 -0.021995 0.016678 0.084105 0.996074
21.965147 302.497868 45.218582 -5.223956 -0.021709 0.017037 0.084268 0.996061
22.065249 303.615577 45.411866 -5.252181 -0.021676 0.017833 0.083957 0.996074
22.165273 304.743232 45.593082 -5.286926 -0.021330 0.018563 0.083181 0.996133
22.265226 305.859477 45.788472 -5.319958 -0.020418 0.018643 0.082696 0.996191
22.365321 306.984968 45.976449 -5.359248 -0.019161 0.018325 0.082423 0.996245
22.465198 308.113316 46.174571 -5.387794 -0.017653 0.018978 0.082552 0.996250
22.544653 309.012401 46.328908 -5.411467 -0.016472 0.019702 0.081910 0.996309
22.646921 310.213980 46.528793 -5.439745 -0.015504 0.019392 0.080847 0.996417
22.712166 310.961124 46.670933 -5.459517 -0.015104 0.019029 0.080478 0.996460
22.812140 312.166576 46.865044 -5.491642 -0.015787 0.016719 0.078993 0.996610
22.912167 313.353613 47.066862 -5.522295 -0.016570 0.016036 0.078815 0.996623
23.012067 314.537393 47.265651 -5.548716 -0.017548 0.015868 0.078493 0.996634
23.148274 316.133922 47.526856 -5.587677 -0.018201 0.015618 0.079072 0.996580
23.300172 317.768131 47.805993 -5.629812 -0.018334 0.016247 0.079033 0.996571
23.399623 318.734635 47.984226 -5.655457 -0.018470 0.017161 0.080166 0.996463
23.499449 319.756232 48.162042 -5.678189 -0.017521 0.018177 0.079283 0.996532
23.599523 320.778641 48.337069 -5.703042 -0.016848 0.017435 0.078438 0.996624
23.699898 321.812852 48.501807 -5.728801 -0.017010 0.016259 0.077398 0.996723
23.800023 322.836924 48.678019 -5.751131 -0.017943 0.015426 0.076581 0.996783
23.900122 323.875459 48.839832 -5.773124 -0.019632 0.014855 0.076307 0.996780
24.000122 324.912343 49.007123 -5.800682 -0.020838 0.014583 0.075352 0.996833
24.100122 325.958323 49.188656 -5.819826 -0.021638 0.014195 0.074770 0.996865
24.101796 325.979511 49.185324 -5.824278 -0.021925 0.013983 0.073623 0.996947
24.265300 327.811408 49.404225 -5.861211 -0.021801 0.015133 0.074574 0.996862
24.365248 328.933891 49.604479 -5.887910 -0.021686 0.016088 0.075543 0.996777
24.465444 330.047812 49.800548 -5.915014 -0.021546 0.016964 0.077323 0.996629
24.600321 331.554979 50.051504 -5.954981 -0.021203 0.016271 0.080052 0.996432
24.672203 332.278717 50.179904 -5.977308 -0.021052 0.015708 0.080763 0.996387
24.772380 333.399481 50.379425 -6.005544 -0.020302 0.013491 0.083212 0.996234
24.824061 333.967476 50.475643 -6.019064 -0.019648 0.012884 0.083161 0.996259
24.969014 335.607936 50.755189 -6.047374 -0.020308 0.012298 0.086406 0.995977
25.067445 336.680849 50.963527 -6.076553 -0.020870 0.012315 0.087969 0.995828
25.165274 337.754668 51.157030 -6.098684 -0.021198 0.013019 0.089048 0.995717
25.295851 339.213774 51.437854 -6.129542 -0.022181 0.015576 0.091464 0.995439
25.365269 339.928823 51.584841 -6.143976 -0.022760 0.017408 0.092039 0.995343
25.468913 341.094676 51.827938 -6.174726 -0.023204 0.016826 0.092924 0.995261
25.569061 342.217150 52.050327 -6.218612 -0.023503 0.014313 0.094326 0.995161
25.669010 343.337864 52.268169 -6.253756 -0.024368 0.013156 0.096392 0.994958
25.767342 344.453689 52.499001 -6.281437 -0.025697 0.013686 0.097632 0.994797
25.868987 345.614274 52.734772 -6.316298 -0.026074 0.014585 0.098527 0.994686
25.940911 346.437063 52.894681 -6.339399 -0.025988 0.015113 0.099478 0.994585
26.068913 347.993426 53.210378 -6.386319 -0.024477 0.016619 0.101383 0.994407
26.169036 349.127351 53.465643 -6.421055 -0.024233 0.017465 0.102753 0.994258
26.268939 350.272280 53.716107 -6.451346 -0.023599 0.018527 0.103973 0.994127
26.365119 351.389331 53.961401 -6.489892 -0.023628 0.018616 0.104760 0.994042
26.468914 352.592070 54.228105 -6.531111 -0.023609 0.017755 0.105435 0.993987
26.572252 353.771830 54.505238 -6.576912 -0.022777 0.016958 0.107197 0.993832
26.602580 354.112257 54.582854 -6.586539 -0.022953 0.017135 0.106900 0.993857
26.702089 355.382263 54.845973 -6.630691 -0.020318 0.016341 0.109530 0.993641
26.810646 356.759753 55.155988 -6.675190 -0.018229 0.015316 0.110919 0.993544
26.901595 357.921025 55.423440 -6.701948 -0.016635 0.015634 0.112133 0.993431
27.012116 359.357531 55.760570 -6.735126 -0.015927 0.017538 0.114243 0.993170
27.112166 360.628568 56.065248 -6.761379 -0.016054 0.018615 0.115588 0.992993
27.202089 361.745936 56.344642 -6.786629 -0.016490 0.017122 0.116973 0.992851
27.378658 363.986329 56.897473 -6.841816 -0.021403 0.011132 0.119419 0.992551
27.472305 364.905892 57.174522 -6.890340 -0.022557 0.010436 0.119410 0.992534
27.512365 365.341483 57.286942 -6.892230 -0.024783 0.009370 0.119488 0.992482
27.665192 367.147466 57.745562 -6.939052 -0.030023 0.012368 0.121044 0.992116
27.746025 368.086142 57.981177 -6.970139 -0.030844 0.013274 0.120908 0.992096
27.837023 369.156154 58.259775 -7.009962 -0.029841 0.017352 0.121551 0.991985
27.947097 370.496132 58.593228 -7.060158 -0.025491 0.021794 0.123285 0.991804
28.044979 371.674518 58.885909 -7.106124 -0.021747 0.024187 0.123734 0.991782
28.112041 372.499775 59.081944 -7.133318 -0.018995 0.023559 0.123282 0.991910
28.212094 373.799622 59.397824 -7.191300 -0.017214 0.018187 0.124568 0.991895
28.312068 375.084272 59.728235 -7.233513 -0.018066 0.015963 0.125187 0.991840
28.401917 376.251142 60.044420 -7.276636 -0.019089 0.015604 0.125916 0.991734
28.512165 377.722900 60.426441 -7.322037 -0.019614 0.016403 0.126769 0.991603
28.679012 379.911449 61.021259 -7.388264 -0.020342 0.018028 0.128266 0.991367
28.772377 381.020129 61.347251 -7.434187 -0.020382 0.018606 0.128083 0.991379
28.872254 382.277151 61.702286 -7.472266 -0.022161 0.017673 0.128688 0.991280
29.000172 383.888375 62.172878 -7.538691 -0.025087 0.016268 0.129878 0.991079
29.099997 385.044879 62.488935 -7.582981 -0.026660 0.016787 0.130916 0.990893
29.168963 385.890127 62.714732 -7.615219 -0.027950 0.018146 0.131252 0.990789
29.272305 387.196385 63.061693 -7.668636 -0.025803 0.019085 0.132597 0.990650
29.372256 388.465309 63.408987 -7.722413 -0.023178 0.018842 0.134134 0.990513
29.472355 389.753447 63.752930 -7.771808 -0.021727 0.018347 0.134990 0.990439
29.569037 390.995017 64.110945 -7.816343 -0.020795 0.019472 0.135969 0.990303
29.667467 392.272104 64.483775 -7.862896 -0.020257 0.020779 0.136462 0.990220
29.768913 393.618473 64.871046 -7.913456 -0.020054 0.020908 0.137335 0.990101
29.869013 394.959425 65.259341 -7.968435 -0.019769 0.018850 0.138161 0.990033
29.968938 396.311003 65.663194 -8.012104 -0.020250 0.016470 0.138360 0.990038
30.073177 397.742470 66.073352 -8.054091 -0.023027 0.015919 0.138497 0.989967
30.165223 398.994452 66.438569 -8.105015 -0.025704 0.016606 0.138655 0.989868
30.265175 400.386338 66.855129 -8.154331 -0.028227 0.017723 0.138587 0.989789
30.303988 400.933449 67.008386 -8.178709 -0.029588 0.018338 0.137695 0.989863
30.403815 402.398189 67.423475 -8.236872 -0.028047 0.017771 0.138232 0.989843
30.600072 405.281143 68.261686 -8.337978 -0.026512 0.021148 0.139670 0.989617
30.699823 406.590095 68.641714 -8.393437 -0.026635 0.021846 0.139967 0.989557
30.799998 407.952678 69.055613 -8.446473 -0.026622 0.023680 0.140080 0.989499
30.865096 408.828462 69.323091 -8.492952 -0.027016 0.023217 0.140018 0.989508
30.965073 410.209956 69.747400 -8.560536 -0.027238 0.021544 0.139726 0.989581
31.069609 411.662684 70.178557 -8.623016 -0.027024 0.020481 0.139606 0.989626
31.172203 413.091461 70.597525 -8.680023 -0.026194 0.020006 0.139300 0.989702
31.269013 414.453473 70.995089 -8.730171 -0.025444 0.020768 0.138730 0.989785
31.372306 415.922161 71.422199 -8.789082 -0.024737 0.021591 0.138878 0.989765
31.468989 417.304645 71.824091 -8.842744 -0.024784 0.020055 0.138513 0.989847
31.568938 418.723705 72.235019 -8.900318 -0.025666 0.017991 0.138418 0.989878
31.610366 419.305405 72.400573 -8.920876 -0.026858 0.017391 0.137941 0.989923
31.768967 421.651390 73.072827 -9.006115 -0.027941 0.020463 0.137203 0.989937
31.866293 423.039150 73.473187 -9.067312 -0.027419 0.021353 0.137320 0.989917
31.940742 424.109405 73.790616 -9.112186 -0.026651 0.021916 0.137074 0.989960
32.065099 425.947477 74.313406 -9.192303 -0.026499 0.022574 0.137445 0.989898
32.166322 427.406889 74.729155 -9.261540 -0.026612 0.022468 0.137729 0.989857
32.265114 428.820945 75.145977 -9.323222 -0.026962 0.020029 0.138024 0.989859
32.366051 430.263434 75.559574 -9.385920 -0.026919 0.018945 0.138627 0.989798
32.465622 431.679782 75.985227 -9.438640 -0.027135 0.020919 0.139047 0.989693
32.566123 433.119308 76.405564 -9.505626 -0.026725 0.023008 0.139023 0.989661
32.602216 433.634971 76.555940 -9.528456 -0.026458 0.023717 0.138859 0.989675
32.800246 436.601426 77.419621 -9.669509 -0.024279 0.020735 0.138997 0.989778
32.836752 437.004190 77.537639 -9.684146 -0.023491 0.021022 0.140981 0.989510
32.965100 438.825737 78.051151 -9.756179 -0.023471 0.019476 0.139437 0.989761
33.065150 440.244765 78.475592 -9.811086 -0.022772 0.019640 0.138367 0.989924
33.165099 441.672373 78.892803 -9.864111 -0.023067 0.020137 0.137518 0.990026
33.265046 443.116561 79.311960 -9.920760 -0.023724 0.020435 0.136846 0.990097
33.365152 444.584755 79.722455 -9.977861 -0.025423 0.020391 0.136111 0.990157
33.465124 446.052998 80.145206 -10.037243 -0.028445 0.021131 0.135270 0.990175
33.565102 447.494215 80.577753 -10.100698 -0.031272 0.021759 0.134813 0.990138
33.665130 448.972718 80.996171 -10.174699 -0.032753 0.022807 0.133264 0.990277
33.765100 450.458408 81.417748 -10.247242 -0.031205 0.023513 0.132073 0.990470
33.865151 451.948625 81.826278 -10.320653 -0.027436 0.023986 0.131061 0.990704
33.965077 453.460306 82.235557 -10.386094 -0.022745 0.023993 0.130940 0.990839
34.065228 454.971688 82.631303 -10.453139 -0.019381 0.023410 0.130639 0.990964
34.165124 456.493385 83.025911 -10.509507 -0.018056 0.023307 0.130831 0.990966
34.206292 457.110794 83.204200 -10.529591 -0.017406 0.024088 0.130436 0.991011
34.365174 459.624565 83.881085 -10.642223 -0.019222 0.021751 0.131042 0.990952
34.465198 461.136110 84.280509 -10.717081 -0.018279 0.020035 0.131146 0.990992
34.548149 462.382576 84.636664 -10.760875 -0.018234 0.019270 0.131513 0.990959
34.665080 464.193593 85.127636 -10.824920 -0.016965 0.022602 0.131787 0.990875
34.710679 464.864785 85.305946 -10.851825 -0.016504 0.024884 0.132027 0.990796
34.806288 466.360065 85.704456 -10.927598 -0.016067 0.024894 0.131798 0.990834
34.906192 467.931718 86.157844 -11.004569 -0.015719 0.022950 0.131926 0.990869
35.006240 469.512394 86.605385 -11.072949 -0.014688 0.020956 0.132069 0.990910
35.112046 471.197778 87.072109 -11.128282 -0.014601 0.021533 0.132226 0.990878
35.265105 473.640671 87.748020 -11.218765 -0.017550 0.023676 0.131904 0.990824
35.309384 474.246072 87.905512 -11.251835 -0.017373 0.024117 0.133668 0.990580
35.406043 475.732836 88.340017 -11.329303 -0.022787 0.024228 0.132074 0.990682
35.565128 478.244794 89.050321 -11.457473 -0.024337 0.023055 0.131695 0.990723
35.665173 479.780823 89.459609 -11.530209 -0.023884 0.022773 0.132924 0.990577
35.765151 481.313811 89.875045 -11.598549 -0.022172 0.022430 0.133121 0.990598
35.865152 482.846107 90.278204 -11.659457 -0.020987 0.022544 0.134379 0.990451
35.910081 483.528671 90.479472 -11.694126 -0.020829 0.021939 0.134535 0.990447
36.065000 485.946237 91.186996 -11.793906 -0.022495 0.023692 0.136343 0.990123
36.165074 487.505847 91.627665 -11.871298 -0.022997 0.024761 0.137100 0.989981
36.265074 489.075413 92.075192 -11.946358 -0.023201 0.023980 0.138788 0.989760
36.365078 490.634440 92.520561 -12.024040 -0.023637 0.023118 0.140886 0.989474
36.465150 492.206533 92.986562 -12.095892 -0.024347 0.023976 0.142366 0.989224
36.506261 492.853897 93.178285 -12.129504 -0.024954 0.024621 0.142795 0.989131
36.665849 495.374014 93.942701 -12.258857 -0.023629 0.024399 0.145703 0.988745
36.766769 496.948006 94.398812 -12.335251 -0.023041 0.024214 0.147039 0.988566
36.865073 498.461924 94.881875 -12.398946 -0.022345 0.023718 0.148543 0.988369
36.965099 500.027122 95.379339 -12.473687 -0.022234 0.023385 0.149257 0.988272
37.002170 500.612500 95.566076 -12.496011 -0.022686 0.023157 0.149728 0.988196
37.100773 500.611915 95.563693 -12.494491 -0.022677 0.023192 0.149722 0.988196
37.265070 504.803389 96.950906 -12.684037 -0.022837 0.023014 0.154468 0.987466
37.366669 506.350116 97.439539 -12.746948 -0.022920 0.023751 0.154335 0.987467
37.404307 506.899390 97.606257 -12.771486 -0.022396 0.021881 0.155008 0.987417
37.502055 508.424176 98.107941 -12.827600 -0.025928 0.022601 0.154794 0.987348
37.700296 511.529447 99.142574 -12.995821 -0.029348 0.029599 0.156454 0.986805
37.798464 512.893189 99.599468 -13.070404 -0.029970 0.030316 0.160388 0.986133
37.898512 514.326894 100.058678 -13.162982 -0.028421 0.031659 0.160347 0.986143
37.998387 515.787901 100.543559 -13.259928 -0.026363 0.030637 0.160892 0.986144
38.099576 517.271301 101.041801 -13.348840 -0.024443 0.029690 0.161450 0.986131
38.199596 518.755422 101.538556 -13.438258 -0.023283 0.029991 0.162069 0.986049
38.273799 519.857348 101.912338 -13.498894 -0.022262 0.030618 0.162430 0.985994
38.373947 521.367730 102.434256 -13.602994 -0.020460 0.031231 0.163529 0.985832
38.412066 521.946835 102.621553 -13.628939 -0.020110 0.031996 0.163686 0.985788
38.512169 523.499247 103.173777 -13.735431 -0.018235 0.032025 0.164195 0.985739
38.612120 525.050126 103.730068 -13.827719 -0.017518 0.031819 0.165222 0.985587
38.712115 526.612984 104.271195 -13.923058 -0.017258 0.030982 0.165465 0.985578
