1.441911 0.155426831 -0.064451265 0.000572735 0.000398335 0.000269280 -0.000622884 0.999999690
1.565246 0.384870002 -0.120432661 0.000749448 0.000527419 0.000160562 -0.000444659 0.999999749
1.612116 0.616498588 -0.138878550 0.011851327 -0.000116205 -0.000174663 -0.000994050 0.999999484
1.712192 1.029586037 -0.218317035 0.020209832 -0.000010573 -0.000481922 -0.000786167 0.999999575
1.812115 1.461590612 -0.299555023 0.026062362 0.000359448 0.000215451 0.000336573 0.999999856
1.912141 1.918930928 -0.381885310 0.039286702 0.000687885 0.000620026 0.001058849 0.999999011
2.046874 2.595429394 -0.465367091 0.049141740 0.001165423 0.000789010 0.003049382 0.999994360
2.112087 3.030287332 -0.493483592 0.053440904 0.001034096 0.000838744 0.002776543 0.999995259
2.212088 3.073508300 -0.417160708 0.070256801 0.000272699 0.000888941 -0.002713045 0.999995887
2.312041 3.944145764 -0.481148053 0.069351872 -0.000234489 0.001001132 0.001659956 0.999998094
2.412167 4.375284236 -0.543377764 0.067929742 -0.000850932 -0.000006323 0.006689600 0.999977262
2.512092 5.156328941 -0.588375754 0.070233521 -0.001879670 -0.000813463 0.010548354 0.999942267
2.612040 5.994918614 -0.625997482 0.079222676 -0.002685585 -0.001618954 0.013320895 0.999906356
2.711989 6.925998561 -0.645954664 0.095343531 -0.002445725 -0.002244303 0.016104798 0.999864799
2.812167 7.702901112 -0.644971979 0.114878877 -0.002658969 -0.001865690 0.019175067 0.999810865
2.912116 9.554870042 -0.934986843 0.127667930 -0.002619546 -0.001417974 0.028284008 0.999595489
3.012067 10.354005796 -0.027416346 0.149176097 -0.002607415 -0.000886986 0.013244011 0.999908501
3.112092 11.583951870 0.042435562 0.159943618 -0.002754976 -0.000297426 0.015267314 0.999879608
3.300322 14.314038795 -0.366292858 0.181905487 -0.002924339 0.001032170 0.032941312 0.999452477
3.399898 15.454453599 -0.578230304 0.192329887 -0.003423161 0.001117440 -0.000996509 0.999993020
3.411992 15.687141644 -0.271280508 0.188792181 -0.003203857 0.001212672 0.030783233 0.999520214
3.512115 17.011181220 -0.191907178 0.211234624 -0.003957789 0.003102671 0.034428474 0.999394511
3.612163 18.386937586 -0.085652245 0.202007492 -0.003648206 0.004098643 0.036918843 0.999303203
3.712062 19.837200108 0.013538187 0.205636171 -0.004391452 0.004836209 0.038718356 0.999228810
3.811966 21.304675965 0.145022937 0.196257375 -0.007012124 0.002379896 0.040568465 0.999149321
3.969039 23.677168967 0.353186266 0.206782332 -0.010984363 0.001022372 0.043198106 0.999005617
4.065221 25.089650430 0.509268140 0.210137967 -0.011608737 0.001520138 0.043508631 0.998984447
4.172227 26.697540032 0.657621757 0.215940412 -0.011830919 0.001358817 0.044909508 0.998920076
4.211966 27.298249685 0.715345154 0.219210499 -0.011722686 0.000987386 0.044290705 0.998949417
4.311991 28.907186971 0.864945222 0.237147841 -0.013110687 -0.001398839 0.045575415 0.998873883
4.412114 30.532715701 1.020816173 0.254924817 -0.014347619 -0.000964379 0.046732945 0.998803908
4.572327 33.173598428 1.290435074 0.269533166 -0.016131517 0.000604177 0.049647434 0.998636341
4.676615 34.828629845 1.155663236 0.275149824 -0.016696111 0.000968658 0.022245480 0.999612645
4.775566 36.497265186 1.653367401 0.282527232 -0.017708505 0.000645497 0.051518755 0.998514802
4.879037 38.215852568 1.843057472 0.292021424 -0.018060372 0.001647295 0.052835318 0.998438550
4.965096 39.631409478 2.003485895 0.296588756 -0.018249108 0.002769014 0.054489329 0.998343736
5.074495 41.512303846 2.225640281 0.302381906 -0.018457460 0.003551532 0.056762567 0.998210759
5.113187 42.156406741 2.293732273 0.301362863 -0.019219283 0.002899451 0.056111700 0.998235288
5.274276 44.969841003 2.659453871 0.302961765 -0.019854290 0.002653462 0.059864466 0.998005517
5.312044 45.588379780 2.729557277 0.292617131 -0.020191946 0.002356181 0.058712665 0.998067912
5.413114 47.368428583 2.953755362 0.306793381 -0.019853583 0.005763258 0.059584879 0.998009149
5.572429 50.212599934 3.316787262 0.279038049 -0.019128338 0.008595081 0.061108976 0.997910780
5.684744 52.185166272 3.573979271 0.255721281 -0.019100237 0.009035408 0.061058856 0.997910496
5.746847 53.256086887 3.706052962 0.249773048 -0.018560392 0.010324278 0.060078016 0.997967711
5.881434 55.687284774 4.030242101 0.224806638 -0.017275092 0.007365773 0.061888754 0.997906358
5.976849 57.370761439 4.234433508 0.208078748 -0.017126436 0.005577309 0.061408682 0.997950175
6.075854 59.140731222 4.472091978 0.195444429 -0.019695752 0.004293764 0.061463561 0.997905743
6.174332 60.895176972 4.711903605 0.192660056 -0.021634309 0.004599030 0.061778539 0.997844786
6.272519 62.640381432 4.933572064 0.182831709 -0.021601925 0.005444819 0.062172554 0.997816759
6.372170 64.421422754 5.160068227 0.167096453 -0.020018517 0.006288528 0.062650206 0.997814945
6.472119 66.198907225 5.385376494 0.153236792 -0.017664587 0.007257369 0.063701682 0.997786244
6.572043 67.974781175 5.610146889 0.141718673 -0.015624520 0.007998718 0.065258979 0.997713967
6.672856 69.738270233 5.852248626 0.128592250 -0.015601615 0.008991678 0.066076256 0.997652078
6.773634 71.489533464 6.088309265 0.105141876 -0.016590491 0.008450611 0.066543155 0.997609819
6.872960 73.220692656 6.326238418 0.084995017 -0.017598632 0.007528005 0.066946823 0.997572925
6.972137 74.953756934 6.575619312 0.067004013 -0.018133454 0.008732237 0.066891794 0.997557223
7.072086 76.687035291 6.818845732 0.049457205 -0.018366971 0.010575775 0.066772089 0.997543130
7.172314 78.433114964 7.059038017 0.023285332 -0.018863688 0.010749746 0.066803043 0.997529928
7.271962 80.154879897 7.300245264 -0.007860224 -0.020254772 0.010194138 0.066276385 0.997543615
7.373036 81.908619792 7.555515409 -0.033970348 -0.021798917 0.009748471 0.065948646 0.997537243
7.472065 83.596244224 7.801160097 -0.059082225 -0.022737412 0.009541474 0.066216047 0.997500579
7.572162 85.331393892 8.048602254 -0.081606901 -0.022809092 0.010366359 0.065864247 0.997514002
7.672160 87.064786160 8.288484864 -0.103492072 -0.022641026 0.011006281 0.066198607 0.997488842
7.771988 88.802359826 8.529810517 -0.134816423 -0.022603180 0.011269778 0.066192153 0.997487187
7.872216 90.549378599 8.777771982 -0.161450337 -0.022565558 0.011417769 0.066255035 0.997482181
7.972263 92.289918440 9.007906558 -0.186038402 -0.021968847 0.011805230 0.066449094 0.997478082
8.072288 94.022996483 9.258442912 -0.216168010 -0.021398302 0.011816869 0.066940603 0.997457483
8.173260 95.797643118 9.509030468 -0.242272415 -0.021015565 0.011738443 0.067201354 0.997449013
8.272213 97.522563214 9.755878144 -0.268628801 -0.021069682 0.012140754 0.067371636 0.997431568
8.372063 99.267189964 10.006035178 -0.303161984 -0.020937842 0.012733352 0.067636609 0.997409022
8.472065 101.016716975 10.256013103 -0.331490750 -0.021284161 0.013514148 0.067583932 0.997394989
8.572066 102.774811215 10.503442313 -0.367806867 -0.020982493 0.013867147 0.067448587 0.997405697
8.672213 104.533116905 10.750681843 -0.405059422 -0.020377215 0.014134172 0.067387807 0.997418607
8.773158 105.689593333 10.386391231 -0.442749793 -0.019726352 0.013240470 0.072741154 0.997067844
8.872264 107.642668140 10.000251509 -0.476413683 -0.019194029 0.012334231 0.079663453 0.996560681
8.971940 109.807843403 11.037578588 -0.503499566 -0.019585622 0.012985952 0.071524216 0.997162000
9.071687 110.959577911 12.095836083 -0.532170666 -0.020206747 0.014015880 0.060579831 0.997860374
9.171713 116.089958893 5.780447957 -0.568412350 -0.022869783 0.012415761 0.156756331 0.987294421
9.271713 117.766972687 6.347766085 -0.605444108 -0.023967379 0.012519168 0.156700304 0.987275974
9.375683 120.146570682 7.204582650 -0.645907077 -0.023954036 0.011658798 0.161713169 0.986478143
9.471768 119.611769122 11.416140331 -0.683005011 -0.022307235 0.013531851 0.090750328 0.995531845
9.571524 121.264279489 12.073804947 -0.712506650 -0.021474998 0.015230703 0.085235286 0.996012950
9.699947 123.388152451 12.705941645 -0.764915593 -0.020264866 0.015294974 0.080807909 0.996406283
9.799149 124.829182243 13.202341645 -0.799837570 -0.019917621 0.015250858 0.077710966 0.996660276
9.898401 126.365123370 13.548470668 -0.843109644 -0.019574246 0.015654361 0.075581187 0.996824595
9.998351 127.899599241 13.816881212 -0.876404554 -0.019317934 0.015714580 0.075566793 0.996829739
10.098077 129.446753453 14.075399521 -0.917096622 -0.018392040 0.015902893 0.075668755 0.996836531
10.198003 131.164936258 14.334688010 -0.945490369 -0.017980887 0.016632842 0.076189019 0.996792491
10.297803 132.787493080 14.600743578 -0.987143680 -0.018172200 0.016593525 0.077028654 0.996725144
10.397454 134.486771256 14.846714981 -1.026414973 -0.018799405 0.016482641 0.077870590 0.996649927
10.497429 135.937001063 15.046838711 -1.062785325 -0.019847233 0.016393286 0.082869724 0.996227864
10.598626 137.780478433 15.333193177 -1.108945902 -0.020748799 0.015348650 0.088108104 0.995776515
10.699623 139.253642409 15.666814831 -1.149484038 -0.021827442 0.015311325 0.078255576 0.996576736
10.771571 140.487432121 15.858261261 -1.178761495 -0.022973598 0.015940290 0.078272354 0.996539793
10.871449 142.421209272 16.170578742 -1.227329405 -0.023457731 0.016006995 0.075115841 0.996770345
10.971569 144.398791450 16.477763688 -1.277669304 -0.023441301 0.016109472 0.074608442 0.996807188
11.071895 146.326342976 16.774582998 -1.325387845 -0.023363505 0.016228103 0.074759912 0.996795742
11.173567 148.279669912 17.044073809 -1.371482419 -0.022791699 0.016190085 0.075457362 0.996757045
11.271673 150.193388412 17.249221333 -1.414205960 -0.022623827 0.016267752 0.077393833 0.996611116
11.371650 152.350374089 17.112654423 -1.464577222 -0.023111221 0.016542310 0.086342075 0.995860065
11.471623 154.106203552 17.389425862 -1.499081873 -0.023758315 0.017601605 0.086899713 0.995778171
11.571498 155.973582063 17.701013340 -1.545016689 -0.024659228 0.017923852 0.087917506 0.995661172
11.671921 158.638839649 16.807948267 -1.599819683 -0.026075936 0.016225712 0.122316452 0.992015855
11.771572 160.253541016 17.476898825 -1.643415713 -0.026346307 0.015498914 0.119763805 0.992331742
11.871573 161.038161807 18.917865693 -1.694449768 -0.025585765 0.015946461 0.081481137 0.996218803
11.973642 162.737410306 19.303696914 -1.734880360 -0.025527254 0.016237615 0.078518762 0.996453463
12.071775 164.416972869 19.573354381 -1.774663035 -0.025694729 0.016867225 0.078347199 0.996452204
12.200172 166.751694835 19.945816740 -1.830225506 -0.025536962 0.016516791 0.078721586 0.996432622
12.299747 168.325433339 20.215823953 -1.874818709 -0.025612234 0.016086723 0.079938290 0.996340856
12.369754 169.322275964 20.401400023 -1.896408816 -0.025702493 0.016413669 0.078127393 0.996476836
12.465595 170.882752963 20.614598186 -1.940293340 -0.025021761 0.016705545 0.078482780 0.996461384
12.572438 172.724035565 20.888300730 -1.978916589 -0.024767286 0.017141843 0.079859993 0.996350902
12.672664 174.502019884 21.055057700 -2.027256692 -0.024453838 0.016888286 0.084415886 0.995987326
12.766938 175.970786379 21.517258067 -2.065169808 -0.024641241 0.016655884 0.077874500 0.996519419
12.867292 177.728291121 21.816666476 -2.113077717 -0.024860003 0.016656950 0.078183863 0.996489744
12.966818 178.671134464 23.225074306 -2.153089932 -0.024358877 0.018142695 0.031069909 0.999055628
13.066843 180.060906339 23.739553034 -2.202173035 -0.023931993 0.019122564 0.004938495 0.999518483
13.166771 181.921858541 23.646085975 -2.246749011 -0.024136995 0.019501098 0.001135720 0.999517795
13.267192 183.860360649 23.539391585 -2.294553244 -0.024089922 0.019592470 -0.000673865 0.999517562
13.373858 186.049282404 23.462459372 -2.344010857 -0.024567751 0.019586570 0.009346165 0.999462576
13.500022 187.529793911 23.391766257 -2.402835611 -0.024458435 0.021327655 -0.036520245 0.998805881
13.599473 189.076479113 23.012102356 -2.450575687 -0.024934593 0.021919617 -0.040662887 0.998621213
13.699673 191.544707276 23.301921782 -2.500211758 -0.026033037 0.020946112 0.013821149 0.999346045
13.746772 192.222095665 23.066324168 -2.524309825 -0.025863984 0.021766102 0.003582454 0.999422062
13.875509 194.380584727 24.713911508 -2.597558582 -0.025730471 0.018433377 0.083216429 0.996028704
13.968944 195.978590707 25.001008080 -2.637036956 -0.025352508 0.017887554 0.084344387 0.995953468
14.069043 197.690018092 25.305718586 -2.689789119 -0.024864636 0.017079889 0.085159054 0.995910620
14.169017 199.396247066 25.624905334 -2.732049219 -0.025088514 0.017188442 0.086627093 0.995776516
14.300272 201.627642197 26.033211616 -2.792528218 -0.026032751 0.018115269 0.087291643 0.995677810
14.400022 203.116998528 26.304231226 -2.832537932 -0.027148474 0.019741137 0.088433010 0.995516374
14.499848 204.706507380 26.609528151 -2.878015131 -0.028542128 0.020611723 0.087195497 0.995568907
14.599922 206.306364921 26.913063796 -2.932925153 -0.029489542 0.020058853 0.086060543 0.995651341
14.699673 207.895942809 27.217262113 -2.995413647 -0.029610754 0.018538382 0.085546377 0.995721522
14.799299 209.509420525 27.506622456 -3.044921157 -0.028746280 0.016899058 0.084604179 0.995856519
14.890679 210.727081227 26.850021343 -3.089700806 -0.027336542 0.016219003 0.092781782 0.995178978
14.990705 212.435588196 28.659732345 -3.126861853 -0.025699389 0.017206381 0.076849834 0.996562886
15.090278 214.089548784 28.918908473 -3.167638428 -0.024278400 0.017676685 0.076935664 0.996583663
15.190205 215.781487533 28.360841199 -3.204610817 -0.024227306 0.017850651 0.085478557 0.995885439
15.269662 217.114280513 28.657230339 -3.233208317 -0.023973486 0.018315120 0.085108733 0.995914822
15.369390 218.881328638 29.081385489 -3.277953048 -0.023261338 0.017808337 0.083748951 0.996056166
15.469012 220.635146041 29.185815719 -3.320334172 -0.023749071 0.017780731 0.086654023 0.995796620
15.565147 222.294133647 29.620117299 -3.345811485 -0.024708783 0.018723794 0.085768460 0.995832650
15.665445 223.977921166 29.735382943 -3.397225474 -0.027995428 0.019921712 0.088301721 0.995500973
15.765271 225.655024929 30.135204237 -3.441874419 -0.030768956 0.019917591 0.087655783 0.995476280
15.865819 227.126666923 30.517475286 -3.492372547 -0.031541557 0.017877835 0.087085111 0.995540907
15.968913 228.757868696 30.795546862 -3.531743049 -0.030148555 0.016180349 0.087846536 0.995546205
16.068912 230.202638533 31.124833148 -3.565689593 -0.029468840 0.013926989 0.087867950 0.995598739
16.110778 230.822846544 31.119763905 -3.589244993 -0.027842715 0.011089025 0.088268829 0.995645735
16.266741 233.510262654 31.718124269 -3.633926496 -0.028390920 0.019555243 0.088431628 0.995485507
16.344656 234.485253034 31.998972002 -3.658228674 -0.029405917 0.021757969 0.089577334 0.995307884
16.441364 235.981862107 32.232980237 -3.702836422 -0.024826242 0.023932995 0.089521003 0.995387794
16.540489 237.390688106 32.495379790 -3.734344615 -0.023139740 0.023037594 0.090062975 0.995400664
16.646773 238.894139929 32.781094118 -3.785300581 -0.021646211 0.019224539 0.090583867 0.995467941
16.712042 239.557573409 32.610554262 -3.814391172 -0.020743966 0.018426481 0.095218994 0.995069593
16.865124 241.627807099 33.092764075 -3.856895557 -0.022760823 0.019566202 0.094735233 0.995049921
16.902437 241.883108194 33.178163625 -3.870155447 -0.022747773 0.020418761 0.096021115 0.994909824
17.001669 243.408656579 33.529135529 -3.902646461 -0.021636375 0.019088193 0.093906522 0.995162838
17.101859 244.782591100 33.823446607 -3.934046134 -0.021252314 0.016886313 0.093661666 0.995233984
17.272228 247.078218100 34.267456705 -3.991490008 -0.019558883 0.011847577 0.096213070 0.995098051
17.400222 248.471078705 34.578435596 -4.024166754 -0.019929260 0.012342902 0.097801188 0.994929849
17.499848 249.642997028 34.834033352 -4.045736642 -0.020295639 0.013662013 0.097580025 0.994926919
17.599798 250.796341610 35.096311508 -4.061309791 -0.020035211 0.015219595 0.097430585 0.994924236
17.665146 251.547127780 35.259247765 -4.076691213 -0.020217598 0.015751492 0.096715354 0.994982050
17.702387 251.998987193 35.321554262 -4.089121434 -0.020303949 0.016070397 0.095520184 0.995090642
17.865224 254.062447465 35.777300329 -4.128751188 -0.021780612 0.014285768 0.096082561 0.995032494
18.000022 255.662071786 36.121297137 -4.171296320 -0.022040788 0.014007681 0.097465785 0.994896180
18.099723 256.847951896 36.392752038 -4.194022638 -0.022930379 0.014082273 0.097513073 0.994870387
18.199673 258.028027182 36.561888006 -4.224161628 -0.023423458 0.013663065 0.099502609 0.994667730
18.299473 259.195848102 36.811794845 -4.247971053 -0.023644603 0.013507117 0.099490650 0.994665824
18.399697 260.383279337 37.018940833 -4.270706965 -0.023947181 0.014304286 0.100053252 0.994591005
18.500023 261.583863642 37.240958674 -4.294737834 -0.024159058 0.014346860 0.100723900 0.994517573
18.567369 262.341707326 37.452424735 -4.314466483 -0.023994936 0.014023760 0.099381731 0.994661173
18.602145 262.818736181 37.476741045 -4.322468498 -0.023913139 0.013791304 0.098962440 0.994708197
18.799997 265.379653109 38.066714860 -4.373948054 -0.022117734 0.012783077 0.097862679 0.994871999
18.801882 265.350391409 38.069484710 -4.371952904 -0.022897127 0.013717743 0.097875990 0.994840608
18.966219 267.507704821 38.496194808 -4.413780972 -0.022714838 0.013407053 0.097262837 0.994909155
19.065176 268.746857872 38.764830767 -4.440252424 -0.023113649 0.014092971 0.098019883 0.994816189
19.165098 270.017311238 39.052367188 -4.467992334 -0.023618114 0.015189872 0.097750312 0.994814721
19.265125 271.279021208 39.295351123 -4.494674473 -0.023665343 0.015786019 0.097510729 0.994827830
19.365299 272.534860858 39.532052513 -4.521469654 -0.023081739 0.015315758 0.097268706 0.994872585
19.467068 273.731146994 39.808692096 -4.553552819 -0.022257820 0.014755951 0.096828038 0.994942804
19.566618 274.931877054 40.050933173 -4.579113467 -0.021847673 0.014587776 0.095852020 0.995048876
19.666141 276.143341673 40.236674181 -4.605384900 -0.021521339 0.014820166 0.096121130 0.995026594
19.765173 277.336853682 40.439325195 -4.626997520 -0.021785359 0.015098702 0.095763316 0.995051162
19.865096 278.517843759 40.628159931 -4.652850297 -0.022481739 0.015170487 0.096089986 0.995003087
19.965199 279.684507980 40.952082852 -4.678503903 -0.023280583 0.015373848 0.093650317 0.995214187
20.065172 280.827902191 41.395203393 -4.703535801 -0.024166876 0.015568139 0.089572802 0.995565321
20.165249 281.997584426 41.618817269 -4.731141698 -0.025397033 0.015224362 0.088652653 0.995622377
20.265126 283.132141008 41.959181830 -4.763200350 -0.026605417 0.014945494 0.085977425 0.995829637
20.365098 284.316821754 42.259955950 -4.787811739 -0.026903425 0.015447188 0.083717139 0.996006542
20.465173 285.485443763 42.559590390 -4.814365030 -0.027144339 0.015653738 0.081187678 0.996206157
20.565074 286.657555679 42.796361785 -4.846285154 -0.026694435 0.014303842 0.080450848 0.996298383
20.611090 287.262273204 42.694323504 -4.861389475 -0.025957104 0.012778753 0.082779947 0.996147787
20.734480 288.809248517 42.942815010 -4.891868412 -0.024791999 0.011861129 0.081629885 0.996283711
20.865171 290.429167571 43.107371125 -4.922366201 -0.024390393 0.014200275 0.083878557 0.996076226
20.965200 291.496064972 43.095018173 -4.943284290 -0.024454147 0.016521437 0.089044656 0.995590320
21.065200 292.642340499 43.310637427 -4.969576480 -0.024220661 0.018606040 0.088486567 0.995609011
21.102712 293.031525116 43.454848162 -4.979405118 -0.024071683 0.018994193 0.085998860 0.995823263
21.265222 295.017442574 43.936734385 -5.036849659 -0.023098686 0.016953115 0.082225514 0.996201791
21.399798 296.441951168 44.062685362 -5.079150324 -0.023113134 0.016668278 0.086482717 0.995845717
21.499946 297.438098599 44.237156560 -5.108333309 -0.022796489 0.016013442 0.087743350 0.995753481
21.600123 298.472877704 44.466251051 -5.129572454 -0.022457237 0.015855407 0.086358399 0.995884785
21.665274 299.226232188 44.738880420 -5.149855921 -0.022456018 0.015655527 0.081492496 0.996297950
21.765198 300.317687872 44.921925389 -5.170986194 -0.021916776 0.016295584 0.080843262 0.996352586
21.865248 301.377296137 45.095658550 -5.196860235 -0.021943927 0.016745424 0.081060797 0.996326855
21.965147 302.458893441 45.292894543 -5.223956199 -0.021653959 0.017106962 0.081049794 0.996327952
22.065249 303.548360224 45.493371835 -5.252181195 -0.021614308 0.017908066 0.080520399 0.996357661
22.165273 304.666453476 45.816107585 -5.286926196 -0.021203612 0.018707012 0.076429344 0.996673974
22.265226 305.766953315 46.018448077 -5.319957648 -0.020284492 0.018787744 0.075608609 0.996754182
22.365321 306.956541768 46.073251046 -5.359248050 -0.019097315 0.018391662 0.078972902 0.996524119
22.465198 308.109533650 46.334836913 -5.387793939 -0.017559461 0.019063905 0.077665612 0.996642506
22.544653 309.050189817 46.515421532 -5.411467222 -0.016364866 0.019790932 0.076522338 0.996737098
22.646921 310.264287353 46.706538027 -5.439745230 -0.015403572 0.019471780 0.075691790 0.996822117
22.712166 311.001807762 46.867421301 -5.459516692 -0.015008851 0.019103832 0.075494879 0.996850190
22.812140 312.172359010 47.032411962 -5.491641862 -0.015716068 0.016785844 0.074780736 0.996934844
22.912167 313.359396143 47.234229902 -5.522295406 -0.016501636 0.016106120 0.074602772 0.996946696
23.012067 314.490696121 47.390549674 -5.548716434 -0.017494156 0.015927810 0.075117403 0.996893994
23.148274 316.044752386 47.578812245 -5.587677432 -0.018169544 0.015655214 0.077049364 0.996738771
23.300172 317.644426559 47.765113947 -5.629811821 -0.018328893 0.016252394 0.078730402 0.996594920
23.399623 318.635061685 47.587457435 -5.655457001 -0.018580417 0.017041734 0.086602917 0.995923834
23.499449 319.740835138 47.329595516 -5.678188971 -0.017802389 0.017901747 0.094798667 0.995176273
23.599523 320.758443261 47.622183870 -5.703042244 -0.017075784 0.017211155 0.091562266 0.995504166
23.699898 321.713338437 48.068761778 -5.728800843 -0.017133780 0.016128748 0.085026718 0.996100775
23.800023 322.732815494 48.304257257 -5.751130922 -0.018044934 0.015306725 0.083168629 0.996254518
23.900122 323.777651365 48.502781764 -5.773123885 -0.019721700 0.014735389 0.082371555 0.996297571
24.000122 324.757640813 48.823299310 -5.800681676 -0.020875452 0.014529199 0.077925952 0.996634669
24.100122 325.803620819 49.004832699 -5.819826312 -0.021674364 0.014138964 0.077343887 0.996668568
24.101796 325.890794076 49.030570258 -5.824278059 -0.021957600 0.013931803 0.075952703 0.996772269
24.265300 327.766501915 49.329967861 -5.861210510 -0.021807728 0.015123060 0.075017970 0.996828982
24.365248 328.832781775 49.507746298 -5.887909991 -0.021698065 0.016072115 0.076267043 0.996721736
24.465444 329.972774636 49.706673846 -5.915013887 -0.021556648 0.016950076 0.077963114 0.996579028
24.600321 331.479941539 49.957630639 -5.954980776 -0.021213577 0.016257688 0.080692238 0.996380667
24.672203 332.246927979 50.079652496 -5.977307657 -0.021067247 0.015688114 0.081713495 0.996309670
24.772380 333.380186409 50.306698840 -6.005543545 -0.020305788 0.013485279 0.083496744 0.996209875
24.824061 333.986624805 50.366655961 -6.019063616 -0.019666658 0.012856031 0.084593202 0.996138512
24.969014 335.649755957 50.744048651 -6.047373622 -0.020304020 0.012305637 0.086055401 0.996007423
25.067445 336.722668885 50.952386504 -6.076553006 -0.020865935 0.012321895 0.087618576 0.995859312
25.165274 337.763121668 51.160276578 -6.098683733 -0.021184785 0.013040300 0.088038118 0.995806430
25.295851 339.222227883 51.441100328 -6.129542259 -0.022165425 0.015598319 0.090454632 0.995531690
25.365269 339.902744478 51.480031134 -6.143976310 -0.022772531 0.017391581 0.092765623 0.995275582
25.468913 341.045419578 51.719800853 -6.174725905 -0.023217442 0.016808453 0.093690210 0.995188711
25.569061 342.167893282 51.942189431 -6.218612308 -0.023513582 0.014294900 0.095091819 0.995088093
25.669010 343.298718770 52.144239356 -6.253756325 -0.024380903 0.013132771 0.097343861 0.994865456
25.767342 344.424242630 52.348518792 -6.281437340 -0.025716046 0.013649234 0.099042697 0.994657191
25.868987 345.619196304 52.584168643 -6.316297727 -0.026095936 0.014546008 0.100025929 0.994536188
25.940911 346.439663621 52.730456797 -6.339399178 -0.026014937 0.015066660 0.101262600 0.994405403
26.068913 347.996025989 53.046153593 -6.386319429 -0.024507021 0.016575124 0.103166739 0.994223966
26.169036 349.076134776 53.350093474 -6.421054921 -0.024244383 0.017449317 0.103398436 0.994191377
26.268939 350.221064032 53.600557110 -6.451346415 -0.023611477 0.018512154 0.104618744 0.994059715
26.365119 351.354932730 53.802672115 -6.489891942 -0.023658230 0.018578205 0.106366229 0.993871905
26.468914 352.557672279 54.069376035 -6.531111490 -0.023637714 0.017716412 0.107040855 0.993815698
26.572252 353.732121514 54.375244484 -6.576911723 -0.022795197 0.016933023 0.108283573 0.993714405
26.602580 354.112455804 54.449790769 -6.586538577 -0.022976036 0.017104249 0.108250848 0.993710874
26.702089 355.379278078 54.718590154 -6.630691183 -0.020338266 0.016315936 0.110756733 0.993505456
26.810646 356.792931768 54.967651611 -6.675190245 -0.018270472 0.015266623 0.113582599 0.993243230
26.901595 357.969515592 55.228782898 -6.701947636 -0.016681372 0.015584151 0.115086059 0.993093180
27.012116 359.379163403 55.588041803 -6.735126382 -0.015969711 0.017498915 0.116689318 0.992885874
27.112166 360.629558123 55.911066357 -6.761378720 -0.016091803 0.018581616 0.117629480 0.992753284
27.202089 361.706955333 56.207451653 -6.786628598 -0.016516992 0.017095547 0.118554482 0.992662967
27.378658 363.908879575 56.805127287 -6.841815820 -0.021407669 0.011123303 0.119814726 0.992503106
27.472305 364.756644031 57.107760690 -6.890339615 -0.022549230 0.010453025 0.118673701 0.992622194
27.512365 365.192234481 57.220180982 -6.892229513 -0.024776011 0.009388645 0.118752109 0.992570370
27.665192 367.044858749 57.678885276 -6.939052031 -0.030017239 0.012380754 0.120621969 0.992167336
27.746025 368.011359444 57.896122507 -6.970139424 -0.030844856 0.013272237 0.120966004 0.992088539
27.837023 369.109861589 58.176957144 -7.009961985 -0.029843317 0.017348726 0.121662736 0.991971056
27.947097 370.455040593 58.511039838 -7.060158335 -0.025491977 0.021792629 0.123334753 0.991798255
28.044979 371.630617794 58.794765570 -7.106123939 -0.021751472 0.024183166 0.123905787 0.991760759
28.112041 372.455875084 58.990800511 -7.133318260 -0.018998734 0.023556030 0.123453533 0.991888798
28.212094 373.746569170 59.291454342 -7.191299523 -0.017221519 0.018179398 0.124991928 0.991841694
28.312068 375.016557085 59.613363510 -7.233512884 -0.018073809 0.015953309 0.125698275 0.991775566
28.401917 376.143033406 59.938952334 -7.276635616 -0.019091670 0.015600591 0.126092587 0.991712050
28.512165 377.564985989 60.358394681 -7.322037151 -0.019604589 0.016414372 0.126207301 0.991674314
28.679012 379.780384392 60.934788003 -7.388263638 -0.020341267 0.018029789 0.128201660 0.991375556
28.772377 380.922079132 61.241195054 -7.434187162 -0.020389579 0.018597770 0.128469507 0.991329397
28.872254 382.205357520 61.595572604 -7.472265636 -0.022172859 0.017658976 0.129330143 0.991196367
29.000172 383.824439451 62.063725675 -7.538690723 -0.025097056 0.016251771 0.130502238 0.990997065
29.099997 384.986870653 62.381036742 -7.582980776 -0.026668266 0.016774781 0.131380927 0.990831198
29.168963 385.850571843 62.587994205 -7.615218698 -0.027965057 0.018122423 0.132077897 0.990679041
29.272305 387.137485884 62.962623438 -7.668635941 -0.025811529 0.019074327 0.133022383 0.990593247
29.372256 388.388750554 63.333943050 -7.722413342 -0.023177945 0.018842669 0.134107980 0.990516424
29.472355 389.661356534 63.685132513 -7.771807916 -0.021723277 0.018350460 0.134814553 0.990462718
29.569037 390.904387150 64.049169058 -7.816343028 -0.020791725 0.019475119 0.135824925 0.990323187
29.667467 392.184606897 64.416255683 -7.862895943 -0.020255566 0.020780918 0.136385467 0.990230715
29.768913 393.533793993 64.793170923 -7.913455695 -0.020056432 0.020905761 0.137465104 0.990082842
29.869013 394.856150951 65.204223818 -7.968434690 -0.019765138 0.018854022 0.137935242 0.990064510
29.968938 396.201055870 65.609604983 -8.012104328 -0.020245342 0.016475364 0.138108480 0.990073096
30.073177 397.675266903 65.868272301 -8.054090692 -0.023056204 0.015876351 0.140320030 0.989710383
30.165223 398.955628124 66.154210750 -8.105014746 -0.025752955 0.016530621 0.141565939 0.989455713
30.265175 400.288401123 66.798175869 -8.154330797 -0.028222065 0.017730438 0.138332061 0.989824928
30.303988 400.763211550 67.217746696 -8.178709492 -0.029512268 0.018460193 0.133612708 0.990422077
30.403815 402.227951951 67.632835364 -8.236872006 -0.027973985 0.017886499 0.134150410 0.990404562
30.600072 404.914219728 69.248566371 -8.337978193 -0.026186983 0.021549129 0.124601083 0.991627171
30.699823 406.517253205 68.623899585 -8.393436662 -0.026608678 0.021877898 0.138782637 0.989723555
30.799998 407.911109999 69.021992945 -8.446472857 -0.026605811 0.023698344 0.139389051 0.989596489
30.865096 408.786894549 69.289471349 -8.492952463 -0.026999841 0.023236107 0.139326534 0.989605582
30.965073 410.177456298 69.571963549 -8.560535924 -0.027270219 0.021503640 0.141199052 0.989371900
31.069609 411.625295141 70.038081223 -8.623016358 -0.027045643 0.020452933 0.140641173 0.989479798
31.172203 413.050213892 70.480384616 -8.680022763 -0.026209051 0.019987190 0.140025736 0.989599106
31.269013 414.443083796 70.935296708 -8.730170992 -0.025442279 0.020771050 0.138628041 0.989799737
31.372306 415.938319599 71.409493168 -8.789082422 -0.024720006 0.021611216 0.138084252 0.989876061
31.468989 417.343981944 71.848270980 -8.842744281 -0.024753032 0.020093109 0.137001612 0.990057631
31.568938 418.763042105 72.259199299 -8.900318191 -0.025638129 0.018030002 0.136906605 0.990087969
31.610366 419.391097766 72.553754421 -8.920875635 -0.026797162 0.017484584 0.134478844 0.990399739
31.768967 421.696843695 73.201592285 -9.006114771 -0.027877423 0.020549770 0.134122372 0.990359402
31.866293 423.049467293 73.563899839 -9.067312238 -0.027365559 0.021420877 0.134856063 0.990255580
31.940742 424.076330885 73.848438059 -9.112186496 -0.026606474 0.021970145 0.135056334 0.990236939
32.065099 425.870002640 74.315849477 -9.192303194 -0.026469520 0.022608356 0.136153113 0.990076036
32.166322 427.323550183 74.619714356 -9.261540003 -0.026618869 0.022459978 0.138026886 0.989815924
32.265114 428.733420531 75.037039610 -9.323222036 -0.026966989 0.020023025 0.138252372 0.989827329
32.366051 430.168885810 75.453177886 -9.385919812 -0.026923601 0.018938828 0.138865941 0.989763957
32.465622 431.585233715 75.878830165 -9.438640079 -0.027140175 0.020912830 0.139286776 0.989659163
32.566123 433.020303127 76.300264839 -9.505626123 -0.026732354 0.023000061 0.139319892 0.989619293
32.602216 433.523828260 76.448892560 -9.528455876 -0.026465391 0.023708953 0.139146449 0.989634142
32.800246 436.476463048 77.311525144 -9.669509459 -0.024284274 0.020728764 0.139242418 0.989743472
32.836752 436.892082514 77.432710860 -9.684146307 -0.023495639 0.021016153 0.141221982 0.989475936
32.965100 438.732800692 77.957725057 -9.756179164 -0.023468349 0.019479577 0.139279586 0.989783299
33.065150 440.176476378 78.386334888 -9.811085947 -0.022774680 0.019637508 0.138481963 0.989908293
33.165099 441.605345337 78.801619587 -9.864111453 -0.023067844 0.020135924 0.137554890 0.990020743
33.265046 443.050508056 79.220136240 -9.920759525 -0.023722678 0.020435849 0.136792065 0.990104813
33.365152 444.517322675 79.631006548 -9.977860549 -0.025420409 0.020393353 0.136002053 0.990172387
33.465124 445.986449415 80.053684231 -10.037242962 -0.028442271 0.021135354 0.135121552 0.990195183
33.565102 447.425637472 80.482000439 -10.100697831 -0.031267495 0.021764797 0.134617782 0.990164981
33.665130 448.904013161 80.898270481 -10.174699412 -0.032746296 0.022816716 0.132967197 0.990316516
33.765100 450.389703064 81.319846883 -10.247242264 -0.031197467 0.023522438 0.131776291 0.990509173
33.865151 451.845367024 81.722295786 -10.320653419 -0.027431545 0.023990802 0.130893065 0.990726480
33.965077 453.352679151 82.130290625 -10.386094158 -0.022739376 0.023998947 0.130696200 0.990871069
34.065228 454.861714849 82.525902098 -10.453139168 -0.019374515 0.023416019 0.130346180 0.991002619
34.165124 456.379500112 82.918721325 -10.509507367 -0.018053184 0.023309910 0.130691800 0.990984553
34.206292 456.996909809 83.097010905 -10.529591472 -0.017402178 0.024090550 0.130296378 0.991029598
34.365174 459.509420640 83.774906952 -10.642222524 -0.019219852 0.021752976 0.130959101 0.990962723
34.465198 461.028407881 84.206299795 -10.717081380 -0.018264805 0.020047362 0.130468605 0.991081451
34.548149 462.261503210 84.538143454 -10.760874582 -0.018232770 0.019271740 0.131425201 0.990971030
34.665080 464.085201730 85.047618314 -10.824920388 -0.016958916 0.022606956 0.131519207 0.990910702
34.710679 464.775141459 85.255931492 -10.851824597 -0.016488141 0.024894309 0.131409166 0.990878421
34.806288 466.241047559 85.589839139 -10.927597818 -0.016081188 0.024885260 0.132356591 0.990759230
34.906192 467.852994200 86.150735169 -11.004568628 -0.015692201 0.022968727 0.130750086 0.991025029
35.006240 469.425605383 86.546705888 -11.072949198 -0.014684473 0.020958880 0.131881870 0.990935045
35.112046 471.111677638 87.000150441 -11.128281596 -0.014602794 0.021531988 0.132304047 0.990867686
35.265105 473.548534449 87.640423086 -11.218765360 -0.017571047 0.023660330 0.132766043 0.990709152
35.309384 474.153935254 87.797915392 -11.251834697 -0.017393627 0.024102219 0.134530010 0.990463639
35.406043 475.592963105 88.115432730 -11.329303310 -0.022871024 0.024148212 0.135520398 0.990216139
35.565128 478.172172052 88.993914834 -11.457472963 -0.024336760 0.023054916 0.131679715 0.990725313
35.665173 479.697051745 89.354691452 -11.530209319 -0.023909296 0.022746499 0.134016688 0.990429437
35.765151 481.189395255 89.693917116 -11.598549298 -0.022239150 0.022362920 0.136095009 0.990193652
35.865152 482.761943726 90.160935887 -11.659457430 -0.021021130 0.022512233 0.135866158 0.990248301
35.910081 483.488364400 90.409820675 -11.694126333 -0.020839158 0.021929247 0.134993434 0.990384577
36.065000 485.957404219 91.171356383 -11.793906439 -0.022474841 0.023711366 0.135509106 0.990237312
36.165074 487.596534584 91.720353565 -11.871298196 -0.022916409 0.024835649 0.133864453 0.990423312
36.265074 489.171826560 92.138587749 -11.946358401 -0.023136749 0.024041759 0.136150003 0.990126185
36.365078 490.730853135 92.583956347 -12.024040164 -0.023575140 0.023180778 0.138249322 0.989845437
36.465150 492.332291633 93.103961024 -12.095892002 -0.024253959 0.024069845 0.138550185 0.989765747
36.506261 492.943699280 93.280357888 -12.129504188 -0.024870435 0.024704764 0.139451256 0.989608247
36.665849 495.435919786 94.051370272 -12.258857123 -0.023534209 0.024489940 0.141882379 0.989300649
36.766769 496.931534751 94.410485271 -12.335250519 -0.022998275 0.024254246 0.145311990 0.988821135
36.865073 498.465455958 94.974050329 -12.398945957 -0.022255214 0.023802325 0.144813861 0.988922191
36.965099 500.030653934 95.471514537 -12.473687114 -0.022145228 0.023468837 0.145527991 0.988827794
37.002170 500.622023001 95.692468768 -12.496011157 -0.022583521 0.023257910 0.145343259 0.988850035
37.100773 500.598256687 95.669371817 -12.494491398 -0.022574938 0.023290740 0.145398872 0.988841282
37.265070 504.906859228 97.012617478 -12.684037471 -0.022789749 0.023060885 0.152435304 0.987781505
37.366669 506.306766381 97.427115055 -12.746947550 -0.022878194 0.023791231 0.152593863 0.987737657
37.404307 506.856040085 97.593832799 -12.771485536 -0.022357337 0.021919999 0.153267360 0.987688604
37.502055 508.296217238 98.117269426 -12.827600103 -0.025865411 0.022672063 0.152078521 0.987769751
37.700296 511.401488033 99.151902457 -12.995820974 -0.029266117 0.029679600 0.153740075 0.987231789
37.798464 512.801271854 99.484484731 -13.070404014 -0.029990955 0.030295326 0.161084301 0.986019566
37.898512 514.217952044 99.975533717 -13.162982133 -0.028385530 0.031691338 0.159233686 0.986323757
37.998387 515.678959583 100.460414001 -13.259928335 -0.026328759 0.030667066 0.159778584 0.986325064
38.099576 517.212615040 100.873748997 -13.348839824 -0.024524334 0.029623359 0.164146484 0.985686028
38.199596 518.655187478 101.420506171 -13.438258252 -0.023306219 0.029972238 0.162847937 0.985920400
38.273799 519.759671402 101.773766659 -13.498893563 -0.022306199 0.030586180 0.163859892 0.985756996
38.373947 521.269726321 102.301952342 -13.602993532 -0.020499895 0.031204688 0.164789996 0.985621773
38.412066 521.843496250 102.500355277 -13.628939380 -0.020139286 0.031977560 0.164596837 0.985636711
38.512169 523.403262989 103.086074471 -13.735431192 -0.018242559 0.032021250 0.164414194 0.985702704
38.612120 524.944968462 103.646181397 -13.827718752 -0.017523148 0.031816222 0.165374435 0.985561750
38.712115 526.507826390 104.187308410 -13.923057679 -0.017263296 0.030979006 0.165617811 0.985552140
