1.422192 0.689526073 0.011170606 0.013190509 -0.000909031 0.001428959 0.008986511 0.999958186
1.522264 1.359912786 0.032627657 0.020395147 -0.001511730 0.001928772 0.015122153 0.999882651
1.623092 1.809499381 0.051840377 0.015257965 -0.002237355 0.001192178 0.021860188 0.999757823
1.723661 2.490416783 0.103940261 0.019958852 -0.001865266 0.000809736 0.027132460 0.999629779
1.804233 3.032586353 0.136193440 0.021576007 -0.000967605 0.000771642 0.031657906 0.999497997
1.903932 3.778896260 0.200757772 0.032860340 -0.002061569 0.000340225 0.036641292 0.999326298
2.026331 4.648830037 0.288278279 0.037151648 -0.003051029 -0.000082576 0.041793500 0.999121608
2.200248 5.761270638 0.394881167 0.043192443 -0.002594036 -0.001585620 0.046916930 0.998894168
2.300048 6.154253281 0.432346386 0.047660481 -0.000999239 -0.001432802 0.049539007 0.998770662
2.400072 6.721146683 0.494645772 0.057447927 -0.000932441 -0.000612100 0.052749236 0.998607167
2.500297 7.367998708 0.576697954 0.071133823 -0.002168856 0.000356413 0.055643738 0.998448268
2.521844 7.550078565 0.594990809 0.067863453 -0.001931313 0.001287588 0.058064055 0.998310161
2.622515 8.459200560 0.700969167 0.077680427 -0.004022471 0.001746300 0.060810491 0.998139697
2.723240 9.236792656 0.810850456 0.077736102 -0.003196570 0.002132568 0.062223352 0.998054853
2.823911 9.986834045 0.910469451 0.084840650 -0.002818238 0.003291956 0.063763654 0.997955619
2.923862 10.696099910 1.004923365 0.092009029 -0.002716281 0.004325542 0.064974337 0.997873863
3.023763 11.400050599 1.101613157 0.100312204 -0.003274128 0.005041461 0.065700084 0.997821308
3.124634 12.100300659 1.201115619 0.101536309 -0.003887716 0.004661773 0.066050225 0.997797836
3.223787 12.769486712 1.292428274 0.105539670 -0.004417025 0.003642093 0.065657577 0.997825790
3.324636 13.448362626 1.386050876 0.103796142 -0.004122716 0.002319446 0.064776097 0.997888611
3.424035 14.108732871 1.470731840 0.106624921 -0.003466222 0.001920875 0.063415479 0.997979345
3.523936 14.782331618 1.554680141 0.101964745 -0.003546152 0.002730002 0.061499708 0.998097068
3.623565 15.450496057 1.642989335 0.110042803 -0.002801527 0.003565539 0.059253451 0.998232672
3.724209 16.125076577 1.725337080 0.117008776 -0.002337108 0.003869605 0.057875733 0.998313560
3.885053 17.195674230 1.838678531 0.130515330 -0.001523065 0.001977132 0.053854363 0.998545682
3.914662 17.228298403 1.841416265 0.129072403 -0.000043364 0.002577694 0.056781528 0.998383299
4.085180 18.437725578 1.957499178 0.142746486 -0.001516677 -0.000903924 0.050657168 0.998714541
4.117532 18.528456170 1.979405315 0.134495308 -0.000101368 -0.000449382 0.053038260 0.998592375
4.222192 19.303436653 2.044105703 0.145074704 -0.001285457 -0.000359976 0.050116764 0.998742473
4.323589 19.993056876 2.116580954 0.160340987 -0.002261342 0.000555763 0.048942646 0.998798876
4.417605 20.630111931 2.181872377 0.171128018 -0.003271932 0.000936861 0.047841971 0.998849119
4.525630 21.361579720 2.255697173 0.175902886 -0.004738364 0.000479000 0.046174251 0.998922048
4.626850 22.004257743 2.323919894 0.179253440 -0.004947854 0.000461998 0.045120701 0.998969183
4.727947 22.648410753 2.385773583 0.183999198 -0.005699429 0.000789480 0.044149430 0.999008369
4.827399 23.267444975 2.440742965 0.191382715 -0.005722566 0.000948774 0.043160189 0.999051325
4.929747 23.915196886 2.494069063 0.197040387 -0.005589514 0.000739606 0.042255545 0.999090926
5.028050 24.548441682 2.545802192 0.200169660 -0.004688333 0.000337713 0.042318967 0.999093094
5.126255 25.191799948 2.603232333 0.207722742 -0.003485171 0.000087453 0.042216518 0.999102403
5.225681 25.844102985 2.658700242 0.215893908 -0.003141158 0.000146579 0.043483145 0.999049212
5.326003 26.488627478 2.723099019 0.223347362 -0.003262838 0.000399885 0.044547624 0.999001853
5.426252 27.136148523 2.784263867 0.230778512 -0.003775964 0.001231270 0.045771343 0.998944048
5.529491 27.805983034 2.855857289 0.234202727 -0.004899342 0.003048949 0.046689272 0.998892793
5.629641 28.433880022 2.918968726 0.237769514 -0.005178879 0.004576054 0.047541585 0.998845352
5.730341 29.058969925 2.981397146 0.246113689 -0.005634640 0.005586876 0.048629323 0.998785376
5.830145 29.681765829 3.045502630 0.250773771 -0.006234037 0.005697932 0.049719978 0.998727487
5.930941 30.309367545 3.109566806 0.248948504 -0.005911795 0.004570241 0.050908961 0.998675343
6.030441 30.920256443 3.182947038 0.244564663 -0.005375179 0.002816200 0.052216629 0.998617344
6.130092 31.545305845 3.247736572 0.244013143 -0.004631145 0.002208058 0.053297740 0.998565485
6.229770 32.166125374 3.316178288 0.244987766 -0.003800985 0.001817453 0.054349537 0.998513083
6.325582 32.765962358 3.383784041 0.255405583 -0.002468939 0.001277784 0.055584291 0.998450128
6.425307 33.414841701 3.458093343 0.260203045 -0.001752518 0.000393004 0.056841969 0.998381573
6.523640 34.045435246 3.526873634 0.267162846 -0.000979025 -0.000520026 0.058671982 0.998276700
6.622962 34.675965991 3.606458924 0.273577575 -0.000640009 -0.001219744 0.060360863 0.998175670
6.715411 35.272209286 3.677471556 0.280243889 -0.000646961 -0.000451690 0.061826370 0.998086608
6.833290 36.056095927 3.781049526 0.286740446 -0.002436569 0.000564107 0.063419553 0.997983820
6.940267 36.676669977 3.868433147 0.294110205 -0.003454892 0.002036744 0.065086906 0.997871540
7.044876 37.308791065 3.960998969 0.290090758 -0.004122247 0.003495777 0.066654331 0.997761488
7.124534 37.800888991 4.029124818 0.296133870 -0.003373914 0.004276039 0.068265483 0.997652322
7.225154 38.520859587 4.131389175 0.300340541 -0.003181772 0.004209068 0.069609183 0.997560385
7.326472 39.200676395 4.233921596 0.306386828 -0.004123170 0.003759613 0.071378142 0.997433720
7.427775 39.882540184 4.350173679 0.297725348 -0.005724288 0.003438450 0.072955709 0.997312827
7.528398 40.567507342 4.451854086 0.289362385 -0.005405910 0.003037233 0.074062934 0.997234292
7.625484 41.226885352 4.550878740 0.291125573 -0.004089295 0.002473272 0.075403200 0.997141674
7.726080 41.933266996 4.659210463 0.297278703 -0.003216194 0.002098886 0.076249846 0.997081347
7.826408 42.640582297 4.769854701 0.309792849 -0.003445401 0.001864293 0.077100965 0.997015594
7.927555 43.362279077 4.889518762 0.301782251 -0.004561784 0.000744582 0.078132239 0.996932289
8.027377 44.070806966 5.005490665 0.303758548 -0.004834117 0.000406422 0.078851497 0.996874570
8.114709 44.706194720 5.110734298 0.297314294 -0.004326514 0.000442628 0.079684149 0.996810675
8.224983 45.572093477 5.250240285 0.307398805 -0.004315649 0.000977882 0.079628727 0.996814770
8.325238 46.298444310 5.376749737 0.309356129 -0.004273227 0.001694960 0.080011574 0.996783334
8.425809 47.046094914 5.507626794 0.310288233 -0.005475111 0.002100962 0.080021189 0.996775912
8.525558 47.800689654 5.628146346 0.310248627 -0.005263021 0.002284157 0.079636139 0.996807488
8.625808 48.581615088 5.754679414 0.312577556 -0.004671541 0.002546512 0.079409718 0.996827863
8.724910 49.344010926 5.873080232 0.316226546 -0.003105349 0.002413553 0.078797981 0.996882847
8.824959 50.121125290 5.993014891 0.322808669 -0.002942514 0.002233864 0.078577050 0.996901198
8.926704 50.923199156 6.128735956 0.326623464 -0.003855419 0.001673717 0.078335304 0.996918209
9.032317 51.750186628 6.259234042 0.324026856 -0.003012212 0.001579890 0.078134140 0.996937053
9.122666 52.432039281 6.362146155 0.332536043 -0.002143882 0.002825772 0.078340211 0.996920373
9.237928 53.363830186 6.512103035 0.336485015 -0.002683706 0.004573386 0.077497548 0.996978441
9.301919 53.821576307 6.585929822 0.337503747 -0.002795469 0.005118174 0.078258620 0.996916034
9.423439 54.893393671 6.767467532 0.335947700 -0.002690218 0.004997305 0.079119813 0.996848958
9.523363 55.637702427 6.891025283 0.331918499 -0.001764286 0.004462488 0.079828475 0.996797065
9.626828 56.434878847 7.014740111 0.335280217 -0.001102158 0.005297299 0.080476970 0.996741783
9.700673 56.430115001 7.012852699 0.335732194 -0.001103429 0.005358424 0.080490982 0.996740323
9.900346 58.659913511 7.398969588 0.332488213 -0.002193688 0.006213854 0.081831039 0.996624431
10.000197 59.032394170 7.440287035 0.334794859 -0.001039603 0.006396661 0.082313298 0.996585432
10.022566 59.171526519 7.460672122 0.335290142 0.000542980 0.007463458 0.084148658 0.996425113
10.123291 60.028779280 7.613290403 0.329075797 -0.003407524 0.004685909 0.085111233 0.996354610
10.217606 60.787609433 7.744841835 0.340916518 -0.001897295 0.003679612 0.085639841 0.996317559
10.317506 61.588561079 7.882599222 0.336325819 -0.001722789 0.002617270 0.086522225 0.996244993
10.435209 62.512268977 8.050677782 0.360452963 -0.002267433 0.002746075 0.086246160 0.996267493
10.536001 63.244880576 8.189361627 0.348293370 -0.002081240 0.003978298 0.087123745 0.996187379
10.617653 63.850913088 8.289360466 0.361369710 -0.001762397 0.005452018 0.088041539 0.996100325
10.717554 64.630128969 8.433530053 0.349521997 -0.002076126 0.005690753 0.088786866 0.996032227
10.817603 65.394099847 8.572660856 0.362805971 -0.002557053 0.005222320 0.088963084 0.996017951
10.920747 66.157621103 8.709303294 0.362660917 -0.003069200 0.004824204 0.088878383 0.996026074
11.021620 66.886418263 8.850104337 0.369205166 -0.005538359 0.004493640 0.088909769 0.996014150
11.121294 67.607791259 8.996237868 0.365727625 -0.007596096 0.005175558 0.088320734 0.996049678
11.244680 68.492938224 9.165264503 0.357626674 -0.009570954 0.006366916 0.087070264 0.996135848
11.344653 69.116679899 9.272166110 0.352439910 -0.009503769 0.007912453 0.085979041 0.996220195
11.440337 69.748133020 9.389878290 0.359411500 -0.010484759 0.009794936 0.084149550 0.996349829
11.540565 70.446858351 9.506328686 0.352825729 -0.011231090 0.010594828 0.081373236 0.996564102
11.641038 71.139579409 9.617773353 0.348738453 -0.011435514 0.010416379 0.078168942 0.996820116
11.721346 71.695991142 9.700957996 0.337245440 -0.010575362 0.008818992 0.075424996 0.997056396
11.844579 72.569356889 9.841788096 0.342406345 -0.009824953 0.005030745 0.069023277 0.997553983
11.911993 72.981533737 9.892059533 0.343523908 -0.009672499 0.003665517 0.067254436 0.997682238
12.012044 73.688260964 10.000384201 0.337128052 -0.011523417 0.000959447 0.059952837 0.998134233
12.112119 74.362735774 10.087359220 0.329646930 -0.010741633 0.001020244 0.052656780 0.998554375
12.266346 75.376446987 10.175393257 0.343271269 -0.008318400 0.003708479 0.041661038 0.999090291
12.346725 75.749134441 10.188520253 0.346938697 -0.007185300 0.004491895 0.039716819 0.999175044
12.441686 76.316116810 10.220831258 0.360720725 -0.007661147 0.006163912 0.031516381 0.999454867
12.544658 76.939482430 10.250016793 0.362455898 -0.008843169 0.006561054 0.022449993 0.999687325
12.646697 77.542634286 10.270791953 0.363639168 -0.009761949 0.005548719 0.013404998 0.999847099
12.747645 78.136438812 10.275572722 0.365609609 -0.009934901 0.004129040 0.002937079 0.999937809
12.865123 78.821740998 10.275201520 0.373655481 -0.010993767 0.002954467 -0.011231706 0.999872120
12.965097 79.362216307 10.262473162 0.376665807 -0.011785574 0.002681366 -0.022930767 0.999663989
13.065225 79.925121070 10.221448794 0.375791109 -0.012942020 0.002176856 -0.037825709 0.999198169
13.138050 80.336727147 10.173774354 0.379934677 -0.012772769 0.002265124 -0.049088524 0.998710189
13.238297 43.266084149 -0.863782521 0.383991989 -0.013288271 0.003473496 -0.101116004 0.994779830
13.365247 43.653450564 -0.508833623 0.387734593 -0.013432170 0.003395355 -0.105447914 0.994328309
13.465249 44.152109516 -0.610164952 0.390187343 -0.012190550 0.003147408 -0.117960390 0.992938483
13.544655 44.145892513 -0.378450535 0.402015252 -0.011284077 0.003198668 -0.114163050 0.993392790
13.665277 83.046602106 9.727901066 0.411833405 -0.012310023 0.001818889 -0.067185947 0.997662871
13.765126 83.554386957 9.558523868 0.415465240 -0.013051612 0.001246142 -0.082133215 0.996535116
13.865228 84.364827520 9.498189660 0.411862928 -0.013508143 0.000469202 -0.080448267 0.996667139
13.965127 84.888579357 9.272843275 0.414985374 -0.012677952 0.000101863 -0.098788239 0.995027710
14.065248 85.439493667 9.038121149 0.425455270 -0.011331049 -0.000152945 -0.117402084 0.993019806
14.165271 85.955913398 8.776514285 0.437107035 -0.010721157 -0.000504430 -0.136282996 0.990611805
14.265298 86.410295379 8.091299477 0.451300643 -0.011193224 0.000190650 -0.248851199 0.968477029
14.365945 86.918537169 7.778892165 0.448679636 -0.011802896 -0.000568576 -0.267513719 0.963481592
14.465148 87.434632289 7.415620950 0.456156175 -0.010647113 -0.001608719 -0.286975883 0.957877285
14.567191 87.924774259 7.044424687 0.466686482 -0.009417199 -0.003007940 -0.305682063 0.952082321
14.665239 88.390642865 6.655805577 0.482587345 -0.008860495 -0.004470032 -0.323262686 0.946257230
14.767346 88.867268554 6.218132015 0.494809144 -0.008597745 -0.004684997 -0.342654923 0.939410311
14.866719 89.326483641 5.782069933 0.502064211 -0.008275543 -0.004238974 -0.360097925 0.932868174
14.967367 89.780245848 5.318445042 0.508268779 -0.006873833 -0.004704098 -0.378181693 0.925693917
15.067588 90.216160067 4.833306699 0.536812382 -0.004862872 -0.005591749 -0.395454766 0.918455558
15.168892 90.651845759 4.341590073 0.558066462 -0.004543820 -0.006715753 -0.412342906 0.910992635
15.269017 91.073510170 3.829674304 0.574097423 -0.005043655 -0.008661809 -0.427793676 0.903820837
15.368964 91.490811691 3.320622150 0.584474394 -0.005717911 -0.011223700 -0.441699225 0.897074762
15.412142 91.681248773 3.083251200 0.586831608 -0.005771499 -0.012979911 -0.448268774 0.893785947
15.512166 92.171421905 2.427400379 0.604853188 -0.004604058 -0.015945551 -0.461294542 0.887091815
15.628054 92.696202798 1.630023284 0.646242065 -0.003096940 -0.016027830 -0.471738050 0.881587619
15.772327 93.275835971 0.797230968 0.688801459 -0.003498448 -0.014216568 -0.480321552 0.876970271
15.831215 93.417974385 0.634807911 0.697290501 -0.002271197 -0.013450243 -0.482154986 0.875979739
15.935279 93.834737180 0.064659659 0.724570887 -0.003005582 -0.011786179 -0.486403882 0.873649424
16.034780 94.230509119 -0.615624359 0.745926936 -0.003573295 -0.011714333 -0.488664523 0.872385803
16.136974 94.627351104 -1.225882722 0.757730807 -0.003396637 -0.012178211 -0.490866591 0.871143010
16.238248 95.015380264 -1.811085772 0.783935667 -0.002989249 -0.012915654 -0.492688776 0.870104603
16.339518 95.411959199 -2.382414460 0.807059600 -0.002132394 -0.014052652 -0.493081780 0.869866849
16.440765 95.796117495 -3.011362978 0.837451380 -0.002065894 -0.013630526 -0.494104570 0.869293170
16.512142 96.069713243 -3.468103783 0.856429709 -0.002168671 -0.013501023 -0.494903902 0.868840116
16.612019 96.506141928 -4.199190353 0.881381442 -0.002769122 -0.013560183 -0.495654554 0.868409475
16.712139 96.938224683 -4.883597647 0.909714692 -0.002651398 -0.013967580 -0.496373194 0.867992816
16.812117 97.359037769 -5.575351304 0.933966676 -0.002866760 -0.014452591 -0.497115249 0.867559412
16.911969 97.780345559 -6.320475681 0.965409024 -0.002779244 -0.014577939 -0.497036157 0.867602915
17.014610 98.216256766 -7.062996241 0.994088824 -0.002906813 -0.014310568 -0.497508579 0.867336136
17.112064 98.620728330 -7.787251684 1.020376330 -0.002713381 -0.013694337 -0.497705993 0.867233445
17.211969 99.052495617 -8.553000883 1.045902621 -0.001917250 -0.012767522 -0.498126688 0.867008142
17.345153 99.620670735 -9.533064321 1.084177072 -0.001322903 -0.011341246 -0.499661101 0.866145721
17.440116 99.961515753 -10.107840917 1.104435928 -0.000492628 -0.010863942 -0.500253265 0.865810835
17.502055 100.194784309 -10.501052382 1.122272869 0.000192457 -0.010456359 -0.500879549 0.865453814
17.646697 100.854058310 -11.624646599 1.161572967 -0.000442642 -0.010184882 -0.503754261 0.863786847
17.746748 101.222796371 -12.279898784 1.181998840 -0.000292668 -0.010369058 -0.504462430 0.863371330
17.841637 101.571133674 -12.871858747 1.207053887 -0.000015940 -0.010497214 -0.505976122 0.862483607
17.941388 101.951041674 -13.531043682 1.233357103 -0.000231395 -0.010791718 -0.507596115 0.861527521
18.072254 102.446235066 -14.399757464 1.267620515 -0.001165292 -0.010711384 -0.510358836 0.859894044
18.168964 102.764838927 -14.943753988 1.288443119 -0.001365973 -0.010513841 -0.511668733 0.859117397
18.212117 102.915625152 -15.195620374 1.297824905 -0.001302913 -0.010512610 -0.511868937 0.858998241
18.369014 103.591451906 -16.468185274 1.342267792 -0.003054688 -0.011076355 -0.516558632 0.856174727
18.446871 103.862481957 -17.026854850 1.356007010 -0.002774952 -0.011418389 -0.516137598 0.856425070
18.512092 104.107957907 -17.495915490 1.373081554 -0.002117710 -0.011454742 -0.517635296 0.855522066
18.646824 104.671603767 -18.593262545 1.414797154 -0.001154525 -0.009471129 -0.521011350 0.853496420
18.746772 105.020865667 -19.302544958 1.438889824 -0.000641551 -0.008548660 -0.521958943 0.852927529
18.846875 105.357056103 -19.953942973 1.466879665 -0.001276146 -0.008178636 -0.523821015 0.851788134
18.946721 105.695415579 -20.640338497 1.483123408 -0.002178701 -0.008969345 -0.526434374 0.850165663
19.065124 106.095430829 -21.400250433 1.505948542 -0.002383652 -0.009590506 -0.530149508 0.847846590
19.165096 106.389662307 -21.977079768 1.530810129 -0.001531298 -0.009363060 -0.533367031 0.845830715
19.246923 106.639313879 -22.469037097 1.549598237 -0.001083002 -0.008350921 -0.535462197 0.844517214
19.345076 106.965690465 -23.158879878 1.571439191 -0.001172516 -0.007537360 -0.538493743 0.842594981
19.444650 107.303111111 -23.946435621 1.585864317 -0.001044929 -0.007780425 -0.540446779 0.841341578
19.544655 107.615152475 -24.630163251 1.606561690 -0.000571857 -0.009116282 -0.543363240 0.839448007
19.644729 107.935446782 -25.340997112 1.632419524 -0.000765845 -0.010023224 -0.546373247 0.837481477
19.768989 108.311270754 -26.224992735 1.654207989 -0.001994794 -0.010417884 -0.550471456 0.834786598
19.868940 108.564729482 -26.859085801 1.674089816 -0.002379898 -0.010731719 -0.553566606 0.832732357
19.968939 108.832994789 -27.523559378 1.691576236 -0.002349860 -0.010339777 -0.557998630 0.829774123
20.072354 109.110454791 -28.189865131 1.717611549 -0.002178681 -0.009927280 -0.563416128 0.826110748
20.169037 109.370402315 -28.856060995 1.740749992 -0.001634862 -0.010048760 -0.568743553 0.822451896
20.212070 109.501117836 -29.249047309 1.752434150 -0.000828322 -0.010093141 -0.570485514 0.821245225
20.303896 109.799633077 -30.131447664 1.777499996 -0.001575803 -0.009542484 -0.579422907 0.814969664
20.412144 110.110423792 -31.047181153 1.801339316 -0.002757904 -0.009653450 -0.587879615 0.808886125
20.512094 110.374492163 -31.967371608 1.822404292 -0.003070267 -0.009895971 -0.594060067 0.804353952
20.612145 110.607862437 -32.772916532 1.839615622 -0.003770614 -0.010680758 -0.600395598 0.799622930
20.768962 110.941081101 -33.983124149 1.880611824 -0.006130109 -0.012487383 -0.611729633 0.790944589
20.812091 110.986250615 -34.045576707 1.881185733 -0.005418127 -0.013082658 -0.610515137 0.791877993
20.965143 111.283448381 -35.196830634 1.930101680 -0.007771955 -0.014265451 -0.623757969 0.781448713
21.065275 111.435368942 -35.946105667 1.954674363 -0.007507400 -0.014549689 -0.628063673 0.777989697
21.111965 111.507354416 -36.191691593 1.971122285 -0.006662881 -0.014090680 -0.630252211 0.776233991
21.212019 111.656215388 -37.126411494 2.004326789 -0.004512089 -0.012644013 -0.637280285 0.770515157
21.312066 111.785330523 -38.072549316 2.037150343 -0.002734242 -0.012816092 -0.641195875 0.767265353
21.412043 111.933383356 -38.888975855 2.065980200 -0.002654595 -0.013673553 -0.645284868 0.763815047
21.512113 112.073559942 -39.720744807 2.093226634 -0.003038611 -0.014713871 -0.648514790 0.761053767
21.612016 112.214973650 -40.525288658 2.117595034 -0.004315860 -0.015788504 -0.651698953 0.758301109
21.725158 112.350440300 -41.454920262 2.149940931 -0.004671631 -0.017097082 -0.654097475 0.756202591
21.834486 112.477000322 -42.237896044 2.185539026 -0.004190874 -0.017898769 -0.656323577 0.754255549
21.934980 112.587118574 -43.002863053 2.216417657 -0.003876758 -0.017549420 -0.657537044 0.753207823
22.037077 112.727551041 -43.733811542 2.251761314 -0.003145647 -0.016252073 -0.658934771 0.752017914
22.141164 112.843550889 -44.523079431 2.283207621 -0.002892576 -0.015382234 -0.659357616 0.751666518
22.244580 112.964896606 -45.312309043 2.315643734 -0.002741660 -0.015422476 -0.660139369 0.750979790
22.346950 113.091852080 -46.107114791 2.345011386 -0.002775211 -0.016057849 -0.660253339 0.750866148
22.411969 113.169534203 -46.579686745 2.361665670 -0.002832542 -0.016499484 -0.659934633 0.751136488
22.535133 113.316611922 -47.654744117 2.404723898 -0.003450387 -0.016541439 -0.659945434 0.751123491
22.636702 113.426078781 -48.420033745 2.434747455 -0.003373347 -0.016866062 -0.659599747 0.751420209
22.737175 113.532050282 -49.201499621 2.465834409 -0.003098862 -0.017094325 -0.658878526 0.752048714
22.837273 113.639903408 -49.984956065 2.498280577 -0.003078748 -0.017082504 -0.657914722 0.752892374
22.937370 113.727119860 -50.770098362 2.523847970 -0.002962780 -0.017046605 -0.656973454 0.753715142
23.037849 113.822259134 -51.574999473 2.557360339 -0.002290890 -0.017214384 -0.655625559 0.754886444
23.137753 113.913935884 -52.381087820 2.586396433 -0.001599153 -0.017412358 -0.654512166 0.755849242
23.202081 113.984260511 -52.904677268 2.608382874 -0.000408615 -0.017414573 -0.654039666 0.756259665
23.301835 114.114542685 -53.823301682 2.648029131 0.001157418 -0.016847603 -0.652746085 0.757388518
23.440887 114.288874627 -55.019299018 2.697625857 0.001036584 -0.017528225 -0.651862113 0.758134205
23.540786 114.384505999 -55.674952521 2.720444569 0.000916925 -0.018509451 -0.651518439 0.758406410
23.640539 114.497010979 -56.387314121 2.747925438 0.000234813 -0.020655875 -0.650967666 0.758824339
23.739343 114.617293211 -57.137634251 2.780078111 -0.000829260 -0.022051413 -0.650524396 0.759164711
23.839692 114.746475298 -57.909923069 2.814633539 -0.002012495 -0.021869183 -0.650840794 0.758896534
23.940292 114.869230885 -58.669719305 2.844048029 -0.001480057 -0.021067855 -0.650645903 0.759087521
24.012012 114.959457278 -59.218459658 2.875618148 -0.000449639 -0.020702026 -0.650872928 0.758904246
24.144852 115.138193032 -60.318345996 2.926499778 0.000569877 -0.018664341 -0.652659113 0.757421547
24.244630 115.240541873 -60.960675772 2.956601358 0.001187448 -0.018521332 -0.654109234 0.756172375
24.344828 115.336287440 -61.634211198 2.980816663 0.000037280 -0.016217900 -0.655813407 0.754748802
24.446824 115.433880907 -62.374882807 3.000480513 0.001022492 -0.014371230 -0.658701019 0.752266834
24.541214 115.521393878 -63.054165263 3.027598986 0.002958620 -0.014047226 -0.661459314 0.749843649
24.644678 115.607683511 -63.829232509 3.060219722 0.003197319 -0.014490409 -0.665381854 0.746355675
24.711993 115.662334986 -64.320507600 3.063019762 0.001475120 -0.014927178 -0.667195110 0.744731957
24.812015 115.749813761 -65.162094073 3.074835819 -0.001643974 -0.019107689 -0.671002722 0.741206814
24.912144 115.827577810 -65.940310101 3.105055111 -0.002184896 -0.021567242 -0.673823030 0.738574712
25.012017 115.903364992 -66.752409281 3.145984105 -0.001571725 -0.021937941 -0.677481792 0.735210635
25.111967 115.960409318 -67.547815841 3.185497484 -0.000755028 -0.021595984 -0.680147599 0.732756635
25.212019 116.014449071 -68.309392655 3.224724319 -0.000384630 -0.020871772 -0.682861196 0.730249826
25.312064 116.066383866 -69.077883020 3.257365102 -0.000812625 -0.020176363 -0.685551215 0.727744314
25.412116 116.108308268 -69.843759548 3.284461805 -0.001676342 -0.019673940 -0.688106739 0.725340777
25.512065 116.145442820 -70.593001840 3.317996900 -0.001768146 -0.020013317 -0.689697517 0.723818815
25.611992 116.186056250 -71.338066892 3.351207794 -0.002237463 -0.020286182 -0.690776968 0.722779804
25.712065 116.221341062 -72.064960700 3.378840786 -0.002881128 -0.019916899 -0.692000619 0.721616352
25.812164 116.256499807 -72.748363873 3.408817286 -0.003197933 -0.019093650 -0.692148021 0.721495892
25.912015 116.299773874 -73.439481357 3.437225376 -0.003721008 -0.018204932 -0.692609118 0.721073744
26.012118 116.331278525 -74.116026184 3.467949871 -0.003573757 -0.017586007 -0.693169367 0.720551309
26.112015 116.362473784 -74.786470139 3.498463043 -0.003780628 -0.016511048 -0.693580285 0.720180172
26.212018 116.384622344 -75.464196104 3.527751328 -0.004317643 -0.015886017 -0.694152894 0.719639321
26.369037 116.428895376 -76.518670759 3.563525708 -0.004850824 -0.014989774 -0.695173462 0.718669349
26.468961 116.431866393 -76.988411559 3.586801197 -0.004480205 -0.015390170 -0.695084998 0.718748855
26.512042 116.441856720 -77.193025694 3.597366370 -0.004235106 -0.015550689 -0.694639561 0.719177392
26.667339 116.489698477 -78.323482773 3.647004168 -0.005149880 -0.015649565 -0.694831879 0.718983470
26.731020 116.506247801 -78.732988246 3.659496442 -0.005251918 -0.016377139 -0.694274466 0.719504811
26.835506 116.534721701 -79.411556131 3.686950065 -0.005782441 -0.015242700 -0.693203824 0.720557202
26.965171 116.583266094 -80.318953338 3.721984160 -0.005714961 -0.014444838 -0.693224492 0.720554293
27.065225 116.591145374 -80.873821422 3.748438449 -0.005424718 -0.014425003 -0.692225246 0.721516944
27.165171 116.612845404 -81.445733889 3.771897395 -0.005696306 -0.013646713 -0.690771233 0.722922142
27.265171 116.655893285 -82.088467681 3.796996244 -0.005838988 -0.012795200 -0.689763748 0.723897894
27.365174 116.688586858 -82.701378609 3.820563254 -0.005959693 -0.012313814 -0.689238275 0.724405586
27.500297 116.724794532 -83.514267448 3.854640434 -0.006669071 -0.011695048 -0.688313813 0.725288111
27.599948 116.753968094 -84.054690719 3.869473205 -0.006753670 -0.011585367 -0.687243138 0.726303680
27.699673 116.808969745 -84.623901795 3.889765187 -0.006834269 -0.010968101 -0.685685360 0.727783333
27.799424 116.854584625 -85.197366610 3.908772277 -0.007566517 -0.010303992 -0.684634662 0.728774282
27.900072 116.911099722 -85.899896927 3.931695781 -0.007664298 -0.010212160 -0.681828744 0.731400393
28.000171 116.939821972 -86.440534352 3.956451096 -0.007459845 -0.010245458 -0.678093757 0.734866136
28.100321 116.988456478 -87.019285347 3.976643988 -0.007652836 -0.010601179 -0.677022994 0.735845714
28.112167 116.996047301 -87.060269921 3.979766215 -0.007171958 -0.010950066 -0.675916001 0.736862415
28.212144 117.067722116 -87.882371815 4.008168317 -0.008836550 -0.010947115 -0.677347143 0.735529009
28.312091 117.100950006 -88.484477509 4.033121997 -0.009859751 -0.011197700 -0.681216049 0.731930387
28.400673 117.097669089 -88.487602534 4.033785621 -0.009872033 -0.011176268 -0.681193819 0.731951238
28.511967 117.188244988 -89.779926607 4.085029204 -0.009655606 -0.012025813 -0.680033601 0.733018725
28.612115 117.225507797 -90.320779401 4.110990147 -0.009317426 -0.012325120 -0.679521658 0.733492735
28.712043 117.265574943 -90.850202595 4.140383075 -0.009384877 -0.011974441 -0.678790873 0.734174017
28.812015 117.316132786 -91.404676923 4.159853094 -0.009255162 -0.011562059 -0.678400462 0.734543037
28.965168 117.387108061 -92.254143466 4.200701208 -0.010123547 -0.010829331 -0.677956370 0.734952652
29.011994 117.398984233 -92.353091138 4.202818274 -0.009995913 -0.011416578 -0.676865054 0.735950706
29.111993 117.459896532 -92.938855295 4.227196983 -0.011864476 -0.010393930 -0.676814856 0.735984273
29.212017 117.512268109 -93.471722391 4.249785215 -0.012354324 -0.010002721 -0.677061264 0.735754960
29.365100 117.583344125 -94.266553933 4.283197552 -0.012461081 -0.008783067 -0.678047638 0.734859837
29.465197 117.623863259 -94.619180230 4.296963216 -0.012331655 -0.008782829 -0.677899828 0.734998378
29.565148 117.674655322 -95.038759828 4.315882329 -0.013021115 -0.007057016 -0.678587517 0.734370227
29.665246 117.719154431 -95.464893119 4.330189568 -0.013038141 -0.005563413 -0.679859641 0.733205240
29.712045 117.736299220 -95.676106517 4.340624398 -0.012543683 -0.005131401 -0.680102859 0.732991423
29.865220 117.798231876 -96.418257817 4.370576904 -0.011514143 -0.003179648 -0.684924679 0.728515956
29.912118 117.804206488 -96.547634244 4.378125630 -0.010773251 -0.003883134 -0.684254803 0.729153086
30.012017 117.843335615 -96.983072179 4.393243215 -0.011025057 -0.002408756 -0.688338365 0.725301966
30.165074 117.887059130 -97.560163574 4.414957952 -0.011763957 -0.001462045 -0.693576524 0.720285414
30.212165 117.885444540 -97.630794932 4.418487725 -0.011374776 -0.001521137 -0.692730627 0.721105110
30.365121 117.903759999 -98.141229452 4.438248991 -0.011830987 -0.001262747 -0.699925978 0.714116278
30.465147 117.914035589 -98.371025946 4.454351897 -0.011911025 -0.002001438 -0.701672718 0.712397023
30.565199 117.913455660 -98.621085074 4.462095939 -0.013182701 -0.003056638 -0.705072736 0.709005860
30.665048 117.923497280 -98.864589534 4.467265612 -0.014383860 -0.003693459 -0.708809939 0.705243173
30.765249 117.915759485 -99.131495668 4.471408273 -0.014825404 -0.003749824 -0.713131825 0.700863144
30.812066 117.912026018 -99.252522405 4.475400571 -0.014535343 -0.003887099 -0.714937810 0.699026138
30.912014 117.892556310 -99.567564655 4.483876271 -0.014552123 -0.003742235 -0.722141843 0.691581803
31.012114 117.878397709 -99.854057716 4.499713567 -0.014318129 -0.004323566 -0.727487252 0.685958160
31.112018 117.864052747 -100.120842775 4.512769243 -0.014462360 -0.004322990 -0.732727586 0.680354641
31.212017 117.838701261 -100.388077740 4.526209769 -0.015252740 -0.004205728 -0.738520254 0.674045622
31.312142 117.817613981 -100.631795701 4.538342097 -0.016610915 -0.003793661 -0.744513396 0.667390058
31.412070 117.783951509 -100.887473013 4.541103322 -0.017640723 -0.003987774 -0.750745122 0.660344353
31.512115 117.752271076 -101.142910101 4.556051583 -0.018285910 -0.004509304 -0.757570093 0.652482066
31.612093 117.698060947 -101.410646335 4.566049674 -0.019096291 -0.004315927 -0.764887957 0.643865761
31.712070 117.665933979 -101.681123344 4.572983024 -0.020025410 -0.004074153 -0.772920745 0.634173404
31.811968 117.593830107 -101.975355754 4.581559077 -0.020202955 -0.003650943 -0.781315954 0.623797957
31.965265 117.478303593 -102.462312630 4.604237780 -0.020517759 -0.001990279 -0.795887215 0.605093879
32.065299 117.395893521 -102.698488764 4.610823322 -0.020496168 -0.001547465 -0.801438743 0.597723560
32.165216 117.020525841 -102.875780293 4.623706481 -0.021382442 0.001486936 -0.880384059 0.473776835
32.265318 117.163894391 -103.312179325 4.633592040 -0.022601814 -0.001034890 -0.821898885 0.569183898
32.365244 117.003549366 -103.643431486 4.644439170 -0.022478129 -0.001914280 -0.832527141 0.553524732
32.465293 116.819649252 -103.993311565 4.662423733 -0.022415286 -0.002246332 -0.843216138 0.537102460
32.565268 116.617193186 -104.354256750 4.673227026 -0.022166126 -0.001909718 -0.854142563 0.519562795
32.665265 116.384976789 -104.714597067 4.684945089 -0.021951166 -0.002472911 -0.864809738 0.501613545
32.765391 116.139260335 -105.060027202 4.707520670 -0.021382434 -0.004118804 -0.875060970 0.483522622
32.865391 115.892407835 -105.403882484 4.737496936 -0.020040170 -0.004590078 -0.885200677 0.464754865
32.965241 115.607510346 -105.766803893 4.760003598 -0.019671517 -0.002387628 -0.895343295 0.444935630
33.065265 115.303454517 -106.130055730 4.772128958 -0.019392394 -0.000891474 -0.905031377 0.424901572
33.165414 114.973379889 -106.482037294 4.782836053 -0.018504424 -0.001222201 -0.914352412 0.404494448
33.265319 114.618288594 -106.815037504 4.799165001 -0.017275237 -0.002665451 -0.923048314 0.384286705
33.365241 114.247692741 -107.150652301 4.815933132 -0.015514270 -0.005139409 -0.930851478 0.365032082
33.411992 113.693321199 -106.736501842 4.837666192 -0.014624019 -0.004590816 -0.984111146 0.176890688
33.512044 113.231828403 -107.137149021 4.859163667 -0.013318169 -0.003902434 -0.988210612 0.152470274
33.612094 113.139764827 -108.084674571 4.882924561 -0.012610931 -0.005573166 -0.948799034 0.315579304
33.769015 112.343055735 -108.632131810 4.914626311 -0.012907646 -0.004272639 -0.957385480 0.288492945
33.900272 111.774839303 -108.942214695 4.934928074 -0.012946431 -0.004103706 -0.962358173 0.271444832
33.965141 111.501955880 -109.063151560 4.938071023 -0.012856180 -0.004247721 -0.964230356 0.264719654
34.002283 111.373224666 -109.143347868 4.942284030 -0.013628127 -0.004789693 -0.966625722 0.255785159
34.200372 110.337361002 -109.673733157 4.976278915 -0.013323121 -0.004102231 -0.977442105 0.210742966
34.202481 110.340279201 -109.651254953 4.978145595 -0.012445000 -0.005628268 -0.976287783 0.216045389
34.365292 109.411230939 -110.047712758 5.004177303 -0.012632745 -0.003156068 -0.983623168 0.179766283
34.465143 108.793652993 -110.245781421 5.021211144 -0.012350360 -0.003409861 -0.986736003 0.161826767
34.565191 108.219789520 -110.408417013 5.041504307 -0.011043071 -0.003647046 -0.989491292 0.144124022
34.665141 107.623508513 -110.543845732 5.057836229 -0.009072388 -0.004173028 -0.991824577 0.127217474
34.765192 107.016242262 -110.682425528 5.066860221 -0.007949776 -0.004432838 -0.993771685 0.111062994
34.812097 106.749834313 -110.734051072 5.070807984 -0.007027132 -0.005109809 -0.994590903 0.103505776
34.912044 106.067851851 -110.877078720 5.080445284 -0.007069863 -0.008633709 -0.995972531 0.088961752
35.099326 104.792698917 -111.080734847 5.101043640 -0.009713263 -0.012085883 -0.997277193 0.072095659
35.199475 104.166217722 -111.156882768 5.121618242 -0.010161928 -0.012288843 -0.997727265 0.065467742
35.215031 104.083296171 -111.169240098 5.117948724 -0.011036784 -0.012816426 -0.997803801 0.064042976
35.326351 103.287572225 -111.265056627 5.138970471 -0.012610286 -0.014366288 -0.997999792 0.060257825
35.415032 102.620138471 -111.339834177 5.161416689 -0.012395207 -0.015018459 -0.998151218 0.057575611
35.517302 101.834571401 -111.435732698 5.186842178 -0.011422297 -0.015541235 -0.998282756 0.055313110
35.611993 101.086513003 -111.522435283 5.206152588 -0.011372052 -0.015755081 -0.998340579 0.054208326
35.712144 100.296138003 -111.612502249 5.229557389 -0.011376963 -0.016254567 -0.998357060 0.053754389
35.812092 99.491439967 -111.694707553 5.249037820 -0.011096568 -0.016598555 -0.998373657 0.053398458
35.912018 98.655305444 -111.779701973 5.271855411 -0.010107982 -0.017146182 -0.998341749 0.054014716
36.012467 97.807334800 -111.869580863 5.297439039 -0.008810253 -0.016766508 -0.998334169 0.054499091
36.113364 96.946514445 -111.954473960 5.316176207 -0.007394767 -0.016444797 -0.998324199 0.054987998
36.212067 96.078152422 -112.055563174 5.333366089 -0.006288841 -0.016238646 -0.998337365 0.054947817
36.312067 95.195617743 -112.159827727 5.338929300 -0.006568009 -0.016054262 -0.998311455 0.055437898
36.412117 94.302434019 -112.265279726 5.354737379 -0.006935230 -0.018814064 -0.998256309 0.055518239
36.512043 93.413055235 -112.359686272 5.370694452 -0.007218061 -0.019855889 -0.998240821 0.055397713
36.601323 92.597118142 -112.453797234 5.392404347 -0.008328301 -0.019586165 -0.998252063 0.055134739
36.712088 91.536897695 -112.577605298 5.410595906 -0.010328045 -0.020375208 -0.998181482 0.055784504
36.812166 90.618038902 -112.678067721 5.435107082 -0.011900570 -0.020185379 -0.998171728 0.055714698
36.912116 89.659578999 -112.793813866 5.467274428 -0.011674496 -0.019051751 -0.998251050 0.054731871
37.034179 88.472724563 -112.947285302 5.501201699 -0.009465309 -0.016250597 -0.998369129 0.053901846
37.134678 87.552654551 -113.044925672 5.523045388 -0.007950853 -0.014413731 -0.998467141 0.052843126
37.212167 86.851086932 -113.124753716 5.531292490 -0.006874695 -0.013832325 -0.998494799 0.052626433
37.311994 85.857730993 -113.223359086 5.550404200 -0.005735429 -0.013971205 -0.998534286 0.051972981
37.412139 84.872050455 -113.322277094 5.573868054 -0.005957342 -0.014717003 -0.998560177 0.051239568
37.512089 83.866348542 -113.433451183 5.589708452 -0.006288428 -0.015045557 -0.998571470 0.050883255
37.612040 82.867413092 -113.529937958 5.612035926 -0.006527039 -0.015528936 -0.998597288 0.050196670
37.712033 81.862537583 -113.641772974 5.631809807 -0.007095797 -0.015208661 -0.998613190 0.049900330
37.811965 80.880443578 -113.738293867 5.648631803 -0.006698306 -0.016763694 -0.998605246 0.049615258
37.912136 79.906347823 -113.834144388 5.674127600 -0.005271603 -0.017883000 -0.998580686 0.049890107
38.012034 78.921345705 -113.931953104 5.699345095 -0.003982761 -0.018850420 -0.998528381 0.050693893
38.112036 77.929077918 -114.031639209 5.718840351 -0.004661090 -0.020062667 -0.998455201 0.051604021
38.212008 76.922163967 -114.139290886 5.739769135 -0.006907272 -0.020490563 -0.998393733 0.052367742
38.312009 75.926807673 -114.247592611 5.756348280 -0.007656458 -0.020445105 -0.998387164 0.052406556
38.411982 74.901531224 -114.360053527 5.785188868 -0.006761228 -0.020944209 -0.998349122 0.053053329
38.511984 73.892003177 -114.475379660 5.813527976 -0.006328056 -0.019878578 -0.998314327 0.054159968
38.612109 72.867768348 -114.599836910 5.838615137 -0.006737457 -0.019958883 -0.998268657 0.054917559
38.712032 71.864588713 -114.714732753 5.856792950 -0.007664432 -0.019399527 -0.998226577 0.055754957
38.812061 70.837512843 -114.833594128 5.879897971 -0.008204371 -0.019735091 -0.998148108 0.056952337
38.912089 69.799294677 -114.955684526 5.902827299 -0.008003810 -0.019602485 -0.998113926 0.057621798
39.012038 68.753053387 -115.090668854 5.928249748 -0.006929417 -0.019234224 -0.998088008 0.058329718
39.112111 67.701631482 -115.219632880 5.953372581 -0.005545298 -0.019819065 -0.998036017 0.059165560
39.246917 66.286177805 -115.400322906 5.982487621 -0.004260734 -0.020112081 -0.997960019 0.060441305
39.312162 65.720475365 -115.467884516 5.993345460 -0.004002952 -0.020089498 -0.997952032 0.060598103
39.411967 64.650555574 -115.600468269 6.017257243 -0.004292359 -0.020816511 -0.997842938 0.062110541
39.511968 63.563179948 -115.739225640 6.034785644 -0.004417805 -0.021378193 -0.997816089 0.062341861
39.611993 62.454587428 -115.882823090 6.052945041 -0.004379550 -0.022014536 -0.997787822 0.062575096
39.712066 61.363234024 -116.021387366 6.073863052 -0.005095564 -0.022581330 -0.997721040 0.063378590
39.811996 60.273593740 -116.163557255 6.097750690 -0.006970739 -0.022861664 -0.997694946 0.063510211
39.912092 59.194892608 -116.303662454 6.117338847 -0.008196648 -0.023076967 -0.997694740 0.063288812
40.012015 58.094145434 -116.452563576 6.146315192 -0.007963834 -0.022528715 -0.997714047 0.063211667
40.120043 56.896429733 -116.616828254 6.174667463 -0.006588286 -0.021589064 -0.997751876 0.063100719
40.219872 55.836912639 -116.756815393 6.198245217 -0.005526953 -0.021648521 -0.997805178 0.062334753
40.320395 54.742145246 -116.888840723 6.218846215 -0.005011183 -0.021986314 -0.997833264 0.061808310
40.412118 53.737955184 -117.015907959 6.240712198 -0.004525728 -0.022415521 -0.997847534 0.061460246
40.512014 52.590846003 -117.159755144 6.259826828 -0.005085388 -0.023623264 -0.997839738 0.061089587
40.612094 51.443073784 -117.296136954 6.288113882 -0.006671419 -0.023707925 -0.997860109 0.060569214
40.713285 50.264238987 -117.444890004 6.300421236 -0.007126020 -0.023808857 -0.997896587 0.059872868
40.817451 49.081403146 -117.594232863 6.335095912 -0.006090715 -0.023265939 -0.997958071 0.059171679
40.920465 47.911472195 -117.736794685 6.344846313 -0.003892247 -0.023399292 -0.997991040 0.058746971
41.037223 46.582893060 -117.890061935 6.372205396 -0.001121110 -0.024397501 -0.998000293 0.058300261
41.137374 45.507006698 -118.007588492 6.396939260 -0.000548394 -0.024587816 -0.997988897 0.058423453
41.214958 44.664255122 -118.108871145 6.400646988 -0.003246556 -0.026078916 -0.997954498 0.058276674
41.312067 43.508400810 -118.244557943 6.432384252 -0.006840945 -0.025786367 -0.997963280 0.057944419
41.412068 42.301370736 -118.398413260 6.456405811 -0.006390627 -0.023250103 -0.998081245 0.057029993
41.512014 41.105469422 -118.541880277 6.485396895 -0.003667932 -0.021095603 -0.998159457 0.056738179
41.611997 39.894207956 -118.686860968 6.495529711 -0.000565393 -0.019091685 -0.998218965 0.056516246
41.712016 38.715593592 -118.828899975 6.507078876 0.000488511 -0.018159931 -0.998248316 0.056305213
41.812114 37.525277046 -118.970685803 6.508986765 -0.001340328 -0.018417469 -0.998229603 0.056539022
41.925860 36.166998260 -119.119966169 6.524657262 -0.003790997 -0.019256646 -0.998182476 0.056978542
42.012071 35.197463344 -119.233443450 6.534747490 -0.004765360 -0.020998370 -0.998135474 0.057113361
42.112039 33.972492210 -119.359751566 6.575510579 -0.005481321 -0.022747255 -0.998025460 0.058289785
42.213136 32.757699695 -119.509808811 6.596042391 -0.005448769 -0.022191319 -0.998025124 0.058512467
42.312091 31.566392305 -119.652239290 6.631040057 -0.004027738 -0.022215567 -0.997976563 0.059439258
42.412020 30.364438076 -119.796265355 6.650576828 -0.003283722 -0.020299265 -0.997970585 0.060264990
42.512093 29.159373510 -119.956583337 6.667176074 -0.003893732 -0.017955568 -0.998014422 0.060246583
42.628819 27.754817885 -120.138720554 6.685868476 -0.004184367 -0.016654133 -0.998006089 0.060736944
42.712120 26.818895261 -120.260058903 6.699210505 -0.004015273 -0.016711379 -0.998024690 0.060426195
42.820894 25.486487274 -120.429709645 6.722603809 -0.003280777 -0.017271115 -0.997969348 0.061221943
42.912044 24.389111106 -120.564197698 6.744235619 -0.002680962 -0.017986783 -0.997975900 0.060937595
43.012091 23.153675187 -120.714956962 6.763724238 -0.002798481 -0.018710651 -0.997929023 0.061479635
43.112066 21.923595818 -120.875801939 6.783735239 -0.003051246 -0.018253453 -0.997925871 0.061655965
43.212119 20.681194971 -121.041043317 6.803138955 -0.002432166 -0.018191324 -0.997926509 0.061691513
43.321016 19.336015419 -121.212353452 6.823017234 -0.002456756 -0.017974358 -0.997933044 0.061648415
43.412068 18.264390569 -121.349935218 6.840063577 -0.003448311 -0.018143728 -0.997917824 0.061797500
43.519324 16.929835571 -121.517352140 6.860321417 -0.004627363 -0.018319909 -0.997916206 0.061694527
43.612068 15.810159238 -121.660528957 6.883348120 -0.004486619 -0.018359929 -0.997934105 0.061402819
43.725034 14.388412327 -121.840109322 6.907723633 -0.003171733 -0.017916919 -0.997963048 0.061144735
43.820195 13.266923267 -121.984922001 6.923800172 -0.002300932 -0.017537398 -0.998025428 0.060269313
43.920146 12.020786088 -122.139438035 6.937589263 -0.001630012 -0.017756391 -0.998051021 0.059801440
44.012045 10.875666820 -122.279437285 6.954205206 -0.001353566 -0.017850613 -0.998074228 0.059391577
44.112119 9.596710594 -122.439406973 6.965915798 -0.001604537 -0.018049256 -0.998088463 0.059085280
44.219728 8.224727583 -122.602362934 6.983923748 -0.002148292 -0.018394139 -0.998124625 0.058346155
44.319671 6.971259433 -122.748727875 6.995050623 -0.002906382 -0.019085637 -0.998152816 0.057604236
44.417952 5.735604491 -122.894956509 7.013010115 -0.002866715 -0.019527750 -0.998186872 0.056863150
44.512044 4.530576628 -123.029202683 7.031111747 -0.001306316 -0.021102489 -0.998181142 0.056456935
44.611996 3.211241948 -123.173355470 7.046177359 0.000835055 -0.022268272 -0.998178001 0.056072322
44.712093 1.916194230 -123.315905431 7.066964964 0.000406166 -0.023465704 -0.998166571 0.055791507
44.812040 0.637273489 -123.466604081 7.071021626 -0.002399825 -0.023753053 -0.998198059 0.055051511
44.916904 -0.716717141 -123.625369933 7.095575046 -0.003986751 -0.023170630 -0.998229078 0.054643706
45.013413 -1.935757153 -123.767282109 7.111802233 -0.003282006 -0.021770761 -0.998277545 0.054380200
45.112018 -3.231330124 -123.917997812 7.136011925 -0.002686475 -0.021882641 -0.998262297 0.054647219
45.212039 -4.551173338 -124.059691187 7.150742315 -0.001803942 -0.022678797 -0.998233439 0.054885508
45.341488 -6.255282464 -124.249099740 7.175386394 -0.000729210 -0.023811730 -0.998179882 0.055402110
45.441165 -7.398856019 -124.370160916 7.187137449 -0.000318846 -0.024363989 -0.998149916 0.055704942
45.541442 -8.630313009 -124.518415981 7.203995301 -0.000715745 -0.024565953 -0.998114779 0.056239570
45.637747 -9.824574392 -124.658587256 7.216433691 -0.000196624 -0.024611472 -0.998062867 0.057137991
45.713286 -10.788563313 -124.775688046 7.228965016 -0.000190767 -0.024329970 -0.998026622 0.057886775
45.813296 -12.168511308 -124.947560836 7.241807366 -0.001391517 -0.023674329 -0.997975799 0.059007580
45.911992 -13.514638793 -125.114788833 7.261392399 -0.000980793 -0.024050464 -0.997950634 0.059288666
46.011995 -14.906402327 -125.281696197 7.284043324 0.000126316 -0.023414315 -0.997938646 0.059751251
46.112019 -16.294537696 -125.449270158 7.294149222 -0.000570050 -0.022915058 -0.997925339 0.060163061
46.212018 -17.674454432 -125.623190676 7.298351400 -0.001285895 -0.022148339 -0.997932496 0.060320232
46.312065 -19.045930557 -125.795386886 7.321575808 -0.001195636 -0.020983326 -0.997952836 0.060402044
46.412013 -20.421679792 -125.968139570 7.330170776 -0.000593675 -0.020450415 -0.997954895 0.060559527
46.512069 -21.792362738 -126.140405888 7.350818259 -0.000332729 -0.020743937 -0.997926026 0.060936239
46.612065 -23.158819893 -126.309283872 7.362907870 -0.000645376 -0.020895173 -0.997931432 0.060793361
46.717130 -24.589370288 -126.485349520 7.376655230 -0.001050761 -0.021216536 -0.997924935 0.060783051
46.812119 -25.847509216 -126.646369302 7.390477267 -0.001026761 -0.021740536 -0.997913321 0.060788967
46.911969 -27.226222987 -126.818545259 7.407668498 0.000536323 -0.022293382 -0.997926306 0.060380509
47.011993 -28.624337730 -126.985740155 7.424371315 0.001718004 -0.022434804 -0.997934064 0.060177508
47.112142 -30.004556787 -127.152793759 7.433322523 0.000930032 -0.022684937 -0.997960820 0.059655088
47.212067 -31.370428467 -127.320846915 7.440740907 -0.000244275 -0.022602865 -0.998009450 0.058874353
47.312042 -32.762609944 -127.492959673 7.452413627 -0.000052249 -0.022096366 -0.998074468 0.057957777
47.412038 -34.144163208 -127.667808394 7.465265086 0.000948738 -0.021763280 -0.998110116 0.057460046
47.512066 -35.531797634 -127.832832381 7.480741526 0.001798345 -0.021817034 -0.998140322 0.056891835
47.612091 -36.926601102 -127.995629446 7.485487011 0.002552813 -0.021650045 -0.998169169 0.056418690
47.712119 -38.307989301 -128.153240204 7.498806306 0.002997552 -0.021561484 -0.998194068 0.055988565
47.812069 -39.705040524 -128.311090366 7.510496136 0.002948626 -0.021471616 -0.998235821 0.055276769
47.912041 -41.094813055 -128.469814044 7.518910496 0.003085297 -0.020789583 -0.998283024 0.054674299
48.012041 -42.474052155 -128.623801079 7.525855254 0.002885954 -0.020905489 -0.998307953 0.054183595
48.112142 -43.833523072 -128.786937084 7.531942505 0.002817618 -0.020147258 -0.998343049 0.053826618
48.219324 -45.323601465 -128.953549950 7.541910595 0.002989081 -0.020556672 -0.998351469 0.053505448
48.312142 -46.579363995 -129.092329709 7.536940638 0.003855202 -0.020371842 -0.998360869 0.053345119
48.437772 -48.349045148 -129.282603844 7.546757962 0.005537095 -0.024103954 -0.998234796 0.053996594
48.537899 -49.608206933 -129.416710897 7.561524257 0.006847964 -0.025747455 -0.998155568 0.054549382
48.637649 -50.882337268 -129.551970436 7.566496270 0.005685184 -0.027009115 -0.998093492 0.055204770
48.737950 -52.177595163 -129.695284078 7.569499593 0.003191191 -0.026184973 -0.998111034 0.055484486
48.812144 -53.152710925 -129.825050729 7.563135333 0.002248350 -0.024512601 -0.998175069 0.055141712
48.937276 -54.928857897 -130.039415537 7.574425087 0.004275050 -0.023997340 -0.998154059 0.055626661
49.037798 -56.279781250 -130.188978035 7.577462347 0.004458250 -0.024654292 -0.998125987 0.055828342
49.137475 -57.623166192 -130.335803392 7.583086050 0.003005536 -0.027930846 -0.998033291 0.056039132
49.237224 -58.958661521 -130.490375451 7.590065629 0.003165657 -0.028066282 -0.997997536 0.056596644
49.337222 -60.331726395 -130.647271377 7.606595213 0.003832619 -0.027888115 -0.997990144 0.056773563
49.412114 -61.344139639 -130.771170198 7.607154249 0.003824396 -0.025360571 -0.998047831 0.056945089
49.511967 -62.787288409 -130.948503291 7.612581942 0.004418602 -0.022592476 -0.998075962 0.057571084
49.601279 -64.075147298 -131.114519770 7.616763738 0.004654464 -0.020570093 -0.998112914 0.057669911
49.720023 -65.805486525 -131.332301626 7.619064793 0.004893547 -0.019602089 -0.998089858 0.058381905
49.819772 -67.201119911 -131.490019322 7.615657684 0.005459213 -0.019730529 -0.998062923 0.058747804
49.920518 -68.613290920 -131.661153230 7.612092086 0.006444947 -0.020542654 -0.997987126 0.059650305
50.020591 -70.026930538 -131.831367342 7.611974484 0.006898327 -0.021160032 -0.997932275 0.060297932
50.112070 -71.320840456 -131.984611975 7.609905562 0.006883315 -0.021808013 -0.997886469 0.060824555
50.219622 -72.873462243 -132.185999687 7.605458133 0.007216643 -0.021692941 -0.997857848 0.061294791
50.319920 -74.275825417 -132.359904483 7.600591842 0.007532009 -0.021539723 -0.997849134 0.061452545
50.412118 -75.563828562 -132.523691307 7.596393881 0.007633527 -0.021515223 -0.997852552 0.061393067
50.512092 -77.017935917 -132.709788766 7.583793674 0.007615071 -0.021109306 -0.997842511 0.061698712
50.612043 -78.431185714 -132.884200791 7.583681140 0.007668745 -0.021596562 -0.997835994 0.061628785
50.712045 -79.856761068 -133.072185785 7.579861221 0.007442305 -0.020819277 -0.997870109 0.061371132
50.817277 -81.348331544 -133.264797060 7.573164127 0.006999861 -0.020624152 -0.997905424 0.060913145
50.912012 -82.649695776 -133.426634990 7.571045374 0.007662988 -0.019626580 -0.997954868 0.060350296
51.019524 -84.166071125 -133.616416143 7.565266938 0.008654021 -0.019311248 -0.997961974 0.060200349
51.111966 -85.421225234 -133.778749675 7.560074868 0.009163733 -0.018967521 -0.998004575 0.059524172
51.211995 -86.810732105 -133.955952298 7.549077896 0.009519041 -0.018763074 -0.998019711 0.059278935
51.312070 -88.243819380 -134.130379437 7.537006641 0.009703700 -0.018681852 -0.998067027 0.058472526
51.420696 -89.791093506 -134.324704750 7.521062700 0.010536798 -0.019144929 -0.998069413 0.058136865
51.537751 -91.387031009 -134.513365332 7.499477335 0.011864760 -0.021306022 -0.998013665 0.058086190
51.637950 -92.703623014 -134.664482203 7.486362506 0.013204365 -0.024078807 -0.997942253 0.057940621
51.737597 -94.053416152 -134.814643824 7.475151469 0.014438448 -0.026663122 -0.997833851 0.058379913
51.824685 -95.241451549 -134.949782887 7.458628906 0.015010953 -0.027850987 -0.997731731 0.059417065
51.937649 -96.829839671 -135.144817194 7.440715281 0.015251767 -0.026801133 -0.997727623 0.059905541
52.038295 -98.187487972 -135.316035476 7.415091093 0.015819690 -0.024988928 -0.997759920 0.060003602
52.138344 -99.561334392 -135.495917993 7.395874102 0.016899381 -0.023768396 -0.997744121 0.060466055
52.212094 -100.574457631 -135.626572550 7.377031015 0.016108066 -0.022990195 -0.997773847 0.060492411
52.312017 -102.042140772 -135.814191507 7.344333025 0.012470021 -0.021412568 -0.997877558 0.060219437
52.412015 -103.475362499 -135.998468944 7.331317819 0.012086457 -0.019970283 -0.997964423 0.059347415
52.512114 -104.919818273 -136.183947499 7.306245970 0.014600304 -0.017821669 -0.997995839 0.058936615
52.611995 -106.339430863 -136.356534329 7.284596525 0.015222871 -0.017208264 -0.998018228 0.058581188
52.712067 -107.764630152 -136.534877355 7.246696468 0.014731133 -0.016851706 -0.998060843 0.058082421
52.811944 -109.170668244 -136.706685737 7.223426031 0.013750672 -0.015818447 -0.998119862 0.057597199
52.912118 -110.589585342 -136.876141915 7.194430145 0.011746038 -0.015186803 -0.998179912 0.057168648
53.012041 -111.993630758 -137.043317992 7.178147605 0.010619606 -0.014698253 -0.998224688 0.056733219
53.112043 -113.404726319 -137.215571387 7.161614506 0.012118304 -0.015026584 -0.998195738 0.056856107
53.212139 -114.796311557 -137.380677191 7.145689861 0.013552171 -0.016086294 -0.998149362 0.057056296
53.311995 -116.206732402 -137.546955578 7.122914203 0.013910929 -0.016590397 -0.998123498 0.057277631
53.446945 -118.106048631 -137.775366204 7.089372291 0.015766551 -0.014610672 -0.998127918 0.057259097
53.512096 -118.858545976 -137.868596777 7.073666270 0.018446778 -0.014780379 -0.998076014 0.057319518
53.611943 -120.274075463 -138.022898476 7.039781684 0.014824708 -0.015212975 -0.998096048 0.057905714
53.712139 -121.682569223 -138.197560483 7.002812633 0.008539522 -0.016045834 -0.998165228 0.057756260
53.812116 -123.129759887 -138.375530804 7.004930605 0.007257059 -0.016012642 -0.998149486 0.058211113
53.912115 -124.570216154 -138.560232459 6.999504188 0.010093590 -0.014991381 -0.998148938 0.058069581
54.011943 -125.992616458 -138.732732317 6.985516935 0.013830397 -0.013605030 -0.998131551 0.057939887
54.112117 -127.407957102 -138.902666705 6.952344605 0.016291664 -0.012644372 -0.998135322 0.057450679
54.211990 -128.820040790 -139.074264856 6.920986268 0.016283842 -0.011122988 -0.998155037 0.057425056
54.311992 -130.236395999 -139.245637803 6.886088095 0.015858018 -0.010266896 -0.998173064 0.057390309
54.412045 -131.656695158 -139.419788725 6.866566056 0.016757140 -0.010146705 -0.998185741 0.056933898
54.512120 -133.065538557 -139.587413677 6.823077125 0.018293061 -0.010878805 -0.998136058 0.057196376
54.611994 -134.476905630 -139.744167161 6.789412897 0.019674229 -0.012424134 -0.998087990 0.057261945
54.712114 -135.891722518 -139.910396724 6.747224028 0.019732844 -0.012862748 -0.998067663 0.057498730
54.812070 -137.300963775 -140.091322041 6.708759959 0.019160860 -0.013503694 -0.998098251 0.057012222
54.911991 -138.720846108 -140.261856716 6.666776238 0.020327784 -0.012850950 -0.998080953 0.057061777
55.012142 -140.149811970 -140.427055278 6.623394098 0.022349469 -0.013297060 -0.998047532 0.056787443
55.111992 -141.552120245 -140.591616270 6.576568414 0.024208478 -0.014111330 -0.997960567 0.057354392
55.212043 -142.954185537 -140.760478845 6.525720469 0.024812117 -0.014822617 -0.997913078 0.057741987
55.312094 -144.361771523 -140.931477718 6.471400116 0.024141236 -0.014655741 -0.997921083 0.057930319
55.412119 -145.779869854 -141.104557282 6.422429390 0.025379133 -0.014740609 -0.997878053 0.058120613
55.511994 -147.189116521 -141.278737711 6.356646439 0.027348910 -0.016253545 -0.997761483 0.058820769
55.639719 -148.942290617 -141.497630763 6.280312201 0.024544097 -0.019145662 -0.997739313 0.059559164
55.711961 -149.851360332 -141.595085334 6.245559575 0.022269486 -0.020663062 -0.997758471 0.059625008
55.813239 -151.311047757 -141.764227701 6.207093108 0.023216399 -0.022083602 -0.997689161 0.059913707
55.937500 -153.042252453 -141.986934711 6.142685045 0.025968388 -0.023842688 -0.997570398 0.060087180
56.024686 -154.204466952 -142.122148761 6.099891683 0.027384392 -0.024029020 -0.997493678 0.060655287
56.138022 -155.786921116 -142.325538022 6.034600295 0.028733970 -0.023941629 -0.997467467 0.060496358
56.238122 -157.124020980 -142.500403844 5.972645907 0.028859635 -0.024067461 -0.997454762 0.060596017
56.337773 -158.504931203 -142.665073410 5.916983960 0.027338702 -0.023776095 -0.997518172 0.060372084
56.438246 -159.887492106 -142.839325656 5.858332413 0.027057767 -0.023132879 -0.997551812 0.060192432
56.538171 -161.288605960 -143.022051034 5.797839552 0.028141084 -0.022424114 -0.997538615 0.060182645
56.638499 -162.712561070 -143.202428052 5.732058791 0.028485612 -0.021005154 -0.997570054 0.060011174
56.738497 -164.137557868 -143.382874943 5.660862367 0.028171083 -0.020735803 -0.997600603 0.059744898
56.838345 -165.557683869 -143.561489048 5.591865113 0.027581723 -0.021484391 -0.997604686 0.059687187
56.938721 -166.984918557 -143.739341883 5.527663943 0.025736088 -0.023363952 -0.997620318 0.059543947
57.038772 -168.433812864 -143.915132045 5.475188567 0.022371574 -0.025114872 -0.997677944 0.059223941
57.123288 -169.664266207 -144.057608826 5.436960841 0.020002978 -0.025954818 -0.997731947 0.058797879
57.212139 -171.025321587 -144.226988476 5.403176779 0.020974877 -0.025139053 -0.997760852 0.058321221
57.338625 -172.986354846 -144.481211322 5.339447401 0.026686191 -0.021312822 -0.997728310 0.058067456
57.438823 -174.405944653 -144.651033311 5.271791452 0.029726635 -0.019579403 -0.997686378 0.057921194
57.539095 -175.847555470 -144.833587381 5.195496951 0.029576206 -0.018504022 -0.997726169 0.057665771
57.620270 -177.011825066 -144.974592709 5.130410955 0.028096963 -0.017632203 -0.997793836 0.057507633
57.712092 -178.410997538 -145.140318466 5.059250585 0.027632123 -0.018953611 -0.997811174 0.057009536
57.839046 -180.371896054 -145.365025809 4.970564443 0.028549086 -0.021018271 -0.997772720 0.056504694
57.938971 -181.810961223 -145.519300369 4.903553403 0.028644860 -0.022962667 -0.997740973 0.056259572
58.038871 -183.266668009 -145.683315980 4.838778191 0.028887335 -0.024241501 -0.997706316 0.056213689
58.138720 -184.723212315 -145.853244301 4.776278962 0.029997659 -0.024950590 -0.997682345 0.055745369
58.238744 -186.198198323 -146.023568770 4.701248394 0.031648765 -0.024724022 -0.997664530 0.055250012
58.338549 -187.673402341 -146.197440081 4.630649047 0.031467493 -0.024037276 -0.997709975 0.054834408
58.438795 -189.170801872 -146.366168496 4.548582655 0.030230848 -0.022045220 -0.997820719 0.054349956
58.516733 -190.342952155 -146.508676979 4.492970221 0.029601203 -0.021295980 -0.997901575 0.053504175
58.611992 -191.848442015 -146.693520756 4.415274113 0.030478602 -0.020148909 -0.997922275 0.053067961
58.738325 -193.840135507 -146.923118432 4.319946073 0.031866615 -0.019973408 -0.997948918 0.051802883
58.838373 -195.321871123 -147.069016731 4.241391548 0.032526860 -0.019962070 -0.997953520 0.051305853
58.938448 -196.822274873 -147.222452287 4.163116518 0.034008405 -0.019716379 -0.997947238 0.050556934
59.037975 -198.319504055 -147.372786371 4.075588239 0.034628126 -0.019493584 -0.997969239 0.049782445
59.138225 -199.838623372 -147.534203930 3.993769433 0.034367816 -0.019658248 -0.998008058 0.049115396
59.237752 -201.336664902 -147.690684841 3.908613255 0.033760514 -0.019189215 -0.998076169 0.048331791
59.337526 -202.852825353 -147.845850380 3.834068741 0.035031989 -0.020130725 -0.998034482 0.047902886
59.437149 -204.366851567 -147.997971927 3.743584997 0.035785115 -0.019087847 -0.998059432 0.047248812
59.537575 -205.898676566 -148.156374218 3.651230386 0.036182641 -0.019341659 -0.998062149 0.046783150
59.637795 -207.416701470 -148.306381066 3.566259960 0.037283666 -0.018500186 -0.998068777 0.046112781
59.737099 -208.924141843 -148.454589160 3.475015640 0.037276224 -0.017332076 -0.998093227 0.046043376
59.836551 -210.441281105 -148.601099656 3.381288245 0.035084217 -0.016844182 -0.998204743 0.045526493
59.936400 -211.948403572 -148.746703049 3.292948879 0.032982704 -0.017050946 -0.998320027 0.044480676
60.036775 -213.474822815 -148.887313495 3.214850178 0.033586269 -0.017039622 -0.998315979 0.044122790
60.136375 -214.989286301 -149.024230307 3.129757546 0.035156745 -0.017035188 -0.998252392 0.044339227
60.236301 -216.504093062 -149.168255762 3.046054334 0.036025316 -0.017304822 -0.998211416 0.044459972
60.336401 -218.023127128 -149.308454255 2.953871212 0.037331945 -0.017010382 -0.998162781 0.044587382
60.436225 -219.528904956 -149.456421857 2.863771660 0.038255794 -0.017298188 -0.998114661 0.044770415
60.535953 -221.032110446 -149.592481481 2.772302002 0.038273831 -0.017214177 -0.998124608 0.044565147
60.635902 -222.534387482 -149.744218333 2.674096835 0.038902747 -0.016984639 -0.998113161 0.044364574
60.746676 -224.187874464 -149.896606859 2.569742697 0.039705223 -0.016046354 -0.998093585 0.044443274
60.825055 -225.313276233 -150.004574582 2.494563684 0.039599215 -0.015440473 -0.998125834 0.044026287
60.911996 -226.678080711 -150.132759765 2.400909100 0.039559739 -0.014326856 -0.998169621 0.043441635
61.046873 -228.820491447 -150.330618544 2.257333017 0.041730142 -0.013965578 -0.998147705 0.042008535
61.146775 -230.261750735 -150.453053963 2.152354894 0.042756888 -0.014441659 -0.998105463 0.041818326
61.244726 -231.679794988 -150.568131164 2.052457052 0.043846101 -0.015932440 -0.998054634 0.041359691
61.341436 -233.116140865 -150.682865558 1.950474646 0.043584608 -0.016810784 -0.998083264 0.040590370
61.436554 -234.516853478 -150.807884782 1.852085028 0.042620824 -0.017254150 -0.998136782 0.040108909
61.511995 -235.643200583 -150.899712097 1.770609068 0.041565418 -0.017541987 -0.998222593 0.038939061
61.612090 -237.219585751 -151.034618608 1.660202030 0.041890177 -0.017438379 -0.998273337 0.037302286
61.712142 -238.777984462 -151.156722053 1.552442656 0.041776298 -0.017382505 -0.998300652 0.036720524
61.812094 -240.307293027 -151.278189142 1.448075697 0.041473386 -0.018421157 -0.998327498 0.035816557
61.937250 -242.190397434 -151.423047495 1.328558134 0.042146829 -0.019030879 -0.998332469 0.034550722
62.036649 -243.551828087 -151.516238791 1.232756990 0.042714740 -0.019549393 -0.998307065 0.034296894
62.137200 -244.946287179 -151.607030712 1.142296481 0.043235034 -0.019201788 -0.998310924 0.033724221
62.236550 -246.323243454 -151.720699068 1.045286471 0.044064149 -0.018609946 -0.998311029 0.032971365
62.336451 -247.704536049 -151.818689255 0.940920955 0.044841825 -0.018753276 -0.998292338 0.032402659
62.437473 -249.080156496 -151.903528668 0.846458147 0.044906303 -0.020267498 -0.998281277 0.031735548
62.541239 -250.471127207 -152.001416279 0.744561564 0.043616131 -0.020274187 -0.998341035 0.031650729
62.636826 -251.746529289 -152.085037083 0.655661661 0.041544978 -0.021346970 -0.998412394 0.031480366
62.711994 -252.774514219 -152.153318162 0.592739577 0.041111176 -0.020729280 -0.998451114 0.031233642
62.811994 -254.204563006 -152.261726575 0.488638667 0.041589278 -0.018542484 -0.998497374 0.030487741
62.912093 -255.645011449 -152.366620636 0.391006409 0.042741520 -0.017798270 -0.998469776 0.030240542
63.012143 -257.032289461 -152.466352122 0.286004077 0.044125560 -0.017200103 -0.998434493 0.029759949
63.146772 -258.905348078 -152.583994213 0.145001927 0.044556583 -0.017700226 -0.998425268 0.029127264
63.211991 -259.688810064 -152.615946710 0.089939926 0.045176231 -0.018055015 -0.998389631 0.029176529
63.312069 -261.000078794 -152.722796884 -0.008283510 0.045046084 -0.017637062 -0.998406860 0.029043530
63.412093 -262.363107268 -152.811138567 -0.111395585 0.043718728 -0.016774610 -0.998485095 0.028892922
63.511993 -263.725897704 -152.894348800 -0.216464006 0.043480304 -0.015989771 -0.998531943 0.028066859
63.612067 -265.076264839 -152.978888845 -0.311641972 0.044337762 -0.015057597 -0.998527832 0.027378821
63.712093 -266.429474340 -153.052690278 -0.411564127 0.044112667 -0.014553008 -0.998563154 0.026719103
63.812165 -267.756596896 -153.135839442 -0.510136455 0.043987449 -0.015167088 -0.998579414 0.025965710
63.904221 -268.972654210 -153.200800497 -0.591617413 0.044677771 -0.015146463 -0.998566946 0.025269280
64.004220 -270.304040928 -153.271818076 -0.688949815 0.044945604 -0.015591436 -0.998576211 0.024131938
64.104172 -271.620422997 -153.345295260 -0.787616637 0.045217044 -0.015402730 -0.998590891 0.023117270
64.204171 -272.905658616 -153.413829467 -0.880199345 0.045973387 -0.015113721 -0.998593259 0.021668571
64.304172 -274.150732569 -153.478761922 -0.971749624 0.045899260 -0.014271948 -0.998638570 0.020262680
64.404220 -275.393252361 -153.530441533 -1.067200642 0.044989999 -0.013685585 -0.998725103 0.018351409
64.504123 -276.618487511 -153.574683119 -1.156419207 0.043632864 -0.012987045 -0.998831054 0.016249148
64.612115 -277.935882289 -153.629047035 -1.257818541 0.042462997 -0.012582589 -0.998918089 0.014185339
64.704224 -279.031137711 -153.668014551 -1.334341353 0.042057636 -0.012812269 -0.998959000 0.012162110
64.900271 -281.442003329 -153.737208056 -1.512674745 0.044057205 -0.013061007 -0.998913484 0.007760453
65.000197 -282.533149679 -153.748179216 -1.596475751 0.044181113 -0.012726953 -0.998916590 0.007190221
65.004222 -282.577474379 -153.747816835 -1.594797835 0.045454546 -0.012929791 -0.998853164 0.007685205
65.104397 -283.828375590 -153.757060876 -1.693005427 0.046135649 -0.013964754 -0.998833269 0.002930616
65.204373 -285.077131585 -153.763155741 -1.798086347 0.046062896 -0.015218245 -0.998822613 0.000042803
65.304397 -286.337967807 -153.766372422 -1.889710596 -0.045546169 0.016308049 0.998824549 0.003018982
65.404347 -287.582517970 -153.760995140 -1.993382408 -0.044956358 0.016776922 0.998831579 0.005739179
65.504442 -288.828139583 -153.744570944 -2.085468843 -0.045907808 0.017581856 0.998752117 0.008806882
65.644826 -290.567127514 -153.719237757 -2.223336038 -0.046097128 0.017174294 0.998706191 0.012885782
65.712040 -291.361382528 -153.694432375 -2.287506973 -0.045577844 0.016796756 0.998724285 0.013796095
65.812066 -292.559562541 -153.662246677 -2.378132046 -0.043860224 0.015433881 0.998760298 0.017774819
65.912066 -293.775622132 -153.626905168 -2.476945896 -0.043729757 0.014368324 0.998709993 0.021438497
66.030913 -295.192264606 -153.566590603 -2.587494335 -0.045600457 0.014478527 0.998510853 0.026211574
66.146900 -296.537192648 -153.495742515 -2.699468878 -0.046983927 0.014849675 0.998320719 0.030458808
66.244701 -297.637538002 -153.423249320 -2.786429766 -0.047166349 0.015832734 0.998172807 0.034288589
66.346747 -298.805570294 -153.339315657 -2.882515517 -0.047358265 0.016540410 0.997977124 0.039054698
66.412089 -299.554379423 -153.272000539 -2.936282719 -0.047446826 0.017880309 0.997798531 0.042745587
66.511996 -300.774573920 -153.162092096 -3.043144773 -0.044689556 0.014235685 0.997654419 0.049858284
66.612091 -302.011011258 -153.046044791 -3.140403955 -0.042469541 0.012653334 0.997483091 0.055350838
66.712018 -303.225166718 -152.917102230 -3.232593637 -0.042628229 0.010509727 0.997182977 0.060815215
66.812067 -304.445930144 -152.767534924 -3.329498257 -0.043385830 0.010074032 0.996848811 0.065640161
66.912142 -305.634916442 -152.615229588 -3.422516494 -0.043238866 0.010819632 0.996597563 0.069329887
67.012017 -306.826448091 -152.448315305 -3.516642460 -0.042662467 0.012065067 0.996436443 0.071754887
67.111968 -308.018989387 -152.280072981 -3.601930055 -0.042896624 0.013609134 0.996356965 0.072439421
67.212115 -309.208580741 -152.102192267 -3.688681998 -0.043274003 0.014962580 0.996358431 0.071926068
67.339442 -310.683819629 -151.898548855 -3.799673507 -0.043312020 0.016155640 0.996498049 0.069675690
67.439442 -311.773592088 -151.765554151 -3.881585122 -0.043315240 0.017114751 0.996633147 0.067477739
67.535352 -312.822545985 -151.642187140 -3.959497696 -0.043733959 0.018425107 0.996830912 0.063843474
67.633631 -313.911336401 -151.510457726 -4.039410332 -0.044874488 0.019017572 0.997047230 0.059341663
67.733709 -315.018430006 -151.388270418 -4.124407359 -0.045576720 0.019606452 0.997327000 0.053639573
67.835727 -316.129793150 -151.285113969 -4.208343330 -0.045189458 0.018671642 0.997627398 0.048465011
67.937649 -317.227378110 -151.199710946 -4.300420368 -0.044885282 0.018000056 0.997878690 0.043582447
68.036725 -318.286485857 -151.117347237 -4.381273331 -0.045271099 0.017538376 0.998047503 0.039295227
68.136375 -319.349761005 -151.044141404 -4.461842357 -0.046394806 0.016933748 0.998163185 0.035085987
68.299997 -321.089920898 -150.948554447 -4.600892181 -0.046933695 0.016818245 0.998337329 0.028930121
68.399499 -321.971064786 -150.924840699 -4.664347994 -0.046680049 0.016544416 0.998406183 0.027061932
68.499000 -322.922115435 -150.863166789 -4.745765376 -0.045511570 0.016452684 0.998538961 0.024040582
68.599050 -323.880781359 -150.829067353 -4.822236834 -0.044735160 0.016634782 0.998618754 0.021968931
68.698975 -324.852212842 -150.786613015 -4.893650679 -0.044568512 0.016454354 0.998657609 0.020636921
68.798925 -325.842009580 -150.763181350 -4.976334815 -0.044968884 0.015824099 0.998678762 0.019186646
68.898776 -326.856415341 -150.734709054 -5.052616220 -0.045427724 0.015904363 0.998675572 0.018178986
68.998725 -327.876151200 -150.695959133 -5.136823607 -0.045617652 0.015379178 0.998678762 0.017978904
69.098526 -328.904568782 -150.663720200 -5.214877841 -0.045645755 0.015822419 0.998677691 0.017578015
69.198651 -329.931869528 -150.631407964 -5.304322810 -0.045881494 0.015895652 0.998674242 0.017087269
69.299000 -330.984630876 -150.597716446 -5.382173762 -0.046354446 0.016499034 0.998646626 0.016851199
69.399349 -332.040466983 -150.563626868 -5.469217872 -0.046883412 0.016319966 0.998627255 0.016709570
69.499748 -333.091962483 -150.534015111 -5.551634985 -0.046844383 0.016256878 0.998628928 0.016780376
69.600022 -334.134622859 -150.507427478 -5.639067342 -0.046792560 0.016316631 0.998625886 0.017045903
69.646825 -334.623739772 -150.493326224 -5.681248989 -0.046740184 0.016432715 0.998621447 0.017335695
69.746716 -335.770895128 -150.452469758 -5.774742022 -0.048411088 0.016773477 0.998529129 0.017736828
69.841713 -336.827893161 -150.427676361 -5.859967243 -0.048929870 0.016575021 0.998500326 0.018117289
69.941538 -337.942762530 -150.391958102 -5.955099018 -0.049112425 0.016908222 0.998479775 0.018445046
70.044728 -339.067559118 -150.352646716 -6.046117349 -0.048844163 0.017054454 0.998484127 0.018784098
70.197941 -340.688736941 -150.297239686 -6.178277238 -0.049154078 0.016840683 0.998461448 0.019365031
70.295698 -341.503186929 -150.276078800 -6.243006828 -0.049015412 0.016514950 0.998462479 0.019935492
70.395607 -342.383381178 -150.242398624 -6.320528256 -0.049319586 0.017015634 0.998439630 0.019908586
70.438891 -342.755857058 -150.220919219 -6.346810224 -0.049597791 0.017635486 0.998417627 0.019781054
70.524411 -343.575569412 -150.194531505 -6.418648397 -0.050010019 0.017618459 0.998397690 0.019764611
70.639594 -344.669441980 -150.162456045 -6.510855458 -0.049782798 0.017402519 0.998404276 0.020192230
70.740161 -345.573589388 -150.137385597 -6.587368033 -0.049696926 0.017569478 0.998404582 0.020243992
70.840713 -346.463094110 -150.111151457 -6.659497594 -0.049949511 0.017719652 0.998387427 0.020337314
70.940638 -347.318240470 -150.079084176 -6.730973542 -0.050238172 0.017814721 0.998375229 0.020141109
71.040286 -348.156626215 -150.057823803 -6.794563283 -0.050181754 0.017515823 0.998390737 0.019771791
71.144679 -349.010461949 -150.019650411 -6.870749316 -0.050571011 0.017276972 0.998391621 0.018927514
71.241187 -349.756591635 -149.993068808 -6.929419756 -0.050739359 0.017342397 0.998392561 0.018359010
71.344603 -350.552072590 -149.974349509 -6.994903735 -0.050887710 0.016993429 0.998397513 0.018001960
71.444454 -351.290270111 -149.949059303 -7.058722170 -0.051310888 0.016814205 0.998383279 0.017756801
71.541361 -351.975540084 -149.933268238 -7.110922929 -0.051731457 0.016920921 0.998363165 0.017565008
71.640961 -352.657640199 -149.915507967 -7.171975564 -0.051459581 0.016876925 0.998384055 0.017215094
71.744604 -353.349148014 -149.897969696 -7.225833931 -0.050831031 0.016712268 0.998425616 0.016828408
71.844581 -353.982001433 -149.877951791 -7.281593914 -0.050459787 0.016531584 0.998457002 0.016252146
71.944728 -354.609699301 -149.859320631 -7.335382452 -0.050096602 0.016674978 0.998475461 0.016094412
72.044879 -355.223023271 -149.840453547 -7.388143058 -0.049553360 0.017117636 0.998495483 0.016069259
72.144780 -355.823880041 -149.824138535 -7.432923534 -0.049331647 0.017219153 0.998505355 0.016029530
72.246794 -356.419081269 -149.808180195 -7.483817688 -0.049052396 0.016939233 0.998523721 0.016040668
72.346922 -357.006760541 -149.791528635 -7.532881311 -0.048448637 0.017046509 0.998548095 0.016243417
72.412116 -357.374497936 -149.780591026 -7.563777602 -0.047906283 0.017055928 0.998570847 0.016442201
72.546898 -358.212620599 -149.755732045 -7.634634813 -0.047946907 0.017130170 0.998548860 0.017544978
72.612019 -358.576583735 -149.742921332 -7.664286743 -0.047848195 0.016950224 0.998554471 0.017669452
72.744802 -359.383080480 -149.719738101 -7.732029230 -0.048013519 0.017181801 0.998528284 0.018459529
72.846971 -359.934707547 -149.703909667 -7.773846358 -0.047793422 0.017167819 0.998532092 0.018833917
72.946874 -360.457585262 -149.683428526 -7.819149036 -0.048064039 0.016833412 0.998508816 0.019662866
73.044675 -360.977058020 -149.665539347 -7.861798573 -0.048065265 0.016907332 0.998489889 0.020538089
73.147147 -361.523329015 -149.642531686 -7.907128153 -0.048247294 0.016732601 0.998456812 0.021822294
73.207372 -361.826275591 -149.629444542 -7.934140771 -0.048661961 0.016746216 0.998425607 0.022313354
73.307300 -362.411594268 -149.605044966 -7.982492949 -0.049590445 0.017038340 0.998344178 0.023651327
73.407423 -362.959583572 -149.581216204 -8.027440331 -0.049640428 0.017146008 0.998315948 0.024639596
73.507426 -363.485335391 -149.556587717 -8.070539877 -0.049366093 0.017277846 0.998307234 0.025438779
73.607475 -363.982041583 -149.527893384 -8.109535143 -0.049496452 0.017190820 0.998280995 0.026260858
73.707475 -364.459277968 -149.505520621 -8.152539832 -0.049553679 0.017233992 0.998248427 0.027340451
73.810253 -364.924299879 -149.477157107 -8.190669533 -0.049386581 0.017515253 0.998228242 0.028187898
73.910101 -365.351401911 -149.452172180 -8.227382578 -0.049531508 0.017694897 0.998206955 0.028572649
74.010251 -365.753267252 -149.433676394 -8.258210078 -0.049618951 0.017727415 0.998192577 0.028901181
74.110303 -366.128270384 -149.413194561 -8.289677914 -0.049782380 0.017330152 0.998179120 0.029322757
74.223541 -366.538428665 -149.388178679 -8.323867176 -0.050209555 0.017421379 0.998145766 0.029673643
74.310228 -366.806595913 -149.376595422 -8.344567965 -0.050365832 0.017329130 0.998135463 0.029809088
74.410378 -367.132291680 -149.357846813 -8.374320678 -0.050364847 0.017378176 0.998121683 0.030240481
74.510324 -367.441349716 -149.343996578 -8.400401347 -0.050303378 0.017583105 0.998117381 0.030366065
74.610327 -367.739204847 -149.321851155 -8.425428207 -0.049980786 0.017720108 0.998118666 0.030774146
74.710525 -368.016294215 -149.312322092 -8.447865207 -0.049591282 0.017426773 0.998144371 0.030738036
74.810326 -368.284383571 -149.301856188 -8.471041954 -0.049627796 0.017120121 0.998143555 0.030877614
74.910428 -368.536885333 -149.287988838 -8.493447964 -0.049771296 0.017137036 0.998134413 0.030932723
75.010428 -368.765177411 -149.276338556 -8.511946332 -0.049680647 0.017196322 0.998137610 0.030942374
75.110573 -368.983128226 -149.265738802 -8.530095312 -0.049782494 0.017156426 0.998134187 0.030911258
75.210427 -369.183025738 -149.258898786 -8.547997755 -0.049900051 0.017126346 0.998138130 0.030609587
75.310498 -369.384740271 -149.247744715 -8.562617330 -0.049746535 0.016990819 0.998144716 0.030720015
75.424907 -369.593006826 -149.238453940 -8.580745070 -0.049897890 0.016561891 0.998147908 0.030604885
75.510574 -369.726839164 -149.228663998 -8.591899294 -0.050026454 0.016403186 0.998151164 0.030373401
75.610573 -369.898159518 -149.219191538 -8.606630756 -0.049882157 0.016381682 0.998170758 0.029975805
75.710526 -370.059201584 -149.209441642 -8.620448529 -0.049226765 0.016601299 0.998201521 0.029913959
75.810572 -370.216293137 -149.202015321 -8.632208672 -0.048424988 0.016734177 0.998243174 0.029758261
75.910472 -370.370928741 -149.196535395 -8.645912567 -0.047845879 0.016746782 0.998277464 0.029536786
76.010523 -370.514207377 -149.189996187 -8.657643507 -0.047706983 0.016608584 0.998294129 0.029275079
76.110526 -370.665323740 -149.180470912 -8.671750149 -0.047751073 0.016552094 0.998304534 0.028877666
76.210624 -370.822841679 -149.171024163 -8.684627562 -0.047750237 0.016736007 0.998307848 0.028657672
76.310649 -370.983352909 -149.159288063 -8.698683021 -0.047744219 0.016913652 0.998311081 0.028450031
76.410647 -371.136364017 -149.154820211 -8.710670507 -0.047713952 0.017075630 0.998314182 0.028294805
76.507698 -371.283833608 -149.148074675 -8.722734023 -0.047636083 0.016964102 0.998327144 0.028034548
76.607703 -371.432930690 -149.145562541 -8.735977206 -0.047728263 0.016839559 0.998327394 0.027943814
76.707803 -371.608287459 -149.134746418 -8.751671031 -0.047813660 0.016818667 0.998345316 0.027159105
76.807752 -371.779763169 -149.123712610 -8.766874382 -0.047727202 0.016877408 0.998352472 0.027011286
76.907802 -371.945938108 -149.118185710 -8.779501711 -0.047617438 0.016869317 0.998357710 0.027016453
77.007902 -372.118632043 -149.109706479 -8.795298661 -0.047738977 0.016478389 0.998357207 0.027061774
77.102992 -372.291169041 -149.102046834 -8.810607702 -0.047726254 0.016333649 0.998372922 0.026588067
77.202941 -372.462430952 -149.090605525 -8.824866329 -0.047681301 0.016462173 0.998388326 0.026004621
77.302942 -372.639497477 -149.079466559 -8.838912585 -0.047883721 0.016539200 0.998374874 0.026100097
77.402917 -372.816466990 -149.073411917 -8.853904648 -0.048089900 0.016685718 0.998371016 0.025773303
77.502991 -372.991934426 -149.066386714 -8.868543941 -0.048050650 0.016609191 0.998380166 0.025540429
77.603041 -373.164208735 -149.061399491 -8.884018599 -0.048164118 0.016492609 0.998379648 0.025422231
77.703091 -373.343723937 -149.057008580 -8.898583199 -0.048288919 0.016437912 0.998385192 0.024999688
77.803091 -373.535330096 -149.048717666 -8.914387303 -0.048218222 0.016444816 0.998395602 0.024714219
77.903091 -373.712185755 -149.035142206 -8.930563690 -0.048072337 0.016391231 0.998408018 0.024531747
78.003041 -373.867744190 -149.032825687 -8.945013306 -0.048190670 0.016310907 0.998401941 0.024600382
78.103142 -374.062337199 -149.019513812 -8.962146560 -0.048492384 0.016551760 0.998397661 0.024013305
78.203166 -374.224282132 -149.015726617 -8.976658301 -0.048675063 0.017244127 0.998370031 0.024303488
78.303290 -374.387768676 -149.007310866 -8.988288033 -0.048786556 0.017675775 0.998363444 0.024038966
78.403316 -374.557429670 -149.007978541 -9.001870074 -0.048807801 0.017355543 0.998381896 0.023455765
78.503465 -374.711911319 -149.002035359 -9.014236463 -0.048840976 0.016894888 0.998394425 0.023188227
78.700222 -374.999294111 -148.989618885 -9.039319508 -0.049134921 0.016774385 0.998386536 0.022993554
78.800345 -375.060046069 -148.984868268 -9.044293976 -0.048888045 0.016848819 0.998392908 0.023187895
78.844850 -375.103517437 -148.982350966 -9.048650709 -0.048861664 0.016865569 0.998394262 0.023173016
78.944804 -375.221246152 -148.973257153 -9.061152177 -0.049348556 0.016735245 0.998377351 0.022963359
79.011993 -375.289963912 -148.973455197 -9.066552381 -0.049305014 0.016636742 0.998384328 0.022824718
79.144849 -375.431291369 -148.970405156 -9.079335046 -0.049357319 0.016987920 0.998377500 0.022751549
79.246870 -375.523044003 -148.963811841 -9.086591683 -0.049364330 0.017169425 0.998375095 0.022705578
79.346748 -375.599102310 -148.960574257 -9.091633157 -0.049352664 0.017265174 0.998373193 0.022741948
79.411990 -375.632890732 -148.963291105 -9.094474191 -0.049214080 0.017001319 0.998391131 0.022451717
79.546846 -375.727967081 -148.965120543 -9.104247671 -0.049335116 0.016562033 0.998388481 0.022631523
79.646897 -375.764200798 -148.967264230 -9.107156050 -0.049153033 0.016607940 0.998404371 0.022290539
79.712113 -375.800094628 -148.962998450 -9.110040384 -0.049038863 0.016802344 0.998406378 0.022306401
79.812066 -375.833927167 -148.959138553 -9.113522262 -0.048354325 0.016767782 0.998437195 0.022446998
80.000297 -375.900061622 -148.957662965 -9.119925619 -0.047433786 0.016408362 0.998486585 0.022479794
80.003516 -375.885082486 -148.956741562 -9.119959267 -0.047122558 0.016432397 0.998500705 0.022489598
80.103466 -375.953459755 -148.957025348 -9.125399369 -0.046987776 0.016547669 0.998508438 0.022343293
