1.422192 0.690824 0.009540 0.012428 -0.001016 0.001392 0.009031 0.999958
1.522264 1.357103 0.035172 0.019140 -0.001633 0.001948 0.015268 0.999880
1.623092 1.792029 0.053348 0.016076 -0.002062 0.001422 0.021728 0.999761
1.723661 2.519966 0.113894 0.021447 -0.001856 0.000841 0.027011 0.999633
1.804233 3.011210 0.133283 0.020514 -0.001023 0.000771 0.031578 0.999500
1.903932 3.838234 0.211888 0.035924 -0.002013 0.000235 0.036461 0.999333
2.026331 4.676645 0.300020 0.037141 -0.003298 -0.000134 0.041869 0.999118
2.200248 5.756557 0.395484 0.042722 -0.002808 -0.001558 0.046876 0.998896
2.300048 6.048785 0.421685 0.046051 -0.001177 -0.001421 0.049509 0.998772
2.400072 6.767028 0.508164 0.057267 -0.000945 -0.000655 0.052496 0.998620
2.500297 7.380826 0.585221 0.072727 -0.002106 0.000251 0.055683 0.998446
2.521844 7.561435 0.600207 0.065566 -0.001990 0.001316 0.057950 0.998317
2.622515 8.619128 0.740831 0.092309 -0.003557 0.001649 0.060066 0.998187
2.723240 9.306986 0.824083 0.072141 -0.003010 0.001925 0.061993 0.998070
2.823911 10.057533 0.919285 0.094930 -0.002533 0.003073 0.063484 0.997975
2.923862 10.741991 1.009880 0.085907 -0.002809 0.004130 0.064738 0.997890
3.023763 11.426494 1.110585 0.114199 -0.002914 0.005035 0.065505 0.997835
3.124634 12.117124 1.201564 0.099462 -0.003807 0.004672 0.065553 0.997831
3.223787 12.787856 1.298832 0.118401 -0.004375 0.003645 0.065316 0.997848
3.324636 13.464334 1.386941 0.100177 -0.004221 0.002251 0.064402 0.997913
3.424035 14.126217 1.474790 0.118343 -0.003177 0.001812 0.062959 0.998009
3.523936 14.802379 1.555038 0.095731 -0.003568 0.002605 0.060852 0.998137
3.623565 15.463605 1.640550 0.125195 -0.002396 0.003360 0.058735 0.998265
3.724209 16.152290 1.711724 0.110165 -0.002596 0.003752 0.057296 0.998347
3.885053 17.220192 1.821595 0.132849 -0.001340 0.002003 0.053614 0.998559
3.914662 17.196315 1.830024 0.123154 -0.000149 0.002570 0.056176 0.998418
4.085180 18.456101 1.959037 0.146666 -0.001373 -0.001096 0.049999 0.998748
4.117532 18.477845 1.974950 0.128328 -0.000051 -0.000671 0.052579 0.998617
4.222192 19.396336 2.043214 0.161641 -0.000963 -0.000485 0.049719 0.998763
4.323589 20.109722 2.134550 0.155832 -0.002332 0.000267 0.048134 0.998838
4.417605 20.741514 2.196511 0.185234 -0.002990 0.000623 0.047221 0.998880
4.525630 21.474639 2.269034 0.172634 -0.005016 0.000339 0.045549 0.998949
4.626850 22.097139 2.328296 0.191083 -0.004847 0.000339 0.044563 0.998995
4.727947 22.739213 2.393876 0.182769 -0.005610 0.000542 0.043665 0.999030
4.827399 23.353390 2.442919 0.201387 -0.005656 0.000709 0.042690 0.999072
4.929747 24.013058 2.504273 0.194966 -0.005729 0.000429 0.041894 0.999106
5.028050 24.631759 2.557404 0.211061 -0.004536 0.000101 0.041726 0.999119
5.126255 25.284204 2.617611 0.207106 -0.003506 -0.000165 0.041899 0.999116
5.225681 25.935455 2.673732 0.223763 -0.003096 -0.000138 0.043071 0.999067
5.326003 26.570087 2.732626 0.221908 -0.003427 0.000107 0.044100 0.999021
5.426252 27.226585 2.796181 0.238684 -0.003719 0.000921 0.045403 0.998961
5.529491 27.896948 2.862357 0.235835 -0.004818 0.002716 0.046293 0.998913
5.629641 28.508656 2.925716 0.245616 -0.005332 0.004444 0.047197 0.998862
5.730341 29.144857 2.991191 0.250023 -0.005605 0.005313 0.048149 0.998810
5.830145 29.770155 3.057363 0.260166 -0.006136 0.005443 0.049525 0.998739
5.930941 30.401153 3.121267 0.252304 -0.006023 0.004185 0.050517 0.998696
6.030441 31.010002 3.193156 0.254007 -0.005414 0.002615 0.051758 0.998642
6.130092 31.636676 3.258972 0.251853 -0.004533 0.001967 0.052869 0.998589
6.229770 32.249313 3.323126 0.255653 -0.003672 0.001534 0.053891 0.998539
6.325582 32.852720 3.396560 0.264158 -0.002548 0.001081 0.055230 0.998470
6.425307 33.504213 3.462941 0.267650 -0.001759 0.000245 0.056486 0.998402
6.523640 34.128119 3.538252 0.278775 -0.000955 -0.000734 0.058461 0.998289
6.622962 34.765133 3.608322 0.282516 -0.000558 -0.001529 0.060082 0.998192
6.715411 35.351156 3.687036 0.290840 -0.000559 -0.000769 0.061542 0.998104
6.833290 36.140986 3.795659 0.293891 -0.002523 0.000336 0.063057 0.998007
6.940267 36.740962 3.877023 0.305577 -0.003450 0.001730 0.064878 0.997886
7.044876 37.396591 3.970621 0.297174 -0.004148 0.003132 0.066275 0.997788
7.124534 37.881042 4.031717 0.312491 -0.003393 0.004013 0.068085 0.997666
7.225154 38.635370 4.140221 0.307045 -0.003312 0.003809 0.069434 0.997574
7.326472 39.289606 4.242338 0.323800 -0.004093 0.003525 0.071126 0.997453
7.427775 39.988375 4.348655 0.303226 -0.005789 0.002919 0.072191 0.997370
7.528398 40.659567 4.449262 0.310537 -0.005287 0.002830 0.073675 0.997264
7.625484 41.323343 4.548186 0.297876 -0.004284 0.002143 0.074835 0.997184
7.726080 42.034777 4.660572 0.317914 -0.003126 0.001795 0.075921 0.997107
7.826408 42.738525 4.773479 0.316980 -0.003579 0.001421 0.076779 0.997041
7.927555 43.461365 4.891955 0.317278 -0.004571 0.000452 0.077684 0.996967
8.027377 44.167554 5.008256 0.315630 -0.004945 0.000059 0.078455 0.996905
8.114709 44.810769 5.111256 0.309530 -0.004361 0.000073 0.079264 0.996844
8.224983 45.702060 5.258405 0.325098 -0.004355 0.000657 0.079408 0.996832
8.325238 46.375040 5.368786 0.318182 -0.004406 0.001327 0.079787 0.996801
8.425809 47.154944 5.500675 0.330770 -0.005495 0.001814 0.079519 0.996817
8.525558 47.900885 5.617490 0.322698 -0.005274 0.002018 0.079282 0.996836
8.625808 48.697251 5.740860 0.332064 -0.004793 0.002207 0.078916 0.996867
8.724910 49.457773 5.858229 0.331621 -0.003174 0.002140 0.078604 0.996899
8.824959 50.248287 5.985374 0.342452 -0.002967 0.001959 0.078182 0.996933
8.926704 51.040605 6.112191 0.341419 -0.003975 0.001372 0.077899 0.996952
9.032317 51.855399 6.238213 0.338997 -0.003151 0.001316 0.077623 0.996977
9.122666 52.525997 6.343434 0.347548 -0.002394 0.002520 0.077860 0.996958
9.237928 53.484646 6.501989 0.347958 -0.003071 0.004192 0.077142 0.997007
9.301919 53.906689 6.570036 0.359379 -0.002864 0.004851 0.077982 0.996939
9.423439 55.060930 6.760307 0.354995 -0.002743 0.004613 0.078368 0.996910
9.523363 55.712756 6.870388 0.353357 -0.001932 0.004084 0.079334 0.996838
9.626828 56.542280 6.996009 0.353620 -0.001230 0.005000 0.080062 0.996777
9.700673 56.552269 6.995724 0.354280 -0.001230 0.005022 0.080026 0.996779
9.900346 58.805998 7.386726 0.353675 -0.002213 0.005833 0.081464 0.996657
10.000197 58.982121 7.395940 0.358460 -0.001071 0.006275 0.082582 0.996564
10.022566 59.304028 7.464458 0.354630 0.000108 0.007727 0.084775 0.996370
10.123291 60.151035 7.617600 0.360876 -0.003021 0.004479 0.085395 0.996333
10.217606 60.916510 7.749914 0.364405 -0.002095 0.003132 0.085723 0.996312
10.317506 61.726243 7.895762 0.362597 -0.001594 0.002281 0.086684 0.996232
10.435209 62.634593 8.052850 0.388826 -0.002193 0.002462 0.086592 0.996238
10.536001 63.314038 8.180633 0.362144 -0.002143 0.003770 0.087114 0.996189
10.617653 63.919619 8.280909 0.400946 -0.001815 0.005302 0.088142 0.996092
10.717554 64.730572 8.435933 0.358819 -0.002189 0.005445 0.088764 0.996035
10.817603 65.483841 8.565593 0.409788 -0.002442 0.005053 0.088676 0.996045
10.920747 66.234491 8.705749 0.371494 -0.003309 0.004533 0.088659 0.996046
11.021620 66.947346 8.835714 0.413909 -0.005403 0.004351 0.088621 0.996041
11.121294 67.675799 8.988193 0.374125 -0.008101 0.004784 0.088181 0.996060
11.244680 68.551259 9.153970 0.390447 -0.009706 0.006175 0.086868 0.996153
11.344653 69.136140 9.248944 0.369809 -0.009654 0.007608 0.085988 0.996220
11.440337 69.798812 9.365171 0.395806 -0.010704 0.009499 0.083970 0.996366
11.540565 70.499564 9.481535 0.371977 -0.011312 0.010119 0.081064 0.996593
11.641038 71.186746 9.593978 0.382600 -0.011762 0.010067 0.077847 0.996845
11.721346 71.738937 9.679616 0.355501 -0.010662 0.008536 0.075277 0.997069
11.844579 72.652402 9.823002 0.379430 -0.009868 0.004756 0.068561 0.997587
11.911993 72.993976 9.855140 0.357369 -0.009807 0.003370 0.067055 0.997695
12.012044 73.755644 9.980523 0.372125 -0.011636 0.000760 0.059440 0.998164
12.112119 74.411850 10.044546 0.358578 -0.010490 0.000749 0.052437 0.998569
12.266346 75.411703 10.131035 0.379348 -0.008086 0.003545 0.041429 0.999102
12.346725 75.677210 10.133658 0.374497 -0.007050 0.004207 0.039896 0.999170
12.441686 76.320216 10.189134 0.403944 -0.007523 0.006096 0.031308 0.999463
12.544658 76.948577 10.214676 0.387784 -0.008883 0.006179 0.022094 0.999697
12.646697 77.545163 10.232170 0.405051 -0.009606 0.005300 0.013007 0.999855
12.747645 78.126310 10.236200 0.393582 -0.010000 0.003820 0.002868 0.999939
12.865123 78.819305 10.228051 0.412995 -0.010878 0.002680 -0.011577 0.999870
12.965097 79.332284 10.210666 0.405944 -0.011707 0.002395 -0.022997 0.999664
13.065225 79.909811 10.175828 0.412161 -0.012977 0.001948 -0.038101 0.999188
13.138050 80.318012 10.127898 0.413700 -0.012657 0.002010 -0.049182 0.998708
13.238297 81.008044 10.029750 0.418903 -0.013492 0.002842 -0.070310 0.997430
13.365247 81.760150 9.878000 0.421313 -0.013533 0.002958 -0.092521 0.995614
13.465249 82.188220 9.785888 0.426311 -0.012254 0.002756 -0.104904 0.994403
13.544655 82.634590 9.668813 0.442501 -0.011199 0.003153 -0.118076 0.992936
13.665277 83.336556 9.452903 0.446456 -0.012075 0.002423 -0.143311 0.989601
13.765126 83.797688 9.286905 0.451659 -0.012881 0.001899 -0.158068 0.987342
13.865228 84.338223 9.095184 0.444380 -0.013345 0.001341 -0.176142 0.984273
13.965127 84.849518 8.861780 0.451908 -0.012537 0.000838 -0.194325 0.980857
14.065248 85.372398 8.609060 0.460677 -0.011314 0.000669 -0.212490 0.977098
14.165271 85.886764 8.352073 0.473164 -0.010681 0.000115 -0.230734 0.972958
14.265298 86.392646 8.065831 0.485969 -0.011140 -0.000289 -0.249184 0.968392
14.365945 86.905749 7.755339 0.481853 -0.011780 -0.000939 -0.267987 0.963350
14.465148 87.383413 7.423775 0.495668 -0.010720 -0.001866 -0.286435 0.958038
14.567191 87.890006 7.064026 0.503642 -0.009497 -0.003369 -0.305343 0.952189
14.665239 88.353639 6.696646 0.520463 -0.008822 -0.004850 -0.322845 0.946398
14.767346 88.836320 6.287291 0.532308 -0.008506 -0.005001 -0.342068 0.939623
14.866719 89.291919 5.867871 0.538123 -0.008282 -0.004557 -0.359659 0.933036
14.967367 89.752237 5.413493 0.546426 -0.006931 -0.005107 -0.377843 0.925830
15.067588 90.184522 4.938537 0.579114 -0.004971 -0.005770 -0.395114 0.918601
15.168892 90.622275 4.449238 0.593160 -0.004704 -0.006906 -0.411989 0.911150
15.269017 91.044206 3.934436 0.617318 -0.005045 -0.008816 -0.427509 0.903954
15.368964 91.468868 3.406228 0.620594 -0.005801 -0.011482 -0.441659 0.897091
15.412142 91.645648 3.170369 0.630184 -0.005755 -0.013305 -0.447647 0.894093
15.512166 92.187656 2.429721 0.644286 -0.004847 -0.016215 -0.461616 0.886918
15.628054 92.696002 1.660961 0.691657 -0.003175 -0.016199 -0.472387 0.881237
15.772327 93.256115 0.833060 0.731299 -0.003482 -0.014496 -0.481426 0.876360
15.831215 93.368715 0.650263 0.738144 -0.002374 -0.013888 -0.482565 0.875747
15.935279 93.817767 -0.033177 0.770592 -0.002846 -0.012209 -0.487253 0.873171
16.034780 94.210253 -0.693684 0.785304 -0.003642 -0.012026 -0.490517 0.871341
16.136974 94.608376 -1.336425 0.801175 -0.003447 -0.012420 -0.492700 0.870103
16.238248 94.989010 -1.961691 0.827259 -0.003001 -0.013224 -0.494230 0.869225
16.339518 95.381476 -2.612614 0.846692 -0.002389 -0.014221 -0.495157 0.868684
16.440765 95.768977 -3.266346 0.884470 -0.002052 -0.013821 -0.495725 0.868367
16.512142 96.046995 -3.732776 0.892510 -0.002282 -0.013839 -0.495947 0.868240
16.612019 96.516082 -4.531768 0.927320 -0.002678 -0.013922 -0.496374 0.867993
16.712139 96.938168 -5.247226 0.951671 -0.002705 -0.014246 -0.497048 0.867602
16.812117 97.349425 -5.941091 0.977374 -0.002872 -0.014715 -0.497801 0.867162
16.911969 97.762170 -6.645100 1.008500 -0.002708 -0.014954 -0.498302 0.866870
17.014610 98.180757 -7.353133 1.034007 -0.002973 -0.014686 -0.499107 0.866411
17.112064 98.582623 -8.058483 1.063206 -0.002862 -0.014015 -0.499637 0.866117
17.211969 99.008010 -8.778946 1.084455 -0.002152 -0.013196 -0.500456 0.865659
17.345153 99.557541 -9.752491 1.127156 -0.001275 -0.011732 -0.501871 0.864862
17.440116 99.851742 -10.260848 1.143165 -0.000561 -0.011257 -0.502298 0.864621
17.502055 100.121331 -10.727961 1.168497 -0.000042 -0.011003 -0.502696 0.864393
17.646697 100.804563 -11.927479 1.207618 -0.000572 -0.010518 -0.505856 0.862554
17.746748 101.097374 -12.452655 1.224785 -0.000284 -0.010767 -0.506084 0.862417
17.841637 101.463852 -13.084857 1.249564 -0.000021 -0.010896 -0.507208 0.861755
17.941388 101.857514 -13.798967 1.277123 -0.000308 -0.011229 -0.508710 0.860865
18.072254 102.362343 -14.702485 1.312143 -0.001157 -0.011057 -0.511147 0.859422
18.168964 102.656175 -15.244176 1.329570 -0.001456 -0.010937 -0.512245 0.858768
18.212117 102.835514 -15.556313 1.344605 -0.001426 -0.011034 -0.512464 0.858636
18.369014 103.548412 -16.908901 1.394363 -0.003141 -0.011240 -0.517806 0.855419
18.446871 103.722139 -17.237393 1.395824 -0.003122 -0.011947 -0.517549 0.855565
18.512092 104.004579 -17.761215 1.424949 -0.002257 -0.012099 -0.518994 0.854689
18.646824 104.571263 -18.894148 1.466867 -0.001178 -0.009923 -0.523019 0.852262
18.746772 104.872819 -19.496573 1.488218 -0.000825 -0.009142 -0.524218 0.851535
18.846875 105.213594 -20.158123 1.516881 -0.001360 -0.008662 -0.526320 0.850241
18.946721 105.547871 -20.831660 1.527877 -0.002248 -0.009567 -0.528770 0.848708
19.065124 105.943531 -21.643817 1.556096 -0.002416 -0.010074 -0.532161 0.846580
19.165096 106.226673 -22.252651 1.576766 -0.001792 -0.009917 -0.534434 0.845150
19.246923 106.486472 -22.798482 1.595725 -0.001345 -0.009169 -0.536477 0.843864
19.345076 106.832461 -23.546513 1.619937 -0.001271 -0.008122 -0.539576 0.841897
19.444650 107.154971 -24.261473 1.631266 -0.001418 -0.008386 -0.542241 0.840180
19.544655 107.470377 -24.967018 1.658126 -0.000908 -0.009795 -0.544929 0.838425
19.644729 107.775359 -25.665448 1.680388 -0.001057 -0.010664 -0.548002 0.836408
19.768989 108.155468 -26.545158 1.707091 -0.002200 -0.010973 -0.552680 0.833319
19.868940 108.392171 -27.105759 1.725589 -0.002538 -0.011351 -0.555962 0.831126
19.968939 108.671436 -27.791911 1.742276 -0.002533 -0.010915 -0.560738 0.827917
20.072354 108.953102 -28.518006 1.770809 -0.002346 -0.010561 -0.565966 0.824358
20.169037 109.202779 -29.176868 1.792665 -0.001846 -0.010719 -0.570960 0.820906
20.212070 109.317632 -29.505156 1.805805 -0.001305 -0.011096 -0.573094 0.819414
20.303896 109.643536 -30.448361 1.833815 -0.001993 -0.010305 -0.582536 0.812737
20.412144 109.941394 -31.353467 1.856612 -0.003094 -0.010296 -0.590241 0.807156
20.512094 110.170869 -32.080036 1.879788 -0.003627 -0.010530 -0.596644 0.802428
20.612145 110.386478 -32.848814 1.892454 -0.004206 -0.011283 -0.603371 0.797370
20.768962 110.694529 -34.048229 1.936580 -0.006122 -0.012697 -0.614474 0.788811
20.812091 110.730531 -34.115129 1.929636 -0.006144 -0.013894 -0.613443 0.789593
20.965143 111.002679 -35.402750 1.989406 -0.007823 -0.014657 -0.627211 0.778672
21.065275 111.157681 -36.007476 2.002915 -0.007761 -0.015077 -0.630680 0.775858
21.111965 111.207828 -36.394532 2.033616 -0.007236 -0.015075 -0.633303 0.773724
21.212019 111.387052 -37.403371 2.059328 -0.005234 -0.013163 -0.640519 0.767812
21.312066 111.548416 -38.262900 2.105799 -0.003387 -0.013586 -0.644814 0.764211
21.412043 111.682742 -39.090814 2.120569 -0.003183 -0.014232 -0.648628 0.760966
21.512113 111.814413 -39.895684 2.158224 -0.003500 -0.015333 -0.651706 0.758309
21.612016 111.935237 -40.713215 2.174138 -0.004947 -0.016444 -0.654507 0.755861
21.725158 112.062544 -41.633055 2.214886 -0.005162 -0.017647 -0.657330 0.753379
21.834486 112.171239 -42.436619 2.247722 -0.004773 -0.018414 -0.659143 0.751777
21.934980 112.262432 -43.172922 2.279504 -0.004364 -0.018144 -0.660340 0.750735
22.037077 112.372782 -43.986126 2.317177 -0.003764 -0.016989 -0.661027 0.750161
22.141164 112.479877 -44.805593 2.348591 -0.003445 -0.015954 -0.661481 0.749784
22.244580 112.585900 -45.616825 2.381216 -0.003289 -0.016037 -0.661687 0.749602
22.346950 112.687927 -46.418462 2.409974 -0.003461 -0.016598 -0.661578 0.749684
22.411969 112.753993 -46.924853 2.427877 -0.003669 -0.017335 -0.661050 0.750132
22.535133 112.906675 -48.125183 2.474611 -0.003907 -0.016910 -0.660841 0.750325
22.636702 113.013238 -48.830224 2.501530 -0.004095 -0.017387 -0.660392 0.750709
22.737175 113.111635 -49.643491 2.536735 -0.003652 -0.017603 -0.659807 0.751220
22.837273 113.224127 -50.434150 2.570639 -0.003744 -0.017548 -0.659181 0.751770
22.937370 113.330603 -51.223054 2.595696 -0.003799 -0.017483 -0.658487 0.752380
23.037849 113.438361 -52.039123 2.632911 -0.003054 -0.017865 -0.657865 0.752917
23.137753 113.553318 -52.827777 2.655203 -0.002339 -0.017918 -0.656952 0.753716
23.202081 113.622512 -53.344029 2.684590 -0.001288 -0.018205 -0.656252 0.754321
23.301835 113.758594 -54.340227 2.722776 0.000314 -0.017314 -0.655402 0.755082
23.440887 113.924671 -55.513964 2.775896 0.000351 -0.017756 -0.654710 0.755671
23.540786 114.004298 -56.036739 2.794020 0.000054 -0.018906 -0.654259 0.756034
23.640539 114.112033 -56.786716 2.829983 -0.000578 -0.021013 -0.653794 0.756381
23.739343 114.222228 -57.514299 2.856038 -0.001700 -0.022492 -0.653135 0.756906
23.839692 114.345054 -58.291731 2.894515 -0.002747 -0.022383 -0.653217 0.756835
23.940292 114.460497 -59.036769 2.918114 -0.002331 -0.021538 -0.653319 0.756773
24.012012 114.542758 -59.592256 2.957745 -0.001289 -0.021388 -0.653453 0.756664
24.144852 114.713328 -60.759582 3.004317 -0.000056 -0.019013 -0.655520 0.754938
24.244630 114.795742 -61.336392 3.038503 0.000365 -0.019095 -0.657000 0.753649
24.344828 114.901273 -62.062870 3.053289 -0.000727 -0.016549 -0.658611 0.752301
24.446824 114.997362 -62.792183 3.078647 0.000281 -0.014964 -0.661723 0.749599
24.541214 115.075858 -63.480400 3.106732 0.002067 -0.014446 -0.664723 0.746947
24.644678 115.157509 -64.285481 3.142837 0.002381 -0.014846 -0.668662 0.743414
24.711993 115.208503 -64.762940 3.136382 0.000407 -0.015545 -0.670933 0.741355
24.812015 115.290209 -65.683331 3.166231 -0.002514 -0.019546 -0.674843 0.737699
24.912144 115.355223 -66.434586 3.187108 -0.003320 -0.021897 -0.678067 0.734666
25.012017 115.418316 -67.213909 3.235780 -0.002565 -0.022403 -0.681210 0.731741
25.111967 115.455920 -67.965413 3.268491 -0.001798 -0.021903 -0.683861 0.729282
25.212019 115.506717 -68.696050 3.312572 -0.001320 -0.021279 -0.686491 0.726826
25.312064 115.544416 -69.414886 3.339484 -0.001748 -0.020578 -0.688766 0.724690
25.412116 115.582035 -70.149559 3.371603 -0.002544 -0.020131 -0.690868 0.722696
25.512065 115.621307 -70.877285 3.403225 -0.002658 -0.020401 -0.692491 0.721133
25.611992 115.651541 -71.580598 3.436873 -0.003081 -0.020733 -0.693652 0.720005
25.712065 115.675573 -72.309712 3.467460 -0.003796 -0.020345 -0.694472 0.719222
25.812164 115.702507 -72.987570 3.499912 -0.004208 -0.019530 -0.694949 0.718782
25.912015 115.730589 -73.684426 3.527625 -0.004635 -0.018589 -0.695409 0.718359
26.012118 115.753124 -74.363859 3.562157 -0.004591 -0.017948 -0.695974 0.717828
26.112015 115.783010 -75.054243 3.592673 -0.004829 -0.016871 -0.696442 0.717398
26.212018 115.807712 -75.733226 3.619376 -0.005352 -0.016181 -0.697105 0.716766
26.369037 115.838153 -76.789723 3.660172 -0.005543 -0.014899 -0.697999 0.715922
26.468961 115.848582 -77.126513 3.676512 -0.005495 -0.015504 -0.698037 0.715873
26.512042 115.864781 -77.515748 3.688498 -0.005528 -0.016257 -0.697730 0.716155
26.667339 115.897053 -78.715701 3.742506 -0.005646 -0.015803 -0.697669 0.716224
26.731020 115.888620 -78.837064 3.742736 -0.006465 -0.017153 -0.697124 0.716717
26.835506 115.939432 -79.674533 3.783012 -0.006751 -0.015807 -0.696482 0.717368
26.965171 115.957294 -80.507288 3.819137 -0.006667 -0.014693 -0.695842 0.718014
27.065225 115.973702 -80.994176 3.844431 -0.006513 -0.014744 -0.695038 0.718793
27.165171 116.010646 -81.616809 3.869697 -0.006699 -0.013994 -0.694174 0.719640
27.265171 116.027242 -82.223363 3.894713 -0.006853 -0.013273 -0.693409 0.720389
27.365174 116.052724 -82.819659 3.914285 -0.006973 -0.012821 -0.692393 0.721373
27.500297 116.103687 -83.652617 3.953346 -0.007543 -0.011957 -0.691081 0.722639
27.599948 116.120078 -84.105492 3.967517 -0.007828 -0.012004 -0.690395 0.723290
27.699673 116.172708 -84.707413 3.993898 -0.007945 -0.011163 -0.689483 0.724173
27.799424 116.183066 -85.269340 4.010891 -0.008741 -0.010627 -0.688326 0.725271
27.900072 116.225019 -85.866700 4.035043 -0.008740 -0.010433 -0.687509 0.726049
28.000171 116.269467 -86.440119 4.055740 -0.008534 -0.010475 -0.686350 0.727146
28.100321 116.312140 -87.031805 4.081830 -0.008814 -0.010794 -0.685547 0.727895
28.112167 116.308759 -87.093393 4.080588 -0.009005 -0.011785 -0.684913 0.728474
28.212144 116.379412 -88.076190 4.123697 -0.010097 -0.011367 -0.684551 0.728806
28.312091 116.411338 -88.646818 4.135844 -0.011061 -0.011622 -0.683628 0.729655
28.400673 116.411804 -88.622998 4.136120 -0.011054 -0.011579 -0.683657 0.729628
28.511967 116.512828 -89.920628 4.195542 -0.010606 -0.012245 -0.682976 0.730261
28.612115 116.544995 -90.418289 4.215604 -0.010437 -0.012571 -0.682352 0.730841
28.712043 116.586717 -90.997092 4.252971 -0.010516 -0.012222 -0.681937 0.731233
28.812015 116.634622 -91.539035 4.264953 -0.010370 -0.011829 -0.681369 0.731771
28.965168 116.706412 -92.376985 4.313786 -0.010791 -0.010679 -0.680925 0.732195
29.011994 116.714318 -92.435696 4.304251 -0.011481 -0.011862 -0.680185 0.732855
29.111993 116.777655 -93.149287 4.352204 -0.012952 -0.010726 -0.680411 0.732638
29.212017 116.810399 -93.658788 4.357281 -0.013527 -0.010250 -0.680162 0.732866
29.365100 116.888114 -94.439484 4.395602 -0.013137 -0.008809 -0.681131 0.731991
29.465197 116.909749 -94.725014 4.408601 -0.013385 -0.008897 -0.681001 0.732106
29.565148 116.958167 -95.177479 4.430007 -0.014084 -0.007372 -0.682091 0.731094
29.665246 116.993359 -95.611606 4.443016 -0.014161 -0.005949 -0.683311 0.729966
29.712045 117.010768 -95.810456 4.457330 -0.014061 -0.005965 -0.683686 0.729616
29.865220 117.063747 -96.637334 4.490798 -0.012403 -0.003134 -0.688502 0.725121
29.912118 117.060492 -96.639448 4.493406 -0.012318 -0.004761 -0.687691 0.725883
30.012017 117.095545 -97.173245 4.513399 -0.012256 -0.002825 -0.691973 0.721814
30.165074 117.148306 -97.760280 4.536292 -0.012567 -0.001332 -0.696925 0.717033
30.212165 117.132563 -97.767662 4.535685 -0.012923 -0.002254 -0.696364 0.717569
30.365121 117.129722 -98.284593 4.559056 -0.012650 -0.001201 -0.703579 0.710503
30.465147 117.141483 -98.497874 4.571694 -0.013036 -0.002360 -0.705278 0.708807
30.565199 117.140378 -98.761750 4.582945 -0.014290 -0.003417 -0.708744 0.705313
30.665048 117.139371 -99.024108 4.587934 -0.015565 -0.003971 -0.712466 0.701523
30.765249 117.126139 -99.286033 4.593072 -0.015927 -0.004128 -0.716709 0.697178
30.812066 117.126373 -99.407977 4.598892 -0.016133 -0.004610 -0.718426 0.695401
30.912014 117.086619 -99.767906 4.607137 -0.015793 -0.004076 -0.725606 0.687917
31.012114 117.061731 -100.042528 4.628404 -0.015534 -0.004640 -0.731045 0.682136
31.112018 117.050452 -100.290750 4.633634 -0.015651 -0.004606 -0.736281 0.676480
31.212017 117.032967 -100.545758 4.651635 -0.016432 -0.004616 -0.741818 0.670384
31.312142 117.006387 -100.789080 4.658037 -0.017738 -0.004155 -0.747891 0.663572
31.412070 116.967957 -101.047504 4.663761 -0.018838 -0.004411 -0.754348 0.656190
31.512115 116.922460 -101.306278 4.680349 -0.019430 -0.004827 -0.761208 0.648199
31.612093 116.885024 -101.578427 4.688002 -0.020335 -0.004706 -0.768404 0.639624
31.712070 116.821132 -101.864355 4.697818 -0.021221 -0.004476 -0.776271 0.630026
31.811968 116.750981 -102.156252 4.709169 -0.021423 -0.003970 -0.784815 0.619347
31.965265 116.626783 -102.643275 4.732796 -0.021177 -0.001965 -0.799328 0.600519
32.065299 116.513195 -102.856063 4.736663 -0.021659 -0.001820 -0.805094 0.592749
32.165216 116.415684 -103.160722 4.756544 -0.022657 -0.001522 -0.814796 0.579303
32.265318 116.252775 -103.490209 4.759183 -0.023814 -0.001410 -0.825289 0.564207
32.365244 116.090396 -103.801157 4.777870 -0.023744 -0.002229 -0.835543 0.548907
32.465293 115.911532 -104.151536 4.793524 -0.023684 -0.002448 -0.846114 0.532469
32.565268 115.725016 -104.515554 4.804371 -0.023509 -0.002239 -0.856859 0.515009
32.665265 115.493383 -104.865421 4.816101 -0.023362 -0.002784 -0.867375 0.497098
32.765391 115.242917 -105.211147 4.839661 -0.022706 -0.004238 -0.877550 0.478929
32.865391 114.984961 -105.565980 4.875429 -0.021312 -0.004771 -0.887764 0.459781
32.965241 114.699241 -105.923648 4.895107 -0.021081 -0.002641 -0.897738 0.440016
33.065265 114.397358 -106.299894 4.904284 -0.020753 -0.001226 -0.907461 0.419622
33.165414 114.063068 -106.643219 4.917299 -0.019846 -0.001699 -0.916551 0.399421
33.265319 113.691143 -106.968499 4.933034 -0.018642 -0.002969 -0.925016 0.379458
33.365241 113.318064 -107.302987 4.950985 -0.016906 -0.005328 -0.932845 0.359843
33.411992 113.138341 -107.468103 4.979985 -0.015540 -0.007550 -0.936138 0.351208
33.512044 112.681272 -107.902970 4.995781 -0.013959 -0.006705 -0.944333 0.328625
33.612094 112.182623 -108.243645 5.031295 -0.014049 -0.005846 -0.950508 0.310328
33.769015 111.375856 -108.767393 5.061046 -0.013908 -0.004346 -0.959000 0.283031
33.900272 110.847470 -109.026805 5.079907 -0.014014 -0.004087 -0.964087 0.265183
33.965141 110.613141 -109.140026 5.077231 -0.014647 -0.004727 -0.965949 0.258274
34.002283 110.459322 -109.251135 5.095606 -0.015839 -0.005265 -0.967789 0.251208
34.200372 109.516142 -109.817625 5.135414 -0.013887 -0.003931 -0.978369 0.206365
34.202481 109.481956 -109.741309 5.133486 -0.015192 -0.006110 -0.977086 0.212212
34.365292 108.567741 -110.176322 5.150890 -0.013507 -0.003687 -0.984247 0.176244
34.465143 107.964272 -110.332757 5.175172 -0.013792 -0.003646 -0.987323 0.158083
34.565191 107.399920 -110.469650 5.187583 -0.012476 -0.003980 -0.990021 0.140312
34.665141 106.793639 -110.611121 5.211182 -0.010569 -0.004472 -0.992282 0.123470
34.765192 106.187798 -110.733598 5.215504 -0.009449 -0.004644 -0.994141 0.107575
34.812097 105.924011 -110.806175 5.227506 -0.008919 -0.005718 -0.994996 0.099353
34.912044 105.246613 -110.975244 5.230457 -0.008478 -0.009330 -0.996230 0.085835
35.099326 103.951361 -111.177906 5.256999 -0.010507 -0.012430 -0.997504 0.068706
35.199475 103.392832 -111.206497 5.275553 -0.011496 -0.012633 -0.997914 0.062253
35.215031 103.320448 -111.219370 5.269347 -0.013172 -0.013273 -0.997946 0.061277
35.326351 102.472852 -111.321700 5.308692 -0.014062 -0.014800 -0.998205 0.056310
35.415032 101.799636 -111.373013 5.317676 -0.013989 -0.015265 -0.998374 0.053100
35.517302 100.949953 -111.458026 5.360762 -0.012962 -0.015910 -0.998502 0.050716
35.611993 100.179746 -111.539782 5.370491 -0.012947 -0.015894 -0.998553 0.049712
35.712144 99.361055 -111.617190 5.409485 -0.012942 -0.016505 -0.998585 0.048859
35.812092 98.537525 -111.697300 5.419020 -0.012689 -0.016548 -0.998595 0.048725
35.912018 97.704225 -111.769010 5.455677 -0.011678 -0.017416 -0.998572 0.049129
36.012467 96.849165 -111.854636 5.472786 -0.010265 -0.016901 -0.998578 0.049500
36.113364 96.006055 -111.935934 5.498497 -0.008907 -0.016741 -0.998580 0.049783
36.212067 95.171893 -112.018511 5.506119 -0.007799 -0.016492 -0.998584 0.049968
36.312067 94.295937 -112.117567 5.516787 -0.007996 -0.016387 -0.998564 0.050374
36.412117 93.416591 -112.194349 5.539022 -0.008539 -0.018946 -0.998531 0.050047
36.512043 92.504553 -112.282607 5.549924 -0.008670 -0.019871 -0.998496 0.050352
36.601323 91.685142 -112.394181 5.576802 -0.009791 -0.019964 -0.998480 0.050432
36.712088 90.613486 -112.498567 5.593732 -0.011723 -0.020455 -0.998445 0.050508
36.812166 89.696617 -112.585358 5.626281 -0.013410 -0.020527 -0.998421 0.050547
36.912116 88.761273 -112.681126 5.657358 -0.013171 -0.019079 -0.998474 0.050113
37.034179 87.585942 -112.825199 5.696704 -0.010815 -0.016165 -0.998588 0.049434
37.134678 86.699721 -112.908866 5.713452 -0.009462 -0.014448 -0.998687 0.048230
37.212167 85.999626 -112.988986 5.728976 -0.008568 -0.013776 -0.998730 0.047690
37.311994 84.989288 -113.081620 5.751138 -0.007321 -0.013864 -0.998775 0.046931
37.412139 83.971619 -113.182135 5.774277 -0.007287 -0.014692 -0.998803 0.046081
37.512089 82.957362 -113.278631 5.793906 -0.007773 -0.015072 -0.998817 0.045576
37.612040 81.938404 -113.374697 5.819001 -0.007908 -0.015458 -0.998828 0.045178
37.712033 80.938712 -113.471331 5.836401 -0.008418 -0.015348 -0.998836 0.044951
37.811965 79.945417 -113.562546 5.859491 -0.008083 -0.016838 -0.998826 0.044693
37.912136 78.958835 -113.644164 5.881642 -0.006679 -0.017814 -0.998777 0.045626
38.012034 77.952800 -113.742145 5.910974 -0.005294 -0.018799 -0.998753 0.045955
38.112036 76.960590 -113.835539 5.937072 -0.006208 -0.019632 -0.998694 0.046748
38.212008 75.949781 -113.932842 5.956488 -0.008379 -0.020256 -0.998642 0.047267
38.312009 74.953346 -114.037486 5.979573 -0.009202 -0.020312 -0.998625 0.047442
38.411982 73.942586 -114.129387 6.010494 -0.008396 -0.020682 -0.998582 0.048338
38.511984 72.952415 -114.221440 6.037540 -0.007810 -0.019476 -0.998567 0.049228
38.612109 71.922273 -114.339787 6.068655 -0.008312 -0.019562 -0.998520 0.050065
38.712032 70.926843 -114.450386 6.082270 -0.009194 -0.019208 -0.998487 0.050690
38.812061 69.876070 -114.569544 6.114688 -0.009683 -0.019654 -0.998427 0.051611
38.912089 68.851119 -114.670269 6.131372 -0.009490 -0.019539 -0.998375 0.052682
39.012038 67.816838 -114.785632 6.164909 -0.008561 -0.019281 -0.998350 0.053404
39.112111 66.766517 -114.910105 6.182647 -0.007138 -0.019686 -0.998307 0.054265
39.246917 65.353088 -115.066718 6.223230 -0.005543 -0.019837 -0.998232 0.055754
39.312162 64.867437 -115.128376 6.224000 -0.005657 -0.020027 -0.998239 0.055547
39.411967 63.727943 -115.258370 6.262376 -0.005847 -0.020704 -0.998138 0.057084
39.511968 62.614224 -115.386554 6.269787 -0.005831 -0.021147 -0.998101 0.057564
39.611993 61.501169 -115.516301 6.307937 -0.005881 -0.021869 -0.998064 0.057930
39.712066 60.405377 -115.644807 6.318265 -0.006429 -0.022195 -0.998021 0.058478
39.811996 59.339871 -115.779999 6.355036 -0.008253 -0.022916 -0.997972 0.058815
39.912092 58.248843 -115.914069 6.366364 -0.009829 -0.023088 -0.997962 0.058671
40.012015 57.148543 -116.053276 6.407820 -0.009701 -0.022504 -0.997978 0.058651
40.120043 55.954241 -116.203989 6.424753 -0.008106 -0.021463 -0.998028 0.058427
40.219872 54.906965 -116.322176 6.459955 -0.006923 -0.021503 -0.998077 0.057718
40.320395 53.817900 -116.455775 6.472293 -0.006473 -0.021823 -0.998092 0.057394
40.412118 52.805219 -116.566723 6.507061 -0.006037 -0.022335 -0.998123 0.056697
40.512014 51.619814 -116.704881 6.516086 -0.006654 -0.023480 -0.998107 0.056460
40.612094 50.500066 -116.828825 6.561330 -0.008096 -0.023632 -0.998127 0.055842
40.713285 49.329640 -116.966543 6.555915 -0.008733 -0.023663 -0.998155 0.055227
40.817451 48.133872 -117.106460 6.617560 -0.007514 -0.023059 -0.998224 0.054413
40.920465 46.973763 -117.235483 6.599897 -0.005558 -0.023006 -0.998268 0.053865
41.037223 45.649402 -117.377661 6.658985 -0.002523 -0.024312 -0.998254 0.053765
41.137374 44.639306 -117.480740 6.656950 -0.002125 -0.024266 -0.998256 0.053772
41.214958 43.771101 -117.573885 6.687936 -0.004940 -0.025906 -0.998222 0.053457
41.312067 42.537022 -117.709048 6.714755 -0.008247 -0.025444 -0.998231 0.053102
41.412068 41.312875 -117.856479 6.743305 -0.007831 -0.022936 -0.998331 0.052425
41.512014 40.114077 -117.987128 6.773670 -0.005018 -0.021012 -0.998413 0.052013
41.611997 38.904099 -118.123867 6.784084 -0.001995 -0.018878 -0.998478 0.051783
41.712016 37.716120 -118.259658 6.801954 -0.000946 -0.018184 -0.998496 0.051714
41.812114 36.534928 -118.380994 6.801893 -0.002713 -0.018289 -0.998491 0.051717
41.925860 35.183826 -118.517718 6.820228 -0.005141 -0.019243 -0.998450 0.051961
42.012071 34.256577 -118.621379 6.827889 -0.006265 -0.020968 -0.998387 0.052395
42.112039 33.003198 -118.739836 6.882671 -0.007016 -0.022286 -0.998311 0.053184
42.213136 31.766334 -118.889000 6.890765 -0.006995 -0.021941 -0.998290 0.053735
42.312091 30.586440 -119.004182 6.949854 -0.005656 -0.021922 -0.998254 0.054555
42.412020 29.384669 -119.149923 6.948610 -0.004906 -0.019911 -0.998271 0.055090
42.512093 28.178448 -119.296469 6.989147 -0.005375 -0.017939 -0.998294 0.055305
42.628819 26.774698 -119.471960 6.994376 -0.005591 -0.016603 -0.998293 0.055714
42.712120 25.884885 -119.569174 7.024298 -0.005747 -0.016582 -0.998289 0.055781
42.820894 24.515074 -119.726154 7.034685 -0.004685 -0.017000 -0.998258 0.056309
42.912044 23.424999 -119.853597 7.069377 -0.004300 -0.017918 -0.998245 0.056278
43.012091 22.155262 -119.999727 7.082314 -0.004240 -0.018412 -0.998215 0.056663
43.112066 20.920089 -120.145259 7.109792 -0.004191 -0.018241 -0.998210 0.056809
43.212119 19.673454 -120.293272 7.125684 -0.003786 -0.018113 -0.998216 0.056765
43.321016 18.320234 -120.452875 7.155369 -0.003944 -0.017698 -0.998225 0.056734
43.412068 17.274638 -120.579710 7.167258 -0.004829 -0.017962 -0.998210 0.056838
43.519324 15.924312 -120.740898 7.199717 -0.006027 -0.018057 -0.998202 0.056833
43.612068 14.823085 -120.864808 7.213294 -0.005970 -0.018258 -0.998216 0.056525
43.725034 13.382278 -121.032990 7.252712 -0.004530 -0.017667 -0.998249 0.056272
43.820195 12.309751 -121.170041 7.259417 -0.003760 -0.017351 -0.998303 0.055458
43.920146 11.042835 -121.303466 7.291694 -0.003151 -0.017378 -0.998315 0.055278
44.012045 9.878727 -121.446387 7.299229 -0.002808 -0.017378 -0.998337 0.054891
44.112119 8.560510 -121.589177 7.322002 -0.003047 -0.017675 -0.998369 0.054204
44.219728 7.160519 -121.747702 7.338164 -0.003525 -0.017969 -0.998407 0.053377
44.319671 5.956214 -121.879893 7.354264 -0.004393 -0.018641 -0.998409 0.053042
44.417952 4.730134 -122.017734 7.372235 -0.004224 -0.019199 -0.998445 0.052173
44.512044 3.528710 -122.139751 7.389921 -0.002928 -0.020556 -0.998450 0.051644
44.611996 2.186930 -122.270906 7.412298 -0.000582 -0.021542 -0.998459 0.051144
44.712093 0.892867 -122.398436 7.438636 -0.001076 -0.022841 -0.998449 0.050752
44.812040 -0.403518 -122.542053 7.436222 -0.003808 -0.023243 -0.998462 0.050195
44.916904 -1.762212 -122.683898 7.477430 -0.005422 -0.022639 -0.998484 0.049887
45.013413 -2.960046 -122.818864 7.478301 -0.004828 -0.021215 -0.998529 0.049672
45.112018 -4.265757 -122.944243 7.521797 -0.004054 -0.021275 -0.998529 0.049713
45.212039 -5.594924 -123.079339 7.523531 -0.003323 -0.021912 -0.998498 0.050104
45.341488 -7.292501 -123.248075 7.561757 -0.002078 -0.023160 -0.998453 0.050512
45.441165 -8.359786 -123.353925 7.569853 -0.001856 -0.023597 -0.998408 0.051191
45.541442 -9.597426 -123.499498 7.595976 -0.002212 -0.023785 -0.998382 0.051612
45.637747 -10.811880 -123.628145 7.602885 -0.001940 -0.024059 -0.998335 0.052385
45.713286 -11.835934 -123.740139 7.625015 -0.001745 -0.023917 -0.998310 0.052936
45.813296 -13.342225 -123.904691 7.633554 -0.002654 -0.023133 -0.998278 0.053838
45.911992 -14.749432 -124.059772 7.664987 -0.002414 -0.023350 -0.998243 0.054395
46.011995 -16.110957 -124.215870 7.681917 -0.001304 -0.022770 -0.998213 0.055228
46.112019 -17.461870 -124.367200 7.700153 -0.001976 -0.022382 -0.998212 0.055382
46.212018 -18.822938 -124.533736 7.701624 -0.002648 -0.021637 -0.998217 0.055566
46.312065 -20.165977 -124.686945 7.734115 -0.002635 -0.020425 -0.998239 0.055632
46.412013 -21.516859 -124.850391 7.740574 -0.002059 -0.019705 -0.998247 0.055768
46.512069 -22.873755 -124.998794 7.769561 -0.001753 -0.020090 -0.998223 0.056076
46.612065 -24.233069 -125.173454 7.778290 -0.001991 -0.020087 -0.998217 0.056177
46.717130 -25.661153 -125.332609 7.800798 -0.002543 -0.020660 -0.998216 0.055966
46.812119 -26.906368 -125.483467 7.812311 -0.002500 -0.020996 -0.998206 0.056022
46.911969 -28.320672 -125.638932 7.835296 -0.000966 -0.021657 -0.998218 0.055595
47.011993 -29.716229 -125.795638 7.852274 0.000363 -0.021717 -0.998227 0.055414
47.112142 -31.095269 -125.949207 7.867196 -0.000440 -0.022241 -0.998241 0.054961
47.212067 -32.483439 -126.105480 7.879253 -0.001785 -0.021749 -0.998292 0.054190
47.312042 -33.881988 -126.261599 7.896390 -0.001571 -0.021109 -0.998353 0.053316
47.412038 -35.269755 -126.419748 7.908529 -0.000533 -0.020961 -0.998370 0.053085
47.512066 -36.655289 -126.571532 7.929941 0.000185 -0.020919 -0.998403 0.052478
47.612091 -38.048021 -126.728778 7.933915 0.000913 -0.020843 -0.998442 0.051753
47.712119 -39.431015 -126.872107 7.958269 0.001403 -0.020657 -0.998462 0.051425
47.812069 -40.831418 -127.023198 7.962965 0.001393 -0.020528 -0.998500 0.050739
47.912041 -42.211583 -127.166961 7.975363 0.001345 -0.020158 -0.998535 0.050195
48.012041 -43.596985 -127.303503 7.986207 0.001285 -0.020143 -0.998569 0.049526
48.112142 -44.972756 -127.458052 7.994825 0.001290 -0.019229 -0.998607 0.049121
48.219324 -46.464734 -127.610258 8.008237 0.001327 -0.019535 -0.998614 0.048846
48.312142 -47.694821 -127.739245 8.001195 0.002067 -0.019574 -0.998616 0.048763
48.437772 -49.502299 -127.904215 8.023768 0.004048 -0.023120 -0.998504 0.049391
48.537899 -50.678578 -128.019271 8.034781 0.005369 -0.024485 -0.998441 0.049875
48.637649 -51.961662 -128.148441 8.046932 0.004161 -0.025891 -0.998380 0.050489
48.737950 -53.293878 -128.294397 8.046692 0.001657 -0.025403 -0.998379 0.050898
48.812144 -54.296333 -128.412935 8.046049 0.000308 -0.023802 -0.998439 0.050523
48.937276 -56.214302 -128.613852 8.061611 0.002756 -0.023066 -0.998412 0.051314
49.037798 -57.530359 -128.744251 8.067407 0.002937 -0.023448 -0.998396 0.051454
49.137475 -58.867733 -128.881454 8.075135 0.001488 -0.026530 -0.998324 0.051413
49.237224 -60.224288 -129.028119 8.087503 0.001473 -0.026954 -0.998275 0.052134
49.337222 -61.594170 -129.172643 8.108082 0.002177 -0.026580 -0.998279 0.052236
49.412114 -62.608839 -129.290630 8.105820 0.001959 -0.024425 -0.998318 0.052536
49.511967 -64.149827 -129.461134 8.124470 0.002671 -0.021488 -0.998361 0.052980
49.601279 -65.453419 -129.622740 8.123212 0.003236 -0.019661 -0.998394 0.053034
49.720023 -67.259715 -129.816443 8.132302 0.003421 -0.018596 -0.998372 0.053808
49.819772 -68.594237 -129.966666 8.128894 0.003770 -0.018668 -0.998341 0.054333
49.920518 -69.973403 -130.118134 8.135069 0.004901 -0.019223 -0.998297 0.054858
50.020591 -71.330868 -130.274063 8.137700 0.005416 -0.019730 -0.998248 0.055513
50.112070 -72.592577 -130.413956 8.134419 0.005224 -0.020704 -0.998199 0.056061
50.219622 -74.144129 -130.600779 8.134650 0.005667 -0.020629 -0.998164 0.056664
50.319920 -75.516450 -130.753746 8.132443 0.005940 -0.020388 -0.998161 0.056770
50.412118 -76.787174 -130.913896 8.137001 0.005716 -0.020122 -0.998165 0.056829
50.512092 -78.264408 -131.087626 8.122138 0.006075 -0.019903 -0.998169 0.056798
50.612043 -79.678746 -131.246401 8.135025 0.006419 -0.020330 -0.998173 0.056534
50.712045 -81.096691 -131.420789 8.122642 0.005876 -0.019435 -0.998195 0.056525
50.817277 -82.589858 -131.591420 8.126784 0.005469 -0.019249 -0.998219 0.056202
50.912012 -83.864187 -131.746184 8.122491 0.005966 -0.018256 -0.998253 0.055883
51.019524 -85.413060 -131.921620 8.124236 0.006977 -0.017859 -0.998267 0.055637
51.111966 -86.649359 -132.073434 8.117472 0.007554 -0.017728 -0.998303 0.054955
51.211995 -88.129026 -132.235982 8.111660 0.007914 -0.017492 -0.998328 0.054515
51.312070 -89.561980 -132.402158 8.098893 0.007994 -0.017517 -0.998356 0.053987
51.420696 -91.104026 -132.573502 8.086046 0.008772 -0.017914 -0.998368 0.053508
51.537751 -92.702153 -132.744118 8.064922 0.010189 -0.020136 -0.998312 0.053515
51.637950 -93.969212 -132.879789 8.061053 0.011427 -0.022623 -0.998247 0.053492
51.737597 -95.316607 -133.020999 8.048734 0.012622 -0.025253 -0.998134 0.054140
51.824685 -96.521615 -133.150156 8.038543 0.013205 -0.026497 -0.998051 0.054931
51.937649 -98.180076 -133.340110 8.024457 0.013542 -0.025350 -0.998045 0.055500
52.038295 -99.517282 -133.499825 7.996345 0.014133 -0.023917 -0.998068 0.055576
52.138344 -100.895895 -133.667320 7.990114 0.015207 -0.022472 -0.998063 0.055989
52.212094 -101.908031 -133.784413 7.967149 0.014332 -0.021548 -0.998099 0.055927
52.312017 -103.498407 -133.977949 7.942133 0.010787 -0.020390 -0.998177 0.055772
52.412015 -104.976576 -134.145880 7.931121 0.010327 -0.018841 -0.998260 0.054920
52.512114 -106.420276 -134.324237 7.908377 0.012882 -0.016426 -0.998292 0.054560
52.611995 -107.847481 -134.481374 7.895188 0.013543 -0.016002 -0.998317 0.054067
52.712067 -109.229578 -134.640560 7.856428 0.013091 -0.015402 -0.998362 0.053517
52.811944 -110.625983 -134.797330 7.843865 0.012118 -0.014448 -0.998408 0.053166
52.912118 -112.030060 -134.953277 7.811999 0.010114 -0.013582 -0.998466 0.052717
53.012041 -113.427970 -135.112062 7.807421 0.008998 -0.013279 -0.998513 0.052106
53.112043 -114.838053 -135.267711 7.784368 0.010472 -0.013418 -0.998493 0.052182
53.212139 -116.221391 -135.417778 7.781287 0.011867 -0.014535 -0.998445 0.052495
53.311995 -117.636993 -135.571742 7.756479 0.012266 -0.014804 -0.998424 0.052725
53.446945 -119.544057 -135.786686 7.729020 0.014164 -0.013090 -0.998415 0.052879
53.512096 -120.187033 -135.855850 7.716392 0.016649 -0.013287 -0.998378 0.052791
53.611943 -121.654679 -136.011156 7.691655 0.012858 -0.013541 -0.998390 0.053561
53.712139 -123.136157 -136.175963 7.648169 0.006866 -0.014484 -0.998453 0.053238
53.812116 -124.601978 -136.339368 7.667498 0.005412 -0.014501 -0.998445 0.053557
53.912115 -126.053121 -136.511187 7.643068 0.008274 -0.013449 -0.998441 0.053545
54.011943 -127.482810 -136.673281 7.652643 0.011956 -0.012072 -0.998424 0.053478
54.112117 -128.882564 -136.835962 7.605598 0.014355 -0.011173 -0.998427 0.053040
54.211990 -130.284215 -136.988782 7.599083 0.014409 -0.009460 -0.998441 0.053085
54.311992 -131.686705 -137.156735 7.547810 0.014075 -0.008794 -0.998458 0.052982
54.412045 -133.111717 -137.304371 7.551867 0.014767 -0.008539 -0.998462 0.052756
54.512120 -134.519452 -137.469870 7.488872 0.016417 -0.009393 -0.998414 0.053034
54.611994 -135.939237 -137.607704 7.487790 0.017679 -0.010729 -0.998382 0.052964
54.712114 -137.339700 -137.771042 7.423970 0.017823 -0.011200 -0.998363 0.053172
54.812070 -138.756574 -137.925367 7.411386 0.017302 -0.011858 -0.998372 0.053050
54.911991 -140.183275 -138.089042 7.353115 0.018424 -0.011242 -0.998360 0.053018
55.012142 -141.584777 -138.244144 7.333988 0.020273 -0.011772 -0.998329 0.052817
55.111992 -142.995124 -138.399587 7.277639 0.022168 -0.012466 -0.998258 0.053234
55.212043 -144.407606 -138.560691 7.242718 0.022819 -0.013317 -0.998204 0.053765
55.312094 -145.816658 -138.712968 7.182189 0.022171 -0.013242 -0.998224 0.053691
55.412119 -147.260688 -138.873414 7.146299 0.023299 -0.013102 -0.998197 0.053744
55.511994 -148.663127 -139.030602 7.075007 0.025515 -0.014866 -0.998079 0.054457
55.639719 -150.421938 -139.226766 7.012572 0.022837 -0.017720 -0.998076 0.054857
55.711961 -151.244372 -139.313509 6.975543 0.020259 -0.018782 -0.998092 0.055219
55.813239 -152.731349 -139.476017 6.947507 0.021202 -0.020483 -0.998016 0.055640
55.937500 -154.540308 -139.686906 6.889577 0.023611 -0.021455 -0.997920 0.056013
56.024686 -155.667123 -139.805131 6.851753 0.025156 -0.022188 -0.997854 0.056232
56.138022 -157.250141 -139.999943 6.792851 0.026682 -0.021918 -0.997820 0.056237
56.238122 -158.609212 -140.153354 6.732890 0.026935 -0.022165 -0.997816 0.056097
56.337773 -159.972861 -140.318273 6.680186 0.025351 -0.022108 -0.997857 0.056124
56.438246 -161.376840 -140.468986 6.622416 0.025088 -0.021561 -0.997898 0.055728
56.538171 -162.796626 -140.643611 6.571619 0.026053 -0.020429 -0.997907 0.055546
56.638499 -164.209362 -140.813416 6.505340 0.026495 -0.019235 -0.997917 0.055593
56.738497 -165.649512 -140.974925 6.443764 0.026257 -0.018714 -0.997954 0.055216
56.838345 -167.074925 -141.141464 6.378277 0.025805 -0.019446 -0.997959 0.055075
56.938721 -168.512770 -141.307591 6.323409 0.023965 -0.021272 -0.997976 0.054929
57.038772 -169.937790 -141.468763 6.271389 0.020488 -0.023194 -0.998020 0.054751
57.123288 -171.155229 -141.600802 6.236833 0.017818 -0.024133 -0.998066 0.054443
57.212139 -172.559240 -141.764888 6.207056 0.018789 -0.023272 -0.998090 0.054059
57.338625 -174.577709 -142.000666 6.144991 0.024597 -0.019364 -0.998048 0.054039
57.438823 -175.895731 -142.150709 6.083864 0.027512 -0.017770 -0.998023 0.053633
57.539095 -177.299937 -142.317599 6.016680 0.027676 -0.016524 -0.998058 0.053296
57.620270 -178.453940 -142.449319 5.951918 0.026115 -0.015788 -0.998137 0.052826
57.712092 -179.899018 -142.609585 5.891145 0.025599 -0.016859 -0.998141 0.052673
57.839046 -181.920909 -142.821445 5.804082 0.026674 -0.018827 -0.998096 0.052333
57.938971 -183.297263 -142.954641 5.748413 0.026656 -0.020706 -0.998080 0.051930
58.038871 -184.715217 -143.107737 5.686151 0.026716 -0.022085 -0.998064 0.051635
58.138720 -186.140052 -143.267484 5.628581 0.027968 -0.022992 -0.998015 0.051530
58.238744 -187.610612 -143.427689 5.557710 0.029475 -0.022737 -0.998014 0.050823
58.338549 -189.101030 -143.586649 5.495001 0.029536 -0.022080 -0.998043 0.050507
58.438795 -190.619061 -143.739654 5.412922 0.028184 -0.019953 -0.998152 0.049996
58.516733 -191.802848 -143.877711 5.365586 0.027418 -0.019166 -0.998213 0.049518
58.611992 -193.383676 -144.047981 5.283416 0.028466 -0.018048 -0.998249 0.048608
58.738325 -195.459879 -144.260758 5.196132 0.029821 -0.017735 -0.998269 0.047498
58.838373 -196.888921 -144.384796 5.117915 0.030437 -0.017465 -0.998283 0.046890
58.938448 -198.332730 -144.537717 5.056009 0.031849 -0.017592 -0.998271 0.046158
59.037975 -199.790511 -144.678656 4.966610 0.032643 -0.017311 -0.998294 0.045209
59.138225 -201.306101 -144.820758 4.899523 0.032427 -0.017459 -0.998331 0.044488
59.237752 -202.820366 -144.967626 4.808674 0.031639 -0.016993 -0.998384 0.044049
59.337526 -204.343883 -145.102610 4.745339 0.033022 -0.017975 -0.998354 0.043299
59.437149 -205.899775 -145.253588 4.644359 0.033814 -0.017071 -0.998359 0.042945
59.537575 -207.416600 -145.384932 4.571163 0.034228 -0.017242 -0.998366 0.042384
59.637795 -208.928756 -145.531063 4.481635 0.035249 -0.016258 -0.998374 0.041738
59.737099 -210.438619 -145.663000 4.398122 0.035153 -0.015278 -0.998401 0.041544
59.836551 -211.929407 -145.801293 4.310104 0.033081 -0.014931 -0.998500 0.040982
59.936400 -213.470165 -145.927409 4.227992 0.031013 -0.014909 -0.998608 0.039977
60.036775 -215.006139 -146.054782 4.153782 0.031546 -0.014961 -0.998592 0.039928
60.136375 -216.524337 -146.185037 4.072696 0.032965 -0.014894 -0.998527 0.040445
60.236301 -218.037398 -146.312030 3.994580 0.033887 -0.015112 -0.998497 0.040325
60.336401 -219.544991 -146.441716 3.906059 0.035162 -0.014916 -0.998455 0.040365
60.436225 -221.052376 -146.578100 3.825491 0.036075 -0.015140 -0.998416 0.040442
60.535953 -222.563693 -146.699853 3.731338 0.036093 -0.015145 -0.998411 0.040527
60.635902 -224.049382 -146.829092 3.643486 0.036784 -0.014921 -0.998401 0.040254
60.746676 -225.713887 -146.966421 3.545158 0.037809 -0.013707 -0.998389 0.040034
60.825055 -226.800487 -147.062179 3.474940 0.037488 -0.013098 -0.998420 0.039761
60.911996 -228.221743 -147.185452 3.380366 0.037511 -0.012256 -0.998464 0.038885
61.046873 -230.443215 -147.376862 3.245744 0.039690 -0.011581 -0.998419 0.038074
61.146775 -231.787763 -147.468213 3.151772 0.040595 -0.011680 -0.998407 0.037399
61.244726 -233.134459 -147.580512 3.065693 0.041777 -0.013346 -0.998371 0.036488
61.341436 -234.548116 -147.680659 2.963344 0.041489 -0.014168 -0.998389 0.036024
61.436554 -235.953240 -147.786306 2.868725 0.040589 -0.015076 -0.998441 0.035228
61.511995 -237.099234 -147.866816 2.788880 0.039365 -0.015248 -0.998516 0.034402
61.612090 -238.786445 -147.993443 2.678845 0.039726 -0.015065 -0.998539 0.033389
61.712142 -240.391705 -148.095170 2.571608 0.039803 -0.015050 -0.998571 0.032329
61.812094 -241.916555 -148.199631 2.473278 0.039342 -0.016167 -0.998598 0.031524
61.937250 -243.775396 -148.331934 2.358281 0.040019 -0.016794 -0.998592 0.030509
62.036649 -245.058765 -148.408317 2.278478 0.040565 -0.017029 -0.998577 0.030151
62.137200 -246.390849 -148.503022 2.190141 0.041004 -0.016908 -0.998582 0.029429
62.236550 -247.708959 -148.595212 2.106921 0.041972 -0.016256 -0.998579 0.028530
62.336451 -249.069927 -148.668083 2.010463 0.042794 -0.016263 -0.998562 0.027906
62.437473 -250.460798 -148.753164 1.918567 0.042947 -0.017851 -0.998544 0.027330
62.541239 -251.869164 -148.836478 1.820019 0.041665 -0.017869 -0.998607 0.027008
62.636826 -253.162024 -148.906405 1.731549 0.039531 -0.018973 -0.998680 0.026756
62.711994 -254.203851 -148.972830 1.672140 0.038816 -0.018250 -0.998732 0.026345
62.811994 -255.738183 -149.075686 1.557815 0.039417 -0.016406 -0.998756 0.025747
62.912093 -257.231004 -149.160691 1.473709 0.040507 -0.015474 -0.998737 0.025388
63.012143 -258.651166 -149.233625 1.361014 0.041887 -0.014676 -0.998691 0.025408
63.146772 -260.538883 -149.335764 1.234781 0.042584 -0.015250 -0.998662 0.025046
63.211991 -261.257365 -149.353123 1.181428 0.042930 -0.015559 -0.998644 0.024982
63.312069 -262.579867 -149.469696 1.095652 0.042876 -0.015049 -0.998678 0.024049
63.412093 -263.963953 -149.518191 0.990568 0.041600 -0.014119 -0.998742 0.024190
63.511993 -265.333954 -149.604023 0.891699 0.041394 -0.013463 -0.998779 0.023379
63.612067 -266.706431 -149.682282 0.802590 0.042194 -0.012377 -0.998767 0.023044
63.712093 -268.044035 -149.739359 0.703832 0.041987 -0.012049 -0.998797 0.022275
63.812165 -269.368023 -149.803149 0.611295 0.041784 -0.012523 -0.998822 0.021272
63.904221 -270.563428 -149.857972 0.532544 0.042547 -0.012607 -0.998804 0.020552
64.004220 -271.908836 -149.915391 0.437888 0.042761 -0.013131 -0.998802 0.019818
64.104172 -273.196220 -149.980487 0.347946 0.043014 -0.013077 -0.998810 0.018917
64.204171 -274.473128 -150.031300 0.261609 0.043733 -0.012568 -0.998812 0.017458
64.304172 -275.702968 -150.089440 0.178852 0.043684 -0.011665 -0.998848 0.016101
64.404220 -276.948058 -150.119085 0.085571 0.042770 -0.011043 -0.998926 0.013963
64.504123 -278.176556 -150.162571 0.001546 0.041459 -0.010489 -0.999013 0.012021
64.612115 -279.489198 -150.203869 -0.097077 0.040233 -0.010115 -0.999091 0.009835
64.704224 -280.577236 -150.228727 -0.163656 0.039723 -0.010306 -0.999125 0.008068
64.900271 -282.988897 -150.273033 -0.331096 0.042086 -0.010239 -0.999055 0.003568
65.000197 -284.007358 -150.266981 -0.412574 0.041933 -0.010125 -0.999064 0.003141
65.004222 -284.026105 -150.280757 -0.405634 0.042835 -0.010731 -0.999018 0.003694
65.104397 -285.245854 -150.290153 -0.506259 0.043939 -0.011682 -0.998965 -0.001344
65.204373 -286.508730 -150.275693 -0.596277 0.043922 -0.012725 -0.998946 -0.004058
65.304397 -287.815573 -150.284635 -0.692886 0.043289 -0.013601 -0.998945 -0.007106
65.404347 -289.109101 -150.244514 -0.792315 0.042672 -0.014048 -0.998937 -0.010318
65.504442 -290.354593 -150.226711 -0.878954 0.043429 -0.014798 -0.998860 -0.013143
65.644826 -292.111962 -150.189121 -1.012512 0.043977 -0.014432 -0.998785 -0.016896
65.712040 -292.881317 -150.162415 -1.068992 0.043228 -0.014277 -0.998797 -0.018213
65.812066 -294.027227 -150.138411 -1.154559 0.041629 -0.013162 -0.998807 -0.021867
65.912066 -295.241030 -150.079243 -1.246820 0.041327 -0.011918 -0.998746 -0.025617
66.030913 -296.668796 -150.009426 -1.349866 0.043241 -0.011880 -0.998535 -0.030285
66.146900 -298.002869 -149.922174 -1.457023 0.044651 -0.012248 -0.998352 -0.033898
66.244701 -299.093252 -149.844764 -1.534004 0.044769 -0.013241 -0.998191 -0.037896
66.346747 -300.257224 -149.745563 -1.631096 0.044962 -0.013859 -0.997964 -0.043069
66.412089 -301.005982 -149.678687 -1.674388 0.044935 -0.015400 -0.997785 -0.046562
66.511996 -302.268367 -149.555794 -1.793509 0.042341 -0.011928 -0.997609 -0.053307
66.612091 -303.539964 -149.438025 -1.871522 0.039948 -0.010344 -0.997392 -0.059210
66.712018 -304.773674 -149.291642 -1.972026 0.040164 -0.008008 -0.997068 -0.064635
66.812067 -305.986326 -149.132620 -2.050066 0.040963 -0.007602 -0.996700 -0.069663
66.912142 -307.189003 -148.965533 -2.151791 0.040818 -0.008138 -0.996444 -0.073265
67.012017 -308.363344 -148.789894 -2.229620 0.040245 -0.009710 -0.996265 -0.075774
67.111968 -309.526981 -148.622490 -2.311727 0.040496 -0.011046 -0.996159 -0.076842
67.212115 -310.706399 -148.427343 -2.389704 0.040873 -0.012340 -0.996151 -0.076552
67.339442 -312.170777 -148.204255 -2.495601 0.041139 -0.013628 -0.996286 -0.074408
67.439442 -313.152790 -148.087192 -2.563145 0.040994 -0.014476 -0.996426 -0.072429
67.535352 -314.162199 -147.938542 -2.635663 0.041271 -0.015741 -0.996656 -0.068744
67.633631 -315.238899 -147.810557 -2.710159 0.042401 -0.016483 -0.996903 -0.064154
67.733709 -316.346340 -147.676353 -2.788036 0.043049 -0.016909 -0.997209 -0.058610
67.835727 -317.473626 -147.561689 -2.865749 0.042864 -0.015951 -0.997518 -0.053545
67.937649 -318.558336 -147.466577 -2.954863 0.042490 -0.015113 -0.997785 -0.048896
68.036725 -319.620649 -147.370075 -3.026940 0.042974 -0.014876 -0.997989 -0.044148
68.136375 -320.695773 -147.295361 -3.109194 0.044053 -0.014247 -0.998142 -0.039603
68.299997 -322.447991 -147.172868 -3.233868 0.044931 -0.013762 -0.998333 -0.033510
68.399499 -323.230371 -147.143427 -3.291552 0.044318 -0.013598 -0.998433 -0.031342
68.499000 -324.067427 -147.099978 -3.357845 0.043375 -0.013645 -0.998540 -0.029149
68.599050 -324.996175 -147.036439 -3.431900 0.042681 -0.013955 -0.998623 -0.027107
68.698975 -325.993598 -147.001311 -3.497126 0.042370 -0.013700 -0.998680 -0.025604
68.798925 -327.033113 -146.961743 -3.586447 0.042819 -0.012992 -0.998704 -0.024267
68.898776 -328.092869 -146.906300 -3.651683 0.043296 -0.013022 -0.998706 -0.023273
68.998725 -329.165149 -146.874790 -3.748282 0.043421 -0.012556 -0.998722 -0.022616
69.098526 -330.200644 -146.830625 -3.809550 0.043357 -0.013091 -0.998726 -0.022257
69.198651 -331.238623 -146.797651 -3.908359 0.043660 -0.013147 -0.998724 -0.021724
69.299000 -332.318963 -146.744483 -3.969247 0.044170 -0.013667 -0.998689 -0.021952
69.399349 -333.362757 -146.703055 -4.064202 0.044717 -0.013393 -0.998675 -0.021661
69.499748 -334.398119 -146.657940 -4.128680 0.044734 -0.013316 -0.998676 -0.021648
69.600022 -335.446891 -146.618899 -4.225295 0.044632 -0.013441 -0.998672 -0.021936
69.646825 -335.932978 -146.597136 -4.249925 0.044464 -0.013545 -0.998675 -0.022093
69.746716 -337.227578 -146.558338 -4.369630 0.046129 -0.013945 -0.998583 -0.022565
69.841713 -338.356493 -146.495358 -4.436286 0.046773 -0.013579 -0.998554 -0.022739
69.941538 -339.477158 -146.448345 -4.545113 0.046898 -0.013949 -0.998538 -0.022975
70.044728 -340.581992 -146.398098 -4.608647 0.046657 -0.014047 -0.998539 -0.023379
70.197941 -342.126600 -146.335891 -4.737708 0.047146 -0.013771 -0.998506 -0.023939
70.295698 -342.743815 -146.314164 -4.780452 0.046784 -0.013599 -0.998514 -0.024397
70.395607 -343.529155 -146.289172 -4.855638 0.047261 -0.014124 -0.998480 -0.024600
70.438891 -343.912484 -146.266080 -4.868632 0.047455 -0.015036 -0.998462 -0.024410
70.524411 -344.876874 -146.211461 -4.976199 0.047871 -0.014790 -0.998459 -0.023867
70.639594 -346.099645 -146.173538 -5.043957 0.047693 -0.014490 -0.998456 -0.024535
70.740161 -347.055012 -146.139297 -5.148006 0.047572 -0.014607 -0.998448 -0.024995
70.840713 -347.946888 -146.101563 -5.185865 0.047780 -0.014746 -0.998433 -0.025118
70.940638 -348.801565 -146.060787 -5.281902 0.048067 -0.014796 -0.998424 -0.024897
71.040286 -349.615042 -146.025525 -5.308597 0.048062 -0.014531 -0.998442 -0.024356
71.144679 -350.451415 -145.992388 -5.413082 0.048321 -0.014434 -0.998442 -0.023897
71.241187 -351.198688 -145.959646 -5.432570 0.048526 -0.014401 -0.998448 -0.023229
71.344603 -351.979560 -145.932124 -5.529745 0.048637 -0.014124 -0.998460 -0.022620
71.444454 -352.715212 -145.899980 -5.559163 0.049044 -0.013838 -0.998442 -0.022714
71.541361 -353.391334 -145.881527 -5.637713 0.049556 -0.014002 -0.998423 -0.022364
71.640961 -354.071555 -145.852207 -5.668642 0.049224 -0.013896 -0.998453 -0.021806
71.744604 -354.762842 -145.827563 -5.742029 0.048750 -0.013825 -0.998485 -0.021443
71.844581 -355.385411 -145.806834 -5.777510 0.048306 -0.013563 -0.998516 -0.021190
71.944728 -356.017028 -145.781637 -5.843531 0.047906 -0.013726 -0.998539 -0.020876
72.044879 -356.630521 -145.757499 -5.881210 0.047337 -0.014136 -0.998563 -0.020760
72.144780 -357.231324 -145.729633 -5.933678 0.047148 -0.014336 -0.998570 -0.020731
72.246794 -357.841667 -145.710594 -5.975149 0.046935 -0.014082 -0.998581 -0.020851
72.346922 -358.430938 -145.689754 -6.027484 0.046261 -0.014184 -0.998608 -0.021008
72.412116 -358.794876 -145.677169 -6.051296 0.045580 -0.014174 -0.998634 -0.021262
72.546898 -359.687913 -145.638996 -6.127498 0.045763 -0.014204 -0.998608 -0.022049
72.612019 -359.997707 -145.626786 -6.144939 0.045501 -0.014100 -0.998622 -0.022036
72.744802 -360.843687 -145.592318 -6.220657 0.045849 -0.014260 -0.998578 -0.023181
72.846971 -361.354056 -145.570417 -6.248148 0.045583 -0.014309 -0.998584 -0.023392
72.946874 -361.869857 -145.546303 -6.303132 0.045821 -0.013966 -0.998557 -0.024293
73.044675 -362.393466 -145.525966 -6.332111 0.045872 -0.014010 -0.998526 -0.025386
73.147147 -362.950406 -145.496654 -6.388064 0.046001 -0.013900 -0.998496 -0.026377
73.207372 -363.271006 -145.483885 -6.401398 0.046188 -0.013829 -0.998469 -0.027096
73.307300 -363.924199 -145.441829 -6.467441 0.047367 -0.014171 -0.998377 -0.028252
73.407423 -364.465578 -145.412235 -6.494990 0.047367 -0.014221 -0.998346 -0.029307
73.507426 -364.977365 -145.386950 -6.548667 0.047150 -0.014403 -0.998331 -0.030082
73.607475 -365.453177 -145.356492 -6.571396 0.047260 -0.014273 -0.998299 -0.031012
73.707475 -365.923319 -145.332036 -6.627852 0.047295 -0.014301 -0.998266 -0.031995
73.810253 -366.374072 -145.303595 -6.645016 0.047107 -0.014625 -0.998248 -0.032683
73.910101 -366.796571 -145.278987 -6.698657 0.047257 -0.014845 -0.998222 -0.033169
74.010251 -367.191739 -145.255297 -6.706573 0.047403 -0.014856 -0.998198 -0.033661
74.110303 -367.582636 -145.226337 -6.760488 0.047512 -0.014419 -0.998186 -0.034063
74.223541 -367.995552 -145.200865 -6.772675 0.047978 -0.014448 -0.998155 -0.034304
74.310228 -368.264075 -145.176572 -6.814157 0.048046 -0.014461 -0.998140 -0.034626
74.410378 -368.620887 -145.156723 -6.820502 0.048107 -0.014462 -0.998124 -0.034987
74.510324 -368.916286 -145.133233 -6.866915 0.048015 -0.014665 -0.998114 -0.035323
74.610327 -369.209679 -145.116539 -6.864395 0.047736 -0.014885 -0.998119 -0.035462
74.710525 -369.475546 -145.093837 -6.910833 0.047297 -0.014526 -0.998136 -0.035723
74.810326 -369.743296 -145.085521 -6.908139 0.047312 -0.014142 -0.998142 -0.035696
74.910428 -369.986950 -145.064586 -6.954327 0.047526 -0.014221 -0.998125 -0.035867
75.010428 -370.217054 -145.053790 -6.944527 0.047456 -0.014328 -0.998127 -0.035849
75.110573 -370.444157 -145.035360 -6.990491 0.047487 -0.014289 -0.998123 -0.035932
75.210427 -370.659764 -145.028257 -6.979951 0.047618 -0.014251 -0.998133 -0.035494
75.310498 -370.844079 -145.007216 -7.021164 0.047537 -0.014081 -0.998132 -0.035714
75.424907 -371.064815 -145.000680 -7.015974 0.047714 -0.013748 -0.998139 -0.035406
75.510574 -371.208051 -144.987905 -7.053072 0.047738 -0.013525 -0.998147 -0.035224
75.610573 -371.379024 -144.980580 -7.039068 0.047687 -0.013440 -0.998160 -0.034948
75.710526 -371.528190 -144.973621 -7.077678 0.047018 -0.013700 -0.998189 -0.034936
75.810572 -371.680933 -144.962056 -7.061045 0.046210 -0.013834 -0.998235 -0.034635
75.910472 -371.835378 -144.955382 -7.102845 0.045604 -0.013777 -0.998276 -0.034296
76.010523 -371.993674 -144.942940 -7.085358 0.045449 -0.013696 -0.998290 -0.034119
76.110526 -372.138622 -144.936926 -7.128150 0.045482 -0.013615 -0.998297 -0.033912
76.210624 -372.297939 -144.927587 -7.110447 0.045497 -0.013827 -0.998302 -0.033645
76.310649 -372.463363 -144.913043 -7.154980 0.045459 -0.013957 -0.998309 -0.033423
76.410647 -372.619319 -144.905367 -7.134271 0.045511 -0.014153 -0.998317 -0.033050
76.507698 -372.779178 -144.899415 -7.179972 0.045342 -0.013996 -0.998333 -0.032854
76.607703 -372.942100 -144.882841 -7.161520 0.045493 -0.013904 -0.998333 -0.032687
76.707803 -373.112024 -144.875228 -7.207923 0.045530 -0.013865 -0.998343 -0.032334
76.807752 -373.274166 -144.860474 -7.189676 0.045479 -0.013976 -0.998345 -0.032306
76.907802 -373.452592 -144.850725 -7.233173 0.045355 -0.013900 -0.998363 -0.031968
77.007902 -373.617787 -144.848025 -7.218019 0.045510 -0.013534 -0.998370 -0.031679
77.102992 -373.794850 -144.834797 -7.262245 0.045523 -0.013409 -0.998383 -0.031297
77.202941 -373.977733 -144.823371 -7.247971 0.045435 -0.013549 -0.998390 -0.031123
77.302942 -374.145969 -144.815070 -7.286812 0.045679 -0.013565 -0.998384 -0.030969
77.402917 -374.334507 -144.805326 -7.276679 0.045830 -0.013740 -0.998383 -0.030684
77.502991 -374.518104 -144.797246 -7.314076 0.045824 -0.013633 -0.998391 -0.030479
77.603041 -374.689960 -144.784357 -7.306962 0.045943 -0.013521 -0.998395 -0.030232
77.703091 -374.873325 -144.774626 -7.341869 0.046042 -0.013419 -0.998401 -0.029925
77.803091 -375.038871 -144.769855 -7.336479 0.045991 -0.013486 -0.998405 -0.029843
77.903091 -375.212895 -144.762251 -7.368472 0.045862 -0.013433 -0.998421 -0.029522
78.003041 -375.401478 -144.747472 -7.367939 0.045966 -0.013413 -0.998422 -0.029345
78.103142 -375.574326 -144.737235 -7.398944 0.046268 -0.013591 -0.998415 -0.029020
78.203166 -375.751543 -144.732747 -7.398938 0.046447 -0.014275 -0.998401 -0.028893
78.303290 -375.928771 -144.717568 -7.424257 0.046528 -0.014690 -0.998398 -0.028662
78.403316 -376.082425 -144.718699 -7.423176 0.046594 -0.014429 -0.998399 -0.028650
78.503465 -376.238780 -144.713074 -7.448731 0.046617 -0.013921 -0.998417 -0.028218
78.700222 -376.528960 -144.697969 -7.472841 0.047212 -0.013728 -0.998396 -0.028088
78.800345 -376.562744 -144.694018 -7.468242 0.046678 -0.013930 -0.998420 -0.028007
78.844850 -376.624555 -144.696770 -7.480665 0.046562 -0.013935 -0.998410 -0.028554
78.944804 -376.752244 -144.689524 -7.480213 0.047222 -0.013837 -0.998397 -0.027971
79.011993 -376.836839 -144.681164 -7.501388 0.047034 -0.013700 -0.998414 -0.027724
79.144849 -376.991870 -144.674015 -7.504357 0.047178 -0.013990 -0.998407 -0.027588
79.246870 -377.061033 -144.666708 -7.518946 0.047102 -0.014145 -0.998404 -0.027757
79.346748 -377.134602 -144.665210 -7.511202 0.047079 -0.014280 -0.998406 -0.027645
79.411990 -377.184940 -144.666157 -7.529799 0.046875 -0.014062 -0.998418 -0.027684
79.546846 -377.279357 -144.665906 -7.527245 0.047238 -0.013576 -0.998413 -0.027478
79.646897 -377.310474 -144.661907 -7.539178 0.046996 -0.013637 -0.998423 -0.027521
79.712113 -377.336701 -144.660956 -7.527483 0.046676 -0.013856 -0.998434 -0.027559
79.812066 -377.389343 -144.652168 -7.546416 0.046120 -0.013770 -0.998465 -0.027400
80.000297 -377.491784 -144.649329 -7.551992 0.045450 -0.013356 -0.998508 -0.027148
80.003516 -377.463363 -144.649739 -7.551481 0.044627 -0.013464 -0.998539 -0.027316
