1.422192 0.689526 0.011171 0.013191 -0.000909 0.001429 0.008987 0.999958
1.522264 1.359913 0.032628 0.020395 -0.001512 0.001929 0.015122 0.999883
1.623092 1.809499 0.051840 0.015258 -0.002237 0.001192 0.021860 0.999758
1.723661 2.490417 0.103940 0.019959 -0.001865 0.000810 0.027132 0.999630
1.804233 3.032586 0.136193 0.021576 -0.000968 0.000772 0.031658 0.999498
1.903932 3.778896 0.200758 0.032860 -0.002062 0.000340 0.036641 0.999326
2.026331 4.648830 0.288278 0.037152 -0.003051 -0.000083 0.041794 0.999122
2.200248 5.761271 0.394881 0.043192 -0.002594 -0.001586 0.046917 0.998894
2.300048 6.154253 0.432346 0.047660 -0.000999 -0.001433 0.049539 0.998771
2.400072 6.721147 0.494646 0.057448 -0.000932 -0.000612 0.052749 0.998607
2.500297 7.367999 0.576698 0.071134 -0.002169 0.000356 0.055644 0.998448
2.521844 7.550079 0.594991 0.067863 -0.001931 0.001288 0.058064 0.998310
2.622515 8.459201 0.700969 0.077680 -0.004022 0.001746 0.060810 0.998140
2.723240 9.236793 0.810850 0.077736 -0.003197 0.002133 0.062223 0.998055
2.823911 9.986834 0.910469 0.084841 -0.002818 0.003292 0.063764 0.997956
2.923862 10.696100 1.004923 0.092009 -0.002716 0.004326 0.064974 0.997874
3.023763 11.400051 1.101613 0.100312 -0.003274 0.005041 0.065700 0.997821
3.124634 12.100301 1.201116 0.101536 -0.003888 0.004662 0.066050 0.997798
3.223787 12.769487 1.292428 0.105540 -0.004417 0.003642 0.065658 0.997826
3.324636 13.448363 1.386051 0.103796 -0.004123 0.002319 0.064776 0.997889
3.424035 14.108733 1.470732 0.106625 -0.003466 0.001921 0.063415 0.997979
3.523936 14.782332 1.554680 0.101965 -0.003546 0.002730 0.061500 0.998097
3.623565 15.450496 1.642989 0.110043 -0.002802 0.003566 0.059253 0.998233
3.724209 16.125077 1.725337 0.117009 -0.002337 0.003870 0.057876 0.998314
3.885053 17.195674 1.838679 0.130515 -0.001523 0.001977 0.053854 0.998546
3.914662 17.228298 1.841416 0.129072 -0.000043 0.002578 0.056782 0.998383
4.085180 18.437726 1.957499 0.142746 -0.001517 -0.000904 0.050657 0.998715
4.117532 18.528456 1.979405 0.134495 -0.000101 -0.000449 0.053038 0.998592
4.222192 19.303437 2.044106 0.145075 -0.001285 -0.000360 0.050117 0.998742
4.323589 19.993057 2.116581 0.160341 -0.002261 0.000556 0.048943 0.998799
4.417605 20.630112 2.181872 0.171128 -0.003272 0.000937 0.047842 0.998849
4.525630 21.361580 2.255697 0.175903 -0.004738 0.000479 0.046174 0.998922
4.626850 22.004258 2.323920 0.179253 -0.004948 0.000462 0.045121 0.998969
4.727947 22.648411 2.385774 0.183999 -0.005699 0.000789 0.044149 0.999008
4.827399 23.267445 2.440743 0.191383 -0.005723 0.000949 0.043160 0.999051
4.929747 23.915197 2.494069 0.197040 -0.005590 0.000740 0.042256 0.999091
5.028050 24.548442 2.545802 0.200170 -0.004688 0.000338 0.042319 0.999093
5.126255 25.191800 2.603232 0.207723 -0.003485 0.000087 0.042217 0.999102
5.225681 25.844103 2.658700 0.215894 -0.003141 0.000147 0.043483 0.999049
5.326003 26.488627 2.723099 0.223347 -0.003263 0.000400 0.044548 0.999002
5.426252 27.136149 2.784264 0.230779 -0.003776 0.001231 0.045771 0.998944
5.529491 27.805983 2.855857 0.234203 -0.004899 0.003049 0.046689 0.998893
5.629641 28.433880 2.918969 0.237770 -0.005179 0.004576 0.047542 0.998845
5.730341 29.058970 2.981397 0.246114 -0.005635 0.005587 0.048629 0.998785
5.830145 29.681766 3.045503 0.250774 -0.006234 0.005698 0.049720 0.998727
5.930941 30.309368 3.109567 0.248949 -0.005912 0.004570 0.050909 0.998675
6.030441 30.920256 3.182947 0.244565 -0.005375 0.002816 0.052217 0.998617
6.130092 31.545306 3.247737 0.244013 -0.004631 0.002208 0.053298 0.998565
6.229770 32.166125 3.316178 0.244988 -0.003801 0.001817 0.054350 0.998513
6.325582 32.765962 3.383784 0.255406 -0.002469 0.001278 0.055584 0.998450
6.425307 33.414842 3.458093 0.260203 -0.001753 0.000393 0.056842 0.998382
6.523640 34.045435 3.526874 0.267163 -0.000979 -0.000520 0.058672 0.998277
6.622962 34.675966 3.606459 0.273578 -0.000640 -0.001220 0.060361 0.998176
6.715411 35.272209 3.677472 0.280244 -0.000647 -0.000452 0.061826 0.998087
6.833290 36.056096 3.781050 0.286740 -0.002437 0.000564 0.063420 0.997984
6.940267 36.676670 3.868433 0.294110 -0.003455 0.002037 0.065087 0.997872
7.044876 37.308791 3.960999 0.290091 -0.004122 0.003496 0.066654 0.997761
7.124534 37.800889 4.029125 0.296134 -0.003374 0.004276 0.068265 0.997652
7.225154 38.520860 4.131389 0.300341 -0.003182 0.004209 0.069609 0.997560
7.326472 39.200676 4.233922 0.306387 -0.004123 0.003760 0.071378 0.997434
7.427775 39.882540 4.350174 0.297725 -0.005724 0.003438 0.072956 0.997313
7.528398 40.567507 4.451854 0.289362 -0.005406 0.003037 0.074063 0.997234
7.625484 41.226885 4.550879 0.291126 -0.004089 0.002473 0.075403 0.997142
7.726080 41.933267 4.659210 0.297279 -0.003216 0.002099 0.076250 0.997081
7.826408 42.640582 4.769855 0.309793 -0.003445 0.001864 0.077101 0.997016
7.927555 43.362279 4.889519 0.301782 -0.004562 0.000745 0.078132 0.996932
8.027377 44.070807 5.005491 0.303759 -0.004834 0.000406 0.078851 0.996875
8.114709 44.706195 5.110734 0.297314 -0.004327 0.000443 0.079684 0.996811
8.224983 45.572093 5.250240 0.307399 -0.004316 0.000978 0.079629 0.996815
8.325238 46.298444 5.376750 0.309356 -0.004273 0.001695 0.080012 0.996783
8.425809 47.046095 5.507627 0.310288 -0.005475 0.002101 0.080021 0.996776
8.525558 47.800690 5.628146 0.310249 -0.005263 0.002284 0.079636 0.996807
8.625808 48.581615 5.754679 0.312578 -0.004672 0.002547 0.079410 0.996828
8.724910 49.344011 5.873080 0.316227 -0.003105 0.002414 0.078798 0.996883
8.824959 50.121125 5.993015 0.322809 -0.002943 0.002234 0.078577 0.996901
8.926704 50.923199 6.128736 0.326623 -0.003855 0.001674 0.078335 0.996918
9.032317 51.750187 6.259234 0.324027 -0.003012 0.001580 0.078134 0.996937
9.122666 52.432039 6.362146 0.332536 -0.002144 0.002826 0.078340 0.996920
9.237928 53.363830 6.512103 0.336485 -0.002684 0.004573 0.077498 0.996978
9.301919 53.821576 6.585930 0.337504 -0.002795 0.005118 0.078259 0.996916
9.423439 54.893394 6.767468 0.335948 -0.002690 0.004997 0.079120 0.996849
9.523363 55.637702 6.891025 0.331918 -0.001764 0.004462 0.079828 0.996797
9.626828 56.434879 7.014740 0.335280 -0.001102 0.005297 0.080477 0.996742
9.700673 56.430115 7.012853 0.335732 -0.001103 0.005358 0.080491 0.996740
9.900346 58.659914 7.398970 0.332488 -0.002194 0.006214 0.081831 0.996624
10.000197 59.032394 7.440287 0.334795 -0.001040 0.006397 0.082313 0.996585
10.022566 59.171527 7.460672 0.335290 0.000543 0.007463 0.084149 0.996425
10.123291 60.028779 7.613290 0.329076 -0.003408 0.004686 0.085111 0.996355
10.217606 60.787609 7.744842 0.340917 -0.001897 0.003680 0.085640 0.996318
10.317506 61.588561 7.882599 0.336326 -0.001723 0.002617 0.086522 0.996245
10.435209 62.512269 8.050678 0.360453 -0.002267 0.002746 0.086246 0.996267
10.536001 63.244881 8.189362 0.348293 -0.002081 0.003978 0.087124 0.996187
10.617653 63.850913 8.289360 0.361370 -0.001762 0.005452 0.088042 0.996100
10.717554 64.630129 8.433530 0.349522 -0.002076 0.005691 0.088787 0.996032
10.817603 65.394100 8.572661 0.362806 -0.002557 0.005222 0.088963 0.996018
10.920747 66.157621 8.709303 0.362661 -0.003069 0.004824 0.088878 0.996026
11.021620 66.886418 8.850104 0.369205 -0.005538 0.004494 0.088910 0.996014
11.121294 67.607791 8.996238 0.365728 -0.007596 0.005176 0.088321 0.996050
11.244680 68.492938 9.165265 0.357627 -0.009571 0.006367 0.087070 0.996136
11.344653 69.116680 9.272166 0.352440 -0.009504 0.007912 0.085979 0.996220
11.440337 69.748133 9.389878 0.359411 -0.010485 0.009795 0.084150 0.996350
11.540565 70.446858 9.506329 0.352826 -0.011231 0.010595 0.081373 0.996564
11.641038 71.139579 9.617773 0.348738 -0.011436 0.010416 0.078169 0.996820
11.721346 71.695991 9.700958 0.337245 -0.010575 0.008819 0.075425 0.997056
11.844579 72.569357 9.841788 0.342406 -0.009825 0.005031 0.069023 0.997554
11.911993 72.981534 9.892060 0.343524 -0.009672 0.003666 0.067254 0.997682
12.012044 73.688261 10.000384 0.337128 -0.011523 0.000959 0.059953 0.998134
12.112119 74.362736 10.087359 0.329647 -0.010742 0.001020 0.052657 0.998554
12.266346 75.376447 10.175393 0.343271 -0.008318 0.003708 0.041661 0.999090
12.346725 75.749134 10.188520 0.346939 -0.007185 0.004492 0.039717 0.999175
12.441686 76.316117 10.220831 0.360721 -0.007661 0.006164 0.031516 0.999455
12.544658 76.939482 10.250017 0.362456 -0.008843 0.006561 0.022450 0.999687
12.646697 77.542634 10.270792 0.363639 -0.009762 0.005549 0.013405 0.999847
12.747645 78.136439 10.275573 0.365610 -0.009935 0.004129 0.002937 0.999938
12.865123 78.821741 10.275202 0.373655 -0.010994 0.002954 -0.011232 0.999872
12.965097 79.362216 10.262473 0.376666 -0.011786 0.002681 -0.022931 0.999664
13.065225 79.925121 10.221449 0.375791 -0.012942 0.002177 -0.037826 0.999198
13.138050 80.336727 10.173774 0.379935 -0.012773 0.002265 -0.049089 0.998710
13.238297 80.967583 10.084277 0.383992 -0.013391 0.003054 -0.069792 0.997467
13.365247 81.731383 9.942628 0.387735 -0.013476 0.003216 -0.092160 0.995648
13.465249 82.230042 9.841297 0.390187 -0.012231 0.002984 -0.104690 0.994425
13.544655 82.636427 9.718427 0.402015 -0.011272 0.003242 -0.118017 0.992942
13.665277 83.323725 9.506665 0.411833 -0.012136 0.002751 -0.142996 0.989645
13.765126 83.831510 9.337288 0.415465 -0.012919 0.002237 -0.157814 0.987382
13.865228 84.345936 9.141598 0.411863 -0.013400 0.001767 -0.176012 0.984295
13.965127 84.869688 8.916251 0.414985 -0.012609 0.001322 -0.194109 0.980898
14.065248 85.391422 8.664840 0.425455 -0.011293 0.000935 -0.212161 0.977169
14.165271 85.907842 8.403233 0.437107 -0.010720 0.000527 -0.230724 0.972960
14.265298 86.417084 8.115894 0.451301 -0.011193 0.000193 -0.249079 0.968419
14.365945 86.925326 7.803487 0.448680 -0.011803 -0.000566 -0.267740 0.963419
14.465148 87.405820 7.487886 0.456156 -0.010645 -0.001620 -0.285939 0.958187
14.567191 87.900391 7.132152 0.466686 -0.009415 -0.003016 -0.304842 0.952352
14.665239 88.369180 6.761939 0.482587 -0.008858 -0.004476 -0.322649 0.946467
14.767346 88.844699 6.344371 0.494809 -0.008593 -0.004694 -0.341714 0.939753
14.866719 89.306866 5.926798 0.502064 -0.008272 -0.004246 -0.359289 0.933180
14.967367 89.764307 5.473042 0.508269 -0.006870 -0.004710 -0.377439 0.925997
15.067588 90.201792 5.000423 0.536812 -0.004858 -0.005596 -0.394652 0.918801
15.168892 90.637419 4.506046 0.558066 -0.004538 -0.006720 -0.411531 0.911360
15.269017 91.058332 3.997596 0.574097 -0.005034 -0.008667 -0.426800 0.904290
15.368964 91.477189 3.470286 0.584474 -0.005708 -0.011229 -0.440896 0.897470
15.412142 91.653182 3.234936 0.586832 -0.005750 -0.012989 -0.446791 0.894525
15.512166 92.143355 2.579085 0.604853 -0.004578 -0.015953 -0.459828 0.887853
15.628054 92.656301 1.830507 0.646242 -0.003068 -0.016033 -0.470123 0.882450
15.772327 93.240131 0.962410 0.688801 -0.003478 -0.014222 -0.479060 0.877660
15.831215 93.387396 0.741759 0.697291 -0.002256 -0.013453 -0.481146 0.876535
15.935279 93.812102 0.081493 0.724571 -0.002990 -0.011790 -0.485240 0.874297
16.034780 94.205957 -0.563499 0.745927 -0.003568 -0.011716 -0.488277 0.872602
16.136974 94.608740 -1.227474 0.757731 -0.003390 -0.012180 -0.490402 0.871404
16.238248 95.000665 -1.870342 0.783936 -0.002979 -0.012918 -0.491975 0.870509
16.339518 95.399527 -2.505509 0.807060 -0.002115 -0.014055 -0.492022 0.870467
16.440765 95.788666 -3.159007 0.837451 -0.002044 -0.013634 -0.492688 0.870097
16.512142 96.068968 -3.638368 0.856430 -0.002141 -0.013505 -0.493145 0.869839
16.612019 96.512234 -4.380995 0.881381 -0.002739 -0.013566 -0.493715 0.869514
16.712139 96.951583 -5.103816 0.909715 -0.002614 -0.013975 -0.494043 0.869321
16.812117 97.372396 -5.795569 0.933967 -0.002828 -0.014460 -0.494787 0.868890
16.911969 97.791564 -6.499375 0.965409 -0.002748 -0.014584 -0.495148 0.868682
17.014610 98.228619 -7.219679 0.994089 -0.002880 -0.014316 -0.495881 0.868267
17.112064 98.630505 -7.921217 1.020376 -0.002692 -0.013699 -0.496330 0.868022
17.211969 99.054194 -8.647608 1.045903 -0.001903 -0.012770 -0.497188 0.867547
17.345153 99.622369 -9.627671 1.084177 -0.001311 -0.011343 -0.498723 0.866686
17.440116 99.955138 -10.175950 1.104436 -0.000484 -0.010864 -0.499541 0.866222
17.502055 100.198399 -10.597634 1.122273 0.000203 -0.010456 -0.500048 0.865935
17.646697 100.859598 -11.741115 1.161573 -0.000431 -0.010185 -0.502736 0.864380
17.746748 101.226729 -12.388403 1.181999 -0.000281 -0.010369 -0.503520 0.863921
17.841637 101.583703 -13.019241 1.207054 -0.000001 -0.010497 -0.504741 0.863207
17.941388 101.969118 -13.707922 1.233357 -0.000213 -0.010792 -0.506093 0.862411
18.072254 102.475956 -14.622201 1.267621 -0.001142 -0.010714 -0.508512 0.860987
18.168964 102.802950 -15.201502 1.288443 -0.001340 -0.010517 -0.509542 0.860381
18.212117 102.957335 -15.477606 1.297825 -0.001275 -0.010516 -0.509593 0.860350
18.369014 103.615649 -16.681425 1.342268 -0.003031 -0.011083 -0.514733 0.857274
18.446871 103.874535 -17.167925 1.356007 -0.002759 -0.011422 -0.514914 0.857161
18.512092 104.120011 -17.636985 1.373082 -0.002101 -0.011458 -0.516413 0.856260
18.646824 104.668492 -18.672485 1.414797 -0.001146 -0.009472 -0.520220 0.853979
18.746772 105.012230 -19.349663 1.438890 -0.000637 -0.008549 -0.521508 0.853203
18.846875 105.350016 -20.005001 1.466880 -0.001272 -0.008179 -0.523439 0.852023
18.946721 105.685492 -20.688738 1.483123 -0.002174 -0.008970 -0.526033 0.850414
19.065124 106.093256 -21.509211 1.505949 -0.002373 -0.009593 -0.529233 0.848419
19.165096 106.398285 -22.153757 1.530810 -0.001516 -0.009366 -0.531951 0.846722
19.246923 106.655418 -22.691155 1.549598 -0.001067 -0.008353 -0.533885 0.845515
19.345076 106.985176 -23.384534 1.571439 -0.001157 -0.007540 -0.536761 0.843700
19.444650 107.314104 -24.094142 1.585864 -0.001036 -0.007782 -0.539454 0.841979
19.544655 107.635349 -24.808504 1.606562 -0.000561 -0.009117 -0.542323 0.840120
19.644729 107.954188 -25.510119 1.632420 -0.000754 -0.010024 -0.545421 0.838102
19.768989 108.334592 -26.390272 1.654208 -0.001987 -0.010419 -0.549852 0.835195
19.868940 108.597894 -27.001409 1.674090 -0.002380 -0.010732 -0.553611 0.832703
19.968939 108.866159 -27.665882 1.691576 -0.002350 -0.010340 -0.558043 0.829744
20.072354 109.143635 -28.371583 1.717612 -0.002178 -0.009928 -0.563323 0.826174
20.169037 109.396879 -29.033835 1.740750 -0.001630 -0.010050 -0.568331 0.822737
20.212070 109.509504 -29.352162 1.752434 -0.000825 -0.010093 -0.570181 0.821457
20.303896 109.793737 -30.153276 1.777500 -0.001573 -0.009543 -0.579185 0.815139
20.412144 110.104528 -31.069009 1.801339 -0.002755 -0.009654 -0.587643 0.809058
20.512094 110.358982 -31.861103 1.822404 -0.003070 -0.009896 -0.593998 0.804400
20.612145 110.590337 -32.644649 1.839616 -0.003773 -0.010680 -0.600586 0.799480
20.768962 110.922917 -33.889743 1.880612 -0.006133 -0.012486 -0.611887 0.790823
20.812091 110.966694 -33.989621 1.881186 -0.005419 -0.013082 -0.610597 0.791815
20.965143 111.253990 -35.233690 1.930102 -0.007775 -0.014264 -0.623914 0.781324
21.065275 111.418506 -35.937831 1.954674 -0.007513 -0.014547 -0.628338 0.777768
21.111965 111.481196 -36.278317 1.971122 -0.006671 -0.014087 -0.630726 0.775849
21.212019 111.636676 -37.163304 2.004327 -0.004515 -0.012643 -0.637485 0.770346
21.312066 111.780868 -37.999842 2.037150 -0.002739 -0.012815 -0.641496 0.767014
21.412043 111.927274 -38.815022 2.065980 -0.002659 -0.013673 -0.645540 0.763599
21.512113 112.068707 -39.647545 2.093227 -0.003044 -0.014713 -0.648773 0.760834
21.612016 112.202758 -40.476368 2.117595 -0.004314 -0.015789 -0.651605 0.758382
21.725158 112.339144 -41.417141 2.149941 -0.004672 -0.017097 -0.654096 0.756204
21.834486 112.458976 -42.253940 2.185539 -0.004189 -0.017899 -0.656229 0.754338
21.934980 112.569095 -43.018907 2.216418 -0.003875 -0.017550 -0.657443 0.753290
22.037077 112.680657 -43.834355 2.251761 -0.003132 -0.016255 -0.658286 0.752586
22.141164 112.789001 -44.644851 2.283208 -0.002874 -0.015386 -0.658442 0.752469
22.244580 112.900960 -45.454305 2.315644 -0.002716 -0.015427 -0.658874 0.752090
22.346950 113.018015 -46.275153 2.345011 -0.002740 -0.016064 -0.658610 0.752308
22.411969 113.088972 -46.777543 2.361666 -0.002790 -0.016507 -0.657999 0.752833
22.535133 113.236185 -47.885688 2.404724 -0.003403 -0.016551 -0.657798 0.753005
22.636702 113.349378 -48.656540 2.434747 -0.003323 -0.016876 -0.657371 0.753371
22.737175 113.455349 -49.438006 2.465834 -0.003048 -0.017103 -0.656648 0.753997
22.837273 113.577360 -50.227866 2.498281 -0.003033 -0.017091 -0.655907 0.754642
22.937370 113.693451 -51.016585 2.523848 -0.002928 -0.017053 -0.655456 0.755035
23.037849 113.814811 -51.822299 2.557360 -0.002270 -0.017217 -0.654708 0.755682
23.137753 113.925027 -52.625503 2.586396 -0.001589 -0.017413 -0.654058 0.756242
23.202081 113.992149 -53.140325 2.608383 -0.000397 -0.017415 -0.653534 0.756697
23.301835 114.122432 -54.058949 2.648029 0.001169 -0.016847 -0.652239 0.757825
23.440887 114.304252 -55.247255 2.697626 0.001041 -0.017528 -0.651689 0.758283
23.540786 114.398737 -55.866139 2.720445 0.000917 -0.018509 -0.651531 0.758396
23.640539 114.507867 -56.587113 2.747925 0.000237 -0.020656 -0.650871 0.758907
23.739343 114.624877 -57.332454 2.780078 -0.000826 -0.022052 -0.650415 0.759259
23.839692 114.750112 -58.104820 2.814634 -0.002007 -0.021870 -0.650658 0.759053
23.940292 114.869570 -58.864472 2.844048 -0.001473 -0.021068 -0.650397 0.759300
24.012012 114.956085 -59.410992 2.875618 -0.000442 -0.020702 -0.650583 0.759152
24.144852 115.133227 -60.508788 2.926500 0.000577 -0.018664 -0.652363 0.757677
24.244630 115.236603 -61.159838 2.956601 0.001194 -0.018521 -0.653857 0.756391
24.344828 115.339634 -61.878807 2.980817 0.000039 -0.016218 -0.655724 0.754826
24.446824 115.436130 -62.619759 3.000481 0.001019 -0.014371 -0.658864 0.752124
24.541214 115.523544 -63.305277 3.027599 0.002951 -0.014049 -0.661872 0.749480
24.644678 115.609833 -64.080344 3.060220 0.003189 -0.014492 -0.665792 0.745989
24.711993 115.665539 -64.584877 3.063020 0.001457 -0.014929 -0.668103 0.743918
24.812015 115.746822 -65.433012 3.074836 -0.001675 -0.019105 -0.672210 0.740112
24.912144 115.824586 -66.211228 3.105055 -0.002220 -0.021564 -0.675026 0.737475
25.012017 115.895150 -66.993829 3.145984 -0.001604 -0.021936 -0.678547 0.734228
25.111967 115.947330 -67.755178 3.185497 -0.000786 -0.021595 -0.681196 0.731782
25.212019 115.996658 -68.490269 3.224724 -0.000412 -0.020871 -0.683830 0.729343
25.312064 116.042253 -69.227349 3.257365 -0.000835 -0.020175 -0.686356 0.726985
25.412116 116.080711 -69.961241 3.284462 -0.001694 -0.019672 -0.688760 0.724721
25.512065 116.115659 -70.681392 3.317997 -0.001783 -0.020012 -0.690233 0.723308
25.611992 116.154373 -71.386642 3.351208 -0.002246 -0.020285 -0.691089 0.722482
25.712065 116.188801 -72.110378 3.378841 -0.002889 -0.019916 -0.692278 0.721350
25.812164 116.223614 -72.790658 3.408817 -0.003204 -0.019093 -0.692384 0.721270
25.912015 116.267107 -73.480274 3.437225 -0.003726 -0.018204 -0.692803 0.720888
26.012118 116.300030 -74.155829 3.467950 -0.003578 -0.017585 -0.693336 0.720391
26.112015 116.333047 -74.825253 3.498463 -0.003784 -0.016510 -0.693723 0.720042
26.212018 116.356723 -75.502247 3.527751 -0.004320 -0.015885 -0.694272 0.719525
26.369037 116.402351 -76.555789 3.563526 -0.004853 -0.014989 -0.695277 0.718569
26.468961 116.406792 -77.025156 3.586801 -0.004482 -0.015390 -0.695182 0.718655
26.512042 116.421890 -77.279392 3.597366 -0.004241 -0.015549 -0.694909 0.718917
26.667339 116.469732 -78.409849 3.647004 -0.005156 -0.015648 -0.695101 0.718723
26.731020 116.480336 -78.722667 3.659496 -0.005249 -0.016378 -0.694153 0.719622
26.835506 116.514746 -79.438905 3.686950 -0.005786 -0.015241 -0.693387 0.720381
26.965171 116.558258 -80.285476 3.721984 -0.005712 -0.014446 -0.693061 0.720711
27.065225 116.571190 -80.850793 3.748438 -0.005428 -0.014424 -0.692370 0.721378
27.165171 116.599678 -81.453313 3.771897 -0.005709 -0.013642 -0.691419 0.722303
27.265171 116.639848 -82.058292 3.796996 -0.005848 -0.012791 -0.690297 0.723389
27.365174 116.670533 -82.665690 3.820563 -0.005964 -0.012312 -0.689486 0.724169
27.500297 116.707387 -83.480177 3.854640 -0.006673 -0.011693 -0.688536 0.725078
27.599948 116.733651 -83.982052 3.869473 -0.006758 -0.011583 -0.687509 0.726052
27.699673 116.788052 -84.532518 3.889765 -0.006846 -0.010961 -0.686488 0.727026
27.799424 116.833667 -85.105983 3.908772 -0.007578 -0.010296 -0.685438 0.728018
27.900072 116.879846 -85.702389 3.931696 -0.007703 -0.010183 -0.684604 0.728804
28.000171 116.910034 -86.291476 3.956451 -0.007536 -0.010190 -0.683546 0.729798
28.100321 116.956298 -86.870660 3.976644 -0.007736 -0.010540 -0.682825 0.730465
28.112167 116.963349 -86.930848 3.979766 -0.007262 -0.010890 -0.681977 0.731256
28.212144 117.037458 -87.743502 4.008168 -0.008899 -0.010896 -0.681535 0.731650
28.312091 117.091719 -88.446075 4.033122 -0.009859 -0.011199 -0.681150 0.731992
28.400673 117.088735 -88.448255 4.033786 -0.009871 -0.011177 -0.681139 0.732002
28.511967 117.181994 -89.740549 4.085029 -0.009656 -0.012026 -0.680040 0.733013
28.612115 117.219257 -90.281402 4.110990 -0.009318 -0.012325 -0.679528 0.733487
28.712043 117.265575 -90.850203 4.140383 -0.009385 -0.011974 -0.678791 0.734174
28.812015 117.316133 -91.404677 4.159853 -0.009255 -0.011562 -0.678400 0.734543
28.965168 117.387108 -92.254143 4.200701 -0.010124 -0.010829 -0.677956 0.734953
29.011994 117.398984 -92.353091 4.202818 -0.009996 -0.011417 -0.676865 0.735951
29.111993 117.459897 -92.938855 4.227197 -0.011864 -0.010394 -0.676815 0.735984
29.212017 117.512268 -93.471722 4.249785 -0.012354 -0.010003 -0.677061 0.735755
29.365100 117.583344 -94.266554 4.283198 -0.012461 -0.008783 -0.678048 0.734860
29.465197 117.623863 -94.619180 4.296963 -0.012332 -0.008783 -0.677900 0.734998
29.565148 117.674655 -95.038760 4.315882 -0.013021 -0.007057 -0.678588 0.734370
29.665246 117.719154 -95.464893 4.330190 -0.013038 -0.005563 -0.679860 0.733205
29.712045 117.736299 -95.676107 4.340624 -0.012544 -0.005131 -0.680103 0.732991
29.865220 117.798232 -96.418258 4.370577 -0.011514 -0.003180 -0.684925 0.728516
29.912118 117.804206 -96.547634 4.378126 -0.010773 -0.003883 -0.684255 0.729153
30.012017 117.843336 -96.983072 4.393243 -0.011025 -0.002409 -0.688338 0.725302
30.165074 117.887059 -97.560164 4.414958 -0.011764 -0.001462 -0.693577 0.720285
30.212165 117.885445 -97.630795 4.418488 -0.011375 -0.001521 -0.692731 0.721105
30.365121 117.903760 -98.141229 4.438249 -0.011831 -0.001263 -0.699926 0.714116
30.465147 117.914036 -98.371026 4.454352 -0.011911 -0.002001 -0.701673 0.712397
30.565199 117.913456 -98.621085 4.462096 -0.013183 -0.003057 -0.705073 0.709006
30.665048 117.923497 -98.864590 4.467266 -0.014384 -0.003693 -0.708810 0.705243
30.765249 117.915759 -99.131496 4.471408 -0.014825 -0.003750 -0.713132 0.700863
30.812066 117.912026 -99.252522 4.475401 -0.014535 -0.003887 -0.714938 0.699026
30.912014 117.892556 -99.567565 4.483876 -0.014552 -0.003742 -0.722142 0.691582
31.012114 117.878398 -99.854058 4.499714 -0.014318 -0.004324 -0.727487 0.685958
31.112018 117.864053 -100.120843 4.512769 -0.014462 -0.004323 -0.732728 0.680355
31.212017 117.838701 -100.388078 4.526210 -0.015253 -0.004206 -0.738520 0.674046
31.312142 117.817614 -100.631796 4.538342 -0.016611 -0.003794 -0.744513 0.667390
31.412070 117.783952 -100.887473 4.541103 -0.017641 -0.003988 -0.750745 0.660344
31.512115 117.752271 -101.142910 4.556052 -0.018286 -0.004509 -0.757570 0.652482
31.612093 117.698061 -101.410646 4.566050 -0.019096 -0.004316 -0.764888 0.643866
31.712070 117.665934 -101.681123 4.572983 -0.020025 -0.004074 -0.772921 0.634173
31.811968 117.593830 -101.975356 4.581559 -0.020203 -0.003651 -0.781316 0.623798
31.965265 117.478304 -102.462313 4.604238 -0.020518 -0.001990 -0.795887 0.605094
32.065299 117.395894 -102.698489 4.610823 -0.020496 -0.001547 -0.801439 0.597724
32.165216 117.307790 -102.997201 4.623706 -0.021395 -0.001293 -0.811653 0.583746
32.265318 117.163894 -103.312179 4.633592 -0.022602 -0.001035 -0.821899 0.569184
32.365244 117.003549 -103.643431 4.644439 -0.022478 -0.001914 -0.832527 0.553525
32.465293 116.819649 -103.993312 4.662424 -0.022415 -0.002246 -0.843216 0.537102
32.565268 116.617193 -104.354257 4.673227 -0.022166 -0.001910 -0.854143 0.519563
32.665265 116.384977 -104.714597 4.684945 -0.021951 -0.002473 -0.864810 0.501614
32.765391 116.139260 -105.060027 4.707521 -0.021382 -0.004119 -0.875061 0.483523
32.865391 115.892408 -105.403882 4.737497 -0.020040 -0.004590 -0.885201 0.464755
32.965241 115.607510 -105.766804 4.760004 -0.019672 -0.002388 -0.895343 0.444936
33.065265 115.303455 -106.130056 4.772129 -0.019392 -0.000891 -0.905031 0.424902
33.165414 114.973380 -106.482037 4.782836 -0.018504 -0.001222 -0.914352 0.404494
33.265319 114.618289 -106.815038 4.799165 -0.017275 -0.002665 -0.923048 0.384287
33.365241 114.247693 -107.150652 4.815933 -0.015514 -0.005139 -0.930851 0.365032
33.411992 114.067373 -107.305407 4.837666 -0.013522 -0.007217 -0.934396 0.355905
33.512044 113.605881 -107.706055 4.859164 -0.012366 -0.006299 -0.942943 0.332665
33.612094 113.139765 -108.084675 4.882925 -0.012611 -0.005573 -0.948799 0.315579
33.769015 112.343056 -108.632132 4.914626 -0.012908 -0.004273 -0.957385 0.288493
33.900272 111.774839 -108.942215 4.934928 -0.012946 -0.004104 -0.962358 0.271445
33.965141 111.501956 -109.063152 4.938071 -0.012856 -0.004248 -0.964230 0.264720
34.002283 111.373225 -109.143348 4.942284 -0.013628 -0.004790 -0.966626 0.255785
34.200372 110.337361 -109.673733 4.976279 -0.013323 -0.004102 -0.977442 0.210743
34.202481 110.340279 -109.651255 4.978146 -0.012445 -0.005628 -0.976288 0.216045
34.365292 109.411231 -110.047713 5.004177 -0.012633 -0.003156 -0.983623 0.179766
34.465143 108.793653 -110.245781 5.021211 -0.012350 -0.003410 -0.986736 0.161827
34.565191 108.219790 -110.408417 5.041504 -0.011043 -0.003647 -0.989491 0.144124
34.665141 107.623509 -110.543846 5.057836 -0.009072 -0.004173 -0.991825 0.127217
34.765192 107.016242 -110.682426 5.066860 -0.007950 -0.004433 -0.993772 0.111063
34.812097 106.749834 -110.734051 5.070808 -0.007027 -0.005110 -0.994591 0.103506
34.912044 106.067852 -110.877079 5.080445 -0.007070 -0.008634 -0.995973 0.088962
35.099326 104.792699 -111.080735 5.101044 -0.009713 -0.012086 -0.997277 0.072096
35.199475 104.166218 -111.156883 5.121618 -0.010162 -0.012289 -0.997727 0.065468
35.215031 104.083296 -111.169240 5.117949 -0.011037 -0.012816 -0.997804 0.064043
35.326351 103.287572 -111.265057 5.138970 -0.012610 -0.014366 -0.998000 0.060258
35.415032 102.620138 -111.339834 5.161417 -0.012395 -0.015018 -0.998151 0.057576
35.517302 101.834571 -111.435733 5.186842 -0.011422 -0.015541 -0.998283 0.055313
35.611993 101.086513 -111.522435 5.206153 -0.011372 -0.015755 -0.998341 0.054208
35.712144 100.296138 -111.612502 5.229557 -0.011377 -0.016255 -0.998357 0.053754
35.812092 99.491440 -111.694708 5.249038 -0.011097 -0.016599 -0.998374 0.053398
35.912018 98.655305 -111.779702 5.271855 -0.010108 -0.017146 -0.998342 0.054015
36.012467 97.807335 -111.869581 5.297439 -0.008810 -0.016767 -0.998334 0.054499
36.113364 96.946514 -111.954474 5.316176 -0.007395 -0.016445 -0.998324 0.054988
36.212067 96.078152 -112.055563 5.333366 -0.006289 -0.016239 -0.998337 0.054948
36.312067 95.195618 -112.159828 5.338929 -0.006568 -0.016054 -0.998311 0.055438
36.412117 94.302434 -112.265280 5.354737 -0.006935 -0.018814 -0.998256 0.055518
36.512043 93.413055 -112.359686 5.370694 -0.007218 -0.019856 -0.998241 0.055398
36.601323 92.597118 -112.453797 5.392404 -0.008328 -0.019586 -0.998252 0.055135
36.712088 91.536898 -112.577605 5.410596 -0.010328 -0.020375 -0.998181 0.055785
36.812166 90.618039 -112.678068 5.435107 -0.011901 -0.020185 -0.998172 0.055715
36.912116 89.659579 -112.793814 5.467274 -0.011674 -0.019052 -0.998251 0.054732
37.034179 88.472725 -112.947285 5.501202 -0.009465 -0.016251 -0.998369 0.053902
37.134678 87.552655 -113.044926 5.523045 -0.007951 -0.014414 -0.998467 0.052843
37.212167 86.851087 -113.124754 5.531292 -0.006875 -0.013832 -0.998495 0.052626
37.311994 85.857731 -113.223359 5.550404 -0.005735 -0.013971 -0.998534 0.051973
37.412139 84.872050 -113.322277 5.573868 -0.005957 -0.014717 -0.998560 0.051240
37.512089 83.866349 -113.433451 5.589708 -0.006288 -0.015046 -0.998571 0.050883
37.612040 82.867413 -113.529938 5.612036 -0.006527 -0.015529 -0.998597 0.050197
37.712033 81.862538 -113.641773 5.631810 -0.007096 -0.015209 -0.998613 0.049900
37.811965 80.880444 -113.738294 5.648632 -0.006698 -0.016764 -0.998605 0.049615
37.912136 79.906348 -113.834144 5.674128 -0.005272 -0.017883 -0.998581 0.049890
38.012034 78.921346 -113.931953 5.699345 -0.003983 -0.018850 -0.998528 0.050694
38.112036 77.929078 -114.031639 5.718840 -0.004661 -0.020063 -0.998455 0.051604
38.212008 76.922164 -114.139291 5.739769 -0.006907 -0.020491 -0.998394 0.052368
38.312009 75.926808 -114.247593 5.756348 -0.007656 -0.020445 -0.998387 0.052407
38.411982 74.901531 -114.360054 5.785189 -0.006761 -0.020944 -0.998349 0.053053
38.511984 73.892003 -114.475380 5.813528 -0.006328 -0.019879 -0.998314 0.054160
38.612109 72.867768 -114.599837 5.838615 -0.006737 -0.019959 -0.998269 0.054918
38.712032 71.864589 -114.714733 5.856793 -0.007664 -0.019400 -0.998227 0.055755
38.812061 70.837513 -114.833594 5.879898 -0.008204 -0.019735 -0.998148 0.056952
38.912089 69.799295 -114.955685 5.902827 -0.008004 -0.019602 -0.998114 0.057622
39.012038 68.753053 -115.090669 5.928250 -0.006929 -0.019234 -0.998088 0.058330
39.112111 67.701631 -115.219633 5.953373 -0.005545 -0.019819 -0.998036 0.059166
39.246917 66.286178 -115.400323 5.982488 -0.004261 -0.020112 -0.997960 0.060441
39.312162 65.720475 -115.467885 5.993345 -0.004003 -0.020089 -0.997952 0.060598
39.411967 64.650556 -115.600468 6.017257 -0.004292 -0.020817 -0.997843 0.062111
39.511968 63.563180 -115.739226 6.034786 -0.004418 -0.021378 -0.997816 0.062342
39.611993 62.454587 -115.882823 6.052945 -0.004380 -0.022015 -0.997788 0.062575
39.712066 61.363234 -116.021387 6.073863 -0.005096 -0.022581 -0.997721 0.063379
39.811996 60.273594 -116.163557 6.097751 -0.006971 -0.022862 -0.997695 0.063510
39.912092 59.194893 -116.303662 6.117339 -0.008197 -0.023077 -0.997695 0.063289
40.012015 58.094145 -116.452564 6.146315 -0.007964 -0.022529 -0.997714 0.063212
40.120043 56.896430 -116.616828 6.174667 -0.006588 -0.021589 -0.997752 0.063101
40.219872 55.836913 -116.756815 6.198245 -0.005527 -0.021649 -0.997805 0.062335
40.320395 54.742145 -116.888841 6.218846 -0.005011 -0.021986 -0.997833 0.061808
40.412118 53.737955 -117.015908 6.240712 -0.004526 -0.022416 -0.997848 0.061460
40.512014 52.590846 -117.159755 6.259827 -0.005085 -0.023623 -0.997840 0.061090
40.612094 51.443074 -117.296137 6.288114 -0.006671 -0.023708 -0.997860 0.060569
40.713285 50.264239 -117.444890 6.300421 -0.007126 -0.023809 -0.997897 0.059873
40.817451 49.081403 -117.594233 6.335096 -0.006091 -0.023266 -0.997958 0.059172
40.920465 47.911472 -117.736795 6.344846 -0.003892 -0.023399 -0.997991 0.058747
41.037223 46.582893 -117.890062 6.372205 -0.001121 -0.024398 -0.998000 0.058300
41.137374 45.507007 -118.007588 6.396939 -0.000548 -0.024588 -0.997989 0.058423
41.214958 44.664255 -118.108871 6.400647 -0.003247 -0.026079 -0.997954 0.058277
41.312067 43.508401 -118.244558 6.432384 -0.006841 -0.025786 -0.997963 0.057944
41.412068 42.301371 -118.398413 6.456406 -0.006391 -0.023250 -0.998081 0.057030
41.512014 41.105469 -118.541880 6.485397 -0.003668 -0.021096 -0.998159 0.056738
41.611997 39.894208 -118.686861 6.495530 -0.000565 -0.019092 -0.998219 0.056516
41.712016 38.715594 -118.828900 6.507079 0.000489 -0.018160 -0.998248 0.056305
41.812114 37.525277 -118.970686 6.508987 -0.001340 -0.018417 -0.998230 0.056539
41.925860 36.166998 -119.119966 6.524657 -0.003791 -0.019257 -0.998182 0.056979
42.012071 35.197463 -119.233443 6.534747 -0.004765 -0.020998 -0.998135 0.057113
42.112039 33.972492 -119.359752 6.575511 -0.005481 -0.022747 -0.998025 0.058290
42.213136 32.757700 -119.509809 6.596042 -0.005449 -0.022191 -0.998025 0.058512
42.312091 31.566392 -119.652239 6.631040 -0.004028 -0.022216 -0.997977 0.059439
42.412020 30.364438 -119.796265 6.650577 -0.003284 -0.020299 -0.997971 0.060265
42.512093 29.159374 -119.956583 6.667176 -0.003894 -0.017956 -0.998014 0.060247
42.628819 27.754818 -120.138721 6.685868 -0.004184 -0.016654 -0.998006 0.060737
42.712120 26.818895 -120.260059 6.699211 -0.004015 -0.016711 -0.998025 0.060426
42.820894 25.486487 -120.429710 6.722604 -0.003281 -0.017271 -0.997969 0.061222
42.912044 24.389111 -120.564198 6.744236 -0.002681 -0.017987 -0.997976 0.060938
43.012091 23.153675 -120.714957 6.763724 -0.002798 -0.018711 -0.997929 0.061480
43.112066 21.923596 -120.875802 6.783735 -0.003051 -0.018253 -0.997926 0.061656
43.212119 20.681195 -121.041043 6.803139 -0.002432 -0.018191 -0.997927 0.061692
43.321016 19.336015 -121.212353 6.823017 -0.002457 -0.017974 -0.997933 0.061648
43.412068 18.264391 -121.349935 6.840064 -0.003448 -0.018144 -0.997918 0.061798
43.519324 16.929836 -121.517352 6.860321 -0.004627 -0.018320 -0.997916 0.061695
43.612068 15.810159 -121.660529 6.883348 -0.004487 -0.018360 -0.997934 0.061403
43.725034 14.388412 -121.840109 6.907724 -0.003172 -0.017917 -0.997963 0.061145
43.820195 13.266923 -121.984922 6.923800 -0.002301 -0.017537 -0.998025 0.060269
43.920146 12.020786 -122.139438 6.937589 -0.001630 -0.017756 -0.998051 0.059801
44.012045 10.875667 -122.279437 6.954205 -0.001354 -0.017851 -0.998074 0.059392
44.112119 9.596711 -122.439407 6.965916 -0.001605 -0.018049 -0.998088 0.059085
44.219728 8.224728 -122.602363 6.983924 -0.002148 -0.018394 -0.998125 0.058346
44.319671 6.971259 -122.748728 6.995051 -0.002906 -0.019086 -0.998153 0.057604
44.417952 5.735604 -122.894957 7.013010 -0.002867 -0.019528 -0.998187 0.056863
44.512044 4.530577 -123.029203 7.031112 -0.001306 -0.021102 -0.998181 0.056457
44.611996 3.211242 -123.173355 7.046177 0.000835 -0.022268 -0.998178 0.056072
44.712093 1.916194 -123.315905 7.066965 0.000406 -0.023466 -0.998167 0.055792
44.812040 0.637273 -123.466604 7.071022 -0.002400 -0.023753 -0.998198 0.055052
44.916904 -0.716717 -123.625370 7.095575 -0.003987 -0.023171 -0.998229 0.054644
45.013413 -1.935757 -123.767282 7.111802 -0.003282 -0.021771 -0.998278 0.054380
45.112018 -3.231330 -123.917998 7.136012 -0.002686 -0.021883 -0.998262 0.054647
45.212039 -4.551173 -124.059691 7.150742 -0.001804 -0.022679 -0.998233 0.054886
45.341488 -6.255282 -124.249100 7.175386 -0.000729 -0.023812 -0.998180 0.055402
45.441165 -7.398856 -124.370161 7.187137 -0.000319 -0.024364 -0.998150 0.055705
45.541442 -8.630313 -124.518416 7.203995 -0.000716 -0.024566 -0.998115 0.056240
45.637747 -9.824574 -124.658587 7.216434 -0.000197 -0.024611 -0.998063 0.057138
45.713286 -10.788563 -124.775688 7.228965 -0.000191 -0.024330 -0.998027 0.057887
45.813296 -12.168511 -124.947561 7.241807 -0.001392 -0.023674 -0.997976 0.059008
45.911992 -13.514639 -125.114789 7.261392 -0.000981 -0.024050 -0.997951 0.059289
46.011995 -14.906402 -125.281696 7.284043 0.000126 -0.023414 -0.997939 0.059751
46.112019 -16.294538 -125.449270 7.294149 -0.000570 -0.022915 -0.997925 0.060163
46.212018 -17.674454 -125.623191 7.298351 -0.001286 -0.022148 -0.997932 0.060320
46.312065 -19.045931 -125.795387 7.321576 -0.001196 -0.020983 -0.997953 0.060402
46.412013 -20.421680 -125.968140 7.330171 -0.000594 -0.020450 -0.997955 0.060560
46.512069 -21.792363 -126.140406 7.350818 -0.000333 -0.020744 -0.997926 0.060936
46.612065 -23.158820 -126.309284 7.362908 -0.000645 -0.020895 -0.997931 0.060793
46.717130 -24.589370 -126.485350 7.376655 -0.001051 -0.021217 -0.997925 0.060783
46.812119 -25.847509 -126.646369 7.390477 -0.001027 -0.021741 -0.997913 0.060789
46.911969 -27.226223 -126.818545 7.407668 0.000536 -0.022293 -0.997926 0.060381
47.011993 -28.624338 -126.985740 7.424371 0.001718 -0.022435 -0.997934 0.060178
47.112142 -30.004557 -127.152794 7.433323 0.000930 -0.022685 -0.997961 0.059655
47.212067 -31.370428 -127.320847 7.440741 -0.000244 -0.022603 -0.998009 0.058874
47.312042 -32.762610 -127.492960 7.452414 -0.000052 -0.022096 -0.998074 0.057958
47.412038 -34.144163 -127.667808 7.465265 0.000949 -0.021763 -0.998110 0.057460
47.512066 -35.531798 -127.832832 7.480742 0.001798 -0.021817 -0.998140 0.056892
47.612091 -36.926601 -127.995629 7.485487 0.002553 -0.021650 -0.998169 0.056419
47.712119 -38.307989 -128.153240 7.498806 0.002998 -0.021561 -0.998194 0.055989
47.812069 -39.705041 -128.311090 7.510496 0.002949 -0.021472 -0.998236 0.055277
47.912041 -41.094813 -128.469814 7.518910 0.003085 -0.020790 -0.998283 0.054674
48.012041 -42.474052 -128.623801 7.525855 0.002886 -0.020905 -0.998308 0.054184
48.112142 -43.833523 -128.786937 7.531943 0.002818 -0.020147 -0.998343 0.053827
48.219324 -45.323601 -128.953550 7.541911 0.002989 -0.020557 -0.998351 0.053505
48.312142 -46.579364 -129.092330 7.536941 0.003855 -0.020372 -0.998361 0.053345
48.437772 -48.349045 -129.282604 7.546758 0.005537 -0.024104 -0.998235 0.053997
48.537899 -49.608207 -129.416711 7.561524 0.006848 -0.025747 -0.998156 0.054549
48.637649 -50.882337 -129.551970 7.566496 0.005685 -0.027009 -0.998093 0.055205
48.737950 -52.177595 -129.695284 7.569500 0.003191 -0.026185 -0.998111 0.055484
48.812144 -53.152711 -129.825051 7.563135 0.002248 -0.024513 -0.998175 0.055142
48.937276 -54.928858 -130.039416 7.574425 0.004275 -0.023997 -0.998154 0.055627
49.037798 -56.279781 -130.188978 7.577462 0.004458 -0.024654 -0.998126 0.055828
49.137475 -57.623166 -130.335803 7.583086 0.003006 -0.027931 -0.998033 0.056039
49.237224 -58.958662 -130.490375 7.590066 0.003166 -0.028066 -0.997998 0.056597
49.337222 -60.331726 -130.647271 7.606595 0.003833 -0.027888 -0.997990 0.056774
49.412114 -61.344140 -130.771170 7.607154 0.003824 -0.025361 -0.998048 0.056945
49.511967 -62.787288 -130.948503 7.612582 0.004419 -0.022592 -0.998076 0.057571
49.601279 -64.075147 -131.114520 7.616764 0.004654 -0.020570 -0.998113 0.057670
49.720023 -65.805487 -131.332302 7.619065 0.004894 -0.019602 -0.998090 0.058382
49.819772 -67.201120 -131.490019 7.615658 0.005459 -0.019731 -0.998063 0.058748
49.920518 -68.613291 -131.661153 7.612092 0.006445 -0.020543 -0.997987 0.059650
50.020591 -70.026931 -131.831367 7.611974 0.006898 -0.021160 -0.997932 0.060298
50.112070 -71.320840 -131.984612 7.609906 0.006883 -0.021808 -0.997886 0.060825
50.219622 -72.873462 -132.186000 7.605458 0.007217 -0.021693 -0.997858 0.061295
50.319920 -74.275825 -132.359904 7.600592 0.007532 -0.021540 -0.997849 0.061453
50.412118 -75.563829 -132.523691 7.596394 0.007634 -0.021515 -0.997853 0.061393
50.512092 -77.017936 -132.709789 7.583794 0.007615 -0.021109 -0.997843 0.061699
50.612043 -78.431186 -132.884201 7.583681 0.007669 -0.021597 -0.997836 0.061629
50.712045 -79.856761 -133.072186 7.579861 0.007442 -0.020819 -0.997870 0.061371
50.817277 -81.348332 -133.264797 7.573164 0.007000 -0.020624 -0.997905 0.060913
50.912012 -82.649696 -133.426635 7.571045 0.007663 -0.019627 -0.997955 0.060350
51.019524 -84.166071 -133.616416 7.565267 0.008654 -0.019311 -0.997962 0.060200
51.111966 -85.421225 -133.778750 7.560075 0.009164 -0.018968 -0.998005 0.059524
51.211995 -86.810732 -133.955952 7.549078 0.009519 -0.018763 -0.998020 0.059279
51.312070 -88.243819 -134.130379 7.537007 0.009704 -0.018682 -0.998067 0.058473
51.420696 -89.791094 -134.324705 7.521063 0.010537 -0.019145 -0.998069 0.058137
51.537751 -91.387031 -134.513365 7.499477 0.011865 -0.021306 -0.998014 0.058086
51.637950 -92.703623 -134.664482 7.486363 0.013204 -0.024079 -0.997942 0.057941
51.737597 -94.053416 -134.814644 7.475151 0.014438 -0.026663 -0.997834 0.058380
51.824685 -95.241452 -134.949783 7.458629 0.015011 -0.027851 -0.997732 0.059417
51.937649 -96.829840 -135.144817 7.440715 0.015252 -0.026801 -0.997728 0.059906
52.038295 -98.187488 -135.316035 7.415091 0.015820 -0.024989 -0.997760 0.060004
52.138344 -99.561334 -135.495918 7.395874 0.016899 -0.023768 -0.997744 0.060466
52.212094 -100.574458 -135.626573 7.377031 0.016108 -0.022990 -0.997774 0.060492
52.312017 -102.042141 -135.814192 7.344333 0.012470 -0.021413 -0.997878 0.060219
52.412015 -103.475362 -135.998469 7.331318 0.012086 -0.019970 -0.997964 0.059347
52.512114 -104.919818 -136.183947 7.306246 0.014600 -0.017822 -0.997996 0.058937
52.611995 -106.339431 -136.356534 7.284597 0.015223 -0.017208 -0.998018 0.058581
52.712067 -107.764630 -136.534877 7.246696 0.014731 -0.016852 -0.998061 0.058082
52.811944 -109.170668 -136.706686 7.223426 0.013751 -0.015818 -0.998120 0.057597
52.912118 -110.589585 -136.876142 7.194430 0.011746 -0.015187 -0.998180 0.057169
53.012041 -111.993631 -137.043318 7.178148 0.010620 -0.014698 -0.998225 0.056733
53.112043 -113.404726 -137.215571 7.161615 0.012118 -0.015027 -0.998196 0.056856
53.212139 -114.796312 -137.380677 7.145690 0.013552 -0.016086 -0.998149 0.057056
53.311995 -116.206732 -137.546956 7.122914 0.013911 -0.016590 -0.998123 0.057278
53.446945 -118.106049 -137.775366 7.089372 0.015767 -0.014611 -0.998128 0.057259
53.512096 -118.858546 -137.868597 7.073666 0.018447 -0.014780 -0.998076 0.057320
53.611943 -120.274075 -138.022898 7.039782 0.014825 -0.015213 -0.998096 0.057906
53.712139 -121.682569 -138.197560 7.002813 0.008540 -0.016046 -0.998165 0.057756
53.812116 -123.129760 -138.375531 7.004931 0.007257 -0.016013 -0.998149 0.058211
53.912115 -124.570216 -138.560232 6.999504 0.010094 -0.014991 -0.998149 0.058070
54.011943 -125.992616 -138.732732 6.985517 0.013830 -0.013605 -0.998132 0.057940
54.112117 -127.407957 -138.902667 6.952345 0.016292 -0.012644 -0.998135 0.057451
54.211990 -128.820041 -139.074265 6.920986 0.016284 -0.011123 -0.998155 0.057425
54.311992 -130.236396 -139.245638 6.886088 0.015858 -0.010267 -0.998173 0.057390
54.412045 -131.656695 -139.419789 6.866566 0.016757 -0.010147 -0.998186 0.056934
54.512120 -133.065539 -139.587414 6.823077 0.018293 -0.010879 -0.998136 0.057196
54.611994 -134.476906 -139.744167 6.789413 0.019674 -0.012424 -0.998088 0.057262
54.712114 -135.891723 -139.910397 6.747224 0.019733 -0.012863 -0.998068 0.057499
54.812070 -137.300964 -140.091322 6.708760 0.019161 -0.013504 -0.998098 0.057012
54.911991 -138.720846 -140.261857 6.666776 0.020328 -0.012851 -0.998081 0.057062
55.012142 -140.149812 -140.427055 6.623394 0.022349 -0.013297 -0.998048 0.056787
55.111992 -141.552120 -140.591616 6.576568 0.024208 -0.014111 -0.997961 0.057354
55.212043 -142.954186 -140.760479 6.525720 0.024812 -0.014823 -0.997913 0.057742
55.312094 -144.361772 -140.931478 6.471400 0.024141 -0.014656 -0.997921 0.057930
55.412119 -145.779870 -141.104557 6.422429 0.025379 -0.014741 -0.997878 0.058121
55.511994 -147.189117 -141.278738 6.356646 0.027349 -0.016254 -0.997761 0.058821
55.639719 -148.942291 -141.497631 6.280312 0.024544 -0.019146 -0.997739 0.059559
55.711961 -149.851360 -141.595085 6.245560 0.022269 -0.020663 -0.997758 0.059625
55.813239 -151.311048 -141.764228 6.207093 0.023216 -0.022084 -0.997689 0.059914
55.937500 -153.042252 -141.986935 6.142685 0.025968 -0.023843 -0.997570 0.060087
56.024686 -154.204467 -142.122149 6.099892 0.027384 -0.024029 -0.997494 0.060655
56.138022 -155.786921 -142.325538 6.034600 0.028734 -0.023942 -0.997467 0.060496
56.238122 -157.124021 -142.500404 5.972646 0.028860 -0.024067 -0.997455 0.060596
56.337773 -158.504931 -142.665073 5.916984 0.027339 -0.023776 -0.997518 0.060372
56.438246 -159.887492 -142.839326 5.858332 0.027058 -0.023133 -0.997552 0.060192
56.538171 -161.288606 -143.022051 5.797840 0.028141 -0.022424 -0.997539 0.060183
56.638499 -162.712561 -143.202428 5.732059 0.028486 -0.021005 -0.997570 0.060011
56.738497 -164.137558 -143.382875 5.660862 0.028171 -0.020736 -0.997601 0.059745
56.838345 -165.557684 -143.561489 5.591865 0.027582 -0.021484 -0.997605 0.059687
56.938721 -166.984919 -143.739342 5.527664 0.025736 -0.023364 -0.997620 0.059544
57.038772 -168.433813 -143.915132 5.475189 0.022372 -0.025115 -0.997678 0.059224
57.123288 -169.664266 -144.057609 5.436961 0.020003 -0.025955 -0.997732 0.058798
57.212139 -171.025322 -144.226988 5.403177 0.020975 -0.025139 -0.997761 0.058321
57.338625 -172.986355 -144.481211 5.339447 0.026686 -0.021313 -0.997728 0.058067
57.438823 -174.405945 -144.651033 5.271791 0.029727 -0.019579 -0.997686 0.057921
57.539095 -175.847555 -144.833587 5.195497 0.029576 -0.018504 -0.997726 0.057666
57.620270 -177.011825 -144.974593 5.130411 0.028097 -0.017632 -0.997794 0.057508
57.712092 -178.410998 -145.140318 5.059251 0.027632 -0.018954 -0.997811 0.057010
57.839046 -180.371896 -145.365026 4.970564 0.028549 -0.021018 -0.997773 0.056505
57.938971 -181.810961 -145.519300 4.903553 0.028645 -0.022963 -0.997741 0.056260
58.038871 -183.266668 -145.683316 4.838778 0.028887 -0.024242 -0.997706 0.056214
58.138720 -184.723212 -145.853244 4.776279 0.029998 -0.024951 -0.997682 0.055745
58.238744 -186.198198 -146.023569 4.701248 0.031649 -0.024724 -0.997665 0.055250
58.338549 -187.673402 -146.197440 4.630649 0.031467 -0.024037 -0.997710 0.054834
58.438795 -189.170802 -146.366168 4.548583 0.030231 -0.022045 -0.997821 0.054350
58.516733 -190.342952 -146.508677 4.492970 0.029601 -0.021296 -0.997902 0.053504
58.611992 -191.848442 -146.693521 4.415274 0.030479 -0.020149 -0.997922 0.053068
58.738325 -193.840136 -146.923118 4.319946 0.031867 -0.019973 -0.997949 0.051803
58.838373 -195.321871 -147.069017 4.241392 0.032527 -0.019962 -0.997954 0.051306
58.938448 -196.822275 -147.222452 4.163117 0.034008 -0.019716 -0.997947 0.050557
59.037975 -198.319504 -147.372786 4.075588 0.034628 -0.019494 -0.997969 0.049782
59.138225 -199.838623 -147.534204 3.993769 0.034368 -0.019658 -0.998008 0.049115
59.237752 -201.336665 -147.690685 3.908613 0.033761 -0.019189 -0.998076 0.048332
59.337526 -202.852825 -147.845850 3.834069 0.035032 -0.020131 -0.998034 0.047903
59.437149 -204.366852 -147.997972 3.743585 0.035785 -0.019088 -0.998059 0.047249
59.537575 -205.898677 -148.156374 3.651230 0.036183 -0.019342 -0.998062 0.046783
59.637795 -207.416701 -148.306381 3.566260 0.037284 -0.018500 -0.998069 0.046113
59.737099 -208.924142 -148.454589 3.475016 0.037276 -0.017332 -0.998093 0.046043
59.836551 -210.441281 -148.601100 3.381288 0.035084 -0.016844 -0.998205 0.045526
59.936400 -211.948404 -148.746703 3.292949 0.032983 -0.017051 -0.998320 0.044481
60.036775 -213.474823 -148.887313 3.214850 0.033586 -0.017040 -0.998316 0.044123
60.136375 -214.989286 -149.024230 3.129758 0.035157 -0.017035 -0.998252 0.044339
60.236301 -216.504093 -149.168256 3.046054 0.036025 -0.017305 -0.998211 0.044460
60.336401 -218.023127 -149.308454 2.953871 0.037332 -0.017010 -0.998163 0.044587
60.436225 -219.528905 -149.456422 2.863772 0.038256 -0.017298 -0.998115 0.044770
60.535953 -221.032110 -149.592481 2.772302 0.038274 -0.017214 -0.998125 0.044565
60.635902 -222.534387 -149.744218 2.674097 0.038903 -0.016985 -0.998113 0.044365
60.746676 -224.187874 -149.896607 2.569743 0.039705 -0.016046 -0.998094 0.044443
60.825055 -225.313276 -150.004575 2.494564 0.039599 -0.015440 -0.998126 0.044026
60.911996 -226.678081 -150.132760 2.400909 0.039560 -0.014327 -0.998170 0.043442
61.046873 -228.820491 -150.330619 2.257333 0.041730 -0.013966 -0.998148 0.042009
61.146775 -230.261751 -150.453054 2.152355 0.042757 -0.014442 -0.998105 0.041818
61.244726 -231.679795 -150.568131 2.052457 0.043846 -0.015932 -0.998055 0.041360
61.341436 -233.116141 -150.682866 1.950475 0.043585 -0.016811 -0.998083 0.040590
61.436554 -234.516853 -150.807885 1.852085 0.042621 -0.017254 -0.998137 0.040109
61.511995 -235.643201 -150.899712 1.770609 0.041565 -0.017542 -0.998223 0.038939
61.612090 -237.219586 -151.034619 1.660202 0.041890 -0.017438 -0.998273 0.037302
61.712142 -238.777984 -151.156722 1.552443 0.041776 -0.017383 -0.998301 0.036721
61.812094 -240.307293 -151.278189 1.448076 0.041473 -0.018421 -0.998327 0.035817
61.937250 -242.190397 -151.423047 1.328558 0.042147 -0.019031 -0.998332 0.034551
62.036649 -243.551828 -151.516239 1.232757 0.042715 -0.019549 -0.998307 0.034297
62.137200 -244.946287 -151.607031 1.142296 0.043235 -0.019202 -0.998311 0.033724
62.236550 -246.323243 -151.720699 1.045286 0.044064 -0.018610 -0.998311 0.032971
62.336451 -247.704536 -151.818689 0.940921 0.044842 -0.018753 -0.998292 0.032403
62.437473 -249.080156 -151.903529 0.846458 0.044906 -0.020267 -0.998281 0.031736
62.541239 -250.471127 -152.001416 0.744562 0.043616 -0.020274 -0.998341 0.031651
62.636826 -251.746529 -152.085037 0.655662 0.041545 -0.021347 -0.998412 0.031480
62.711994 -252.774514 -152.153318 0.592740 0.041111 -0.020729 -0.998451 0.031234
62.811994 -254.204563 -152.261727 0.488639 0.041589 -0.018542 -0.998497 0.030488
62.912093 -255.645011 -152.366621 0.391006 0.042742 -0.017798 -0.998470 0.030241
63.012143 -257.032289 -152.466352 0.286004 0.044126 -0.017200 -0.998434 0.029760
63.146772 -258.905348 -152.583994 0.145002 0.044557 -0.017700 -0.998425 0.029127
63.211991 -259.688810 -152.615947 0.089940 0.045176 -0.018055 -0.998390 0.029177
63.312069 -261.000079 -152.722797 -0.008284 0.045046 -0.017637 -0.998407 0.029044
63.412093 -262.363107 -152.811139 -0.111396 0.043719 -0.016775 -0.998485 0.028893
63.511993 -263.725898 -152.894349 -0.216464 0.043480 -0.015990 -0.998532 0.028067
63.612067 -265.076265 -152.978889 -0.311642 0.044338 -0.015058 -0.998528 0.027379
63.712093 -266.429474 -153.052690 -0.411564 0.044113 -0.014553 -0.998563 0.026719
63.812165 -267.756597 -153.135839 -0.510136 0.043987 -0.015167 -0.998579 0.025966
63.904221 -268.972654 -153.200800 -0.591617 0.044678 -0.015146 -0.998567 0.025269
64.004220 -270.304041 -153.271818 -0.688950 0.044946 -0.015591 -0.998576 0.024132
64.104172 -271.620423 -153.345295 -0.787617 0.045217 -0.015403 -0.998591 0.023117
64.204171 -272.905659 -153.413829 -0.880199 0.045973 -0.015114 -0.998593 0.021669
64.304172 -274.150733 -153.478762 -0.971750 0.045899 -0.014272 -0.998639 0.020263
64.404220 -275.393252 -153.530442 -1.067201 0.044990 -0.013686 -0.998725 0.018351
64.504123 -276.618488 -153.574683 -1.156419 0.043633 -0.012987 -0.998831 0.016249
64.612115 -277.935882 -153.629047 -1.257819 0.042463 -0.012583 -0.998918 0.014185
64.704224 -279.031138 -153.668015 -1.334341 0.042058 -0.012812 -0.998959 0.012162
64.900271 -281.442003 -153.737208 -1.512675 0.044057 -0.013061 -0.998913 0.007760
65.000197 -282.533150 -153.748179 -1.596476 0.044181 -0.012727 -0.998917 0.007190
65.004222 -282.577474 -153.747817 -1.594798 0.045455 -0.012930 -0.998853 0.007685
65.104397 -283.828376 -153.757061 -1.693005 0.046136 -0.013965 -0.998833 0.002931
65.204373 -285.077132 -153.763156 -1.798086 0.046063 -0.015218 -0.998823 0.000043
65.304397 -286.337968 -153.766372 -1.889711 0.045546 -0.016308 -0.998825 -0.003019
65.404347 -287.582518 -153.760995 -1.993382 0.044956 -0.016777 -0.998832 -0.005739
65.504442 -288.828140 -153.744571 -2.085469 0.045908 -0.017582 -0.998752 -0.008807
65.644826 -290.567128 -153.719238 -2.223336 0.046097 -0.017174 -0.998706 -0.012886
65.712040 -291.361383 -153.694432 -2.287507 0.045578 -0.016797 -0.998724 -0.013796
65.812066 -292.559563 -153.662247 -2.378132 0.043860 -0.015434 -0.998760 -0.017775
65.912066 -293.775622 -153.626905 -2.476946 0.043730 -0.014368 -0.998710 -0.021438
66.030913 -295.192265 -153.566591 -2.587494 0.045600 -0.014479 -0.998511 -0.026212
66.146900 -296.537193 -153.495743 -2.699469 0.046984 -0.014850 -0.998321 -0.030459
66.244701 -297.637538 -153.423249 -2.786430 0.047166 -0.015833 -0.998173 -0.034289
66.346747 -298.805570 -153.339316 -2.882516 0.047358 -0.016540 -0.997977 -0.039055
66.412089 -299.554379 -153.272001 -2.936283 0.047447 -0.017880 -0.997799 -0.042746
66.511996 -300.774574 -153.162092 -3.043145 0.044690 -0.014236 -0.997654 -0.049858
66.612091 -302.011011 -153.046045 -3.140404 0.042470 -0.012653 -0.997483 -0.055351
66.712018 -303.225167 -152.917102 -3.232594 0.042628 -0.010510 -0.997183 -0.060815
66.812067 -304.445930 -152.767535 -3.329498 0.043386 -0.010074 -0.996849 -0.065640
66.912142 -305.634916 -152.615230 -3.422516 0.043239 -0.010820 -0.996598 -0.069330
67.012017 -306.826448 -152.448315 -3.516642 0.042662 -0.012065 -0.996436 -0.071755
67.111968 -308.018989 -152.280073 -3.601930 0.042897 -0.013609 -0.996357 -0.072439
67.212115 -309.208581 -152.102192 -3.688682 0.043274 -0.014963 -0.996358 -0.071926
67.339442 -310.683820 -151.898549 -3.799674 0.043312 -0.016156 -0.996498 -0.069676
67.439442 -311.773592 -151.765554 -3.881585 0.043315 -0.017115 -0.996633 -0.067478
67.535352 -312.822546 -151.642187 -3.959498 0.043734 -0.018425 -0.996831 -0.063843
67.633631 -313.911336 -151.510458 -4.039410 0.044874 -0.019018 -0.997047 -0.059342
67.733709 -315.018430 -151.388270 -4.124407 0.045577 -0.019606 -0.997327 -0.053640
67.835727 -316.129793 -151.285114 -4.208343 0.045189 -0.018672 -0.997627 -0.048465
67.937649 -317.227378 -151.199711 -4.300420 0.044885 -0.018000 -0.997879 -0.043582
68.036725 -318.286486 -151.117347 -4.381273 0.045271 -0.017538 -0.998048 -0.039295
68.136375 -319.349761 -151.044141 -4.461842 0.046395 -0.016934 -0.998163 -0.035086
68.299997 -321.089921 -150.948554 -4.600892 0.046934 -0.016818 -0.998337 -0.028930
68.399499 -321.971065 -150.924841 -4.664348 0.046680 -0.016544 -0.998406 -0.027062
68.499000 -322.922115 -150.863167 -4.745765 0.045512 -0.016453 -0.998539 -0.024041
68.599050 -323.880781 -150.829067 -4.822237 0.044735 -0.016635 -0.998619 -0.021969
68.698975 -324.852213 -150.786613 -4.893651 0.044569 -0.016454 -0.998658 -0.020637
68.798925 -325.842010 -150.763181 -4.976335 0.044969 -0.015824 -0.998679 -0.019187
68.898776 -326.856415 -150.734709 -5.052616 0.045428 -0.015904 -0.998676 -0.018179
68.998725 -327.876151 -150.695959 -5.136824 0.045618 -0.015379 -0.998679 -0.017979
69.098526 -328.904569 -150.663720 -5.214878 0.045646 -0.015822 -0.998678 -0.017578
69.198651 -329.931870 -150.631408 -5.304323 0.045881 -0.015896 -0.998674 -0.017087
69.299000 -330.984631 -150.597716 -5.382174 0.046354 -0.016499 -0.998647 -0.016851
69.399349 -332.040467 -150.563627 -5.469218 0.046883 -0.016320 -0.998627 -0.016710
69.499748 -333.091962 -150.534015 -5.551635 0.046844 -0.016257 -0.998629 -0.016780
69.600022 -334.134623 -150.507427 -5.639067 0.046793 -0.016317 -0.998626 -0.017046
69.646825 -334.623740 -150.493326 -5.681249 0.046740 -0.016433 -0.998621 -0.017336
69.746716 -335.770895 -150.452470 -5.774742 0.048411 -0.016773 -0.998529 -0.017737
69.841713 -336.827893 -150.427676 -5.859967 0.048930 -0.016575 -0.998500 -0.018117
69.941538 -337.942763 -150.391958 -5.955099 0.049112 -0.016908 -0.998480 -0.018445
70.044728 -339.067559 -150.352647 -6.046117 0.048844 -0.017054 -0.998484 -0.018784
70.197941 -340.688737 -150.297240 -6.178277 0.049154 -0.016841 -0.998461 -0.019365
70.295698 -341.503187 -150.276079 -6.243007 0.049015 -0.016515 -0.998462 -0.019935
70.395607 -342.383381 -150.242399 -6.320528 0.049320 -0.017016 -0.998440 -0.019909
70.438891 -342.755857 -150.220919 -6.346810 0.049598 -0.017635 -0.998418 -0.019781
70.524411 -343.575569 -150.194532 -6.418648 0.050010 -0.017618 -0.998398 -0.019765
70.639594 -344.669442 -150.162456 -6.510855 0.049783 -0.017403 -0.998404 -0.020192
70.740161 -345.573589 -150.137386 -6.587368 0.049697 -0.017569 -0.998405 -0.020244
70.840713 -346.463094 -150.111151 -6.659498 0.049950 -0.017720 -0.998387 -0.020337
70.940638 -347.318240 -150.079084 -6.730974 0.050238 -0.017815 -0.998375 -0.020141
71.040286 -348.156626 -150.057824 -6.794563 0.050182 -0.017516 -0.998391 -0.019772
71.144679 -349.010462 -150.019650 -6.870749 0.050571 -0.017277 -0.998392 -0.018928
71.241187 -349.756592 -149.993069 -6.929420 0.050739 -0.017342 -0.998393 -0.018359
71.344603 -350.552073 -149.974350 -6.994904 0.050888 -0.016993 -0.998398 -0.018002
71.444454 -351.290270 -149.949059 -7.058722 0.051311 -0.016814 -0.998383 -0.017757
71.541361 -351.975540 -149.933268 -7.110923 0.051731 -0.016921 -0.998363 -0.017565
71.640961 -352.657640 -149.915508 -7.171976 0.051460 -0.016877 -0.998384 -0.017215
71.744604 -353.349148 -149.897970 -7.225834 0.050831 -0.016712 -0.998426 -0.016828
71.844581 -353.982001 -149.877952 -7.281594 0.050460 -0.016532 -0.998457 -0.016252
71.944728 -354.609699 -149.859321 -7.335382 0.050097 -0.016675 -0.998475 -0.016094
72.044879 -355.223023 -149.840454 -7.388143 0.049553 -0.017118 -0.998495 -0.016069
72.144780 -355.823880 -149.824139 -7.432924 0.049332 -0.017219 -0.998505 -0.016030
72.246794 -356.419081 -149.808180 -7.483818 0.049052 -0.016939 -0.998524 -0.016041
72.346922 -357.006761 -149.791529 -7.532881 0.048449 -0.017047 -0.998548 -0.016243
72.412116 -357.374498 -149.780591 -7.563778 0.047906 -0.017056 -0.998571 -0.016442
72.546898 -358.212621 -149.755732 -7.634635 0.047947 -0.017130 -0.998549 -0.017545
72.612019 -358.576584 -149.742921 -7.664287 0.047848 -0.016950 -0.998554 -0.017669
72.744802 -359.383080 -149.719738 -7.732029 0.048014 -0.017182 -0.998528 -0.018460
72.846971 -359.934708 -149.703910 -7.773846 0.047793 -0.017168 -0.998532 -0.018834
72.946874 -360.457585 -149.683429 -7.819149 0.048064 -0.016833 -0.998509 -0.019663
73.044675 -360.977058 -149.665539 -7.861799 0.048065 -0.016907 -0.998490 -0.020538
73.147147 -361.523329 -149.642532 -7.907128 0.048247 -0.016733 -0.998457 -0.021822
73.207372 -361.826276 -149.629445 -7.934141 0.048662 -0.016746 -0.998426 -0.022313
73.307300 -362.411594 -149.605045 -7.982493 0.049590 -0.017038 -0.998344 -0.023651
73.407423 -362.959584 -149.581216 -8.027440 0.049640 -0.017146 -0.998316 -0.024640
73.507426 -363.485335 -149.556588 -8.070540 0.049366 -0.017278 -0.998307 -0.025439
73.607475 -363.982042 -149.527893 -8.109535 0.049496 -0.017191 -0.998281 -0.026261
73.707475 -364.459278 -149.505521 -8.152540 0.049554 -0.017234 -0.998248 -0.027340
73.810253 -364.924300 -149.477157 -8.190670 0.049387 -0.017515 -0.998228 -0.028188
73.910101 -365.351402 -149.452172 -8.227383 0.049532 -0.017695 -0.998207 -0.028573
74.010251 -365.753267 -149.433676 -8.258210 0.049619 -0.017727 -0.998193 -0.028901
74.110303 -366.128270 -149.413195 -8.289678 0.049782 -0.017330 -0.998179 -0.029323
74.223541 -366.538429 -149.388179 -8.323867 0.050210 -0.017421 -0.998146 -0.029674
74.310228 -366.806596 -149.376595 -8.344568 0.050366 -0.017329 -0.998135 -0.029809
74.410378 -367.132292 -149.357847 -8.374321 0.050365 -0.017378 -0.998122 -0.030240
74.510324 -367.441350 -149.343997 -8.400401 0.050303 -0.017583 -0.998117 -0.030366
74.610327 -367.739205 -149.321851 -8.425428 0.049981 -0.017720 -0.998119 -0.030774
74.710525 -368.016294 -149.312322 -8.447865 0.049591 -0.017427 -0.998144 -0.030738
74.810326 -368.284384 -149.301856 -8.471042 0.049628 -0.017120 -0.998144 -0.030878
74.910428 -368.536885 -149.287989 -8.493448 0.049771 -0.017137 -0.998134 -0.030933
75.010428 -368.765177 -149.276339 -8.511946 0.049681 -0.017196 -0.998138 -0.030942
75.110573 -368.983128 -149.265739 -8.530095 0.049782 -0.017156 -0.998134 -0.030911
75.210427 -369.183026 -149.258899 -8.547998 0.049900 -0.017126 -0.998138 -0.030610
75.310498 -369.384740 -149.247745 -8.562617 0.049747 -0.016991 -0.998145 -0.030720
75.424907 -369.593007 -149.238454 -8.580745 0.049898 -0.016562 -0.998148 -0.030605
75.510574 -369.726839 -149.228664 -8.591899 0.050026 -0.016403 -0.998151 -0.030373
75.610573 -369.898160 -149.219192 -8.606631 0.049882 -0.016382 -0.998171 -0.029976
75.710526 -370.059202 -149.209442 -8.620449 0.049227 -0.016601 -0.998202 -0.029914
75.810572 -370.216293 -149.202015 -8.632209 0.048425 -0.016734 -0.998243 -0.029758
75.910472 -370.370929 -149.196535 -8.645913 0.047846 -0.016747 -0.998277 -0.029537
76.010523 -370.514207 -149.189996 -8.657644 0.047707 -0.016609 -0.998294 -0.029275
76.110526 -370.665324 -149.180471 -8.671750 0.047751 -0.016552 -0.998305 -0.028878
76.210624 -370.822842 -149.171024 -8.684628 0.047750 -0.016736 -0.998308 -0.028658
76.310649 -370.983353 -149.159288 -8.698683 0.047744 -0.016914 -0.998311 -0.028450
76.410647 -371.136364 -149.154820 -8.710671 0.047714 -0.017076 -0.998314 -0.028295
76.507698 -371.283834 -149.148075 -8.722734 0.047636 -0.016964 -0.998327 -0.028035
76.607703 -371.432931 -149.145563 -8.735977 0.047728 -0.016840 -0.998327 -0.027944
76.707803 -371.608287 -149.134746 -8.751671 0.047814 -0.016819 -0.998345 -0.027159
76.807752 -371.779763 -149.123713 -8.766874 0.047727 -0.016877 -0.998352 -0.027011
76.907802 -371.945938 -149.118186 -8.779502 0.047617 -0.016869 -0.998358 -0.027016
77.007902 -372.118632 -149.109706 -8.795299 0.047739 -0.016478 -0.998357 -0.027062
77.102992 -372.291169 -149.102047 -8.810608 0.047726 -0.016334 -0.998373 -0.026588
77.202941 -372.462431 -149.090606 -8.824866 0.047681 -0.016462 -0.998388 -0.026005
77.302942 -372.639497 -149.079467 -8.838913 0.047884 -0.016539 -0.998375 -0.026100
77.402917 -372.816467 -149.073412 -8.853905 0.048090 -0.016686 -0.998371 -0.025773
77.502991 -372.991934 -149.066387 -8.868544 0.048051 -0.016609 -0.998380 -0.025540
77.603041 -373.164209 -149.061399 -8.884019 0.048164 -0.016493 -0.998380 -0.025422
77.703091 -373.343724 -149.057009 -8.898583 0.048289 -0.016438 -0.998385 -0.025000
77.803091 -373.535330 -149.048718 -8.914387 0.048218 -0.016445 -0.998396 -0.024714
77.903091 -373.712186 -149.035142 -8.930564 0.048072 -0.016391 -0.998408 -0.024532
78.003041 -373.867744 -149.032826 -8.945013 0.048191 -0.016311 -0.998402 -0.024600
78.103142 -374.062337 -149.019514 -8.962147 0.048492 -0.016552 -0.998398 -0.024013
78.203166 -374.224282 -149.015727 -8.976658 0.048675 -0.017244 -0.998370 -0.024303
78.303290 -374.387769 -149.007311 -8.988288 0.048787 -0.017676 -0.998363 -0.024039
78.403316 -374.557430 -149.007979 -9.001870 0.048808 -0.017356 -0.998382 -0.023456
78.503465 -374.711911 -149.002035 -9.014236 0.048841 -0.016895 -0.998394 -0.023188
78.700222 -374.999294 -148.989619 -9.039320 0.049135 -0.016774 -0.998387 -0.022994
78.800345 -375.060046 -148.984868 -9.044294 0.048888 -0.016849 -0.998393 -0.023188
78.844850 -375.103517 -148.982351 -9.048651 0.048862 -0.016866 -0.998394 -0.023173
78.944804 -375.221246 -148.973257 -9.061152 0.049349 -0.016735 -0.998377 -0.022963
79.011993 -375.289964 -148.973455 -9.066552 0.049305 -0.016637 -0.998384 -0.022825
79.144849 -375.431291 -148.970405 -9.079335 0.049357 -0.016988 -0.998378 -0.022752
79.246870 -375.523044 -148.963812 -9.086592 0.049364 -0.017169 -0.998375 -0.022706
79.346748 -375.599102 -148.960574 -9.091633 0.049353 -0.017265 -0.998373 -0.022742
79.411990 -375.632891 -148.963291 -9.094474 0.049214 -0.017001 -0.998391 -0.022452
79.546846 -375.727967 -148.965121 -9.104248 0.049335 -0.016562 -0.998388 -0.022632
79.646897 -375.764201 -148.967264 -9.107156 0.049153 -0.016608 -0.998404 -0.022291
79.712113 -375.800095 -148.962998 -9.110040 0.049039 -0.016802 -0.998406 -0.022306
79.812066 -375.833927 -148.959139 -9.113522 0.048354 -0.016768 -0.998437 -0.022447
80.000297 -375.900062 -148.957663 -9.119926 0.047434 -0.016408 -0.998487 -0.022480
80.003516 -375.885082 -148.956742 -9.119959 0.047123 -0.016432 -0.998501 -0.022490
80.103466 -375.953460 -148.957025 -9.125399 0.046988 -0.016548 -0.998508 -0.022343
