1.412169 -0.009328 0.000845 -0.002075 0.000006 0.000017 -0.000057 1.000000
1.512069 0.002521 0.006566 -0.003715 0.000045 -0.000003 -0.000113 1.000000
1.612119 -0.001607 -0.000280 -0.001861 0.000048 -0.000032 -0.000054 1.000000
1.712117 0.001046 0.002347 -0.003711 0.000053 -0.000003 -0.000062 1.000000
1.812120 0.001439 0.001331 -0.003215 0.000044 -0.000025 -0.000112 1.000000
1.912171 -0.000582 -0.002203 -0.003980 0.000040 -0.000029 -0.000189 1.000000
2.012168 -0.001160 -0.005556 -0.003547 0.000058 -0.000038 -0.000089 1.000000
2.112118 -0.003305 -0.003866 -0.004163 0.000071 -0.000053 -0.000117 1.000000
2.212120 -0.005184 0.000112 -0.003853 0.000033 -0.000025 -0.000033 1.000000
2.312093 0.004659 -0.000576 -0.004203 0.000058 -0.000026 -0.000161 1.000000
2.412172 0.000895 -0.001838 -0.003820 0.000053 -0.000002 -0.000102 1.000000
2.512167 0.000520 -0.002641 -0.004079 0.000064 -0.000042 -0.000022 1.000000
2.612168 0.002260 -0.002600 -0.004393 0.000046 -0.000034 -0.000073 1.000000
2.712167 0.004092 -0.001896 -0.004621 0.000068 -0.000054 -0.000057 1.000000
2.812066 -0.002487 -0.007433 -0.003103 0.000025 -0.000027 -0.000115 1.000000
2.912166 -0.004914 -0.005771 -0.004656 0.000053 -0.000054 -0.000087 1.000000
3.011997 -0.000225 -0.007065 -0.004018 0.000060 -0.000051 -0.000108 1.000000
3.111994 -0.003163 -0.003914 -0.005243 0.000083 -0.000067 -0.000097 1.000000
3.212023 -0.004693 -0.008307 -0.005151 0.000083 -0.000047 -0.000111 1.000000
3.365122 -0.009929 -0.008055 -0.006400 0.000079 -0.000040 -0.000095 1.000000
3.412095 -0.005104 -0.004083 -0.005517 0.000087 -0.000061 -0.000231 1.000000
3.512115 -0.003092 -0.005362 -0.006128 0.000098 -0.000049 -0.000072 1.000000
3.612166 -0.002207 -0.005865 -0.005829 0.000069 -0.000036 0.000014 1.000000
3.712045 -0.005278 -0.002392 -0.005357 0.000061 -0.000019 -0.000054 1.000000
3.812142 -0.007613 -0.006594 -0.005158 0.000050 -0.000014 -0.000171 1.000000
3.912041 -0.008015 -0.005026 -0.005178 0.000048 -0.000002 -0.000058 1.000000
4.012019 -0.006418 -0.003416 -0.005508 0.000064 -0.000051 -0.000067 1.000000
4.112091 -0.002577 -0.003169 -0.004825 0.000030 -0.000020 -0.000127 1.000000
4.211970 -0.002612 -0.003994 -0.006123 0.000019 -0.000081 0.000032 1.000000
4.312044 -0.004814 -0.003072 -0.005052 0.000037 -0.000058 -0.000037 1.000000
4.412069 -0.005328 -0.003833 -0.005289 0.000024 -0.000043 -0.000063 1.000000
4.512019 -0.003820 -0.000380 -0.005068 0.000031 -0.000026 0.000015 1.000000
4.612094 -0.004834 0.001007 -0.005836 0.000078 -0.000034 -0.000141 1.000000
4.712022 -0.001987 -0.001255 -0.006252 0.000126 -0.000047 -0.000092 1.000000
4.812167 -0.004661 -0.004757 -0.006637 0.000106 -0.000055 -0.000093 1.000000
4.912166 -0.003579 -0.003038 -0.006272 0.000084 -0.000047 -0.000061 1.000000
5.012167 -0.005354 -0.007115 -0.006240 0.000091 -0.000055 -0.000045 1.000000
5.112070 -0.007617 -0.004572 -0.006376 0.000092 -0.000036 -0.000127 1.000000
5.212121 -0.006348 0.000325 -0.006536 0.000082 -0.000042 0.000001 1.000000
5.312118 -0.006015 -0.002948 -0.005584 0.000070 -0.000041 -0.000031 1.000000
5.412192 -0.008775 -0.000091 -0.006564 0.000060 -0.000065 -0.000142 1.000000
5.512093 -0.004929 -0.002339 -0.005780 0.000090 -0.000042 -0.000077 1.000000
5.612016 -0.005040 0.000276 -0.005184 0.000070 -0.000030 -0.000116 1.000000
5.712169 -0.003137 -0.001017 -0.006999 0.000153 -0.000028 -0.000057 1.000000
5.812117 -0.000612 -0.004679 -0.004648 0.000053 -0.000038 -0.000089 1.000000
5.912046 -0.004417 0.000626 -0.006099 0.000069 -0.000037 -0.000096 1.000000
6.012045 -0.003917 -0.003527 -0.004253 0.000058 -0.000020 -0.000090 1.000000
6.111970 -0.004551 -0.004180 -0.006021 0.000077 -0.000012 -0.000155 1.000000
6.212120 -0.004766 -0.001217 -0.004717 0.000052 -0.000049 -0.000004 1.000000
6.312042 -0.007463 -0.000193 -0.004585 0.000026 -0.000052 -0.000049 1.000000
6.412115 -0.006014 0.000657 -0.005341 0.000060 -0.000043 0.000039 1.000000
6.512020 -0.005059 0.002326 -0.005799 0.000096 -0.000057 -0.000028 1.000000
6.665249 -0.008005 0.002653 -0.005587 0.000064 -0.000065 -0.000028 1.000000
6.712145 -0.006212 -0.000231 -0.005341 0.000071 -0.000016 0.000007 1.000000
6.812019 -0.008067 0.002786 -0.005581 0.000068 -0.000014 0.000094 1.000000
6.912116 -0.004609 -0.000603 -0.007083 0.000148 -0.000020 -0.000069 1.000000
7.011994 -0.005720 -0.000103 -0.007141 0.000160 -0.000013 -0.000027 1.000000
7.111992 -0.003462 0.000859 -0.007024 0.000148 -0.000014 -0.000060 1.000000
7.212041 -0.001192 -0.001247 -0.007796 0.000162 -0.000046 -0.000053 1.000000
7.312091 -0.002135 -0.001610 -0.006076 0.000098 -0.000099 0.000032 1.000000
7.412042 -0.000517 0.000324 -0.006224 0.000074 -0.000042 0.000025 1.000000
7.512118 -0.001394 -0.003292 -0.007249 0.000160 -0.000053 -0.000028 1.000000
7.612117 -0.002214 -0.000685 -0.005982 0.000137 -0.000057 0.000120 1.000000
7.712018 -0.006329 0.000018 -0.006261 0.000090 -0.000060 -0.000056 1.000000
7.811996 -0.005170 -0.001018 -0.006291 0.000140 -0.000066 -0.000033 1.000000
7.912166 -0.004866 0.000942 -0.005706 0.000078 -0.000045 -0.000013 1.000000
8.012068 -0.005890 0.001603 -0.005973 0.000131 -0.000062 -0.000044 1.000000
8.112120 -0.006152 -0.002339 -0.005504 0.000088 -0.000071 -0.000038 1.000000
8.212046 -0.005518 -0.001775 -0.005856 0.000112 -0.000061 -0.000025 1.000000
8.312044 -0.007718 -0.001167 -0.005051 0.000069 -0.000071 -0.000068 1.000000
8.412092 -0.001821 -0.001382 -0.005632 0.000062 -0.000058 -0.000042 1.000000
8.512067 -0.006323 0.000181 -0.006357 0.000142 -0.000053 -0.000047 1.000000
8.612044 -0.004871 -0.001763 -0.005212 0.000061 -0.000037 -0.000019 1.000000
8.800322 -0.002736 0.002513 -0.005388 0.000067 -0.000049 -0.000017 1.000000
8.900197 -0.007909 -0.001259 -0.005696 0.000125 -0.000040 -0.000002 1.000000
9.000322 -0.006338 -0.000107 -0.007224 0.000140 -0.000051 -0.000024 1.000000
9.012168 -0.010144 -0.000187 -0.005980 0.000147 -0.000024 -0.000049 1.000000
9.112118 -0.009773 -0.000525 -0.006249 0.000127 -0.000090 -0.000044 1.000000
9.300296 -0.008629 0.000757 -0.007471 0.000141 -0.000109 -0.000049 1.000000
9.400346 -0.007638 0.003410 -0.006769 0.000156 -0.000051 -0.000039 1.000000
9.412071 -0.007745 0.000969 -0.006757 0.000107 -0.000013 0.000043 1.000000
9.565169 -0.008020 -0.003744 -0.006218 0.000093 -0.000059 0.000016 1.000000
9.612068 -0.009249 0.002801 -0.007054 0.000162 -0.000023 0.000068 1.000000
9.712117 -0.007563 -0.001599 -0.007040 0.000156 -0.000049 0.000014 1.000000
9.811972 -0.010960 -0.001696 -0.005732 0.000088 -0.000061 -0.000009 1.000000
9.912042 -0.006959 0.004514 -0.007678 0.000139 -0.000036 0.000088 1.000000
10.012170 -0.011153 0.003102 -0.007108 0.000161 -0.000041 0.000102 1.000000
10.112170 -0.009187 0.000458 -0.005893 0.000078 -0.000010 -0.000013 1.000000
10.212166 -0.008405 0.000403 -0.007051 0.000138 -0.000054 0.000095 1.000000
10.312118 -0.009633 0.000721 -0.006434 0.000127 -0.000071 0.000006 1.000000
10.412171 -0.006279 0.000313 -0.007247 0.000155 -0.000066 0.000058 1.000000
10.512068 -0.006183 -0.001658 -0.006583 0.000127 -0.000090 -0.000017 1.000000
10.612168 -0.007135 0.002881 -0.006397 0.000135 -0.000078 0.000095 1.000000
10.712046 -0.005881 0.009543 -0.006093 0.000095 -0.000045 0.000226 1.000000
10.812095 -0.009526 0.005929 -0.006542 0.000164 -0.000059 0.000052 1.000000
10.912018 -0.003964 0.003544 -0.005538 0.000076 -0.000037 0.000093 1.000000
11.012046 -0.005803 0.006101 -0.005347 0.000078 -0.000081 0.000196 1.000000
11.112146 -0.005083 0.003719 -0.005820 0.000142 -0.000045 0.000099 1.000000
11.212094 -0.002363 0.000687 -0.005187 0.000062 -0.000043 0.000011 1.000000
11.312071 -0.001399 0.001661 -0.006022 0.000119 -0.000048 0.000028 1.000000
11.412069 -0.003253 0.009957 -0.006125 0.000119 -0.000053 0.000127 1.000000
11.512045 -0.000665 0.011651 -0.005678 0.000140 -0.000056 0.000258 1.000000
11.612167 -0.005092 0.005935 -0.004773 0.000088 -0.000062 0.000165 1.000000
11.712066 -0.001365 0.007598 -0.006521 0.000151 -0.000034 0.000253 1.000000
11.812019 -0.001892 0.002944 -0.004824 0.000071 -0.000055 0.000021 1.000000
11.912193 -0.005821 -0.001747 -0.006352 0.000120 -0.000088 -0.000072 1.000000
12.012068 -0.002996 -0.004098 -0.005101 0.000101 -0.000052 -0.000029 1.000000
12.112071 -0.007335 -0.002327 -0.004383 0.000066 -0.000059 -0.000001 1.000000
12.212092 -0.002190 -0.004898 -0.006519 0.000120 -0.000063 -0.000127 1.000000
12.312166 -0.004083 -0.007745 -0.004545 0.000085 -0.000045 -0.000110 1.000000
12.412166 -0.007542 -0.006916 -0.005568 0.000100 -0.000068 -0.000147 1.000000
12.512046 -0.006653 -0.003470 -0.005254 0.000090 -0.000070 -0.000039 1.000000
12.612094 -0.006521 -0.004718 -0.005278 0.000071 -0.000075 -0.000060 1.000000
12.712141 -0.008315 -0.004332 -0.005236 0.000089 -0.000079 -0.000091 1.000000
12.812119 -0.007224 -0.003143 -0.005415 0.000080 -0.000075 -0.000073 1.000000
12.912091 -0.007373 -0.002038 -0.005671 0.000116 -0.000050 0.000001 1.000000
13.012046 -0.006054 -0.001841 -0.005149 0.000081 -0.000083 -0.000014 1.000000
13.111969 -0.005986 -0.004312 -0.005886 0.000117 -0.000074 -0.000077 1.000000
13.212018 -0.006628 -0.002333 -0.005557 0.000114 -0.000038 -0.000015 1.000000
13.312168 -0.005134 -0.003465 -0.004910 0.000089 -0.000061 -0.000107 1.000000
13.412044 -0.004273 -0.001090 -0.005066 0.000077 -0.000044 -0.000110 1.000000
13.512065 -0.001074 -0.002847 -0.005436 0.000110 -0.000100 -0.000068 1.000000
13.612091 -0.003549 -0.001914 -0.004575 0.000073 -0.000092 -0.000057 1.000000
13.712069 -0.002851 -0.001308 -0.006198 0.000142 -0.000063 -0.000059 1.000000
13.812171 -0.002458 -0.000874 -0.004500 0.000089 -0.000061 -0.000056 1.000000
13.912046 -0.006607 -0.001714 -0.006189 0.000141 -0.000072 -0.000085 1.000000
14.012169 -0.003565 -0.000696 -0.005861 0.000149 -0.000065 0.000026 1.000000
14.112118 -0.003105 -0.005384 -0.005176 0.000126 -0.000085 -0.000040 1.000000
14.212019 -0.006234 -0.002303 -0.005304 0.000079 -0.000059 -0.000149 1.000000
14.312019 -0.005735 -0.004988 -0.006531 0.000118 -0.000046 -0.000095 1.000000
14.412145 -0.006755 -0.007848 -0.006284 0.000141 -0.000051 0.000044 1.000000
14.512067 -0.008238 -0.009167 -0.006114 0.000161 -0.000073 -0.000074 1.000000
14.612120 -0.011306 -0.006899 -0.005179 0.000085 -0.000079 -0.000049 1.000000
14.712016 -0.010136 -0.011531 -0.005062 0.000089 -0.000056 -0.000081 1.000000
14.812043 -0.010714 -0.008858 -0.005978 0.000178 -0.000099 -0.000080 1.000000
14.912168 -0.012991 -0.000310 -0.004863 0.000083 -0.000079 0.000070 1.000000
15.012066 -0.007654 -0.000817 -0.006686 0.000096 -0.000065 -0.000070 1.000000
15.112143 -0.005051 -0.008489 -0.005235 0.000118 -0.000095 -0.000029 1.000000
15.212044 -0.006890 -0.006716 -0.005063 0.000117 -0.000079 -0.000023 1.000000
15.311972 -0.000807 -0.003435 -0.005616 0.000132 -0.000036 -0.000026 1.000000
15.412094 -0.001487 -0.002351 -0.006475 0.000127 -0.000035 -0.000005 1.000000
15.512143 -0.007358 -0.004791 -0.005944 0.000133 -0.000076 -0.000042 1.000000
15.612042 -0.000990 -0.006058 -0.006160 0.000151 -0.000084 -0.000133 1.000000
15.712042 -0.004343 -0.003235 -0.005476 0.000094 -0.000086 -0.000033 1.000000
15.812118 -0.010392 -0.001614 -0.005384 0.000091 -0.000099 0.000051 1.000000
15.912042 -0.012046 -0.002597 -0.004994 0.000096 -0.000059 -0.000124 1.000000
16.012143 -0.006180 -0.000237 -0.005013 0.000064 -0.000064 -0.000122 1.000000
16.112168 -0.008135 -0.004545 -0.005734 0.000122 -0.000071 -0.000119 1.000000
16.212018 -0.017173 -0.005464 -0.004456 0.000067 -0.000079 -0.000086 1.000000
16.312165 -0.015472 -0.004583 -0.005587 0.000117 -0.000055 -0.000170 1.000000
16.412093 -0.015578 -0.004554 -0.005268 0.000119 -0.000086 -0.000181 1.000000
16.512046 -0.016281 -0.005616 -0.006165 0.000152 -0.000106 -0.000137 1.000000
16.612093 -0.014366 -0.006230 -0.005965 0.000144 -0.000090 -0.000016 1.000000
16.712044 -0.008626 -0.002716 -0.006378 0.000160 -0.000041 -0.000063 1.000000
16.812168 -0.013720 -0.001760 -0.006050 0.000137 -0.000094 -0.000028 1.000000
16.912170 -0.010243 -0.004226 -0.005591 0.000085 -0.000081 -0.000035 1.000000
17.012070 -0.008389 -0.004834 -0.006168 0.000130 -0.000081 -0.000047 1.000000
17.112094 -0.005744 -0.002567 -0.006366 0.000126 -0.000105 -0.000041 1.000000
17.212068 -0.006598 -0.002622 -0.005187 0.000098 -0.000093 -0.000046 1.000000
17.312042 -0.008472 -0.000967 -0.006322 0.000134 -0.000081 -0.000025 1.000000
17.412018 -0.008675 -0.005384 -0.005705 0.000156 -0.000083 -0.000083 1.000000
17.512120 -0.012539 -0.006531 -0.006008 0.000071 -0.000077 -0.000148 1.000000
17.612119 -0.009183 -0.008641 -0.005860 0.000106 -0.000054 -0.000063 1.000000
17.712143 -0.008385 -0.005593 -0.005021 0.000082 -0.000057 -0.000053 1.000000
17.812168 -0.013380 -0.005157 -0.005514 0.000143 -0.000018 0.000039 1.000000
17.912169 -0.033725 -0.005171 -0.005192 0.000117 -0.000069 -0.000153 1.000000
18.012120 -0.044279 -0.002475 -0.005907 0.000171 -0.000341 -0.000141 1.000000
18.112119 -0.029671 -0.001543 -0.006703 0.000227 -0.000614 -0.000022 1.000000
18.212093 -0.001050 -0.012588 -0.006925 0.000260 -0.000624 0.000050 1.000000
18.312140 0.029150 -0.017196 -0.005768 0.000402 -0.000624 0.000190 1.000000
18.412167 0.052139 -0.015929 -0.005375 0.000548 -0.000612 0.000137 1.000000
18.512066 0.082852 -0.013459 -0.004410 0.000702 -0.000654 0.000261 1.000000
18.612021 0.116838 -0.009304 -0.000532 0.000929 -0.000816 0.000156 0.999999
18.712069 0.151362 -0.000685 0.003696 0.000823 -0.001119 0.000259 0.999999
18.812117 0.193352 0.009753 0.005054 0.000610 -0.001779 0.000199 0.999998
18.912069 0.255251 0.004401 0.005043 0.000220 -0.002662 0.000131 0.999996
19.012116 0.322905 0.009634 0.004681 -0.000066 -0.003749 -0.000150 0.999993
19.112117 0.410821 0.007076 0.005233 -0.000145 -0.004511 -0.000603 0.999990
19.265417 0.574118 0.014308 0.008695 -0.000196 -0.004674 -0.001524 0.999988
19.312047 0.591086 0.015102 0.008051 -0.000164 -0.004482 -0.001321 0.999989
19.464621 0.829508 0.013821 0.009982 -0.000256 -0.004832 -0.003192 0.999983
19.565320 0.952095 0.014861 0.008021 -0.000285 -0.005212 -0.003432 0.999980
19.665244 1.110984 0.015030 0.010312 0.000076 -0.005645 -0.004593 0.999974
19.765868 1.295138 0.011405 0.016835 0.000443 -0.006006 -0.005762 0.999965
19.801225 1.370669 0.010578 0.016480 0.000620 -0.006056 -0.006100 0.999963
19.972500 1.873322 0.012590 0.023489 0.000178 -0.007890 -0.009502 0.999924
20.080229 2.071824 0.007187 0.016201 0.000024 -0.008324 -0.010035 0.999915
20.175393 2.318893 0.000952 0.019847 0.000036 -0.008500 -0.011721 0.999895
20.212118 2.453904 0.003926 0.017786 0.000241 -0.008913 -0.012505 0.999882
20.312166 2.890395 -0.003972 0.036966 0.000861 -0.008175 -0.015202 0.999851
20.412018 3.307335 -0.017652 0.039564 0.000491 -0.007297 -0.016764 0.999833
20.512065 3.724292 -0.034874 0.039071 0.000581 -0.006872 -0.017922 0.999816
20.615008 4.157794 -0.048737 0.043322 0.001690 -0.005923 -0.019084 0.999799
20.716978 4.589261 -0.064966 0.056792 0.002706 -0.004781 -0.019798 0.999789
20.801200 4.962164 -0.084437 0.060128 0.003319 -0.004437 -0.020078 0.999783
20.912114 5.505207 -0.099726 0.069939 0.003430 -0.003812 -0.019437 0.999798
21.012092 5.960655 -0.113021 0.068981 0.003649 -0.003450 -0.018450 0.999817
21.112042 6.432122 -0.126469 0.079195 0.004228 -0.003418 -0.016678 0.999846
21.212043 6.942838 -0.134512 0.081221 0.004706 -0.003483 -0.014100 0.999883
21.312065 7.452401 -0.137662 0.084601 0.005551 -0.003193 -0.010699 0.999922
21.415009 7.985167 -0.146055 0.088532 0.006436 -0.003361 -0.005693 0.999957
21.512091 8.499568 -0.142364 0.084752 0.007647 -0.004016 0.000129 0.999963
21.612093 9.048573 -0.124131 0.098718 0.009274 -0.004348 0.007170 0.999922
21.712193 9.600169 -0.106342 0.109966 0.010210 -0.004134 0.015559 0.999818
21.803697 10.112840 -0.076585 0.121136 0.010444 -0.003518 0.024627 0.999636
21.903375 10.746867 -0.022280 0.122249 0.010479 -0.003235 0.036585 0.999270
22.033560 11.534578 0.065076 0.133940 0.011843 -0.002497 0.053367 0.998502
22.126952 12.008063 0.132093 0.149948 0.011802 -0.001747 0.063530 0.997909
22.227026 12.605987 0.232677 0.153330 0.011902 -0.001086 0.079429 0.996769
22.329570 13.224637 0.363495 0.168135 0.011838 -0.000712 0.095369 0.995371
22.402290 13.670523 0.476837 0.176213 0.011665 -0.000196 0.108320 0.994048
22.501517 14.355256 0.663758 0.185774 0.009574 0.000707 0.129668 0.991511
22.634832 15.232544 0.951241 0.178591 0.008310 0.000265 0.154297 0.987990
22.736054 15.773169 1.129330 0.194595 0.008734 -0.000151 0.168451 0.985671
22.837497 16.361215 1.389411 0.197282 0.008556 -0.000493 0.186837 0.982354
22.910641 16.794894 1.587424 0.199753 0.007091 -0.001725 0.200841 0.979597
23.012165 17.458811 1.934507 0.188068 0.007284 -0.002093 0.225306 0.974258
23.109367 18.060548 2.262591 0.207191 0.009168 -0.001117 0.244933 0.969496
23.208521 18.674319 2.636658 0.220849 0.009326 0.000347 0.265660 0.964022
23.308049 19.257822 3.026528 0.232312 0.010159 0.001765 0.285757 0.958247
23.407551 19.835536 3.431947 0.246698 0.010623 0.002394 0.306006 0.951967
23.506954 20.378742 3.875848 0.261496 0.010791 0.002727 0.326683 0.945068
23.606384 20.903803 4.337454 0.262542 0.010088 0.002575 0.346897 0.937845
23.702563 21.405385 4.822548 0.276064 0.009662 0.003194 0.366476 0.930372
23.802636 21.919014 5.357782 0.272974 0.008684 0.003369 0.386847 0.922097
23.999721 22.875280 6.470242 0.287694 0.006853 0.004666 0.424687 0.905302
24.100247 23.235638 6.998069 0.290889 0.006503 0.004585 0.437114 0.899371
24.132711 23.368981 7.141960 0.294479 0.005451 0.004530 0.442095 0.896940
24.202037 23.637459 7.585313 0.291013 0.007428 0.005230 0.457598 0.889113
24.329246 24.176161 8.518884 0.323230 0.008111 0.003577 0.485374 0.874262
24.500122 24.816366 9.668591 0.318011 0.007652 0.000083 0.512438 0.858690
24.503281 24.814772 9.629478 0.314009 0.009171 -0.000178 0.511094 0.859476
24.601309 25.177919 10.404043 0.320633 0.009173 -0.001190 0.530918 0.847373
24.702474 25.528268 11.218306 0.329789 0.009126 -0.000644 0.547197 0.836954
24.834406 25.956844 12.262451 0.352281 0.009541 -0.000954 0.566578 0.823952
24.904338 26.141575 12.773050 0.366182 0.009249 -0.001605 0.575108 0.818023
25.003693 26.421464 13.586509 0.382148 0.011292 -0.002946 0.589147 0.807942
25.103148 26.677212 14.407136 0.414410 0.010885 -0.004421 0.601306 0.798933
25.299598 27.096633 16.033855 0.470683 0.008879 -0.006397 0.620844 0.783857
25.400392 27.231378 16.720311 0.477362 0.008878 -0.007137 0.629853 0.776631
25.499648 27.361664 17.471865 0.506471 0.007516 -0.008219 0.635519 0.772005
25.600271 27.526931 18.229728 0.524320 0.005717 -0.009132 0.640612 0.767789
25.644678 27.583456 18.568519 0.534582 0.004798 -0.009446 0.643066 0.765737
25.712091 27.702610 19.205988 0.549180 0.003514 -0.010328 0.643868 0.765059
25.812119 27.859688 20.169922 0.579942 0.003157 -0.011145 0.645272 0.763865
25.914784 27.989528 21.113745 0.610726 0.003276 -0.012648 0.646740 0.762599
26.015208 28.136269 22.032228 0.630884 0.002507 -0.013899 0.647571 0.761874
26.112067 28.278516 22.920555 0.657987 0.001513 -0.013767 0.647578 0.761873
26.243774 28.467192 24.178938 0.684812 0.000545 -0.011731 0.646380 0.762925
26.312116 28.568839 24.729644 0.701354 0.000410 -0.011231 0.647545 0.761944
26.450502 28.788815 26.055162 0.730218 0.002011 -0.009443 0.645648 0.763574
26.550872 28.937990 26.915865 0.755867 0.002407 -0.008987 0.646848 0.762562
26.612066 29.020003 27.445075 0.765899 0.002741 -0.008451 0.646140 0.763167
26.712016 29.183786 28.456547 0.804827 0.001701 -0.006710 0.644824 0.764300
