1.412169 -0.007579 0.001583 -0.001967 -0.000008 -0.000002 -0.000020 1.000000
1.512069 -0.002877 -0.002008 -0.003001 0.000023 -0.000006 -0.000054 1.000000
1.612119 -0.005676 -0.003292 -0.001103 0.000015 -0.000010 -0.000005 1.000000
1.712117 -0.006618 -0.002892 -0.003309 0.000011 0.000020 -0.000011 1.000000
1.812120 -0.008637 -0.005062 -0.001018 0.000012 0.000005 -0.000033 1.000000
1.912171 -0.011034 -0.004232 -0.004326 0.000001 -0.000014 -0.000107 1.000000
2.012168 -0.008041 -0.010568 -0.000849 0.000049 -0.000023 -0.000008 1.000000
2.112118 -0.010322 -0.005700 -0.005306 0.000039 -0.000032 -0.000072 1.000000
2.212120 -0.012477 -0.005551 -0.000270 0.000037 -0.000006 -0.000012 1.000000
2.312093 -0.005147 -0.004416 -0.005596 0.000016 -0.000010 -0.000014 1.000000
2.412172 -0.012190 -0.007215 -0.000099 0.000056 0.000003 -0.000009 1.000000
2.512167 -0.010681 -0.004649 -0.005854 0.000014 -0.000030 -0.000007 1.000000
2.612168 -0.007395 -0.004275 -0.000031 0.000047 -0.000004 0.000059 1.000000
2.712167 -0.010467 -0.011226 -0.006329 0.000017 -0.000028 -0.000027 1.000000
2.812066 -0.010620 -0.005582 0.001019 0.000061 -0.000042 -0.000041 1.000000
2.912166 -0.008881 -0.008956 -0.007286 0.000010 -0.000041 -0.000004 1.000000
3.011997 -0.008614 -0.009687 0.001013 0.000096 -0.000034 -0.000079 1.000000
3.111994 -0.017384 -0.010546 -0.008605 0.000020 -0.000044 -0.000056 1.000000
3.212023 -0.011162 -0.010564 0.001244 0.000102 -0.000041 -0.000112 1.000000
3.365122 -0.016212 -0.012451 -0.004038 -0.000004 -0.000029 -0.000059 1.000000
3.412095 -0.008888 -0.006184 0.001383 0.000072 -0.000058 -0.000040 1.000000
3.512115 -0.014691 -0.015860 -0.008436 0.000028 -0.000025 -0.000031 1.000000
3.612166 -0.011054 -0.006518 0.001920 0.000091 -0.000016 0.000045 1.000000
3.712045 -0.010554 -0.011425 -0.009337 -0.000001 -0.000021 -0.000004 1.000000
3.812142 -0.009663 -0.006364 0.002543 0.000094 -0.000000 -0.000042 1.000000
3.912041 -0.009816 -0.007832 -0.010256 -0.000032 0.000006 0.000020 1.000000
4.012019 -0.010330 -0.008960 0.002734 0.000087 -0.000041 -0.000037 1.000000
4.112091 -0.006830 -0.005293 -0.010711 -0.000031 -0.000016 0.000032 1.000000
4.211970 -0.009038 -0.007900 0.002270 0.000100 -0.000047 0.000050 1.000000
4.312044 -0.010849 -0.007586 -0.011638 -0.000016 -0.000040 0.000022 1.000000
4.412069 -0.010118 -0.003973 0.003829 0.000079 -0.000045 -0.000006 1.000000
4.512019 -0.008653 -0.005735 -0.012003 -0.000051 -0.000009 0.000023 1.000000
4.612094 -0.014298 -0.005934 0.004836 0.000125 -0.000027 0.000027 1.000000
4.712022 -0.001001 -0.006221 -0.012965 -0.000021 -0.000024 0.000008 1.000000
4.812167 -0.015423 -0.007971 0.005056 0.000167 -0.000045 0.000014 1.000000
4.912166 -0.007783 -0.008691 -0.013840 -0.000006 -0.000017 -0.000030 1.000000
5.012167 -0.008822 -0.007798 0.006628 0.000158 -0.000044 0.000029 1.000000
5.112070 -0.012994 -0.009687 -0.016022 0.000017 -0.000019 -0.000018 1.000000
5.212121 -0.004704 -0.004732 0.008684 0.000126 -0.000012 0.000043 1.000000
5.312118 -0.011268 -0.010256 -0.016861 -0.000054 -0.000006 0.000019 1.000000
5.412192 -0.009510 -0.000375 0.009743 0.000157 -0.000051 0.000012 1.000000
5.512093 -0.005888 -0.008834 -0.018334 -0.000047 -0.000020 0.000058 1.000000
5.612016 -0.012057 -0.004759 0.012705 0.000149 -0.000038 -0.000106 1.000000
5.712169 -0.005799 -0.005953 -0.019856 -0.000050 0.000022 0.000042 1.000000
5.812117 -0.008577 -0.006572 0.014964 0.000193 -0.000043 0.000036 1.000000
5.912046 -0.008674 -0.006122 -0.021649 -0.000083 0.000000 -0.000034 1.000000
6.012045 -0.009108 -0.008839 0.017593 0.000207 -0.000049 -0.000004 1.000000
6.111970 -0.009069 -0.008143 -0.022302 -0.000139 0.000020 -0.000002 1.000000
6.212120 -0.007682 -0.009796 0.019272 0.000209 -0.000050 -0.000048 1.000000
6.312042 -0.013949 -0.007960 -0.021627 -0.000224 -0.000008 0.000005 1.000000
6.412115 -0.009041 -0.009116 0.020527 0.000200 -0.000053 -0.000026 1.000000
6.512020 -0.012088 -0.011532 -0.022671 -0.000172 -0.000015 -0.000029 1.000000
6.665249 -0.013080 -0.005483 -0.000572 0.000162 -0.000072 -0.000040 1.000000
6.712145 -0.010925 -0.009678 -0.023357 -0.000123 -0.000005 0.000085 1.000000
6.812019 -0.009434 -0.004475 0.015490 0.000217 -0.000022 0.000036 1.000000
6.912116 -0.008596 -0.011043 -0.021808 -0.000114 0.000004 -0.000039 1.000000
7.011994 -0.004383 -0.008731 0.019544 0.000175 -0.000049 -0.000052 1.000000
7.111992 -0.012783 -0.009439 -0.023928 -0.000129 0.000004 -0.000069 1.000000
7.212041 -0.005537 -0.005585 0.022543 0.000194 -0.000066 -0.000001 1.000000
7.312091 -0.011467 -0.012554 -0.026665 -0.000103 0.000001 0.000024 1.000000
7.412042 -0.005620 -0.003113 0.026793 0.000190 -0.000082 -0.000008 1.000000
7.512118 -0.009084 -0.015187 -0.031048 -0.000156 0.000017 -0.000067 1.000000
7.612117 -0.008829 -0.005501 0.032927 0.000241 -0.000086 -0.000000 1.000000
7.712018 -0.008290 -0.012165 -0.035647 -0.000241 0.000028 -0.000066 1.000000
7.811996 -0.014221 -0.006124 0.039206 0.000291 -0.000112 -0.000051 1.000000
7.912166 -0.007427 -0.009833 -0.039896 -0.000308 0.000021 -0.000042 1.000000
8.012068 -0.011071 -0.008728 0.046812 0.000322 -0.000116 -0.000034 1.000000
8.112120 -0.013619 -0.011088 -0.044818 -0.000359 0.000030 -0.000033 1.000000
8.212046 -0.007245 -0.005899 0.053996 0.000341 -0.000168 -0.000039 1.000000
8.312044 -0.011112 -0.014766 -0.050269 -0.000376 0.000021 -0.000027 1.000000
8.412092 -0.004459 -0.004703 0.061692 0.000402 -0.000144 -0.000064 1.000000
8.512067 -0.016210 -0.012496 -0.056062 -0.000512 0.000002 -0.000008 1.000000
8.612044 -0.005118 -0.006352 0.071419 0.000492 -0.000161 -0.000036 1.000000
8.800322 -0.003717 -0.005131 0.054424 -0.000526 -0.000031 -0.000022 1.000000
8.900197 -0.010289 -0.012837 0.028434 0.000093 -0.000104 -0.000018 1.000000
9.000322 -0.007041 -0.006294 0.021537 0.000059 -0.000109 -0.000059 1.000000
9.012168 -0.009992 -0.010678 0.018645 0.000027 -0.000074 -0.000008 1.000000
9.112118 -0.013636 -0.007638 0.016130 0.000014 -0.000122 -0.000029 1.000000
9.300296 -0.009177 -0.005369 0.006301 -0.000018 -0.000109 -0.000062 1.000000
9.400346 -0.010924 -0.010688 0.010056 0.000001 -0.000075 0.000005 1.000000
9.412071 -0.009722 -0.007008 0.005013 -0.000048 -0.000052 -0.000046 1.000000
9.565169 -0.010114 -0.012323 0.006971 0.000034 -0.000104 0.000008 1.000000
9.612068 -0.010505 -0.006789 0.003352 -0.000034 -0.000067 -0.000020 1.000000
9.712117 -0.008625 -0.013263 0.009366 0.000011 -0.000100 -0.000034 1.000000
9.811972 -0.013106 -0.010928 0.003876 -0.000036 -0.000100 -0.000021 1.000000
9.912042 -0.007201 -0.004701 0.009343 0.000008 -0.000095 -0.000010 1.000000
10.012170 -0.009450 -0.013114 0.003370 -0.000019 -0.000067 -0.000025 1.000000
10.112170 -0.013281 -0.005747 0.010487 0.000002 -0.000071 -0.000047 1.000000
10.212166 -0.007045 -0.012661 0.002920 -0.000033 -0.000092 -0.000026 1.000000
10.312118 -0.012596 -0.006001 0.011172 0.000016 -0.000087 0.000015 1.000000
10.412171 -0.011053 -0.004804 0.002730 -0.000055 -0.000089 0.000064 1.000000
10.512068 -0.008250 -0.009290 0.012202 0.000001 -0.000123 -0.000015 1.000000
10.612168 -0.017360 -0.010523 0.003110 -0.000075 -0.000105 -0.000039 1.000000
10.712046 -0.004669 -0.003191 0.012797 0.000009 -0.000106 0.000042 1.000000
10.812095 -0.018465 -0.012692 0.002491 -0.000052 -0.000092 -0.000020 1.000000
10.912018 -0.005947 -0.002063 0.014138 -0.000003 -0.000102 0.000003 1.000000
11.012046 -0.011385 -0.009600 0.002002 -0.000063 -0.000102 0.000109 1.000000
11.112146 -0.012523 -0.005850 0.016087 0.000005 -0.000120 -0.000018 1.000000
11.212094 -0.005171 -0.008549 0.001001 -0.000100 -0.000102 0.000029 1.000000
11.312071 -0.011326 -0.010375 0.017715 -0.000002 -0.000111 0.000014 1.000000
11.412069 -0.007841 -0.000605 -0.000265 -0.000119 -0.000097 0.000061 1.000000
11.512045 -0.011679 -0.013143 0.019201 0.000007 -0.000129 0.000058 1.000000
11.612167 -0.007074 -0.007095 -0.000692 -0.000120 -0.000082 0.000038 1.000000
11.712066 -0.005995 -0.006455 0.019765 0.000036 -0.000112 0.000038 1.000000
11.812019 -0.012108 -0.011015 -0.002290 -0.000155 -0.000101 -0.000007 1.000000
11.912193 -0.008652 -0.009307 0.021700 -0.000004 -0.000142 -0.000047 1.000000
12.012068 -0.006102 -0.014080 -0.003565 -0.000151 -0.000106 -0.000009 1.000000
12.112071 -0.015124 -0.011017 0.023801 0.000028 -0.000115 -0.000051 1.000000
12.212092 -0.005578 -0.007775 -0.006712 -0.000135 -0.000104 -0.000025 1.000000
12.312166 -0.012094 -0.016388 0.026012 0.000044 -0.000120 -0.000072 1.000000
12.412166 -0.009965 -0.010852 -0.008562 -0.000191 -0.000104 -0.000047 1.000000
12.512046 -0.011857 -0.012816 0.028170 0.000070 -0.000132 -0.000106 1.000000
12.612094 -0.013502 -0.011912 -0.011567 -0.000186 -0.000095 -0.000017 1.000000
12.712141 -0.007313 -0.010487 0.030457 0.000105 -0.000117 -0.000081 1.000000
12.812119 -0.013069 -0.013933 -0.015107 -0.000189 -0.000100 0.000016 1.000000
12.912091 -0.006236 -0.007119 0.033767 0.000118 -0.000112 -0.000043 1.000000
13.012046 -0.012094 -0.014585 -0.018828 -0.000215 -0.000090 -0.000020 1.000000
13.111969 -0.006053 -0.009929 0.037838 0.000169 -0.000117 -0.000043 1.000000
13.212018 -0.008423 -0.013369 -0.022147 -0.000247 -0.000069 -0.000047 1.000000
13.312168 -0.012363 -0.014117 0.042410 0.000172 -0.000111 -0.000081 1.000000
13.412044 -0.008425 -0.007732 -0.025620 -0.000281 -0.000094 -0.000031 1.000000
13.512065 -0.007698 -0.014974 0.047075 0.000202 -0.000165 -0.000074 1.000000
13.612091 -0.014672 -0.009303 -0.029920 -0.000328 -0.000112 -0.000007 1.000000
13.712069 -0.004530 -0.008861 0.052501 0.000239 -0.000158 -0.000014 1.000000
13.812171 -0.014835 -0.013316 -0.035054 -0.000362 -0.000091 -0.000053 1.000000
13.912046 -0.007791 -0.004975 0.058889 0.000269 -0.000165 -0.000040 1.000000
14.012169 -0.011557 -0.018970 -0.040611 -0.000406 -0.000086 0.000016 1.000000
14.112118 -0.008972 -0.011093 0.065867 0.000322 -0.000164 -0.000056 1.000000
14.212019 -0.010476 -0.010930 -0.046994 -0.000457 -0.000095 -0.000009 1.000000
14.312019 -0.011840 -0.012944 0.073068 0.000337 -0.000147 -0.000046 1.000000
14.412145 -0.010794 -0.018472 -0.053395 -0.000509 -0.000104 0.000005 1.000000
14.512067 -0.006492 -0.015412 0.082638 0.000413 -0.000167 -0.000045 1.000000
14.612120 -0.016629 -0.021680 -0.059707 -0.000578 -0.000115 -0.000018 1.000000
14.712016 -0.002340 -0.015513 0.092185 0.000439 -0.000157 -0.000062 1.000000
14.812043 -0.021661 -0.029738 -0.066306 -0.000603 -0.000155 -0.000009 1.000000
14.912168 -0.009960 0.001452 0.101198 0.000504 -0.000174 -0.000092 1.000000
15.012066 -0.001573 -0.021330 -0.073000 -0.000720 -0.000142 0.000003 1.000000
15.112143 -0.018811 -0.011909 0.111510 0.000543 -0.000208 -0.000069 1.000000
15.212044 -0.011986 -0.021756 -0.077361 -0.000766 -0.000216 0.000008 1.000000
15.311972 -0.003687 -0.003741 0.120362 0.000612 -0.000201 -0.000032 1.000000
15.412094 -0.016610 -0.017547 -0.081116 -0.000869 -0.000180 0.000004 1.000000
15.512143 -0.014330 -0.009475 0.126801 0.000644 -0.000224 -0.000096 1.000000
15.612042 -0.007482 -0.021473 -0.083674 -0.000878 -0.000235 -0.000051 1.000000
15.712042 -0.009930 -0.004583 0.132014 0.000677 -0.000223 -0.000022 1.000000
15.812118 -0.021970 -0.021694 -0.084688 -0.000930 -0.000264 -0.000006 1.000000
15.912042 -0.007187 -0.006117 0.136891 0.000691 -0.000242 -0.000111 1.000000
16.012143 -0.012186 -0.015861 -0.086159 -0.000985 -0.000226 -0.000025 0.999999
16.112168 -0.016797 -0.011845 0.139843 0.000697 -0.000210 -0.000097 1.000000
16.212018 -0.020686 -0.014411 -0.088130 -0.000999 -0.000261 -0.000041 0.999999
16.312165 -0.002999 -0.010197 0.142855 0.000763 -0.000241 -0.000047 1.000000
16.412093 -0.028273 -0.018076 -0.087971 -0.000999 -0.000250 0.000012 0.999999
16.512046 -0.007709 -0.007187 0.143672 0.000770 -0.000241 -0.000086 1.000000
16.612093 -0.019590 -0.020883 -0.087963 -0.000964 -0.000291 0.000011 0.999999
16.712044 -0.009140 -0.003071 0.144816 0.000762 -0.000253 -0.000068 1.000000
16.812168 -0.019558 -0.019936 -0.086629 -0.001023 -0.000287 -0.000015 0.999999
16.912170 -0.013008 -0.009313 0.144626 0.000769 -0.000265 -0.000122 1.000000
17.012070 -0.013692 -0.015304 -0.085751 -0.001011 -0.000309 0.000014 0.999999
17.112094 -0.019309 -0.012727 0.143915 0.000780 -0.000297 -0.000063 1.000000
17.212068 -0.013619 -0.012348 -0.083957 -0.000982 -0.000310 0.000002 0.999999
17.312042 -0.010289 -0.010422 0.143627 0.000774 -0.000262 -0.000021 1.000000
17.412018 -0.020230 -0.016891 -0.082382 -0.000990 -0.000272 0.000015 0.999999
17.512120 -0.013263 -0.007610 0.142307 0.000737 -0.000284 -0.000063 1.000000
17.612119 -0.014184 -0.021726 -0.079905 -0.001018 -0.000305 0.000019 0.999999
17.712143 -0.018000 -0.007683 0.140377 0.000740 -0.000275 -0.000038 1.000000
17.812168 -0.018524 -0.016182 -0.076281 -0.000961 -0.000239 0.000044 1.000000
17.912169 -0.124256 -0.023762 0.140608 0.000658 -0.000102 -0.000279 1.000000
18.012120 -0.174057 -0.027709 -0.076566 -0.001043 -0.000271 -0.000556 0.999999
18.112119 -0.209732 -0.031112 0.151690 0.000791 -0.000808 -0.000496 0.999999
18.212093 -0.168584 -0.051033 -0.077532 -0.001030 -0.000615 -0.000207 0.999999
18.312140 -0.141439 -0.075711 0.156998 0.000947 -0.000790 -0.000182 0.999999
18.412167 -0.135465 -0.077925 -0.078109 -0.000986 -0.000517 -0.000112 0.999999
18.512066 -0.112119 -0.094487 0.165714 0.001083 -0.000859 -0.000060 0.999999
18.612021 -0.159733 -0.093537 -0.073522 -0.000916 -0.000717 -0.000125 0.999999
18.712069 -0.204891 -0.079021 0.180197 0.001481 -0.001266 -0.000464 0.999998
18.812117 -0.145614 -0.039794 -0.074040 -0.000966 -0.001668 -0.000487 0.999998
18.912069 0.031054 -0.030083 0.181808 0.000883 -0.002937 0.000237 0.999995
19.012116 0.134205 -0.018786 -0.069474 -0.001623 -0.003604 -0.000415 0.999992
19.112117 0.232348 -0.025502 0.176668 0.000666 -0.004824 -0.001057 0.999988
19.265417 0.395656 -0.029730 0.074607 -0.001758 -0.004541 -0.001989 0.999986
19.312047 0.396466 -0.027922 0.172191 0.000121 -0.004616 -0.002121 0.999987
19.464621 0.609353 -0.034336 0.072133 -0.001404 -0.004799 -0.003730 0.999981
19.565320 0.812721 -0.031422 0.120355 -0.000143 -0.005524 -0.004275 0.999976
19.665244 0.998105 -0.032466 0.043207 -0.000655 -0.005732 -0.005228 0.999970
19.765868 1.195842 -0.048188 0.101013 0.000338 -0.006215 -0.006560 0.999959
19.801225 1.269105 -0.038230 0.033537 -0.000218 -0.006061 -0.006874 0.999958
19.972500 1.793239 -0.041532 0.050072 0.000237 -0.008224 -0.010489 0.999911
20.080229 1.996075 -0.046291 0.044013 -0.000608 -0.008371 -0.011048 0.999904
20.175393 2.225683 -0.054933 0.069804 -0.000397 -0.008669 -0.012683 0.999882
20.212118 2.355691 -0.064473 0.046640 -0.000334 -0.009191 -0.013568 0.999866
20.312166 2.812291 -0.086648 0.104699 0.000732 -0.008589 -0.016538 0.999826
20.412018 3.234506 -0.091276 0.066142 -0.000076 -0.007591 -0.018174 0.999806
20.512065 3.649196 -0.109346 0.108640 0.000408 -0.007245 -0.019698 0.999780
20.615008 4.096028 -0.120523 0.074310 0.001017 -0.006217 -0.020783 0.999764
20.716978 4.538705 -0.137576 0.126343 0.002430 -0.005174 -0.021223 0.999758
20.801200 4.913806 -0.153097 0.081809 0.002678 -0.004787 -0.021489 0.999754
20.912114 5.478885 -0.166987 0.137858 0.003251 -0.004192 -0.021046 0.999764
21.012092 5.925688 -0.177017 0.095176 0.003027 -0.003736 -0.020121 0.999786
21.112042 6.401479 -0.189014 0.153260 0.003929 -0.003757 -0.018754 0.999809
21.212043 6.873639 -0.192930 0.107306 0.004006 -0.003829 -0.016314 0.999852
21.312065 7.378100 -0.205645 0.161142 0.005382 -0.003615 -0.013409 0.999889
21.415009 7.932535 -0.195158 0.116661 0.005716 -0.003599 -0.008441 0.999942
21.512091 8.415728 -0.193536 0.163513 0.007376 -0.004354 -0.002784 0.999959
21.612093 8.980042 -0.181384 0.131597 0.008660 -0.004671 0.004290 0.999942
21.712193 9.547858 -0.150431 0.187378 0.010002 -0.004522 0.012736 0.999859
21.803697 10.076610 -0.108983 0.151624 0.009752 -0.003918 0.021935 0.999704
21.903375 10.684233 -0.065352 0.198162 0.010155 -0.003618 0.033487 0.999381
22.033560 11.485409 0.031241 0.180819 0.011200 -0.002929 0.050232 0.998670
22.126952 11.952724 0.105718 0.224132 0.011520 -0.002146 0.060235 0.998115
22.227026 12.565033 0.207015 0.191993 0.011405 -0.001506 0.075615 0.997071
22.329570 13.202534 0.340252 0.247957 0.011617 -0.001064 0.091829 0.995706
22.402290 13.642543 0.446501 0.199089 0.011048 -0.000808 0.104001 0.994515
22.501517 14.342806 0.636695 0.273264 0.009483 0.000411 0.125490 0.992049
22.634832 15.233064 0.940103 0.223890 0.007802 0.000037 0.149993 0.988656
22.736054 15.752129 1.126994 0.279131 0.008586 -0.000368 0.164052 0.986414
22.837497 16.337768 1.369108 0.231854 0.008070 -0.000717 0.182230 0.983223
22.910641 16.768481 1.560823 0.296220 0.006983 -0.001935 0.196103 0.980556
23.012165 17.452607 1.912956 0.211539 0.006576 -0.002441 0.221051 0.975237
23.109367 18.049952 2.220638 0.311411 0.009094 -0.001373 0.240849 0.970519
23.208521 18.655128 2.579794 0.234881 0.008566 -0.000112 0.261271 0.965227
23.308049 19.246943 2.977872 0.334072 0.010082 0.001722 0.281463 0.959518
23.407551 19.821038 3.358941 0.259316 0.009912 0.001923 0.301649 0.953366
23.506954 20.380042 3.803905 0.362978 0.010792 0.002768 0.322415 0.946533
23.606384 20.907603 4.258288 0.275139 0.009411 0.002013 0.342671 0.939406
23.702563 21.414388 4.747494 0.383699 0.009671 0.003188 0.362177 0.932054
23.802636 21.916627 5.281812 0.285475 0.008073 0.002758 0.382834 0.923778
23.999721 22.874558 6.413005 0.307837 0.006728 0.004854 0.420542 0.907235
24.100247 23.235727 6.926701 0.335934 0.006089 0.004285 0.432740 0.901488
24.132711 23.359396 7.095064 0.325291 0.005085 0.004107 0.437075 0.899401
24.202037 23.658758 7.500596 0.362626 0.007051 0.005120 0.453667 0.891129
24.329246 24.212680 8.438561 0.379571 0.007511 0.003208 0.481572 0.876368
24.500122 24.869104 9.563041 0.367700 0.007148 0.000170 0.508395 0.861094
24.503281 24.854215 9.556805 0.370646 0.008896 -0.000507 0.506582 0.862146
24.601309 25.209661 10.342720 0.376996 0.008813 -0.001460 0.527434 0.849549
24.702474 25.581951 11.113819 0.382926 0.008783 -0.000901 0.544084 0.838984
24.834406 26.009515 12.134581 0.406825 0.009095 -0.001057 0.562964 0.826430
24.904338 26.197955 12.610213 0.417082 0.008827 -0.001662 0.571303 0.820690
25.003693 26.430482 13.458539 0.434484 0.010904 -0.002992 0.585584 0.810533
25.103148 26.674289 14.261599 0.469373 0.010505 -0.004579 0.598146 0.801305
25.299598 27.079137 15.883454 0.521727 0.008387 -0.006401 0.617337 0.786628
25.400392 27.242250 16.479660 0.525816 0.008354 -0.007121 0.625521 0.780130
25.499648 27.350591 17.173040 0.558443 0.007014 -0.008217 0.630359 0.776228
25.600271 27.461109 17.921163 0.564723 0.005302 -0.009136 0.635184 0.772289
25.644678 27.525557 18.247326 0.588999 0.004517 -0.009454 0.637436 0.770432
25.712091 27.606823 18.954441 0.576710 0.002993 -0.010511 0.639704 0.768543
25.812119 27.753598 19.995598 0.638953 0.003024 -0.011123 0.642785 0.765960
25.914784 27.922115 20.972125 0.642489 0.002809 -0.012763 0.644587 0.764419
26.015208 28.065300 21.893746 0.685269 0.002401 -0.013949 0.645197 0.763885
26.112067 28.209714 22.785235 0.689485 0.001137 -0.013973 0.645272 0.763824
26.243774 28.405397 24.064145 0.729548 0.000427 -0.011750 0.644184 0.764780
26.312116 28.522558 24.581173 0.731828 0.000156 -0.011429 0.645124 0.763992
26.450502 28.740383 25.861847 0.772329 0.001716 -0.009408 0.643183 0.765653
26.550872 28.892618 26.679698 0.786744 0.002069 -0.009146 0.643832 0.765110
26.612066 28.995661 27.196986 0.808530 0.002608 -0.008718 0.643131 0.765702
26.712016 29.160923 28.243902 0.843179 0.001510 -0.007111 0.642157 0.766538
