1.412169 -0.009328260 0.000845097 -0.002075042 0.000006114 0.000016850 -0.000057483 0.999999998
1.512069 0.002520904 0.006566357 -0.003714747 0.000045295 -0.000003069 -0.000112715 0.999999993
1.612119 -0.001606850 -0.000280426 -0.001861335 0.000047596 -0.000031745 -0.000053523 0.999999997
1.712117 0.001046352 0.002346975 -0.003710862 0.000052979 -0.000002846 -0.000062288 0.999999997
1.812120 0.001439251 0.001331349 -0.003215488 0.000043557 -0.000024819 -0.000111809 0.999999992
1.912171 -0.000582319 -0.002202957 -0.003980463 0.000039585 -0.000029399 -0.000189490 0.999999981
2.012168 -0.001160289 -0.005556205 -0.003547387 0.000058247 -0.000037863 -0.000089163 0.999999994
2.112118 -0.003304567 -0.003865575 -0.004163228 0.000071388 -0.000053098 -0.000117378 0.999999989
2.212120 0.038528131 -0.042598411 -0.003853184 0.000033065 -0.000025297 0.001788463 0.999998400
2.312093 0.050194150 -0.046148468 -0.004203022 0.000057950 -0.000026242 0.001634088 0.999998663
2.412172 0.046697764 -0.054597257 -0.003819770 0.000053463 -0.000001797 0.001789637 0.999998397
2.512167 0.049056012 -0.065506366 -0.004079500 0.000064027 -0.000041756 0.001960976 0.999998074
2.612168 0.051809490 -0.071886167 -0.004392922 0.000046032 -0.000033742 0.001981012 0.999998036
2.712167 0.056642784 -0.074973740 -0.004621081 0.000068605 -0.000053554 0.002015344 0.999997965
2.812066 0.050064047 -0.080510331 -0.003102970 0.000025157 -0.000026905 0.001957425 0.999998084
2.912166 0.048107814 -0.066221137 -0.004655997 0.000053071 -0.000053786 0.001726717 0.999998506
3.011997 0.052796211 -0.067515289 -0.004017584 0.000060573 -0.000050907 0.001706662 0.999998541
3.111994 0.045591549 -0.043231074 -0.005243488 0.000082881 -0.000067326 0.001351279 0.999999081
3.212023 0.041372599 -0.033913058 -0.005151214 0.000082970 -0.000047056 0.001064232 0.999999429
3.365122 0.032134669 -0.026065517 -0.006400426 0.000079485 -0.000039870 0.000977771 0.999999518
3.412095 0.059342759 -0.015490677 -0.005517333 0.000086575 -0.000061011 0.000846845 0.999999636
3.512115 0.028455037 -0.008534070 -0.006128089 0.000097911 -0.000048644 0.000637863 0.999999791
3.612166 0.029145884 -0.011576410 -0.005829054 0.000069179 -0.000036318 0.000754192 0.999999713
3.712045 0.022095569 -0.005562573 -0.005356853 0.000061428 -0.000018643 0.000566001 0.999999838
3.812142 0.018188126 -0.013029905 -0.005157844 0.000050238 -0.000013617 0.000464994 0.999999891
3.912041 0.016865215 -0.017510702 -0.005177601 0.000048353 -0.000002042 0.000795517 0.999999682
4.012019 0.019668540 -0.019880111 -0.005507773 0.000063623 -0.000051081 0.000937123 0.999999558
4.112091 0.026056879 -0.021435015 -0.004825207 0.000030288 -0.000020073 0.000755061 0.999999714
4.211970 0.026021934 -0.022259726 -0.006123281 0.000019534 -0.000081162 0.000913729 0.999999579
4.312044 0.026766699 -0.023139769 -0.005052316 0.000037426 -0.000058436 0.000917974 0.999999576
4.412069 0.026247666 -0.026777062 -0.005288717 0.000024003 -0.000043448 0.000921563 0.999999574
4.512019 0.028683745 -0.022367043 -0.005067843 0.000031073 -0.000026054 0.000882827 0.999999609
4.612094 0.033989221 -0.019430628 -0.005836312 0.000078093 -0.000034428 0.000474926 0.999999884
4.712022 0.036836712 -0.021692505 -0.006252190 0.000126074 -0.000046522 0.000523848 0.999999854
4.812167 0.035968711 -0.025144903 -0.006636861 0.000106245 -0.000055037 0.000465533 0.999999884
4.912166 0.036527135 -0.024463660 -0.006272393 0.000084463 -0.000047374 0.000603062 0.999999813
5.012167 0.034343996 -0.028234880 -0.006240014 0.000090592 -0.000054905 0.000648577 0.999999784
5.112070 0.033983668 -0.025249267 -0.006376169 0.000092133 -0.000035629 0.000513827 0.999999863
5.212121 0.036859274 -0.018374467 -0.006536036 0.000082015 -0.000041806 0.000574450 0.999999831
5.312118 0.038064917 -0.019750136 -0.005584479 0.000069815 -0.000041256 0.000455917 0.999999893
5.412192 0.034740659 -0.020980158 -0.006563607 0.000059715 -0.000064473 0.000437849 0.999999900
5.512093 0.044284301 -0.018014854 -0.005780394 0.000089526 -0.000042050 0.000222832 0.999999970
5.612016 0.044173049 -0.015399474 -0.005183687 0.000069526 -0.000029638 0.000183481 0.999999980
5.712169 0.047523733 -0.016177519 -0.006999230 0.000152589 -0.000027799 0.000187509 0.999999970
5.812117 0.052248180 -0.017654403 -0.004648482 0.000053443 -0.000037597 0.000098235 0.999999993
5.912046 0.049741838 -0.010880697 -0.006098768 0.000069474 -0.000036556 0.000086776 0.999999993
6.012045 0.051674506 -0.012747464 -0.004253047 0.000058432 -0.000020250 0.000106898 0.999999992
6.111970 0.052130784 -0.013439041 -0.006020996 0.000076711 -0.000012350 0.000095215 0.999999992
6.212120 0.055634828 -0.004431706 -0.004716688 0.000052489 -0.000048775 0.000156880 0.999999985
6.312042 0.054312859 -0.000914466 -0.004584925 0.000025583 -0.000052483 0.000132390 0.999999990
6.412115 0.055783438 -0.002786632 -0.005341281 0.000059989 -0.000042735 0.000342476 0.999999939
6.512020 0.059054733 -0.000519932 -0.005798792 0.000096390 -0.000056921 0.000313192 0.999999945
6.665249 0.058153244 -0.000471180 -0.005586578 0.000063923 -0.000065408 0.000347113 0.999999936
6.712145 0.062084117 -0.003891017 -0.005341467 0.000071374 -0.000015782 0.000408698 0.999999914
6.812019 0.112357401 0.001993484 -0.005581157 0.000067956 -0.000014236 0.000489885 0.999999878
6.912116 0.020353644 -0.019271089 -0.007083319 0.000148060 -0.000019834 0.000607549 0.999999804
7.011994 0.022881495 -0.017550507 -0.007140876 0.000160260 -0.000012670 0.000560700 0.999999830
7.111992 0.027813992 -0.021610904 -0.007023557 0.000148134 -0.000013920 0.000586324 0.999999817
7.212041 0.031070240 -0.021416969 -0.007795891 0.000162367 -0.000046115 0.000505798 0.999999858
7.312091 0.030126545 -0.021780116 -0.006076107 0.000097797 -0.000098979 0.000591207 0.999999816
7.412042 0.032707111 -0.020600015 -0.006224002 0.000073778 -0.000041993 0.000564445 0.999999837
7.512118 0.032798536 -0.028597282 -0.007249100 0.000159577 -0.000052435 0.000584704 0.999999815
7.612117 0.082517566 -0.039393493 -0.005981775 0.000137054 -0.000057314 0.001083174 0.999999402
7.712018 0.079413585 -0.032628234 -0.006261073 0.000089913 -0.000059976 0.000771534 0.999999697
7.811996 0.080048282 -0.035740929 -0.006290893 0.000140465 -0.000066262 0.000867221 0.999999612
7.912166 0.082128085 -0.028800043 -0.005706169 0.000077969 -0.000044488 0.000774249 0.999999696
8.012068 0.081677821 -0.025681539 -0.005973392 0.000130757 -0.000061916 0.000672570 0.999999763
8.112120 0.082443109 -0.031279250 -0.005504347 0.000088346 -0.000070519 0.000723976 0.999999732
8.212046 0.083538831 -0.032433378 -0.005856278 0.000111717 -0.000060461 0.000760095 0.999999703
8.312044 0.080954551 -0.029134485 -0.005051335 0.000069376 -0.000071251 0.000663773 0.999999775
8.412092 0.086937612 -0.035878707 -0.005632053 0.000062431 -0.000057942 0.000833164 0.999999649
8.512067 0.082939604 -0.036656857 -0.006356570 0.000141792 -0.000052887 0.000883596 0.999999598
8.612044 0.085012577 -0.043270248 -0.005212184 0.000061496 -0.000037325 0.000995020 0.999999502
8.800322 0.086992935 -0.041302453 -0.005387552 0.000066858 -0.000048483 0.001026834 0.999999469
8.900197 0.081484078 -0.049243352 -0.005695862 0.000125071 -0.000039997 0.001139078 0.999999343
9.000322 0.157709735 -0.071416768 -0.007223886 0.000140274 -0.000051167 0.001706339 0.999998533
9.012168 0.149028417 -0.086834395 -0.005980058 0.000146735 -0.000023712 0.002196046 0.999997578
9.112118 0.141378383 -0.072139027 -0.006248686 0.000127127 -0.000090127 0.001846408 0.999998283
9.300296 0.039253117 -0.019665430 -0.007471061 0.000140770 -0.000108538 0.000488583 0.999999865
9.400346 0.038150024 -0.021954161 -0.006769187 0.000156398 -0.000050473 0.000614103 0.999999798
9.412071 0.131564196 -0.034901015 -0.006756829 0.000106692 -0.000013347 0.001004983 0.999999489
9.565169 0.116639533 -0.048680605 -0.006218092 0.000093295 -0.000059034 0.001186779 0.999999290
9.612068 0.014281257 -0.025733298 -0.007054373 0.000161546 -0.000023145 0.000796756 0.999999669
9.712117 0.077727401 -0.037635218 -0.007040298 0.000155969 -0.000048708 0.000960320 0.999999526
9.811972 -0.011674054 -0.021239758 -0.005732286 0.000087537 -0.000060472 0.000509026 0.999999865
9.912042 0.003999403 -0.023374261 -0.007677580 0.000138893 -0.000036090 0.000800801 0.999999669
10.012170 -0.001274028 -0.026684480 -0.007107803 0.000161502 -0.000041030 0.000855482 0.999999620
10.112170 0.000708274 -0.032104651 -0.005892867 0.000078172 -0.000009665 0.000806973 0.999999671
10.212166 0.029628326 -0.025547813 -0.007050994 0.000138214 -0.000053427 0.000796905 0.999999671
10.312118 0.029667567 -0.022161569 -0.006434214 0.000126931 -0.000071021 0.000660368 0.999999771
10.412171 0.033021417 -0.022569213 -0.007247230 0.000154578 -0.000065573 0.000711750 0.999999733
10.512068 0.074327083 -0.028412640 -0.006583400 0.000127079 -0.000089444 0.000778255 0.999999685
10.612168 0.073374815 -0.023873911 -0.006397492 0.000134993 -0.000078385 0.000890682 0.999999591
10.712046 0.075961504 -0.012659520 -0.006093047 0.000095411 -0.000044519 0.000904927 0.999999585
10.812095 0.072886469 -0.017722038 -0.006541977 0.000163873 -0.000058805 0.000748723 0.999999705
10.912018 0.081076906 -0.014827610 -0.005538453 0.000076167 -0.000037113 0.000649502 0.999999785
11.012046 0.080418438 -0.012421076 -0.005346613 0.000078000 -0.000081020 0.000748945 0.999999713
11.112146 0.081130636 -0.016019974 -0.005819507 0.000142455 -0.000044546 0.000671244 0.999999764
11.212094 0.085790528 -0.019280228 -0.005186725 0.000061858 -0.000042750 0.000572420 0.999999833
11.312071 0.087176606 -0.018007544 -0.006021747 0.000119009 -0.000047529 0.000561495 0.999999834
11.412069 0.085558982 -0.006755457 -0.006124697 0.000119458 -0.000052457 0.000593838 0.999999815
11.512045 0.086301321 -0.006671462 -0.005677720 0.000139707 -0.000055463 0.000747940 0.999999709
11.612167 0.081411798 -0.013688377 -0.004772589 0.000088509 -0.000062449 0.000675380 0.999999766
11.712066 0.082997054 -0.017335869 -0.006520651 0.000150561 -0.000034343 0.000868987 0.999999611
11.812019 0.080892053 -0.024978286 -0.004824333 0.000071320 -0.000054821 0.000699126 0.999999752
11.912193 0.074056120 -0.042467586 -0.006351951 0.000120182 -0.000087462 0.000852336 0.999999626
12.012068 0.076880821 -0.044819461 -0.005100920 0.000100860 -0.000051622 0.000895010 0.999999593
12.112071 0.072831878 -0.049620512 -0.004383047 0.000066203 -0.000059099 0.001045125 0.999999450
12.212092 0.077912721 -0.057503882 -0.006519114 0.000120318 -0.000062897 0.000997414 0.999999493
12.312166 0.077963076 -0.061498586 -0.004544666 0.000085234 -0.000044709 0.001005519 0.999999490
12.412166 0.075010305 -0.051257768 -0.005568452 0.000100193 -0.000067806 0.000764713 0.999999700
12.512046 0.076791342 -0.049903763 -0.005253578 0.000089717 -0.000070056 0.000879689 0.999999607
12.612094 0.075838465 -0.048652322 -0.005278147 0.000071019 -0.000074878 0.000766954 0.999999701
12.712141 0.073102908 -0.045866699 -0.005236460 0.000089531 -0.000078792 0.000673745 0.999999766
12.812119 0.072724528 -0.047381984 -0.005415398 0.000079765 -0.000074824 0.000707251 0.999999744
12.912091 0.072215439 -0.043570695 -0.005670929 0.000115585 -0.000049606 0.000712468 0.999999738
13.012046 0.072633445 -0.041205201 -0.005149251 0.000081167 -0.000083101 0.000646892 0.999999784
13.111969 0.070928917 -0.044013498 -0.005886410 0.000117057 -0.000074290 0.000570688 0.999999828
13.212018 0.068341682 -0.041169965 -0.005556911 0.000114021 -0.000038338 0.000608619 0.999999808
13.312168 0.069450913 -0.043715538 -0.004909820 0.000089337 -0.000061006 0.000530579 0.999999853
13.412044 0.070312565 -0.041340420 -0.005066098 0.000077274 -0.000044349 0.000527996 0.999999857
13.512065 0.073128951 -0.038671455 -0.005436482 0.000109767 -0.000100111 0.000497186 0.999999865
13.612091 0.070343531 -0.031095209 -0.004575112 0.000073119 -0.000091522 0.000402334 0.999999912
13.712069 0.070018209 -0.033330395 -0.006198271 0.000141850 -0.000063117 0.000449490 0.999999887
13.812171 0.073201555 -0.036245298 -0.004499602 0.000088923 -0.000061292 0.000493232 0.999999873
13.912046 0.071788695 -0.044859229 -0.006189290 0.000141398 -0.000071437 0.000569359 0.999999825
14.012169 0.076213549 -0.044900703 -0.005860888 0.000148575 -0.000064993 0.000683490 0.999999753
14.112118 0.083038700 -0.061849424 -0.005175632 0.000126160 -0.000085081 0.000774735 0.999999688
14.212019 0.081804256 -0.063337869 -0.005304171 0.000079292 -0.000058509 0.000723683 0.999999733
14.312019 0.085916335 -0.067924400 -0.006531401 0.000118376 -0.000045396 0.000799175 0.999999673
14.412145 0.088400486 -0.072956627 -0.006283701 0.000140816 -0.000050675 0.000966727 0.999999522
14.512067 0.075453753 -0.058321119 -0.006114336 0.000160895 -0.000072574 0.000654728 0.999999770
14.612120 0.060045305 -0.039385059 -0.005179378 0.000084992 -0.000078488 0.000471883 0.999999882
14.712016 0.047963398 -0.027464802 -0.005062493 0.000089483 -0.000055968 0.000208967 0.999999973
14.812043 0.031354139 -0.011982659 -0.005977840 0.000178023 -0.000098855 0.000004358 0.999999979
14.912168 0.029077217 -0.003434665 -0.004862501 0.000082899 -0.000078933 0.000154967 0.999999981
15.012066 0.018278353 0.001972252 -0.006685769 0.000096493 -0.000065390 -0.000077605 0.999999990
15.112143 0.011183046 -0.001887864 -0.005235137 0.000118229 -0.000094837 -0.000099639 0.999999984
15.212044 0.005503632 0.001023730 -0.005063122 0.000116861 -0.000078751 -0.000129510 0.999999982
15.311972 0.002894846 0.002609598 -0.005615591 0.000131834 -0.000035856 -0.000119617 0.999999984
15.412094 -0.000497281 0.001614654 -0.006475327 0.000127184 -0.000034567 -0.000086024 0.999999988
15.512143 -0.006177381 -0.005798995 -0.005944052 0.000133192 -0.000075831 -0.000003477 0.999999988
15.612042 0.000407812 -0.007272582 -0.006159713 0.000151165 -0.000083729 -0.000081026 0.999999982
15.712042 -0.003135554 -0.004842246 -0.005475707 0.000093639 -0.000086114 0.000017208 0.999999992
15.812118 -0.010390137 -0.009438618 -0.005384127 0.000091219 -0.000098806 0.000224944 0.999999966
15.912042 -0.011134910 -0.019259796 -0.004994449 0.000095927 -0.000058777 0.000201705 0.999999973
16.012143 -0.004162449 -0.016218858 -0.005012653 0.000064447 -0.000063490 0.000205701 0.999999975
16.112168 -0.005800855 -0.019717453 -0.005733703 0.000121834 -0.000070991 0.000199681 0.999999970
16.212018 -0.015114216 -0.026045714 -0.004456125 0.000067047 -0.000078705 0.000348167 0.999999934
16.312165 -0.011465111 -0.034401228 -0.005587424 0.000117416 -0.000054746 0.000424527 0.999999901
16.412093 -0.012064157 -0.042196834 -0.005267727 0.000119556 -0.000085852 0.000539365 0.999999844
16.512046 -0.011865564 -0.043363176 -0.006165142 0.000151833 -0.000105855 0.000596336 0.999999805
16.612093 -0.009322628 -0.037593101 -0.005964758 0.000144219 -0.000089838 0.000603409 0.999999804
16.712044 -0.003005662 -0.026512563 -0.006378222 0.000159902 -0.000040447 0.000422642 0.999999897
16.812168 -0.007821008 -0.035150507 -0.006050420 0.000137002 -0.000094041 0.000617021 0.999999796
16.912170 -0.003133492 -0.040288156 -0.005591210 0.000085472 -0.000081086 0.000658963 0.999999776
17.012070 -0.000450010 -0.040838248 -0.006168123 0.000130538 -0.000080970 0.000640586 0.999999783
17.112094 0.002197758 -0.038975093 -0.006365618 0.000126099 -0.000104750 0.000668658 0.999999763
17.212068 0.002749557 -0.040240014 -0.005186650 0.000097774 -0.000093383 0.000681655 0.999999759
17.312042 0.001795194 -0.039664441 -0.006321684 0.000133647 -0.000081342 0.000718392 0.999999730
17.412018 0.003684058 -0.046133816 -0.005705368 0.000156457 -0.000083170 0.000676650 0.999999755
17.512120 0.000286579 -0.053727687 -0.006008337 0.000070578 -0.000077211 0.000741110 0.999999720
17.612119 0.004118598 -0.055084317 -0.005859839 0.000105708 -0.000053783 0.000817456 0.999999659
17.712143 0.006987167 -0.053164205 -0.005021132 0.000082216 -0.000056911 0.000845866 0.999999637
17.812168 0.002910464 -0.046156858 -0.005513929 0.000143115 -0.000018325 0.000836545 0.999999640
17.912169 -0.015118667 -0.046837942 -0.005192346 0.000116835 -0.000068848 0.000657739 0.999999774
18.012120 -0.024071609 -0.035474976 -0.005906589 0.000171092 -0.000340784 0.000549338 0.999999776
18.112119 -0.008186130 -0.042849773 -0.006703147 0.000227580 -0.000613575 0.000791589 0.999999473
18.212093 0.020435585 -0.053894265 -0.006925136 0.000260620 -0.000624276 0.000863921 0.999999398
18.312140 0.051981504 -0.061733470 -0.005767544 0.000402509 -0.000623360 0.001108790 0.999999110
18.412167 0.077413048 -0.055103048 -0.005375094 0.000548226 -0.000611488 0.000976649 0.999999186
18.512066 0.107605824 -0.051685719 -0.004409563 0.000702599 -0.000653811 0.001122298 0.999998910
18.612021 0.143914179 -0.045573540 -0.000531607 0.000929310 -0.000815179 0.000998965 0.999998737
18.712069 0.178602175 -0.031174581 0.003695854 0.000823372 -0.001118752 0.001002898 0.999998532
18.812117 0.223737559 -0.022396695 0.005053637 0.000611761 -0.001778655 0.000963098 0.999997767
18.912069 0.284860994 -0.022256274 0.005042784 0.000221591 -0.002662321 0.000796918 0.999996114
19.012116 0.355368452 -0.017527846 0.004681023 -0.000063120 -0.003748597 0.000529953 0.999992832
19.112117 0.442493944 -0.009186162 0.005233494 -0.000143115 -0.004511113 -0.000141387 0.999989805
19.265417 0.604530856 -0.001387557 0.008695313 -0.000194279 -0.004673971 -0.001091930 0.999988462
19.312047 0.639398570 -0.019769290 0.008051104 -0.000160242 -0.004482496 -0.000414900 0.999989855
19.464621 0.850585074 0.005399150 0.009981669 -0.000255172 -0.004831883 -0.002948568 0.999983947
19.565320 0.978041758 -0.008435368 0.008020911 -0.000281564 -0.005212370 -0.002763308 0.999982558
19.665244 1.128453093 0.016375477 0.010311954 0.000076461 -0.005645285 -0.004487278 0.999973994
19.765868 1.305179483 0.017204755 0.016835321 0.000443040 -0.006006153 -0.005819973 0.999964928
19.801225 1.372942520 0.026037544 0.016480273 0.000618259 -0.006056048 -0.006465751 0.999960567
19.972500 1.872950836 0.046179733 0.023489426 0.000170180 -0.007890283 -0.010493728 0.999913794
20.080229 2.066952750 0.027685300 0.016200639 0.000019959 -0.008323625 -0.010494244 0.999910290
20.175393 2.341662876 0.007216987 0.019846611 0.000033292 -0.008500412 -0.012019414 0.999891632
20.212118 2.440827537 0.025050785 0.017786135 0.000231773 -0.008913590 -0.013517278 0.999868880
20.312166 2.917851322 0.010557599 0.036966303 0.000852064 -0.008176173 -0.016258110 0.999834035
20.412018 3.330200009 -0.008105691 0.039564244 0.000485633 -0.007297442 -0.017480464 0.999820456
20.512065 3.768347807 -0.040505832 0.039070995 0.000582397 -0.006872271 -0.017702070 0.999819518
20.615008 4.190670015 -0.057062969 0.043321515 0.001691519 -0.005922286 -0.018790458 0.999804473
20.716978 4.616595896 -0.072772710 0.056791951 0.002707521 -0.004780108 -0.019459755 0.999795548
20.801200 4.983626850 -0.092160183 0.060128393 0.003321580 -0.004434991 -0.019530013 0.999793917
20.912114 5.510372775 -0.095948910 0.069939370 0.003431234 -0.003810642 -0.019163060 0.999803222
21.012092 5.950407571 -0.114609710 0.068980595 0.003651033 -0.003448582 -0.017964652 0.999826009
21.112042 6.421409498 -0.126535932 0.079195210 0.004229031 -0.003416625 -0.016262254 0.999852980
21.212043 6.932125891 -0.134578940 0.081221000 0.004707380 -0.003480832 -0.013684225 0.999889227
21.312065 7.441504821 -0.138861002 0.084600982 0.005552407 -0.003189643 -0.010137430 0.999928112
21.415009 7.968419494 -0.142954649 0.088532182 0.006437245 -0.003359745 -0.005433634 0.999958874
21.512091 8.481410349 -0.140249064 0.084751621 0.007647718 -0.004013926 0.000351800 0.999962638
21.612093 9.033439148 -0.118235846 0.098717722 0.009274794 -0.004346395 0.007359829 0.999920457
21.712193 9.576622028 -0.102229743 0.109966460 0.010210616 -0.004131248 0.015807072 0.999814389
21.803697 10.089101741 -0.066820067 0.121135669 0.010443614 -0.003518025 0.024658814 0.999635182
21.903375 10.720039724 -0.012125856 0.122248983 0.010478790 -0.003234972 0.036576690 0.999270672
22.033560 11.503009254 0.080995032 0.133940293 0.011842216 -0.002500529 0.053071495 0.998517364
22.126952 11.980316272 0.148870239 0.149948435 0.011801267 -0.001750835 0.063216273 0.997928538
22.227026 12.576723690 0.249340316 0.153330233 0.011902346 -0.001084541 0.079513451 0.996762143
22.329570 13.195357577 0.380259365 0.168135028 0.011837919 -0.000710666 0.095453305 0.995363263
22.402290 13.644801722 0.490956342 0.176212693 0.011665215 -0.000195371 0.108378074 0.994041286
22.501517 14.220364504 0.721238016 0.185774260 0.009576333 0.000674689 0.126321947 0.991942843
22.634832 15.093255831 1.008103212 0.178590726 0.008310889 0.000237390 0.151036071 0.988493287
22.736054 15.596902494 1.093644396 0.194594569 0.008733142 -0.000188359 0.164225998 0.986384062
22.837497 16.186455043 1.349085749 0.197282236 0.008553435 -0.000529877 0.182625448 0.983145210
22.910641 16.643476600 1.534969083 0.199753495 0.007084140 -0.001753578 0.196826500 0.980411173
23.012165 17.308326097 1.880769475 0.188068315 0.007275723 -0.002122941 0.221353190 0.975164254
23.109367 17.937224574 2.199805167 0.207191041 0.009163473 -0.001150668 0.241405301 0.970380434
23.208521 18.545903583 2.572322227 0.220849445 0.009326935 0.000313230 0.262158323 0.964979753
23.308049 19.161459197 2.946037556 0.232312457 0.010163759 0.001735649 0.283024107 0.959057371
23.407551 19.736004984 3.347176346 0.246698379 0.010630201 0.002363541 0.303245315 0.952850299
23.506954 20.366774428 3.827098298 0.261496186 0.010793457 0.002719275 0.325975135 0.945312815
23.606384 20.891836110 4.288704128 0.262541531 0.010089804 0.002567595 0.346195029 0.938104794
23.702563 21.376527574 4.774304862 0.276063819 0.009664855 0.003184970 0.365582154 0.930723447
23.802636 21.866677033 5.308157741 0.272974097 0.008688594 0.003356237 0.385489089 0.922665381
23.999721 22.838797735 6.436542488 0.287694277 0.006856684 0.004659629 0.423889227 0.905676099
24.100247 23.228681274 6.918807398 0.290888525 0.006500047 0.004589781 0.437763820 0.899054793
24.132711 23.175455515 6.943090592 0.294478557 0.005471313 0.004504720 0.438019369 0.898937598
24.202037 23.585831842 7.546803634 0.291012986 0.007432996 0.005223874 0.456821529 0.889511974
24.329246 24.132341708 8.487126890 0.323230309 0.008112844 0.003571778 0.484854349 0.874549990
24.500122 24.727948748 9.581185086 0.318011143 0.007652458 0.000067409 0.510664746 0.859745865
24.503281 24.621017874 9.389267855 0.314009467 0.009170009 -0.000223127 0.506835793 0.861993817
24.601309 25.101705246 10.316545863 0.320633455 0.009170768 -0.001205782 0.529466071 0.848280686
24.702474 25.454440819 11.125856006 0.329788668 0.009125412 -0.000658009 0.545884612 0.837810411
24.834406 25.888860047 12.164382072 0.352281484 0.009540094 -0.000964736 0.565647549 0.824591357
24.904338 26.077703804 12.668563137 0.366182471 0.009247280 -0.001613365 0.574326795 0.818572304
25.003693 26.372528836 13.498813031 0.382147507 0.011287553 -0.002961559 0.588023741 0.808759482
25.103148 26.610343050 14.269750864 0.414409761 0.010873835 -0.004448693 0.599280708 0.800452748
25.299598 27.076995309 16.031762032 0.470683210 0.008877771 -0.006399106 0.620640252 0.784019078
25.400392 27.202940944 16.716345866 0.477361573 0.008878173 -0.007136675 0.629862466 0.776623152
25.499648 27.344460074 17.477544442 0.506471260 0.007514885 -0.008219980 0.635384841 0.772115317
25.600271 27.496840950 18.087388028 0.524320278 0.005711032 -0.009135789 0.640143322 0.768179959
25.644678 27.553365756 18.426178683 0.534582469 0.004792051 -0.009449401 0.642599006 0.766129403
25.712091 27.329286455 17.881580392 0.549179579 0.002857713 -0.010528881 0.594480216 0.804036224
25.812119 27.677380600 19.333823447 0.579941922 0.002673530 -0.011271123 0.611724746 0.790985872
25.914784 27.821649374 20.154783658 0.610726388 0.002667576 -0.012790440 0.609526739 0.792657835
26.015208 28.042477603 21.028071872 0.630883957 0.001821760 -0.014005003 0.609369078 0.792760915
26.112067 28.166455214 21.175861474 0.657987352 0.000446674 -0.013842689 0.586886248 0.809550932
26.243774 28.467191985 24.178938266 0.684811980 0.000544582 -0.011731367 0.646379818 0.762925429
26.312116 28.568838641 24.729644050 0.701354249 0.000409856 -0.011231040 0.647544891 0.761944427
26.450502 28.788815153 26.055162176 0.730217632 0.002011451 -0.009442736 0.645648329 0.763573850
26.550872 28.937990294 26.915864563 0.755866726 0.002407048 -0.008986909 0.646847695 0.762562457
26.612066 29.020002589 27.445075175 0.765899344 0.002740967 -0.008451458 0.646139854 0.763167314
26.712016 29.183785947 28.456546889 0.804827406 0.001700996 -0.006710147 0.644823793 0.764299913
