1.300873 -0.000352 0.006234 0.001277 0.000249 0.000128 0.000156 1.000000
1.400735 0.246955 0.014350 0.001480 0.000521 0.000056 0.000611 1.000000
1.501000 0.436200 0.011978 0.005968 0.000336 -0.000184 0.000540 1.000000
1.600720 0.442182 0.014730 0.005677 0.000388 -0.000176 0.000532 1.000000
1.700721 0.993741 0.028736 0.010971 -0.000188 0.000022 0.000678 1.000000
1.800861 1.149565 0.025525 0.011207 -0.000303 0.000153 0.000824 1.000000
1.901000 1.296962 0.017928 0.011720 -0.000137 0.000026 0.000821 1.000000
2.000861 1.305082 0.020007 0.011722 -0.000135 0.000011 0.000785 1.000000
2.100860 1.824535 0.022249 0.014017 0.000070 -0.000229 0.000679 1.000000
2.201000 1.997766 0.030061 0.017908 -0.000103 -0.000037 0.000926 1.000000
2.300864 2.007064 0.032729 0.017933 -0.000077 -0.000050 0.000876 1.000000
2.400590 2.538931 0.043336 0.031641 0.000006 -0.000226 0.000537 1.000000
2.500729 2.736059 0.036244 0.030553 -0.000119 0.000062 0.000718 1.000000
2.601000 2.920650 0.024481 0.029776 -0.000483 0.000269 0.000644 1.000000
2.700739 2.934247 0.027232 0.029900 -0.000435 0.000282 0.000652 1.000000
2.800750 3.482220 0.025346 0.029582 -0.000825 -0.000043 0.000635 0.999999
2.901000 3.629151 0.038190 0.034550 -0.000799 0.000371 0.000404 1.000000
3.000623 3.630542 0.035365 0.035570 -0.000827 0.000403 0.000418 0.999999
3.100747 4.120598 0.047921 0.050134 -0.000480 0.000222 0.000230 1.000000
3.200876 4.301968 0.046339 0.047242 -0.000427 0.000214 0.000044 1.000000
3.301000 4.489646 0.042741 0.045188 -0.000543 0.000357 0.000143 1.000000
3.400613 4.498823 0.042234 0.045255 -0.000522 0.000381 0.000127 1.000000
3.501000 4.897482 0.040666 0.044715 -0.000783 -0.000475 0.000125 1.000000
3.600873 4.912427 0.043804 0.044974 -0.000748 -0.000455 0.000202 1.000000
3.700751 5.514979 0.055882 0.049764 -0.000471 -0.001535 0.000110 0.999999
3.800874 5.755545 0.060057 0.054032 -0.000525 -0.001121 0.000344 0.999999
3.900876 5.978797 0.064382 0.057569 -0.000535 -0.001061 0.000398 0.999999
4.000875 6.207042 0.063207 0.059547 -0.000548 -0.001260 0.000505 0.999999
4.101000 6.431566 0.066723 0.059657 -0.000471 -0.001563 0.000964 0.999998
4.200753 6.433760 0.065437 0.060401 -0.000469 -0.001552 0.001004 0.999998
4.300625 7.121204 0.079928 0.062955 -0.000480 -0.001820 0.002271 0.999996
4.400628 7.385704 0.075980 0.067404 -0.000846 -0.001857 0.002288 0.999995
4.501000 7.658190 0.087596 0.069891 -0.000656 -0.002213 0.002647 0.999994
4.601000 7.946870 0.088725 0.072700 -0.000660 -0.002292 0.003144 0.999992
4.700759 7.950138 0.089690 0.073200 -0.000649 -0.002294 0.003131 0.999992
4.800877 8.760396 0.104782 0.080202 -0.000785 -0.002740 0.003945 0.999988
4.901000 9.077099 0.114616 0.077321 -0.000630 -0.002548 0.003612 0.999990
5.000879 9.082934 0.112541 0.079225 -0.000640 -0.002540 0.003681 0.999990
5.100643 9.948519 0.132052 0.085951 -0.000534 -0.002854 0.003741 0.999989
5.201000 10.287257 0.134869 0.092396 -0.001005 -0.002624 0.003671 0.999989
5.300877 10.288704 0.135273 0.093749 -0.000974 -0.002626 0.003771 0.999989
5.400878 11.202350 0.149447 0.111510 -0.000598 -0.003001 0.003872 0.999988
5.500600 11.559557 0.141291 0.109516 -0.000676 -0.003126 0.003556 0.999989
5.601000 11.957386 0.143565 0.107874 -0.000763 -0.002923 0.003859 0.999988
5.700762 11.953259 0.145439 0.108114 -0.000737 -0.002926 0.003829 0.999988
5.800753 12.976392 0.172053 0.109453 -0.001262 -0.003369 0.004024 0.999985
5.901000 13.445530 0.173639 0.120488 -0.000974 -0.003294 0.003666 0.999987
6.000879 13.449502 0.176515 0.121711 -0.000937 -0.003281 0.003705 0.999987
6.100762 14.557003 0.202823 0.149323 -0.000593 -0.002633 0.003891 0.999989
6.200657 15.043695 0.207422 0.148038 -0.001000 -0.002612 0.003780 0.999989
6.300876 15.529234 0.202183 0.145554 -0.001205 -0.002563 0.003478 0.999990
6.401000 16.045477 0.213332 0.148821 -0.001483 -0.001178 0.003371 0.999993
6.501000 16.558896 0.223429 0.156915 -0.001223 0.000052 0.003390 0.999994
6.576000 16.557892 0.226596 0.157283 -0.001153 0.000095 0.003384 0.999994
6.701000 17.585803 0.234237 0.169783 -0.001200 0.001760 0.003536 0.999991
6.789889 17.592646 0.238833 0.170462 -0.001054 0.001863 0.003571 0.999991
6.889889 18.718568 0.262347 0.174391 -0.001195 0.002594 0.004068 0.999988
6.981000 19.245408 0.269228 0.176115 -0.001154 0.002037 0.004273 0.999988
7.101000 19.890402 0.282649 0.179851 -0.001007 0.002115 0.004352 0.999988
7.201000 20.421507 0.291456 0.185897 -0.000887 0.002250 0.004247 0.999988
7.301000 20.947931 0.300834 0.191169 -0.001189 0.002539 0.004416 0.999986
7.401000 21.437068 0.315221 0.191622 -0.001293 0.002509 0.004864 0.999984
7.458143 21.436718 0.314491 0.191978 -0.001278 0.002555 0.004872 0.999984
7.600812 22.561217 0.335326 0.194364 -0.001094 0.002349 0.004580 0.999986
7.700810 23.106132 0.338150 0.194820 -0.001321 0.002831 0.004849 0.999983
7.801000 23.596522 0.343921 0.200859 -0.001457 0.002665 0.005111 0.999982
7.901000 24.082316 0.352811 0.209079 -0.001430 0.002689 0.005246 0.999982
8.001000 24.555166 0.362119 0.215277 -0.001722 0.002843 0.005288 0.999980
8.100829 24.551542 0.361331 0.216176 -0.001759 0.002837 0.005298 0.999980
8.200842 25.607809 0.367699 0.221770 -0.001466 0.002015 0.005558 0.999981
8.301000 26.074731 0.381087 0.215862 -0.001528 0.001897 0.005763 0.999980
8.400859 26.068503 0.382117 0.216818 -0.001501 0.001917 0.005782 0.999980
8.501000 26.980604 0.401143 0.215482 -0.001398 0.001573 0.005892 0.999980
8.600602 26.982342 0.401332 0.217750 -0.001359 0.001582 0.005935 0.999980
8.701000 27.923449 0.432582 0.230785 -0.001508 0.001733 0.005810 0.999980
8.801000 28.405153 0.445416 0.237416 -0.001575 0.001653 0.005730 0.999981
8.900634 28.408524 0.442100 0.238272 -0.001621 0.001686 0.005679 0.999981
9.001000 29.374196 0.437674 0.246071 -0.001526 0.001230 0.005344 0.999984
9.100643 29.384072 0.442605 0.247018 -0.001500 0.001271 0.005406 0.999983
9.200879 30.514295 0.433507 0.257042 -0.001996 0.001208 0.005192 0.999984
9.300879 31.024065 0.459505 0.255970 -0.001742 0.001393 0.005307 0.999983
9.400878 31.486912 0.495953 0.258857 -0.001851 0.001727 0.005215 0.999983
9.501000 31.944111 0.503980 0.262716 -0.001905 0.001877 0.005059 0.999984
9.601000 32.375203 0.502959 0.268935 -0.001667 0.001730 0.005077 0.999984
9.700635 32.375245 0.508567 0.269225 -0.001586 0.001822 0.005028 0.999984
9.800736 33.329442 0.520826 0.278163 -0.001356 0.001892 0.004928 0.999985
9.900590 33.679852 0.519877 0.274646 -0.001760 0.001727 0.004946 0.999985
10.001000 34.045724 0.526290 0.274782 -0.001638 0.001933 0.004587 0.999986
10.101000 34.447577 0.528959 0.279802 -0.001801 0.002151 0.004620 0.999985
10.200654 34.449728 0.536953 0.280118 -0.001731 0.002184 0.004664 0.999985
10.300823 35.290883 0.554884 0.292516 -0.001003 0.002452 0.004620 0.999986
10.400416 35.653967 0.544783 0.293479 -0.001273 0.002662 0.004475 0.999986
10.501000 35.979063 0.560821 0.288257 -0.001469 0.002790 0.005078 0.999982
10.601000 36.309723 0.578701 0.289005 -0.001339 0.002567 0.005188 0.999982
10.700476 36.309307 0.581852 0.289866 -0.001289 0.002593 0.005212 0.999982
10.801000 37.025446 0.590088 0.299010 -0.001041 0.003030 0.005671 0.999979
10.900685 37.030201 0.592637 0.299851 -0.001002 0.003077 0.005674 0.999979
11.000709 37.850542 0.599892 0.309310 -0.001235 0.003426 0.006853 0.999970
11.100869 38.165987 0.614085 0.303683 -0.000936 0.002933 0.006847 0.999972
11.201000 38.475999 0.638886 0.300065 -0.000921 0.003150 0.007230 0.999968
11.300638 38.470325 0.640024 0.300772 -0.000896 0.003191 0.007227 0.999968
11.401000 39.180596 0.663149 0.302150 -0.001092 0.003295 0.008361 0.999959
11.499883 39.187472 0.662874 0.304407 -0.001126 0.003333 0.008400 0.999959
11.591000 39.870342 0.698768 0.308202 -0.000438 0.003013 0.008747 0.999957
11.685615 40.167315 0.709570 0.310068 -0.000873 0.003271 0.009252 0.999951
11.794333 40.542809 0.701420 0.313542 -0.001134 0.003244 0.009845 0.999946
11.901000 40.890937 0.707277 0.313126 -0.000857 0.003180 0.009634 0.999948
11.989889 40.884748 0.704137 0.313914 -0.000902 0.003233 0.009602 0.999948
12.090474 41.598474 0.701882 0.314564 -0.001447 0.003464 0.010656 0.999936
12.195444 41.948944 0.714412 0.318129 -0.001664 0.003385 0.011154 0.999931
12.301000 42.299198 0.744910 0.323171 -0.001540 0.003570 0.011269 0.999929
12.385211 42.296599 0.745679 0.323846 -0.001539 0.003589 0.011225 0.999929
12.495737 43.033333 0.762001 0.330263 -0.002407 0.004241 0.011760 0.999919
12.596238 43.344529 0.767395 0.323139 -0.002138 0.003943 0.011622 0.999922
12.701000 43.706810 0.773847 0.323827 -0.002171 0.003417 0.011755 0.999923
12.788500 43.716872 0.774194 0.324568 -0.002168 0.003467 0.011736 0.999923
12.901000 44.404524 0.805894 0.329256 -0.002254 0.003959 0.011527 0.999923
12.976000 44.404481 0.808183 0.329168 -0.002186 0.003977 0.011572 0.999923
13.076000 45.068399 0.845121 0.328545 -0.002643 0.003635 0.011103 0.999928
13.167667 45.368442 0.842142 0.329884 -0.002740 0.003337 0.011240 0.999928
13.300791 45.805445 0.839361 0.338051 -0.002750 0.003427 0.011154 0.999928
13.400793 46.083237 0.844345 0.344145 -0.002772 0.003716 0.011231 0.999926
13.500570 46.375523 0.861205 0.345119 -0.002748 0.003774 0.011320 0.999925
13.600791 46.673523 0.869258 0.341524 -0.003182 0.003916 0.011252 0.999924
13.701000 46.952993 0.896207 0.337980 -0.002998 0.003720 0.011283 0.999925
13.800798 46.947172 0.895063 0.337863 -0.002966 0.003772 0.011282 0.999925
13.900598 47.556862 0.921142 0.335047 -0.002993 0.003244 0.011516 0.999924
14.001000 47.833389 0.911649 0.343481 -0.003209 0.003710 0.011960 0.999916
14.100609 47.821429 0.909959 0.343520 -0.003197 0.003727 0.011913 0.999917
14.200618 48.363089 0.894095 0.360693 -0.003192 0.003309 0.012091 0.999916
14.300632 48.566608 0.925484 0.354562 -0.003052 0.003331 0.011713 0.999921
14.400664 48.803851 0.953644 0.343309 -0.003300 0.003340 0.012006 0.999917
14.500489 49.030698 0.961775 0.341724 -0.003574 0.003032 0.012093 0.999916
14.600655 49.261265 0.961011 0.348710 -0.003437 0.002958 0.012070 0.999917
14.701000 49.511458 0.961707 0.358589 -0.003227 0.002700 0.012175 0.999917
14.800507 49.511679 0.962197 0.358681 -0.003234 0.002733 0.012185 0.999917
14.900464 50.052316 0.979550 0.366496 -0.003657 0.002630 0.011718 0.999921
15.000625 50.287332 0.985938 0.356957 -0.003622 0.002575 0.011828 0.999920
15.100812 50.535698 0.989671 0.348143 -0.003822 0.002557 0.011646 0.999922
15.200449 50.798328 0.994270 0.350633 -0.003469 0.002241 0.011624 0.999924
15.300477 51.060626 0.996997 0.357656 -0.003175 0.002072 0.011485 0.999927
15.400833 51.314420 1.006421 0.364657 -0.003059 0.002185 0.011453 0.999927
15.500688 51.592322 1.026178 0.365651 -0.003328 0.001990 0.011383 0.999928
15.600732 51.845259 1.040578 0.356881 -0.003419 0.001389 0.011575 0.999926
15.701000 52.143671 1.046449 0.350455 -0.002732 0.000180 0.011426 0.999931
15.800602 52.151387 1.047532 0.351474 -0.002736 0.000187 0.011488 0.999930
15.900862 52.791288 1.062663 0.355854 -0.002777 -0.000702 0.008642 0.999959
16.000582 53.080577 1.068615 0.370708 -0.003564 0.000471 0.008076 0.999961
16.100590 53.376806 1.089510 0.375659 -0.003999 0.001264 0.006622 0.999969
16.201000 53.670313 1.093348 0.370943 -0.003895 0.000927 0.004332 0.999983
16.300858 53.665380 1.092946 0.371356 -0.003937 0.000933 0.004362 0.999982
16.400574 54.360280 1.066852 0.368990 -0.002637 0.001600 -0.003660 0.999989
16.500861 54.683229 1.075484 0.374009 -0.002151 0.001714 -0.004259 0.999987
16.600709 55.018504 1.068928 0.378708 -0.002403 0.001392 -0.006534 0.999975
16.700605 55.327837 1.061701 0.374581 -0.002827 0.000403 -0.009716 0.999949
16.801000 55.692419 1.034963 0.371488 -0.003200 -0.000552 -0.012734 0.999914
16.901000 56.063124 1.012081 0.378289 -0.003347 0.000105 -0.015621 0.999872
17.000706 56.063360 1.014035 0.378047 -0.003318 0.000113 -0.015666 0.999872
17.100859 56.885728 0.925663 0.391204 -0.001819 0.001689 -0.023999 0.999709
17.200707 57.303790 0.920806 0.385560 -0.002525 0.000738 -0.024619 0.999693
17.301000 57.729223 0.918445 0.373667 -0.002643 0.000705 -0.027559 0.999616
17.400717 57.719788 0.921400 0.373361 -0.002636 0.000702 -0.027523 0.999617
17.500858 58.670956 0.838051 0.366125 -0.001614 0.000769 -0.036228 0.999342
17.600849 59.120747 0.803950 0.376946 -0.002241 0.000986 -0.036841 0.999318
17.701000 59.607801 0.768929 0.391069 -0.001865 0.000903 -0.039504 0.999217
17.801000 60.096409 0.706018 0.395282 -0.001808 0.001116 -0.042877 0.999078
17.900847 60.095627 0.705268 0.394506 -0.001840 0.001084 -0.042875 0.999078
18.000850 61.120362 0.488701 0.396439 -0.002094 0.001521 -0.051264 0.998682
18.100546 61.627613 0.449212 0.391270 -0.002143 0.001585 -0.051236 0.998683
18.200855 62.146541 0.422703 0.389440 -0.002014 0.001970 -0.053783 0.998549
18.300850 62.668580 0.366089 0.389477 -0.001546 0.001828 -0.056402 0.998405
18.401000 63.244288 0.289852 0.392910 -0.001271 0.001878 -0.057950 0.998317
18.501000 63.866474 0.199993 0.393167 -0.000708 0.002185 -0.058411 0.998290
18.600661 63.868903 0.205641 0.393379 -0.000693 0.002231 -0.058369 0.998292
18.700772 65.133677 -0.065058 0.391341 0.000378 0.001911 -0.060235 0.998182
18.800891 65.778856 -0.116705 0.396915 -0.001023 0.001346 -0.058960 0.998259
18.900687 66.388475 -0.147643 0.392142 -0.000824 0.001406 -0.058907 0.998262
19.000794 67.004251 -0.187321 0.385876 -0.000582 0.001311 -0.057666 0.998335
19.100787 67.628038 -0.262872 0.391599 -0.000742 0.001106 -0.057016 0.998372
19.201000 68.269128 -0.371039 0.395127 -0.000029 0.001570 -0.055811 0.998440
19.300898 68.261615 -0.364839 0.393985 0.000102 0.001660 -0.055795 0.998441
19.401000 69.583429 -0.556006 0.398949 -0.000158 0.001363 -0.052279 0.998632
19.501000 70.299525 -0.636779 0.397512 -0.000297 0.002076 -0.049743 0.998760
19.600674 70.307386 -0.636405 0.397491 -0.000244 0.002087 -0.049704 0.998762
19.700760 71.798684 -0.898384 0.390203 0.000331 0.004051 -0.044628 0.998995
19.801000 72.463086 -0.925092 0.399091 -0.000067 0.003264 -0.042830 0.999077
19.900859 72.461881 -0.913012 0.398318 0.000106 0.003440 -0.042865 0.999075
20.000849 74.007111 -1.009766 0.414493 0.000176 0.004242 -0.035160 0.999373
20.100830 74.697192 -1.027208 0.407307 0.000401 0.003923 -0.034766 0.999388
20.201000 75.371936 -1.046302 0.399114 0.000050 0.003906 -0.031875 0.999484
20.301000 76.037941 -1.088029 0.398579 -0.000325 0.003965 -0.029092 0.999569
20.400483 76.032662 -1.088726 0.398687 -0.000300 0.004021 -0.029136 0.999567
20.500559 77.531884 -1.205682 0.402999 0.000059 0.003883 -0.021416 0.999763
20.600572 78.227754 -1.230334 0.406265 -0.000268 0.004154 -0.020349 0.999784
20.700584 78.912424 -1.242559 0.411603 -0.000779 0.004606 -0.018429 0.999819
20.800864 79.572504 -1.248961 0.416840 -0.000995 0.004705 -0.015880 0.999862
20.900608 80.217318 -1.254461 0.417477 -0.000705 0.004570 -0.013057 0.999904
21.000747 80.869241 -1.263941 0.413520 -0.000350 0.004593 -0.010392 0.999935
21.100638 81.534194 -1.272527 0.412862 -0.000468 0.004457 -0.007796 0.999960
21.201000 82.186056 -1.289404 0.418215 -0.000878 0.004352 -0.005872 0.999973
21.300629 82.189885 -1.289482 0.416765 -0.000852 0.004418 -0.005835 0.999973
21.400634 83.585714 -1.331890 0.416469 -0.001002 0.005387 -0.001137 0.999984
21.601000 84.930048 -1.314558 0.421374 -0.001074 0.005080 0.000420 0.999986
21.700766 84.937591 -1.310036 0.420706 -0.000928 0.005208 0.000441 0.999986
21.900788 86.902570 -1.269663 0.423114 -0.001111 0.003697 0.002926 0.999988
22.000780 87.556450 -1.264262 0.420022 -0.000912 0.004260 0.003318 0.999985
22.201000 88.945541 -1.265228 0.427484 -0.001059 0.003823 0.004762 0.999981
22.300889 88.949532 -1.270085 0.424780 -0.001068 0.003899 0.004793 0.999980
22.500696 91.089154 -1.255027 0.419789 -0.001473 0.003860 0.006413 0.999971
22.600894 91.808616 -1.212447 0.414671 -0.001748 0.004113 0.006784 0.999967
22.800774 93.346196 -1.151678 0.401307 -0.001724 0.003653 0.008094 0.999959
23.001000 94.913536 -1.119005 0.401988 -0.001637 0.003613 0.009112 0.999951
23.101000 95.745029 -1.122715 0.410037 -0.001865 0.003684 0.009993 0.999942
23.200711 95.753134 -1.124783 0.408973 -0.001875 0.003723 0.010057 0.999941
23.401000 98.293457 -1.085233 0.418115 -0.001743 0.003575 0.013810 0.999897
23.500586 98.304876 -1.078136 0.416824 -0.001697 0.003623 0.013858 0.999896
23.700588 100.891585 -0.962900 0.414976 -0.001208 0.002849 0.017001 0.999851
23.901000 102.662842 -0.876992 0.406894 -0.001755 0.003118 0.018911 0.999815
24.000785 102.667324 -0.874829 0.406206 -0.001742 0.003208 0.018976 0.999813
24.101000 104.441572 -0.775725 0.396059 -0.001301 0.003512 0.020598 0.999781
24.301000 106.199466 -0.668374 0.392843 -0.001440 0.003975 0.022204 0.999745
24.400807 106.201631 -0.666808 0.391206 -0.001365 0.004039 0.022234 0.999744
24.593308 108.787836 -0.516099 0.391342 -0.001091 0.003708 0.024705 0.999687
24.689235 109.681884 -0.461390 0.397751 -0.000864 0.003856 0.025820 0.999659
24.901000 111.623947 -0.344608 0.386688 -0.000418 0.004528 0.027101 0.999622
24.991476 111.634176 -0.342138 0.386522 -0.000350 0.004536 0.027121 0.999622
25.176000 114.146630 -0.176844 0.374713 -0.000814 0.005742 0.028533 0.999576
25.300034 115.375534 -0.091645 0.371214 -0.000801 0.005950 0.028763 0.999568
25.501000 117.193040 0.027135 0.369431 -0.001296 0.005632 0.028692 0.999572
25.599611 117.195983 0.027234 0.370756 -0.001289 0.005690 0.028697 0.999571
25.800900 119.873226 0.195534 0.368002 -0.001863 0.005196 0.028497 0.999579
25.899485 120.724866 0.262488 0.371300 -0.002097 0.005144 0.028256 0.999585
26.101000 122.504657 0.369353 0.362448 -0.002269 0.005616 0.028644 0.999571
26.300760 124.308076 0.481283 0.349136 -0.002796 0.005321 0.028022 0.999589
26.400669 125.236358 0.547131 0.348009 -0.002834 0.005654 0.027724 0.999596
26.501000 126.153248 0.606745 0.351803 -0.002839 0.005890 0.027994 0.999587
26.701000 127.927799 0.709028 0.354877 -0.002854 0.005416 0.028244 0.999582
26.800886 127.928437 0.709244 0.354190 -0.002818 0.005486 0.028301 0.999580
27.000519 130.418801 0.875170 0.347136 -0.002767 0.005532 0.027095 0.999614
27.200811 132.049147 0.980048 0.342977 -0.002640 0.006086 0.027623 0.999596
27.301000 132.888275 1.036746 0.346921 -0.002630 0.005656 0.027851 0.999593
27.500588 134.578155 1.130652 0.344915 -0.003255 0.006936 0.027963 0.999580
27.600621 135.305396 1.175810 0.342180 -0.003372 0.007599 0.027808 0.999579
27.800705 136.821046 1.283061 0.331221 -0.003140 0.009473 0.027583 0.999570
27.900736 137.563962 1.354053 0.320345 -0.003070 0.009604 0.027546 0.999570
28.101000 139.073131 1.462388 0.310136 -0.002981 0.008495 0.027881 0.999571
28.200872 139.073816 1.461861 0.309716 -0.002966 0.008514 0.027824 0.999572
28.401000 141.381018 1.590500 0.297354 -0.002510 0.007921 0.028517 0.999559
28.597000 143.024510 1.675092 0.295340 -0.002651 0.006871 0.029447 0.999539
28.691625 143.792354 1.737705 0.291149 -0.002567 0.007597 0.029611 0.999529
28.791625 144.571962 1.787246 0.289257 -0.003006 0.008599 0.029857 0.999513
29.001000 146.127945 1.891141 0.288920 -0.003609 0.009563 0.030179 0.999492
29.099428 146.129654 1.887835 0.289337 -0.003586 0.009567 0.030229 0.999491
29.300268 148.288831 2.040469 0.277759 -0.004032 0.009608 0.031170 0.999460
29.500546 149.725059 2.140435 0.256706 -0.003882 0.009273 0.031451 0.999455
29.700802 151.172799 2.256258 0.242018 -0.003632 0.010492 0.031682 0.999436
29.800650 151.905120 2.293825 0.241533 -0.003532 0.010719 0.031895 0.999427
29.901000 152.630700 2.335501 0.237209 -0.003309 0.010480 0.031657 0.999438
30.079571 154.093119 2.433927 0.219815 -0.002930 0.010796 0.031428 0.999443
30.301000 155.809526 2.587266 0.198500 -0.003295 0.011786 0.031445 0.999431
30.401000 156.469479 2.647047 0.195377 -0.002178 0.011711 0.031584 0.999430
30.601000 157.751163 2.731610 0.186143 -0.002367 0.011484 0.031335 0.999440
30.700716 157.746273 2.732143 0.186190 -0.002294 0.011537 0.031268 0.999442
30.901000 159.594183 2.835369 0.165659 -0.002084 0.010771 0.031922 0.999430
31.101000 160.832276 2.915903 0.160787 -0.002893 0.010072 0.031909 0.999436
31.200608 160.840915 2.921949 0.161961 -0.002790 0.010139 0.031967 0.999434
31.300771 162.133141 3.016860 0.155044 -0.002283 0.010260 0.032340 0.999422
31.500891 163.396666 3.109456 0.139694 -0.002391 0.010158 0.031990 0.999434
31.600775 163.991598 3.151238 0.134661 -0.002369 0.010423 0.031974 0.999432
31.801000 165.175963 3.245258 0.128921 -0.002343 0.009881 0.032258 0.999428
31.901000 165.748461 3.296533 0.128208 -0.002324 0.009798 0.031830 0.999443
32.001000 166.278357 3.339760 0.119344 -0.002008 0.009879 0.031819 0.999443
32.200727 167.463277 3.416670 0.107965 -0.001589 0.009726 0.032348 0.999428
32.301000 168.046117 3.450717 0.107230 -0.002491 0.010254 0.032533 0.999415
32.401000 168.610221 3.487929 0.106520 -0.003153 0.010473 0.032343 0.999417
32.501000 169.162498 3.525472 0.105338 -0.003685 0.010379 0.032365 0.999415
32.700728 170.387382 3.606447 0.090662 -0.003502 0.010438 0.033560 0.999376
32.800744 170.996790 3.660927 0.076242 -0.004002 0.010610 0.032925 0.999393
33.101000 172.761760 3.795380 0.056604 -0.003894 0.010706 0.034240 0.999349
33.200801 172.752560 3.799716 0.058209 -0.004041 0.010683 0.034136 0.999352
33.300604 173.928761 3.894035 0.054295 -0.003906 0.010377 0.034799 0.999333
33.401000 174.512257 3.931772 0.038573 -0.003476 0.010597 0.035732 0.999299
33.500659 174.515459 3.937294 0.042355 -0.003654 0.010584 0.035654 0.999301
33.701000 176.217223 4.080123 0.020557 -0.003977 0.010272 0.035359 0.999314
33.800859 176.221069 4.084234 0.024146 -0.004068 0.010271 0.035310 0.999315
34.001000 177.773818 4.200839 0.017171 -0.003193 0.009915 0.036646 0.999274
34.100700 177.774042 4.204205 0.017763 -0.003526 0.009885 0.036288 0.999286
34.200832 178.888082 4.286954 0.015534 -0.000401 0.008885 0.036275 0.999302
34.400841 179.969853 4.374148 0.004888 -0.002522 0.008952 0.036029 0.999307
34.601000 181.075437 4.462674 -0.008992 -0.001408 0.009418 0.036339 0.999294
34.701000 181.592977 4.504038 -0.010605 -0.001366 0.009441 0.036952 0.999272
34.900868 182.795188 4.598135 -0.017477 -0.000265 0.008787 0.037289 0.999266
35.000882 183.346311 4.641163 -0.029289 -0.000847 0.008844 0.037485 0.999258
35.101000 183.893634 4.699914 -0.034174 -0.000950 0.008573 0.038152 0.999235
35.301000 185.010458 4.791023 -0.043228 -0.000583 0.008645 0.039076 0.999199
35.400775 185.012227 4.792713 -0.042939 -0.000533 0.008647 0.039045 0.999200
35.601000 186.784321 4.947076 -0.060909 -0.000446 0.008309 0.040005 0.999165
35.801000 188.001503 5.073029 -0.077963 -0.000701 0.007737 0.040497 0.999149
35.900638 188.009812 5.067276 -0.075897 -0.000778 0.007733 0.040601 0.999145
36.100563 189.944604 5.238332 -0.088695 -0.001707 0.007302 0.041031 0.999130
36.200592 190.601108 5.297809 -0.096085 -0.001690 0.007065 0.041058 0.999130
36.400874 191.935623 5.409465 -0.115376 -0.002047 0.007384 0.040570 0.999147
36.500597 192.613749 5.477971 -0.122924 -0.001966 0.008200 0.040566 0.999141
36.701000 194.020686 5.611970 -0.135465 -0.002522 0.008397 0.040299 0.999149
36.900555 195.614952 5.749476 -0.150974 -0.003231 0.007923 0.039746 0.999173
37.000406 196.441880 5.808783 -0.162895 -0.002333 0.007907 0.039963 0.999167
37.100808 197.245468 5.890010 -0.176169 -0.002719 0.008149 0.039799 0.999171
37.300556 198.793479 6.022361 -0.197741 -0.002825 0.007717 0.038979 0.999206
37.500888 200.365965 6.165330 -0.217897 -0.002417 0.008335 0.039313 0.999189
37.600660 201.127050 6.223978 -0.216708 -0.002726 0.008816 0.039160 0.999190
37.700772 201.903250 6.286281 -0.220384 -0.002520 0.009273 0.039169 0.999186
37.901000 203.448053 6.404606 -0.241224 -0.002626 0.009978 0.039891 0.999151
37.995118 203.454017 6.404317 -0.238576 -0.002599 0.010050 0.039995 0.999146
38.190474 205.722238 6.615813 -0.271343 -0.002499 0.010282 0.040777 0.999112
38.286714 206.484456 6.691690 -0.278580 -0.002451 0.009970 0.041090 0.999103
38.396652 207.380367 6.776794 -0.285012 -0.002290 0.009481 0.041643 0.999085
38.591476 208.977199 6.920551 -0.309826 -0.002111 0.009145 0.041917 0.999077
38.701000 209.892682 6.994214 -0.324036 -0.001839 0.009764 0.042522 0.999046
38.800643 209.899323 6.993041 -0.324019 -0.001944 0.009762 0.042538 0.999045
39.001000 212.494338 7.236462 -0.356862 -0.001613 0.008985 0.043950 0.998992
39.200746 214.413017 7.427993 -0.381411 -0.001143 0.008208 0.045385 0.998935
39.400891 216.323409 7.620119 -0.398270 -0.001614 0.008516 0.046026 0.998903
39.500789 217.263065 7.716922 -0.408058 -0.001744 0.008638 0.046729 0.998869
39.600779 218.192737 7.809025 -0.424518 -0.001415 0.009166 0.047685 0.998819
39.800885 220.081317 7.997572 -0.449324 -0.001618 0.010515 0.049301 0.998727
40.001000 221.962814 8.195787 -0.467995 -0.001320 0.010746 0.050490 0.998666
40.100884 221.958191 8.201170 -0.469296 -0.001229 0.010806 0.050496 0.998665
40.300736 224.813935 8.535525 -0.501726 -0.001409 0.010488 0.052647 0.998557
40.400846 225.763191 8.644320 -0.516593 -0.000934 0.010388 0.053212 0.998529
40.600659 227.678493 8.854526 -0.549276 -0.001539 0.011531 0.054391 0.998452
40.700688 228.659788 8.962717 -0.560388 -0.001280 0.012047 0.054435 0.998444
40.900872 230.625153 9.184240 -0.585247 -0.001211 0.011848 0.054726 0.998430
41.000883 231.603379 9.308448 -0.598629 -0.001065 0.011164 0.055168 0.998414
41.201000 233.573392 9.562984 -0.631440 -0.001064 0.011205 0.054708 0.998439
41.301000 234.571542 9.680874 -0.643328 -0.001471 0.011068 0.054656 0.998443
41.400897 234.571647 9.679486 -0.643388 -0.001508 0.011073 0.054708 0.998440
41.601000 237.570599 10.032426 -0.683214 -0.000533 0.009631 0.053286 0.998533
41.700774 237.579919 10.033597 -0.685090 -0.000498 0.009655 0.053382 0.998527
41.900884 240.666829 10.362110 -0.736352 -0.000195 0.013428 0.051903 0.998562
42.001000 241.718740 10.477562 -0.755385 0.000197 0.011758 0.051081 0.998625
42.100905 241.725166 10.476681 -0.756257 0.000270 0.011809 0.051098 0.998624
42.300865 244.888069 10.796108 -0.801343 0.000302 0.009857 0.049084 0.998746
42.500828 247.035028 11.037821 -0.836794 0.001054 0.009647 0.047865 0.998807
42.600842 248.150279 11.160114 -0.858279 0.000550 0.009830 0.047763 0.998810
42.801000 250.416250 11.403910 -0.904064 0.000873 0.011433 0.047255 0.998817
42.887667 250.421985 11.402772 -0.903406 0.000904 0.011507 0.047303 0.998814
42.976000 252.584310 11.622136 -0.940264 0.001360 0.011123 0.047955 0.998787
43.200768 255.333995 11.910528 -0.987657 0.000581 0.011066 0.050099 0.998683
43.401000 257.726947 12.184956 -1.032817 0.000182 0.011558 0.050683 0.998648
43.500864 257.724154 12.184631 -1.032556 0.000196 0.011581 0.050644 0.998650
43.701000 261.321098 12.576278 -1.103422 0.000082 0.011537 0.050735 0.998645
43.900807 263.811183 12.814786 -1.145418 0.000020 0.012383 0.050861 0.998629
44.000514 265.018924 12.956970 -1.167069 -0.000090 0.012807 0.052341 0.998547
44.101000 266.226928 13.116247 -1.190827 0.000265 0.011582 0.052356 0.998561
44.300862 268.811447 13.444981 -1.235252 0.001002 0.009731 0.053369 0.998527
44.500742 271.434215 13.737542 -1.290928 0.000581 0.011041 0.054953 0.998428
44.599925 272.739378 13.884312 -1.319683 0.000659 0.012299 0.055348 0.998391
44.697552 274.007122 14.025272 -1.340176 0.000736 0.012474 0.055897 0.998358
44.899864 276.647386 14.344842 -1.388193 0.001427 0.012061 0.057295 0.998283
45.099851 279.298634 14.700223 -1.446631 0.001681 0.012378 0.059461 0.998152
45.198674 280.634952 14.863877 -1.472876 0.001576 0.011874 0.059795 0.998139
45.401000 283.444456 15.210514 -1.524944 0.000901 0.012272 0.061573 0.998027
45.501000 284.806030 15.393868 -1.547379 0.001557 0.012994 0.062220 0.997977
45.701000 287.613869 15.765486 -1.606723 0.001381 0.014097 0.064162 0.997839
45.900597 290.563414 16.177778 -1.683674 0.001098 0.011900 0.064566 0.997842
46.000737 292.056571 16.387092 -1.717783 0.001415 0.011971 0.065174 0.997801
46.200869 295.041569 16.803702 -1.764537 0.001813 0.013738 0.065035 0.997787
46.300612 296.508461 17.010196 -1.790792 0.001387 0.014310 0.065278 0.997764
46.501000 299.499146 17.441940 -1.857052 0.000800 0.015082 0.065412 0.997744
46.600716 299.498948 17.443299 -1.858523 0.000903 0.015148 0.065434 0.997742
46.800740 303.953841 18.095771 -1.972277 0.000858 0.015546 0.065861 0.997707
46.900719 305.440867 18.288756 -2.002445 0.001314 0.016820 0.066700 0.997630
47.100855 308.409867 18.692116 -2.060492 0.001493 0.017198 0.066886 0.997611
47.300854 311.350204 19.122953 -2.127790 0.001630 0.017704 0.067850 0.997537
47.400685 312.811507 19.333820 -2.162204 0.001882 0.016993 0.068175 0.997527
47.600842 315.760661 19.752664 -2.232536 0.002168 0.016440 0.069109 0.997471
47.700693 317.205561 19.979578 -2.264806 0.001953 0.016735 0.069421 0.997445
47.800548 318.643907 20.190986 -2.298924 0.001949 0.016997 0.069647 0.997425
48.001000 321.556690 20.630409 -2.366245 0.001394 0.016769 0.070183 0.997392
48.200787 324.507021 21.079411 -2.432133 0.000635 0.016690 0.071299 0.997315
48.300766 325.950110 21.283234 -2.463697 0.001048 0.017038 0.071121 0.997322
48.500760 328.848076 21.714868 -2.536002 0.002299 0.017560 0.072411 0.997218
48.601000 330.291117 21.926785 -2.566612 0.002695 0.017531 0.072990 0.997175
48.700874 330.287431 21.933201 -2.566829 0.002774 0.017578 0.072996 0.997173
48.900793 334.637239 22.598188 -2.660625 0.002004 0.017384 0.074048 0.997101
49.000897 336.097187 22.846019 -2.694881 0.001763 0.018851 0.073953 0.997082
49.200775 338.964644 23.339117 -2.773652 0.002681 0.018149 0.074170 0.997077
49.391000 341.705523 23.755555 -2.847880 0.001862 0.016991 0.074614 0.997066
49.489889 343.164786 23.968426 -2.882514 0.001568 0.016722 0.074682 0.997066
49.601000 344.722618 24.216918 -2.912369 0.001595 0.017305 0.074837 0.997044
49.797154 347.575133 24.638066 -2.968705 0.001553 0.018661 0.075009 0.997007
50.000790 350.450818 25.097285 -3.038111 0.000823 0.020052 0.076276 0.996885
50.100890 351.857940 25.348354 -3.082230 0.001588 0.020269 0.076990 0.996825
50.301000 354.618859 25.823414 -3.153282 0.002113 0.018515 0.078068 0.996774
50.388500 354.621903 25.824045 -3.152345 0.002110 0.018515 0.078012 0.996778
50.597875 358.627497 26.463477 -3.254244 0.006475 0.018438 0.078675 0.996709
50.792892 361.247547 26.881243 -3.318630 0.005856 0.020245 0.079865 0.996583
50.895872 362.629490 27.116826 -3.353611 0.005406 0.021445 0.079496 0.996590
50.996122 363.980243 27.361264 -3.391952 0.005113 0.021503 0.079393 0.996598
51.193857 366.568530 27.804190 -3.474707 0.005703 0.022071 0.080429 0.996500
51.393308 369.113490 28.229708 -3.547933 0.007120 0.021094 0.081209 0.996448
51.493857 370.378698 28.441173 -3.583501 0.006677 0.021742 0.081512 0.996413
51.700872 372.916456 28.877294 -3.655196 0.006519 0.022223 0.082437 0.996327
51.801000 374.096026 29.090271 -3.689095 0.006638 0.021633 0.082589 0.996327
51.901000 375.257905 29.311769 -3.722338 0.006670 0.021294 0.082780 0.996318
52.101000 377.647008 29.733114 -3.795163 0.006813 0.021303 0.083870 0.996226
52.200575 377.651245 29.733166 -3.793943 0.006788 0.021331 0.083914 0.996222
52.401000 381.213529 30.347702 -3.905292 0.006429 0.022048 0.085043 0.996113
52.501000 382.408477 30.563163 -3.939386 0.006423 0.022276 0.085172 0.996097
52.600843 382.413313 30.563020 -3.938565 0.006426 0.022331 0.085176 0.996095
52.801000 385.923698 31.195659 -4.049130 0.005446 0.022474 0.086105 0.996018
53.000732 388.372691 31.631916 -4.129537 0.005300 0.022114 0.086061 0.996030
53.101000 389.534601 31.856853 -4.165124 0.005776 0.021459 0.086182 0.996032
53.300743 391.884386 32.295426 -4.230561 0.006020 0.021119 0.086126 0.996042
53.500775 394.118271 32.690753 -4.304518 0.005709 0.022434 0.086684 0.995967
53.600659 395.168124 32.876921 -4.340257 0.006437 0.022523 0.086829 0.995948
53.800760 397.266613 33.259857 -4.406545 0.006576 0.021955 0.087917 0.995864
53.900637 398.305821 33.449942 -4.435032 0.006415 0.021776 0.088286 0.995836
54.100629 400.389066 33.839463 -4.496825 0.006168 0.021630 0.088989 0.995779
54.200884 401.436226 34.051478 -4.527610 0.005999 0.021675 0.089638 0.995720
54.400751 403.538741 34.451189 -4.592794 0.006141 0.022047 0.091043 0.995584
54.501000 404.577447 34.654093 -4.625332 0.006503 0.021991 0.091838 0.995510
54.700760 406.837097 35.097757 -4.698630 0.006578 0.022990 0.092765 0.995401
54.800665 407.876257 35.307236 -4.732387 0.006716 0.023185 0.093178 0.995357
55.000885 409.885477 35.702632 -4.791261 0.006370 0.023630 0.093692 0.995300
55.200623 411.849149 36.083065 -4.853027 0.006081 0.022599 0.094417 0.995258
55.300623 412.804756 36.259870 -4.881471 0.005973 0.022081 0.094774 0.995236
55.501000 414.706023 36.654525 -4.945304 0.005832 0.022943 0.095598 0.995139
55.700867 416.753901 37.077938 -5.016188 0.004545 0.022704 0.096523 0.995061
55.800865 417.734605 37.265595 -5.049157 0.004450 0.022725 0.096165 0.995096
56.000870 419.624194 37.647052 -5.111051 0.003451 0.022716 0.096108 0.995106
56.100624 420.552581 37.842757 -5.140048 0.003068 0.023299 0.096009 0.995103
56.300896 422.381365 38.205857 -5.199396 0.002297 0.024206 0.095509 0.995132
56.400782 423.290789 38.399823 -5.233300 0.002029 0.024408 0.095525 0.995126
56.601000 425.028651 38.756401 -5.299093 0.001462 0.023491 0.095005 0.995199
56.700789 425.033595 38.756053 -5.298434 0.001438 0.023513 0.095010 0.995198
56.751000 426.475248 39.052772 -5.342986 0.001004 0.021787 0.095027 0.995236
56.989889 428.664883 39.478089 -5.414622 0.000907 0.022847 0.094705 0.995243
57.201000 430.500841 39.852047 -5.481066 0.000974 0.023222 0.095016 0.995204
57.301000 431.347671 40.024767 -5.511493 0.000854 0.022874 0.095412 0.995175
57.500899 433.167701 40.409673 -5.575842 0.000647 0.023190 0.096288 0.995083
57.600695 433.992244 40.558460 -5.602796 0.000653 0.023766 0.096174 0.995080
57.700893 434.790465 40.709344 -5.629502 0.000634 0.023553 0.096417 0.995062
57.900889 436.364648 41.032279 -5.684982 0.000754 0.023925 0.096744 0.995021
58.000781 437.112796 41.188171 -5.714523 0.000557 0.024432 0.096915 0.994993
58.200888 438.656071 41.510214 -5.768851 0.000586 0.024502 0.097082 0.994975
58.401000 440.247948 41.830972 -5.829560 0.001212 0.024745 0.097034 0.994973
58.500889 440.260844 41.835023 -5.828826 0.001173 0.024814 0.097006 0.994974
58.600771 442.046153 42.195601 -5.902753 0.002456 0.026179 0.096670 0.994969
58.800771 443.786805 42.546175 -5.974838 0.004025 0.025679 0.095994 0.995043
58.900650 444.624207 42.712161 -6.006604 0.004846 0.025400 0.095386 0.995104
59.100757 446.306885 43.033216 -6.072390 0.006274 0.025040 0.093721 0.995264
59.300869 448.007063 43.362287 -6.140914 0.008022 0.024904 0.091157 0.995493
59.400862 448.862369 43.538233 -6.177433 0.009006 0.024864 0.089715 0.995616
59.600720 450.619322 43.860376 -6.250762 0.011741 0.024779 0.086770 0.995851
59.701000 451.540287 44.016081 -6.285854 0.012695 0.025398 0.085495 0.995934
59.800640 451.536600 44.015501 -6.284362 0.012729 0.025448 0.085379 0.995942
60.000717 454.280174 44.464925 -6.394226 0.015658 0.024983 0.081090 0.996271
60.200719 456.117788 44.769012 -6.479471 0.016490 0.026392 0.078207 0.996451
60.400868 458.037181 45.092642 -6.561661 0.018013 0.025308 0.074661 0.996725
60.501000 459.068992 45.270242 -6.607183 0.018471 0.024549 0.072705 0.996880
60.600570 459.080686 45.270741 -6.607486 0.018592 0.024585 0.072708 0.996877
60.801000 462.265787 45.724553 -6.748971 0.020118 0.024792 0.066511 0.997275
60.901000 463.374245 45.858645 -6.798848 0.021561 0.025263 0.064504 0.997365
61.100901 465.934455 46.178149 -6.926469 0.024632 0.026377 0.058745 0.997620
61.301000 468.166784 46.432665 -7.027635 0.027135 0.026577 0.053158 0.997863
61.400882 468.153364 46.436441 -7.024232 0.027119 0.026765 0.053057 0.997864
61.500884 470.673469 46.677960 -7.136389 0.032175 0.027365 0.045277 0.998081
61.700673 473.063421 46.914816 -7.248285 0.029819 0.028806 0.037679 0.998429
61.900654 475.376232 47.065711 -7.361680 0.029868 0.028318 0.028921 0.998734
62.001000 476.524641 47.124769 -7.425097 0.028483 0.027840 0.024593 0.998904
62.100851 476.524470 47.127459 -7.425451 0.028510 0.027887 0.024565 0.998902
62.300647 480.141369 47.267942 -7.620362 0.028658 0.026933 0.009550 0.999181
62.400756 481.398603 47.277676 -7.681210 0.029703 0.026289 0.003901 0.999205
62.600879 483.970760 47.266055 -7.811665 0.032875 0.027495 -0.006458 0.999060
62.700885 485.252125 47.245425 -7.868880 0.035190 0.027374 -0.012026 0.998933
62.901000 487.881002 47.149577 -8.003097 0.036372 0.029171 -0.023094 0.998645
63.000845 487.879039 47.154666 -8.002552 0.036476 0.029245 -0.023168 0.998638
63.200805 491.986988 46.912423 -8.244565 0.038554 0.026898 -0.041074 0.998050
63.300425 493.400350 46.784269 -8.317301 0.039253 0.028746 -0.047918 0.997666
63.500718 496.233227 46.489317 -8.473787 0.040547 0.031201 -0.061699 0.996783
63.701000 499.065740 46.113039 -8.655234 0.040215 0.033334 -0.075761 0.995757
63.801000 500.475413 45.892957 -8.756937 0.040261 0.033934 -0.083040 0.995154
64.000896 503.463554 45.318317 -8.975596 0.039272 0.033181 -0.097990 0.993858
64.200885 506.350227 44.781472 -9.152082 0.039721 0.033500 -0.112943 0.992242
64.400720 509.198357 44.127673 -9.331873 0.040014 0.034639 -0.129157 0.990211
64.500687 510.568714 43.722365 -9.431547 0.039951 0.035094 -0.136279 0.989242
64.701000 513.317925 42.886642 -9.640417 0.040094 0.034497 -0.151338 0.987066
64.901000 516.062814 41.994611 -9.846508 0.040039 0.033561 -0.164998 0.984909
65.000821 516.062805 41.999746 -9.845652 0.040200 0.033567 -0.165099 0.984885
65.200598 520.179363 40.546129 -10.143956 0.040076 0.033866 -0.185726 0.981200
65.300867 521.572712 39.998477 -10.248379 0.039766 0.034332 -0.192214 0.979946
65.500735 524.335785 38.843745 -10.470521 0.038397 0.035317 -0.205558 0.977253
65.601000 525.711443 38.231455 -10.585320 0.038548 0.036105 -0.212096 0.975821
65.800761 528.546493 36.834723 -10.829600 0.039879 0.036731 -0.226143 0.972584
66.000595 531.256638 35.567553 -11.066101 0.037815 0.036742 -0.238430 0.969728
66.101000 532.565032 34.916043 -11.180673 0.036812 0.037402 -0.244712 0.968174
66.300495 535.133549 33.519227 -11.408399 0.033691 0.037319 -0.259655 0.964392
66.500828 537.646797 32.043092 -11.648271 0.031728 0.038205 -0.269912 0.961604
66.600609 538.840046 31.307815 -11.757637 0.032094 0.038261 -0.275104 0.960117
66.801000 541.230835 29.769055 -11.987256 0.030747 0.041732 -0.284621 0.957238
67.000595 543.660420 28.090857 -12.246078 0.029682 0.042628 -0.292831 0.954752
67.101000 544.916254 27.305731 -12.371980 0.028900 0.042359 -0.293345 0.954631
67.300781 547.451067 25.637468 -12.632983 0.027050 0.042237 -0.298439 0.953110
67.400874 548.671796 24.847321 -12.758625 0.026114 0.041437 -0.299762 0.952756
67.600588 551.082276 23.184366 -13.009279 0.025319 0.042013 -0.302908 0.951757
67.700683 552.255632 22.335079 -13.121401 0.025845 0.040659 -0.304210 0.951386
67.900690 554.619604 20.663110 -13.354104 0.023495 0.041717 -0.304244 0.951390
68.101000 557.008695 18.970313 -13.599851 0.020395 0.044549 -0.304080 0.951386
68.201000 558.187046 18.168488 -13.727809 0.019530 0.045397 -0.304075 0.951365
68.400732 560.586929 16.441326 -14.000001 0.018040 0.046300 -0.303585 0.951508
68.600719 562.956824 14.812000 -14.238359 0.017567 0.045719 -0.300016 0.952676
68.800876 565.301532 13.244039 -14.472631 0.016100 0.046805 -0.295666 0.954008
68.900752 566.470132 12.469478 -14.596658 0.016338 0.047516 -0.292926 0.954814
69.100764 568.797668 10.934244 -14.849724 0.016158 0.048150 -0.286087 0.956857
69.200666 569.981253 10.181257 -14.970081 0.015000 0.046854 -0.281927 0.958174
69.400793 572.388969 8.681508 -15.223828 0.013129 0.049450 -0.273406 0.960537
69.600803 574.823179 7.245866 -15.480390 0.013465 0.050201 -0.264226 0.963059
69.700721 576.034475 6.538076 -15.610222 0.012911 0.048895 -0.259325 0.964465
69.900807 578.496882 5.156241 -15.866679 0.009771 0.050020 -0.248770 0.967221
70.100729 580.987345 3.853517 -16.118745 0.007340 0.050937 -0.237059 0.970131
70.300806 583.530361 2.595278 -16.374266 0.007917 0.050845 -0.224220 0.973179
70.400890 584.830514 1.984631 -16.506329 0.007718 0.050588 -0.216993 0.974831
70.501000 586.138750 1.409860 -16.630036 0.007456 0.050350 -0.209607 0.976460
70.695595 588.845562 0.329449 -16.898813 0.006045 0.052172 -0.193420 0.979709
70.898500 591.639630 -0.798958 -17.167457 0.004286 0.050602 -0.180224 0.982314
70.998561 592.990937 -1.299532 -17.297632 0.002982 0.051671 -0.173167 0.983532
71.195286 595.630136 -2.189473 -17.544071 0.000786 0.050930 -0.158690 0.986014
71.289000 596.898959 -2.567038 -17.664308 0.000401 0.050476 -0.151890 0.987108
71.501000 599.777294 -3.376102 -17.929501 0.000048 0.049803 -0.135858 0.989476
71.601000 601.136016 -3.736556 -18.047057 0.000672 0.048311 -0.128469 0.990536
71.800717 604.069223 -4.374987 -18.295845 0.002195 0.045103 -0.109359 0.992976
71.901000 605.441761 -4.702377 -18.406687 0.001470 0.045941 -0.101206 0.993803
72.100851 608.309084 -5.224727 -18.636854 0.000822 0.045639 -0.083025 0.995502
72.300849 611.072570 -5.658805 -18.850008 0.000704 0.045144 -0.065241 0.996848
72.400854 612.401040 -5.812571 -18.953894 0.000520 0.045094 -0.055829 0.997421
72.601000 615.034564 -6.021844 -19.156811 0.000949 0.045707 -0.037315 0.998257
72.801000 617.595567 -6.131109 -19.349234 0.001376 0.045018 -0.019738 0.998790
72.900711 617.593946 -6.131014 -19.349007 0.001383 0.045026 -0.019734 0.998790
73.000853 620.186513 -6.028783 -19.532890 0.001532 0.043450 0.000061 0.999054
