1.412166 0.261922 -0.002395 0.002426 0.000042 -0.000112 0.000160 1.000000
1.510704 0.533697 -0.000943 0.009995 0.000224 -0.000406 0.000658 1.000000
1.610781 0.756649 0.001295 0.011075 0.000192 -0.000349 0.000981 0.999999
1.710782 1.055513 0.006526 0.014032 0.000014 -0.000253 0.001011 0.999999
1.810680 1.309557 0.002845 0.017680 -0.000225 -0.000146 0.001195 0.999999
1.910656 1.583528 0.002615 0.019451 -0.000369 -0.000076 0.001334 0.999999
2.010682 1.872731 0.009292 0.023262 -0.000309 -0.000242 0.001447 0.999999
2.110756 2.120391 0.006894 0.025643 -0.000234 -0.000370 0.001304 0.999999
2.210706 2.374520 0.004963 0.029579 -0.000373 -0.000312 0.001335 0.999999
2.310809 2.666420 0.010983 0.029662 -0.000337 -0.000406 0.001437 0.999999
2.410883 2.952630 0.010747 0.035545 -0.000207 -0.000353 0.001461 0.999999
2.510755 3.242155 0.012657 0.038868 -0.000234 -0.000317 0.001356 0.999999
2.610659 3.487334 0.013063 0.043819 -0.000303 -0.000101 0.001188 0.999999
2.710833 3.774325 0.018518 0.044834 -0.000576 0.000015 0.001428 0.999999
2.810832 4.051764 0.026429 0.046888 -0.000698 -0.000136 0.001345 0.999999
2.910709 4.299619 0.034805 0.047354 -0.000761 -0.000064 0.001454 0.999999
3.010884 4.553588 0.032507 0.049895 -0.000684 0.000225 0.001349 0.999999
3.112140 4.839016 0.039281 0.053296 -0.000680 0.000068 0.001229 0.999999
3.212113 5.091058 0.033849 0.056446 -0.000663 0.000039 0.001138 0.999999
3.310735 5.338598 0.031544 0.061191 -0.000692 0.000143 0.000939 0.999999
3.410934 5.601404 0.040174 0.063965 -0.000722 0.000162 0.001229 0.999999
3.512091 5.871650 0.045324 0.064316 -0.000811 -0.000190 0.001101 0.999999
3.612120 6.112956 0.046886 0.064301 -0.000929 -0.000496 0.001146 0.999999
3.712116 6.381761 0.050884 0.069074 -0.000814 -0.001057 0.001040 0.999999
3.812142 6.646588 0.054192 0.073070 -0.000706 -0.001199 0.001120 0.999998
3.912117 6.889190 0.055020 0.072754 -0.000829 -0.001271 0.001269 0.999998
4.012116 7.150807 0.057746 0.075887 -0.000771 -0.001344 0.001319 0.999998
4.112045 7.453658 0.064991 0.077809 -0.000701 -0.001528 0.001674 0.999997
4.212166 7.727212 0.064915 0.081482 -0.000630 -0.001682 0.002012 0.999996
4.312218 8.022636 0.070222 0.085144 -0.000600 -0.001804 0.002405 0.999995
4.412168 8.320602 0.077731 0.090292 -0.000768 -0.002080 0.002718 0.999994
4.512072 8.634078 0.084665 0.087298 -0.000938 -0.002109 0.003189 0.999992
4.612068 8.969580 0.089486 0.090813 -0.000926 -0.002237 0.003695 0.999990
4.712169 9.298145 0.099698 0.094995 -0.000759 -0.002506 0.003998 0.999989
4.812119 9.706198 0.114931 0.097866 -0.000833 -0.002757 0.004281 0.999987
4.912042 10.090824 0.120718 0.098517 -0.000884 -0.002632 0.004832 0.999984
5.012095 10.497202 0.130320 0.104564 -0.000614 -0.002656 0.004832 0.999985
5.112217 10.922781 0.135255 0.110715 -0.000635 -0.002779 0.004894 0.999984
5.212018 11.357195 0.151021 0.112825 -0.000810 -0.002822 0.004946 0.999983
5.312093 11.810508 0.150651 0.119708 -0.001029 -0.002853 0.004932 0.999983
5.412117 12.263691 0.159953 0.123266 -0.000982 -0.002965 0.005167 0.999982
5.502980 12.680898 0.165715 0.125984 -0.000891 -0.003056 0.004989 0.999982
5.612069 13.227785 0.182911 0.135727 -0.000668 -0.003107 0.004991 0.999982
5.712166 13.728340 0.176699 0.141347 -0.001037 -0.003224 0.005209 0.999981
5.812167 14.235793 0.190338 0.143980 -0.001324 -0.003262 0.005310 0.999980
5.912068 14.760083 0.207567 0.147481 -0.001135 -0.003595 0.004992 0.999980
6.085860 15.693723 0.223035 0.158064 -0.000998 -0.003430 0.004790 0.999982
6.112142 15.707038 0.216830 0.156817 -0.000999 -0.003150 0.005431 0.999980
6.212192 16.308552 0.234458 0.163696 -0.000979 -0.002786 0.005140 0.999982
6.312167 16.891303 0.246993 0.171586 -0.000962 -0.002806 0.004822 0.999984
6.412119 17.507562 0.260610 0.175665 -0.001317 -0.002346 0.004640 0.999986
6.600122 18.662457 0.280555 0.187583 -0.001030 -0.000612 0.004266 0.999990
6.700171 19.096714 0.277222 0.190651 -0.001170 -0.000306 0.004524 0.999989
6.800072 19.618458 0.284922 0.201542 -0.001026 0.000637 0.004670 0.999988
6.900072 20.150816 0.297537 0.207693 -0.000997 0.001384 0.005109 0.999985
7.000072 20.666609 0.310562 0.209012 -0.001034 0.001675 0.005130 0.999985
7.100097 21.208890 0.314530 0.214313 -0.001095 0.001787 0.005173 0.999984
7.199973 21.751296 0.325572 0.219814 -0.001192 0.001858 0.005435 0.999983
7.299773 22.284043 0.332597 0.224050 -0.001031 0.001985 0.005506 0.999982
7.399748 22.859558 0.345088 0.227977 -0.001153 0.002126 0.005504 0.999982
7.499898 23.444337 0.367103 0.228936 -0.001262 0.002378 0.005854 0.999979
7.600247 24.066615 0.384569 0.231935 -0.001193 0.002289 0.006238 0.999977
7.610686 24.138395 0.382735 0.234792 -0.000899 0.002176 0.005930 0.999980
7.712064 24.918951 0.402261 0.240453 -0.001179 0.002678 0.006643 0.999974
7.812070 25.598236 0.411467 0.239112 -0.001271 0.002429 0.006399 0.999976
7.912018 26.271519 0.431545 0.246840 -0.001466 0.002417 0.006489 0.999975
8.012019 26.930083 0.441571 0.249656 -0.001646 0.002567 0.006608 0.999974
8.112092 27.588167 0.453439 0.255775 -0.001698 0.002535 0.006992 0.999971
8.212115 28.206189 0.459245 0.261530 -0.001572 0.002380 0.007148 0.999970
8.312068 28.815132 0.475904 0.268534 -0.001622 0.001964 0.007603 0.999968
8.412115 29.404014 0.490536 0.268322 -0.001576 0.001679 0.007514 0.999969
8.512071 29.970308 0.497737 0.272865 -0.001377 0.001630 0.007734 0.999968
8.612217 30.529877 0.511653 0.277501 -0.001405 0.001319 0.007715 0.999968
8.712023 31.077759 0.528752 0.283457 -0.001434 0.001402 0.007547 0.999970
8.812020 31.629533 0.539745 0.285877 -0.001787 0.001632 0.007687 0.999968
8.912220 32.171575 0.559481 0.291627 -0.001509 0.001529 0.007688 0.999968
9.012020 32.712897 0.578331 0.293955 -0.001308 0.001323 0.007415 0.999971
9.112167 33.259524 0.590224 0.302786 -0.001238 0.001272 0.007510 0.999970
9.212113 33.775308 0.603087 0.304118 -0.001344 0.001219 0.007475 0.999970
9.312113 34.317592 0.614763 0.311609 -0.001335 0.001311 0.007466 0.999970
9.412067 34.866705 0.627305 0.313953 -0.001516 0.001416 0.007064 0.999973
9.512018 35.405274 0.638440 0.316278 -0.001586 0.001762 0.007093 0.999972
9.612091 35.941409 0.656781 0.319541 -0.001446 0.001679 0.006852 0.999974
9.712219 36.480985 0.668462 0.324450 -0.001295 0.001703 0.007116 0.999972
9.812168 37.000281 0.680424 0.329948 -0.001150 0.001821 0.007032 0.999973
9.912170 37.540686 0.689127 0.333008 -0.001219 0.001610 0.006678 0.999976
10.012067 38.049352 0.697176 0.337223 -0.001399 0.001747 0.006705 0.999975
10.112042 38.553700 0.703266 0.336410 -0.001687 0.001950 0.006662 0.999974
10.212165 39.069050 0.720196 0.343990 -0.001541 0.002020 0.006617 0.999975
10.312069 39.579046 0.731366 0.348420 -0.001086 0.002078 0.006745 0.999975
10.412218 40.079158 0.737227 0.354772 -0.000985 0.002195 0.006603 0.999975
10.512092 40.590046 0.738024 0.360758 -0.001155 0.002518 0.006701 0.999974
10.612065 41.095704 0.746368 0.363674 -0.001564 0.002453 0.007153 0.999970
10.712163 41.599889 0.758112 0.366642 -0.001447 0.002383 0.007432 0.999968
10.812066 42.089624 0.772376 0.369670 -0.001262 0.002478 0.007428 0.999969
10.912168 42.549598 0.782620 0.372103 -0.001109 0.002870 0.007856 0.999964
11.012166 43.031789 0.804956 0.375107 -0.001134 0.002948 0.008404 0.999960
11.112067 43.488635 0.815180 0.374837 -0.000977 0.002915 0.008663 0.999958
11.212020 43.961252 0.831094 0.380339 -0.000814 0.002849 0.009044 0.999955
11.312191 44.418135 0.843472 0.383441 -0.001046 0.002967 0.009581 0.999949
11.412066 44.865835 0.858657 0.383740 -0.001198 0.003219 0.010107 0.999943
11.500673 44.861340 0.857698 0.384267 -0.001205 0.003251 0.010076 0.999943
11.700022 46.114434 0.908169 0.391512 -0.001030 0.003082 0.011268 0.999931
11.799922 46.471403 0.910773 0.395428 -0.001100 0.002913 0.011493 0.999929
11.899798 46.876220 0.913770 0.396941 -0.001308 0.003082 0.011947 0.999923
11.999598 47.267113 0.921274 0.399794 -0.001341 0.003067 0.012178 0.999920
12.099723 47.634397 0.938308 0.398820 -0.001377 0.002915 0.012443 0.999917
12.199672 48.020542 0.961269 0.400079 -0.001252 0.003044 0.012919 0.999911
12.299648 48.422272 0.980894 0.402577 -0.001263 0.003027 0.013389 0.999905
12.399598 48.821438 1.009071 0.405893 -0.001365 0.003108 0.013935 0.999897
12.499698 49.212893 1.024984 0.408032 -0.001313 0.003151 0.013810 0.999899
12.599624 49.618839 1.043028 0.408293 -0.001602 0.003529 0.014299 0.999890
12.699424 50.028789 1.056681 0.408915 -0.001831 0.003621 0.014328 0.999889
12.799373 50.451793 1.073347 0.410824 -0.001952 0.003449 0.014502 0.999887
12.899623 50.863183 1.092251 0.410153 -0.001911 0.003459 0.014456 0.999888
12.999599 51.291007 1.112194 0.412697 -0.001605 0.003551 0.014386 0.999889
13.099847 51.721754 1.137233 0.419084 -0.001711 0.003427 0.014559 0.999887
13.200297 52.141428 1.153483 0.420172 -0.002270 0.003371 0.014779 0.999883
13.300347 52.588617 1.163396 0.419104 -0.002287 0.003247 0.014619 0.999885
13.312065 52.636604 1.168354 0.419356 -0.002241 0.003070 0.014384 0.999889
13.412070 53.149200 1.177666 0.425013 -0.002194 0.003337 0.014353 0.999889
13.512120 53.622404 1.188016 0.430085 -0.002383 0.003393 0.014152 0.999891
13.612139 54.080457 1.214815 0.426481 -0.002498 0.003412 0.014281 0.999889
13.712065 54.522377 1.233643 0.432360 -0.002581 0.003544 0.014283 0.999888
13.812068 54.962801 1.247073 0.431348 -0.002623 0.003324 0.014614 0.999884
13.910779 55.399632 1.268158 0.437317 -0.002571 0.003093 0.014783 0.999883
14.010754 55.842808 1.274887 0.444007 -0.002673 0.003168 0.015048 0.999878
14.110779 56.261021 1.288420 0.450186 -0.002824 0.003280 0.015115 0.999876
14.210827 56.664282 1.289592 0.451192 -0.002831 0.003227 0.015600 0.999869
14.310879 57.074975 1.303614 0.453350 -0.002880 0.003066 0.015398 0.999873
14.412118 57.469211 1.330861 0.455500 -0.002891 0.003104 0.015666 0.999868
14.512218 57.845513 1.346968 0.452698 -0.003073 0.002981 0.015899 0.999864
14.612166 58.220073 1.367641 0.459799 -0.003077 0.002711 0.016080 0.999862
14.712067 58.586105 1.387364 0.460917 -0.002724 0.002663 0.016172 0.999862
14.812170 58.946210 1.399816 0.462505 -0.002694 0.002526 0.015957 0.999866
14.912191 59.301299 1.411495 0.461949 -0.003057 0.002467 0.015855 0.999867
15.012118 59.663594 1.435399 0.465817 -0.002981 0.002384 0.015708 0.999869
15.112072 60.023466 1.448131 0.465506 -0.003033 0.002324 0.015770 0.999868
15.212217 60.341535 1.455856 0.466002 -0.003213 0.002059 0.015843 0.999867
15.312169 60.682585 1.468455 0.472294 -0.002877 0.001916 0.015379 0.999876
15.412119 61.027503 1.485389 0.470649 -0.002623 0.001819 0.015711 0.999871
15.512165 61.362639 1.496241 0.471293 -0.002662 0.001883 0.015575 0.999873
15.612169 61.704780 1.505802 0.472616 -0.003003 0.001629 0.015382 0.999876
15.712091 62.076384 1.523861 0.472231 -0.002907 0.000838 0.015396 0.999877
15.812190 62.441633 1.532838 0.477863 -0.002312 -0.000027 0.015027 0.999884
15.912117 62.823615 1.538381 0.486274 -0.002169 -0.000346 0.014257 0.999896
16.012216 63.205536 1.557395 0.492452 -0.002556 -0.000183 0.013145 0.999910
16.112194 63.588571 1.569924 0.486846 -0.003153 0.000554 0.012107 0.999922
16.212018 63.982748 1.581089 0.488459 -0.003681 0.000845 0.010921 0.999933
16.312118 64.385441 1.589605 0.484705 -0.003761 0.000784 0.008637 0.999955
16.412219 64.825921 1.595600 0.487876 -0.003313 0.001058 0.005662 0.999978
16.512067 65.274895 1.606388 0.495807 -0.002287 0.001311 0.003554 0.999990
16.612170 65.734580 1.594355 0.501758 -0.002163 0.001527 0.001266 0.999996
16.712191 66.214147 1.591459 0.497840 -0.002503 0.001160 -0.001383 0.999995
16.812040 66.696704 1.588312 0.494186 -0.002830 0.000165 -0.004290 0.999987
16.912119 67.211870 1.582553 0.495642 -0.003140 -0.000288 -0.007600 0.999966
17.012118 67.734834 1.578590 0.497952 -0.002777 0.000083 -0.010794 0.999938
17.112092 68.272303 1.561355 0.504190 -0.002189 0.000671 -0.013280 0.999909
17.212166 68.819392 1.544681 0.502177 -0.002144 0.000673 -0.016277 0.999865
17.312066 69.363483 1.519911 0.500219 -0.002449 0.000659 -0.018820 0.999820
17.412168 69.929066 1.487711 0.504447 -0.002228 0.000613 -0.021900 0.999757
17.512120 70.511973 1.463767 0.508503 -0.001912 0.000681 -0.024915 0.999688
17.612117 71.104378 1.429776 0.512959 -0.002268 0.000923 -0.028017 0.999604
17.712017 71.683138 1.395414 0.515255 -0.002192 0.000845 -0.030685 0.999526
17.812070 72.288415 1.354490 0.518945 -0.002031 0.001033 -0.034086 0.999416
17.912121 72.922698 1.318960 0.518477 -0.001730 0.001142 -0.037135 0.999308
18.012172 73.557806 1.265107 0.520227 -0.001706 0.001361 -0.039887 0.999202
18.183871 74.676177 1.175069 0.522711 -0.001720 0.001635 -0.044335 0.999014
18.279357 75.248389 1.146864 0.521277 -0.002274 0.001690 -0.044653 0.998999
18.312067 75.439708 1.124570 0.523912 -0.002161 0.001943 -0.046308 0.998923
18.412022 76.113959 1.045833 0.523046 -0.001123 0.001799 -0.050596 0.998717
18.512067 76.811134 0.966625 0.523321 -0.001023 0.002073 -0.052242 0.998632
18.612169 77.500083 0.888265 0.522857 -0.000618 0.002200 -0.053210 0.998581
18.712166 78.188135 0.802434 0.527567 -0.000227 0.002146 -0.053664 0.998557
18.812067 78.894135 0.728510 0.531019 -0.000572 0.002005 -0.053798 0.998550
18.983849 80.164847 0.591671 0.536336 -0.000706 0.001351 -0.053161 0.998585
19.079934 80.825202 0.561016 0.536379 -0.001116 0.001276 -0.053100 0.998588
19.181202 81.527142 0.493730 0.537632 -0.001137 0.000836 -0.052151 0.998638
19.277913 82.233107 0.435796 0.543014 -0.000256 0.001131 -0.051758 0.998659
19.377064 82.952389 0.372405 0.542239 -0.000260 0.001141 -0.050547 0.998721
19.476216 83.671393 0.297084 0.544765 0.000068 0.000718 -0.048933 0.998802
19.576217 84.416865 0.225329 0.549042 -0.000040 0.000960 -0.047276 0.998881
19.675669 85.172703 0.160738 0.545949 -0.000095 0.001532 -0.045149 0.998979
19.774373 85.909539 0.094799 0.553868 0.000280 0.002117 -0.043214 0.999064
19.873350 86.652713 0.021518 0.561136 -0.000055 0.002577 -0.040821 0.999163
19.973102 87.421218 -0.035188 0.564045 0.000171 0.002967 -0.038585 0.999251
20.072653 88.162230 -0.088374 0.568099 0.000252 0.003224 -0.035765 0.999355
20.166690 88.883908 -0.140155 0.567113 0.000280 0.003230 -0.032778 0.999457
20.272228 89.701225 -0.184968 0.569639 0.000211 0.003518 -0.029743 0.999551
20.372348 90.473849 -0.221474 0.573506 -0.000231 0.003332 -0.027313 0.999621
20.492725 91.406954 -0.256488 0.579386 -0.000300 0.003289 -0.023439 0.999720
20.565317 91.947051 -0.278384 0.582103 -0.000283 0.003085 -0.022093 0.999751
20.665222 92.720289 -0.300449 0.584105 -0.000083 0.003561 -0.018799 0.999817
20.768988 93.531552 -0.321366 0.592613 -0.000471 0.003361 -0.016093 0.999865
20.868940 94.312872 -0.338190 0.592644 -0.000979 0.003594 -0.013288 0.999905
20.969040 95.082307 -0.344802 0.595948 -0.000847 0.003761 -0.010643 0.999936
21.067292 95.841216 -0.348879 0.601988 -0.000392 0.003789 -0.008108 0.999960
21.169019 96.625240 -0.352984 0.605068 -0.000798 0.004308 -0.005515 0.999975
21.273606 97.428578 -0.348110 0.612915 -0.000897 0.003980 -0.003136 0.999987
21.367243 98.145969 -0.338693 0.609412 -0.001335 0.004099 -0.001170 0.999990
21.466718 98.925081 -0.327104 0.612269 -0.001139 0.004276 0.000709 0.999990
21.566718 99.694999 -0.321767 0.617103 -0.001322 0.004500 0.002733 0.999985
21.666695 100.462864 -0.317741 0.620185 -0.001365 0.004989 0.004391 0.999977
21.766569 101.235922 -0.295006 0.620693 -0.001020 0.004673 0.005934 0.999971
21.834684 101.754376 -0.275831 0.615947 -0.001258 0.004488 0.006701 0.999967
21.966519 102.858495 -0.244373 0.613023 -0.001272 0.003875 0.007673 0.999962
22.066443 103.605635 -0.231265 0.620103 -0.001310 0.003837 0.008632 0.999955
22.136352 104.124795 -0.224538 0.621974 -0.001469 0.003858 0.008929 0.999952
22.266322 105.195726 -0.199814 0.624107 -0.001038 0.003960 0.009639 0.999945
22.366200 105.948568 -0.174491 0.620676 -0.001376 0.003626 0.010245 0.999940
22.437674 106.480073 -0.149130 0.617162 -0.001129 0.003759 0.011187 0.999930
22.565771 107.504965 -0.124525 0.621547 -0.001565 0.003731 0.011600 0.999925
22.665144 108.239281 -0.102237 0.620987 -0.001789 0.003815 0.012789 0.999909
22.766120 109.014895 -0.059703 0.621542 -0.001303 0.003492 0.012789 0.999911
22.839191 109.573441 -0.038785 0.618568 -0.001663 0.003424 0.013171 0.999906
22.965323 110.640227 0.001756 0.618653 -0.002210 0.003314 0.014056 0.999893
23.065173 111.398438 0.029653 0.617108 -0.002156 0.003605 0.014453 0.999887
23.138097 111.975768 0.047806 0.618723 -0.002129 0.003612 0.014782 0.999882
23.265945 113.081675 0.076870 0.619833 -0.001918 0.003650 0.015945 0.999864
23.365099 113.883419 0.107787 0.622223 -0.002190 0.003777 0.017122 0.999844
23.437846 114.504793 0.133233 0.618992 -0.001952 0.003862 0.018256 0.999824
23.565198 115.696479 0.194337 0.618801 -0.001656 0.003510 0.020256 0.999787
23.665144 116.544732 0.243756 0.616905 -0.001537 0.003463 0.021251 0.999767
23.765224 117.377453 0.284364 0.619006 -0.001228 0.003410 0.022072 0.999750
23.865251 118.233965 0.329467 0.618567 -0.001286 0.003405 0.023135 0.999726
23.910432 118.644583 0.355879 0.618111 -0.001000 0.003022 0.023476 0.999719
24.010526 119.682123 0.407275 0.615017 -0.001481 0.003651 0.024673 0.999688
24.165423 121.156227 0.481422 0.611489 -0.001359 0.003583 0.026046 0.999653
24.203611 121.443033 0.506984 0.614417 -0.001950 0.003452 0.026779 0.999634
24.310117 122.491056 0.570579 0.617503 -0.001768 0.003898 0.027237 0.999620
24.410190 123.441976 0.649434 0.604161 -0.001440 0.004687 0.028289 0.999588
24.510544 124.384472 0.699474 0.606617 -0.001420 0.004429 0.029602 0.999551
24.699898 126.203688 0.805332 0.603871 -0.001243 0.004226 0.031641 0.999490
24.799749 127.065392 0.878463 0.600384 -0.001293 0.003732 0.031867 0.999484
24.899750 127.921016 0.953901 0.601657 -0.001187 0.004310 0.032992 0.999446
24.909294 127.969987 0.957299 0.603730 -0.001147 0.003995 0.033334 0.999436
25.099575 129.756110 1.095470 0.609960 -0.001297 0.004973 0.034132 0.999404
25.199350 130.624867 1.157740 0.608707 -0.001264 0.005590 0.034447 0.999390
25.210983 130.714717 1.165646 0.607960 -0.001019 0.004725 0.035260 0.999366
25.310605 131.683496 1.239919 0.609340 -0.001171 0.005371 0.035052 0.999370
25.465498 133.196037 1.379515 0.605839 -0.001630 0.006072 0.035159 0.999362
25.511089 133.584843 1.401849 0.604674 -0.001527 0.005873 0.035720 0.999343
25.611319 134.552023 1.484310 0.607579 -0.002142 0.005976 0.035556 0.999348
25.711914 135.504757 1.567719 0.601570 -0.002192 0.005983 0.034970 0.999368
25.865525 136.975686 1.689284 0.597581 -0.002032 0.005829 0.035423 0.999353
25.938493 137.630791 1.730149 0.600242 -0.002157 0.005253 0.035855 0.999341
26.039017 138.552421 1.794519 0.600128 -0.002892 0.005192 0.035670 0.999346
26.165154 139.698915 1.885216 0.603290 -0.003150 0.005381 0.035669 0.999344
26.239346 140.302448 1.934607 0.605765 -0.002927 0.005438 0.035663 0.999345
26.365127 141.451039 2.028977 0.601872 -0.003619 0.005818 0.035191 0.999357
26.465229 142.294457 2.091895 0.596973 -0.003635 0.006076 0.035234 0.999354
26.565102 143.172635 2.171618 0.601434 -0.003420 0.006226 0.034981 0.999363
26.665150 144.037377 2.235702 0.601252 -0.003673 0.006097 0.034547 0.999378
26.738814 144.694889 2.295452 0.594389 -0.003623 0.006579 0.035144 0.999354
26.865150 145.846960 2.382208 0.593158 -0.003965 0.005802 0.034473 0.999381
26.965272 146.707302 2.441312 0.590943 -0.003375 0.006184 0.035408 0.999348
27.065623 147.587790 2.508364 0.588586 -0.003483 0.005817 0.034677 0.999376
27.165824 148.446702 2.568352 0.593530 -0.003220 0.006002 0.034562 0.999379
27.265132 149.296738 2.637971 0.599676 -0.003473 0.006381 0.034492 0.999379
27.339391 149.952950 2.688827 0.598616 -0.004365 0.005951 0.034397 0.999381
27.465222 151.118413 2.761744 0.597970 -0.003548 0.006436 0.034780 0.999368
27.565230 151.956780 2.828547 0.595548 -0.003596 0.006894 0.035077 0.999354
27.665596 152.801832 2.904440 0.592838 -0.003097 0.007416 0.034856 0.999360
27.765176 153.657050 2.981587 0.590918 -0.003852 0.007909 0.034873 0.999353
27.865155 154.514223 3.055964 0.585566 -0.003325 0.008986 0.035198 0.999334
27.904535 154.851047 3.094261 0.584941 -0.003733 0.009325 0.034538 0.999353
28.036204 156.077218 3.196035 0.576965 -0.004229 0.009318 0.033663 0.999381
28.104086 156.654899 3.246283 0.564558 -0.004062 0.009777 0.034816 0.999338
28.203914 157.535721 3.318854 0.564524 -0.003837 0.008925 0.034585 0.999355
28.400246 159.252640 3.454165 0.564645 -0.003691 0.008118 0.035684 0.999323
28.499873 159.935041 3.507932 0.547720 -0.003701 0.008739 0.037549 0.999250
28.599773 160.721510 3.566019 0.539176 -0.002847 0.008065 0.036431 0.999300
28.699350 161.490344 3.608893 0.543113 -0.003463 0.007723 0.036723 0.999290
28.799125 162.241712 3.664854 0.543535 -0.003487 0.007860 0.036888 0.999282
28.899099 162.967351 3.724293 0.543226 -0.003482 0.008366 0.036060 0.999309
28.999025 163.716442 3.795525 0.540690 -0.003284 0.008954 0.036532 0.999287
29.099424 164.468548 3.860803 0.536218 -0.004647 0.009710 0.036401 0.999279
29.200296 165.220302 3.940519 0.531731 -0.004656 0.010111 0.036643 0.999266
29.265228 165.716040 3.978264 0.525341 -0.004977 0.010616 0.036927 0.999249
29.365176 166.574700 4.068561 0.518040 -0.006174 0.010666 0.036456 0.999259
29.465746 167.368179 4.146680 0.499086 -0.004128 0.010474 0.037464 0.999235
29.510746 167.712409 4.162380 0.497386 -0.005076 0.010048 0.037332 0.999240
29.610645 168.591926 4.235757 0.493801 -0.004641 0.009972 0.038060 0.999215
29.710670 169.407964 4.299555 0.488302 -0.004689 0.010640 0.038058 0.999208
29.810922 170.186054 4.368505 0.478113 -0.003246 0.011581 0.039197 0.999159
29.945849 171.236659 4.456926 0.466111 -0.003378 0.011833 0.039049 0.999162
30.001698 171.648409 4.495318 0.456876 -0.003113 0.011612 0.039135 0.999162
30.199920 173.193269 4.624134 0.440952 -0.003063 0.012268 0.038755 0.999169
30.299521 173.928410 4.692153 0.426330 -0.003223 0.011899 0.039588 0.999140
30.335806 174.161012 4.709398 0.424634 -0.003790 0.011902 0.039957 0.999123
30.410462 174.720382 4.755960 0.424797 -0.003161 0.012549 0.039066 0.999153
30.510637 175.426311 4.822534 0.419828 -0.003426 0.012802 0.038953 0.999153
30.610669 176.132918 4.886549 0.412914 -0.002780 0.012490 0.039001 0.999157
30.765250 177.262326 4.988570 0.405172 -0.003144 0.012595 0.036945 0.999233
30.865249 177.948031 5.016832 0.393063 -0.003708 0.012205 0.039348 0.999144
30.965149 178.602708 5.071640 0.390069 -0.002924 0.011969 0.039572 0.999141
31.045902 179.127413 5.112429 0.389357 -0.003029 0.011709 0.039609 0.999142
31.166418 179.929198 5.190268 0.382023 -0.003380 0.011416 0.038978 0.999169
31.240870 180.429585 5.233291 0.371777 -0.003145 0.011186 0.039985 0.999133
31.365274 181.251305 5.301127 0.367599 -0.003026 0.011476 0.038958 0.999170
31.465123 181.898238 5.354767 0.357745 -0.003181 0.011221 0.040313 0.999119
31.565100 182.527375 5.410904 0.349899 -0.003206 0.010786 0.040165 0.999130
31.665521 183.127812 5.459568 0.340871 -0.002990 0.011037 0.040302 0.999122
31.766444 183.735177 5.506769 0.336728 -0.002782 0.011230 0.039872 0.999138
31.865673 184.331357 5.555261 0.334674 -0.002633 0.011205 0.039713 0.999145
31.965093 184.918799 5.611661 0.323622 -0.002674 0.010740 0.039885 0.999143
32.065572 185.531670 5.679209 0.317048 -0.003221 0.010990 0.039968 0.999135
32.165201 186.111600 5.734736 0.310032 -0.003463 0.011707 0.040446 0.999107
32.265142 186.693915 5.780335 0.304859 -0.003663 0.010858 0.039748 0.999144
32.365649 187.268991 5.834455 0.297006 -0.003413 0.010742 0.039394 0.999160
32.469637 187.874194 5.895248 0.286270 -0.003482 0.011117 0.039359 0.999157
32.564996 188.416303 5.938597 0.279387 -0.003862 0.011195 0.040746 0.999099
32.665523 189.008118 5.984112 0.271734 -0.004056 0.011348 0.041304 0.999074
32.765148 189.573714 6.027834 0.269485 -0.004492 0.011809 0.041606 0.999054
32.865672 190.153695 6.080748 0.262856 -0.004673 0.011831 0.041413 0.999061
32.965471 190.703217 6.123449 0.259096 -0.004488 0.011877 0.041473 0.999059
33.065268 191.259462 6.165715 0.251452 -0.005373 0.011882 0.041511 0.999053
33.165794 191.794713 6.224949 0.243932 -0.004630 0.011489 0.041577 0.999059
33.269167 192.369219 6.280770 0.237306 -0.006295 0.011834 0.042246 0.999017
33.365190 192.894494 6.334310 0.233289 -0.005422 0.011776 0.042645 0.999006
33.468984 193.469559 6.405722 0.223326 -0.006602 0.011448 0.042049 0.999028
33.569010 194.028068 6.464532 0.216959 -0.005380 0.011506 0.043494 0.998973
33.668983 194.581287 6.518267 0.214010 -0.005828 0.011627 0.043009 0.998990
33.712018 194.802481 6.523866 0.208603 -0.007369 0.011486 0.042957 0.998984
33.812116 195.387662 6.587323 0.202032 -0.006359 0.011271 0.043344 0.998976
33.945899 196.134887 6.652058 0.191629 -0.006958 0.011474 0.043688 0.998955
34.045873 196.669860 6.704010 0.188622 -0.006735 0.011184 0.043421 0.998972
34.112112 197.024274 6.735711 0.182680 -0.005021 0.011051 0.043819 0.998966
34.212136 197.591355 6.786046 0.177147 -0.004116 0.010524 0.042937 0.999014
34.312211 198.135381 6.848305 0.171464 -0.005197 0.010390 0.043543 0.998984
34.412117 198.686476 6.897694 0.166428 -0.004258 0.010047 0.043925 0.998975
34.512065 199.246654 6.942944 0.164339 -0.003859 0.010209 0.044355 0.998956
34.612065 199.799655 6.994306 0.165217 -0.002502 0.010293 0.044013 0.998975
34.773027 200.692289 7.095498 0.153536 -0.001946 0.010348 0.045643 0.998902
34.812114 200.861260 7.109152 0.153081 -0.002190 0.009831 0.045810 0.998899
34.968911 201.758210 7.192646 0.146319 -0.001538 0.010216 0.045415 0.998915
35.074641 202.333424 7.251948 0.141449 -0.001219 0.010022 0.045859 0.998897
35.145339 202.702405 7.289226 0.137326 -0.001570 0.009768 0.045698 0.998906
35.210787 203.072187 7.324422 0.136002 -0.001330 0.009643 0.045972 0.998895
35.338818 203.861199 7.405517 0.129805 -0.000938 0.009729 0.047044 0.998845
35.412111 204.288257 7.449804 0.122215 -0.001486 0.009584 0.047327 0.998832
35.592741 205.426552 7.558006 0.115562 -0.001394 0.008538 0.047908 0.998814
35.695213 206.036202 7.617757 0.099941 -0.001113 0.009519 0.048618 0.998771
35.792021 206.609841 7.679766 0.091228 -0.001136 0.009298 0.048681 0.998770
35.891451 207.198402 7.744595 0.083247 -0.001119 0.008746 0.049220 0.998749
35.969558 207.670523 7.786768 0.077781 -0.001226 0.008540 0.049368 0.998743
36.089928 208.426466 7.874464 0.072338 -0.001445 0.008709 0.049669 0.998727
36.193193 209.051420 7.937365 0.066137 -0.001908 0.008450 0.050178 0.998703
36.292646 209.672239 8.013216 0.056180 -0.001776 0.008507 0.049063 0.998758
36.390930 210.309219 8.072542 0.047617 -0.002879 0.007950 0.048742 0.998776
36.469158 210.812384 8.135774 0.038876 -0.002569 0.007717 0.049676 0.998732
36.567763 211.525355 8.212171 0.033059 -0.001894 0.008978 0.049022 0.998756
36.667639 212.246145 8.292183 0.024642 -0.002887 0.009346 0.049054 0.998748
36.711218 212.568788 8.326108 0.021942 -0.002544 0.009313 0.049273 0.998739
36.868938 213.923788 8.470755 0.003913 -0.003350 0.010080 0.047870 0.998797
36.968962 214.683128 8.534082 -0.009678 -0.003829 0.008712 0.050595 0.998674
37.010156 214.980750 8.565957 -0.009939 -0.002956 0.008819 0.051105 0.998650
37.110054 215.821149 8.660408 -0.022077 -0.003326 0.009264 0.048607 0.998769
37.210205 216.652096 8.748854 -0.031851 -0.003225 0.009145 0.048601 0.998771
37.310201 217.500045 8.838966 -0.041830 -0.003457 0.008980 0.048478 0.998778
37.410251 218.345558 8.928775 -0.055829 -0.003626 0.008757 0.048332 0.998786
37.510252 219.185221 9.023140 -0.064489 -0.003289 0.008882 0.048220 0.998792
37.610354 220.008009 9.099710 -0.070146 -0.003583 0.009259 0.047977 0.998799
37.710401 220.847431 9.179546 -0.075683 -0.003352 0.009695 0.048261 0.998782
37.810349 221.643897 9.275928 -0.090044 -0.003246 0.010205 0.048212 0.998780
37.999749 223.181042 9.442737 -0.113764 -0.003028 0.011302 0.048650 0.998747
38.099698 223.857852 9.528602 -0.125755 -0.003080 0.010715 0.048500 0.998761
38.199674 224.600305 9.614788 -0.130712 -0.002738 0.011164 0.049565 0.998705
38.299673 225.343266 9.696299 -0.138474 -0.002941 0.011310 0.049461 0.998708
38.399623 226.087333 9.771513 -0.147030 -0.002960 0.011166 0.050156 0.998675
38.499423 226.821676 9.843990 -0.155368 -0.002762 0.010767 0.050340 0.998670
38.599149 227.569599 9.910832 -0.165164 -0.002937 0.010710 0.050223 0.998676
38.699574 228.326921 9.990523 -0.177576 -0.003074 0.010204 0.050585 0.998663
38.800322 229.120406 10.084367 -0.190320 -0.002943 0.010531 0.050729 0.998653
38.810781 229.218786 10.095038 -0.192799 -0.002756 0.010288 0.050654 0.998659
38.938646 230.343875 10.199956 -0.207334 -0.002694 0.010786 0.050677 0.998653
39.040866 231.230590 10.327830 -0.223529 -0.002549 0.010791 0.052266 0.998572
39.169138 232.340327 10.462244 -0.236402 -0.002324 0.009932 0.052706 0.998558
39.267210 233.189110 10.561909 -0.254322 -0.002193 0.009651 0.053143 0.998538
39.366792 234.065095 10.665121 -0.265964 -0.001875 0.009702 0.053733 0.998506
39.467162 234.969623 10.764321 -0.276148 -0.001825 0.009716 0.054076 0.998488
39.566663 235.873466 10.868913 -0.289227 -0.002340 0.009495 0.054459 0.998468
39.667710 236.805182 10.969232 -0.305993 -0.002559 0.009507 0.055178 0.998428
39.767143 237.721339 11.071928 -0.316458 -0.002284 0.010215 0.055990 0.998376
39.869339 238.655897 11.187479 -0.330520 -0.002286 0.010854 0.057006 0.998312
39.966665 239.555315 11.302283 -0.337210 -0.002509 0.011017 0.058037 0.998250
40.066673 240.498039 11.425112 -0.356490 -0.002357 0.011494 0.058703 0.998207
40.166840 241.448636 11.545651 -0.374072 -0.002415 0.012247 0.059258 0.998165
40.267011 242.403101 11.679521 -0.385748 -0.002503 0.012587 0.060330 0.998096
40.367145 243.362674 11.807302 -0.400527 -0.002284 0.012230 0.061100 0.998054
40.410667 243.776280 11.861671 -0.410402 -0.002008 0.011865 0.061104 0.998059
40.510868 244.879640 12.011869 -0.431048 -0.001942 0.012075 0.061189 0.998051
40.667260 246.468891 12.220757 -0.456811 -0.002345 0.012992 0.061829 0.997999
40.769034 247.447967 12.344066 -0.472613 -0.001843 0.012753 0.063510 0.997898
40.812113 247.855348 12.409291 -0.478153 -0.001473 0.012709 0.063510 0.997899
40.910657 248.873153 12.552502 -0.496027 -0.001398 0.013088 0.062773 0.997941
41.010779 249.888575 12.696970 -0.511071 -0.001468 0.013004 0.063220 0.997914
41.183741 251.684437 12.940616 -0.544356 -0.001379 0.012564 0.064113 0.997863
41.279829 252.623988 13.056368 -0.566566 -0.001032 0.012094 0.064143 0.997867
41.338648 253.197175 13.134433 -0.572043 -0.001188 0.012215 0.064691 0.997830
41.473048 254.596179 13.320094 -0.586598 -0.001827 0.011966 0.064479 0.997846
41.507437 254.927403 13.368245 -0.594113 -0.001924 0.011984 0.064159 0.997866
41.608781 256.012279 13.523762 -0.614298 -0.001558 0.010191 0.063147 0.997951
41.707013 257.041254 13.649433 -0.626493 -0.001732 0.011150 0.062445 0.997985
41.806339 258.111553 13.787619 -0.645678 -0.002170 0.012727 0.061820 0.998004
41.906467 259.188245 13.920418 -0.658907 -0.001387 0.013795 0.061371 0.998019
42.006338 260.235354 14.056807 -0.678462 -0.001064 0.013696 0.061009 0.998043
42.106490 261.292297 14.197176 -0.698322 -0.000475 0.012942 0.060418 0.998089
42.206390 262.362155 14.330166 -0.719228 -0.000215 0.012560 0.060116 0.998112
42.306440 263.417361 14.462132 -0.742816 -0.000237 0.012551 0.059450 0.998152
42.406511 264.494741 14.604617 -0.759964 0.000197 0.011646 0.059067 0.998186
42.506489 265.565988 14.749916 -0.783106 0.000113 0.011453 0.058579 0.998217
42.606415 266.665229 14.890318 -0.806865 0.000685 0.011611 0.057951 0.998252
42.706437 267.781470 15.033801 -0.832028 0.000512 0.012272 0.057498 0.998270
42.806438 268.912373 15.174356 -0.852180 0.000521 0.012702 0.056672 0.998312
42.999848 271.132390 15.441227 -0.895086 0.000282 0.012884 0.057585 0.998257
43.006425 271.164517 15.438833 -0.898447 0.000467 0.012833 0.057860 0.998242
43.106259 272.326207 15.583397 -0.919799 0.000173 0.013217 0.058043 0.998227
43.206515 273.506481 15.733515 -0.944927 0.000125 0.012830 0.058783 0.998188
43.306515 274.702358 15.889151 -0.972354 0.000006 0.012834 0.059186 0.998164
43.406419 275.885053 16.049989 -0.991625 -0.000241 0.012961 0.059600 0.998138
43.572429 277.867725 16.297611 -1.048405 -0.000477 0.014067 0.060312 0.998080
43.606439 278.155144 16.317883 -1.038944 -0.001090 0.014099 0.060786 0.998051
43.712064 279.416670 16.487127 -1.071028 -0.001049 0.012668 0.059998 0.998118
43.806537 280.556693 16.634099 -1.093625 -0.001076 0.012761 0.059790 0.998129
43.974048 282.624250 16.901767 -1.141959 -0.000643 0.013556 0.060500 0.998076
44.072379 283.714072 17.030615 -1.153906 -0.001280 0.015056 0.061780 0.997975
44.172554 284.917646 17.193609 -1.190387 -0.000809 0.014671 0.062209 0.997955
44.206390 285.321145 17.246762 -1.202771 -0.000874 0.014080 0.061941 0.997980
44.380955 287.545959 17.574306 -1.257317 0.000121 0.012331 0.062883 0.997945
44.406388 287.815165 17.613176 -1.260352 -0.000951 0.013508 0.063154 0.997912
44.572404 289.939715 17.897534 -1.306426 -0.000370 0.013195 0.063462 0.997897
44.600823 289.942292 17.900464 -1.306343 -0.000339 0.013245 0.063457 0.997897
44.700897 291.736196 18.148609 -1.353334 -0.000062 0.012826 0.064727 0.997821
44.800898 292.979898 18.310717 -1.367075 -0.000255 0.014621 0.065484 0.997746
44.900823 294.303229 18.498880 -1.409082 0.000137 0.013742 0.065920 0.997730
45.000898 295.639866 18.699049 -1.444847 0.000751 0.013717 0.066529 0.997690
45.100823 296.998872 18.898747 -1.475485 0.000482 0.013994 0.067078 0.997649
45.200873 298.353114 19.081808 -1.507504 0.000819 0.014644 0.068732 0.997527
45.300797 299.708043 19.287708 -1.537573 0.000653 0.014025 0.069301 0.997497
45.400773 301.093700 19.478919 -1.574028 0.000096 0.014073 0.069609 0.997475
45.500773 302.517619 19.688430 -1.607665 0.000175 0.014750 0.070423 0.997408
45.600873 303.933010 19.902980 -1.640128 0.000181 0.014947 0.071746 0.997311
45.700773 305.371557 20.120776 -1.673765 0.000522 0.015826 0.072809 0.997220
45.800773 306.832221 20.345372 -1.709738 0.000616 0.016045 0.072811 0.997217
45.910229 308.422622 20.590235 -1.752586 0.000805 0.015888 0.073431 0.997173
46.010131 309.857074 20.819683 -1.791328 0.000475 0.015066 0.074427 0.997113
46.146047 311.841053 21.144599 -1.841561 0.000133 0.015188 0.074522 0.997104
46.210180 312.668525 21.254141 -1.865149 0.000884 0.015440 0.076545 0.996946
46.310354 314.181500 21.505080 -1.901911 0.001119 0.016470 0.073765 0.997139
46.410404 315.699557 21.762486 -1.939995 0.000805 0.016699 0.074704 0.997066
46.568938 318.097806 22.175491 -2.007066 0.000555 0.017172 0.074753 0.997054
46.615829 318.703530 22.266640 -2.027622 0.001154 0.017946 0.076008 0.996945
46.715732 320.176819 22.503391 -2.068026 0.000515 0.017423 0.075063 0.997026
46.814291 321.673392 22.748889 -2.107851 0.000251 0.017682 0.075052 0.997023
46.914371 323.194522 23.005218 -2.149649 0.000406 0.018356 0.076304 0.996916
47.036101 325.049807 23.310288 -2.197425 0.000764 0.018959 0.076340 0.996901
47.180010 327.062397 23.627423 -2.254073 0.000709 0.019369 0.076680 0.996867
47.265548 328.157351 23.818542 -2.286851 0.000324 0.020068 0.075173 0.996969
47.366048 329.522388 24.047553 -2.330208 0.001210 0.020192 0.076798 0.996841
47.466517 330.909730 24.284578 -2.363033 0.001654 0.020188 0.076987 0.996826
47.569116 332.368134 24.535004 -2.408942 0.001535 0.019976 0.077447 0.996795
47.666494 333.761605 24.771393 -2.457970 0.001602 0.019332 0.077244 0.996823
47.766593 335.257011 25.017176 -2.489764 0.000987 0.019364 0.077400 0.996812
47.866344 336.753043 25.275419 -2.531438 0.001278 0.019579 0.077265 0.996818
47.966641 338.266477 25.519984 -2.574906 0.001006 0.019429 0.078535 0.996722
48.066347 339.796831 25.783033 -2.618124 0.001116 0.019438 0.079006 0.996684
48.166472 341.309660 26.034282 -2.658945 0.000217 0.018891 0.079914 0.996623
48.266966 342.818205 26.296632 -2.702764 0.000309 0.019296 0.080121 0.996598
48.365174 344.295686 26.545257 -2.745121 0.000933 0.019852 0.081195 0.996500
48.466344 345.828272 26.809215 -2.788712 -0.000023 0.019971 0.080333 0.996568
48.566220 347.318701 27.070655 -2.833529 -0.000491 0.019682 0.080634 0.996549
48.669638 348.866236 27.339292 -2.873764 0.001013 0.020431 0.081313 0.996479
48.765121 350.262775 27.575525 -2.912416 0.001403 0.020052 0.082232 0.996411
48.872614 351.872325 27.847293 -2.958226 0.002135 0.019878 0.082734 0.996371
48.965993 353.224296 28.080359 -3.000506 0.001441 0.020157 0.083452 0.996307
49.069562 354.790573 28.362552 -3.049878 0.001273 0.020954 0.083142 0.996317
49.166970 356.209525 28.611086 -3.088275 0.000873 0.021059 0.083692 0.996269
49.267865 357.707711 28.880803 -3.134230 0.001200 0.020987 0.083944 0.996249
49.302888 358.214534 28.975725 -3.151075 0.001445 0.020881 0.084165 0.996232
49.499599 361.203868 29.583596 -3.241997 0.001122 0.020674 0.082078 0.996411
49.599349 362.581281 29.813764 -3.294559 0.000561 0.019745 0.082488 0.996396
49.699099 364.004311 30.048685 -3.329767 0.000753 0.019878 0.083445 0.996314
49.798875 365.401051 30.290246 -3.364676 0.000386 0.019425 0.084403 0.996242
49.899300 366.768581 30.502969 -3.393369 0.000322 0.019886 0.084574 0.996219
49.965648 367.657135 30.648547 -3.419369 0.000174 0.020360 0.085080 0.996166
50.065796 369.114384 30.910470 -3.465140 -0.000608 0.021170 0.085188 0.996140
50.165693 370.519253 31.159439 -3.503769 -0.000195 0.022536 0.086008 0.996039
50.247798 371.666059 31.378472 -3.540575 0.000370 0.022000 0.086369 0.996020
50.365273 373.314484 31.676611 -3.593432 0.000158 0.021282 0.085629 0.996100
50.500122 375.163173 32.027168 -3.656394 0.000561 0.021552 0.087038 0.995972
50.599149 376.475508 32.251304 -3.699606 0.001367 0.021843 0.088235 0.995859
50.699024 377.821730 32.494021 -3.737055 0.003365 0.021038 0.088986 0.995805
50.798924 379.140362 32.735887 -3.775998 0.004867 0.020881 0.089200 0.995783
50.898875 380.473808 32.982590 -3.810174 0.004974 0.022079 0.089795 0.995703
50.998725 381.790420 33.230712 -3.851269 0.004596 0.022989 0.089660 0.995696
51.098650 383.093663 33.488527 -3.896983 0.004259 0.023326 0.089920 0.995667
51.198226 384.401271 33.748052 -3.941219 0.004191 0.024236 0.089867 0.995650
51.298625 385.740424 34.013444 -3.992653 0.004301 0.024454 0.089808 0.995650
51.398873 387.048021 34.263016 -4.035625 0.005011 0.023989 0.090149 0.995627
51.499347 388.364599 34.497527 -4.079502 0.005446 0.023833 0.090891 0.995561
51.599849 389.647026 34.735778 -4.122134 0.005588 0.024431 0.091844 0.995458
51.697964 390.889441 34.974214 -4.159969 0.005390 0.024680 0.091841 0.995453
51.797846 392.139117 35.216940 -4.203574 0.005428 0.024903 0.092126 0.995421
51.825033 392.497594 35.295362 -4.214469 0.005492 0.024160 0.092024 0.995449
51.947747 394.098241 35.610679 -4.273679 0.005521 0.024481 0.092682 0.995379
52.067766 395.651623 35.912483 -4.327259 0.005920 0.024079 0.093010 0.995356
52.123987 396.350094 36.057503 -4.357287 0.005869 0.023752 0.093373 0.995331
52.210203 397.470937 36.285468 -4.397391 0.006120 0.023683 0.093171 0.995350
52.325105 398.973423 36.590491 -4.452200 0.006164 0.024374 0.093746 0.995279
52.465196 400.786085 36.934294 -4.514979 0.005561 0.024674 0.094265 0.995226
52.566747 402.042253 37.170213 -4.557961 0.005301 0.024711 0.095234 0.995134
52.666668 403.223130 37.409811 -4.599459 0.005338 0.024831 0.095872 0.995070
52.710642 403.719796 37.513957 -4.617921 0.005411 0.024675 0.096208 0.995041
52.810697 404.947152 37.767662 -4.660099 0.004695 0.025070 0.095796 0.995074
52.947094 406.586065 38.105674 -4.717565 0.004352 0.025359 0.096390 0.995011
53.065222 407.928407 38.370648 -4.766623 0.004218 0.025245 0.096424 0.995011
53.110553 408.364891 38.457137 -4.781182 0.004373 0.024895 0.096900 0.994973
53.247602 409.934590 38.771981 -4.835490 0.004465 0.024120 0.096455 0.995035
53.365246 411.245407 39.040161 -4.885435 0.004602 0.024252 0.097110 0.994967
53.461454 412.261121 39.271224 -4.925928 0.004103 0.024406 0.095848 0.995088
53.561129 413.359341 39.486941 -4.966826 0.004232 0.024806 0.096436 0.995021
53.665270 414.487199 39.712331 -5.008722 0.004870 0.025065 0.096929 0.994964
53.765174 415.539107 39.928771 -5.047926 0.005101 0.025019 0.097517 0.994906
53.865270 416.611721 40.157389 -5.089801 0.005221 0.024784 0.097660 0.994898
53.965222 417.683327 40.370603 -5.128608 0.005166 0.024593 0.098364 0.994833
54.065296 418.749263 40.589697 -5.166258 0.005019 0.024359 0.098988 0.994778
54.147672 419.620809 40.769773 -5.198141 0.004919 0.024498 0.100060 0.994668
54.265195 420.870946 41.029765 -5.242464 0.004631 0.024400 0.100909 0.994586
54.365494 421.888263 41.245281 -5.281009 0.004172 0.024627 0.101519 0.994520
54.466815 422.912450 41.467746 -5.322345 0.004285 0.024635 0.102125 0.994457
54.567068 423.936531 41.694580 -5.355968 0.004740 0.024549 0.102774 0.994390
54.666193 424.952385 41.918307 -5.395332 0.005124 0.024666 0.102748 0.994388
54.765196 425.965081 42.132384 -5.427239 0.005493 0.025427 0.103530 0.994286
54.865172 427.000337 42.357537 -5.466796 0.005497 0.025772 0.103714 0.994258
54.946699 427.852290 42.547407 -5.498984 0.005540 0.026097 0.104104 0.994209
55.047096 428.940127 42.784444 -5.536959 0.005301 0.026376 0.104100 0.994203
55.147049 429.960050 43.003843 -5.574906 0.005308 0.026186 0.105162 0.994096
55.265221 431.153870 43.286004 -5.622563 0.005211 0.025808 0.105836 0.994035
55.365869 432.105918 43.493142 -5.657201 0.004945 0.025270 0.106216 0.994010
55.466423 433.098044 43.710362 -5.693101 0.005013 0.025262 0.106011 0.994031
55.566420 434.058036 43.929443 -5.729684 0.004827 0.025600 0.106633 0.993957
55.666395 435.004678 44.145572 -5.764312 0.005064 0.025676 0.107146 0.993899
55.710829 435.448358 44.245099 -5.782547 0.004824 0.025686 0.107064 0.993909
55.865520 437.080715 44.610711 -5.849985 0.003772 0.025541 0.107203 0.993902
55.965620 438.021422 44.815930 -5.887851 0.003475 0.025475 0.108003 0.993818
56.065942 438.996062 45.037570 -5.928817 0.002848 0.025259 0.107962 0.993830
56.166241 439.942405 45.255038 -5.961420 0.002450 0.025787 0.107879 0.993826
56.266241 440.854644 45.465814 -5.996265 0.002151 0.026351 0.107558 0.993847
56.348195 441.586588 45.638249 -6.024942 0.001702 0.026690 0.107029 0.993896
56.465272 442.689176 45.908755 -6.067970 0.001294 0.027147 0.106882 0.993900
56.565221 443.568208 46.101893 -6.105344 0.000967 0.027148 0.106963 0.993892
56.602987 443.883979 46.173185 -6.117230 0.000793 0.027149 0.106839 0.993905
56.702886 444.853260 46.398091 -6.154972 0.000072 0.026142 0.106987 0.993917
56.900371 446.725531 46.809968 -6.229958 -0.000303 0.025586 0.106783 0.993953
56.999798 447.372174 46.939236 -6.257290 -0.000348 0.024876 0.107532 0.993890
57.099723 448.181957 47.103169 -6.285149 -0.000532 0.025332 0.106839 0.993953
57.199847 448.992873 47.300558 -6.318596 -0.000731 0.025724 0.106636 0.993965
57.300022 449.810430 47.487766 -6.350485 -0.000474 0.025792 0.106922 0.993933
57.365671 450.353183 47.613691 -6.372268 -0.000595 0.025688 0.107066 0.993920
57.467638 451.201851 47.813364 -6.404095 -0.000481 0.025747 0.106966 0.993929
57.567092 452.052067 48.010085 -6.443996 -0.000624 0.025987 0.107406 0.993875
57.666568 452.889818 48.200070 -6.475452 -0.000493 0.026381 0.107457 0.993860
57.767115 453.762702 48.409695 -6.514156 -0.000598 0.026371 0.107482 0.993857
57.865148 454.619929 48.607153 -6.551252 -0.000598 0.026118 0.107963 0.993812
57.966819 455.501221 48.804440 -6.586725 -0.000642 0.026382 0.108197 0.993779
58.065194 456.353844 48.985308 -6.624316 -0.000875 0.026827 0.108413 0.993744
58.165097 457.214674 49.188106 -6.656144 -0.000651 0.026930 0.108842 0.993694
58.266442 458.108575 49.388064 -6.697146 -0.000624 0.026956 0.109110 0.993664
58.366020 458.974669 49.589012 -6.735431 -0.000798 0.027202 0.109307 0.993635
58.466272 459.838803 49.787198 -6.772707 -0.000636 0.027185 0.109162 0.993652
58.565568 460.685563 49.973312 -6.808280 -0.000351 0.027560 0.108924 0.993668
58.648069 461.426818 50.156272 -6.844276 -0.000133 0.028221 0.108726 0.993671
58.765172 462.508629 50.415385 -6.894894 0.000602 0.028736 0.108092 0.993725
58.811021 462.885478 50.495180 -6.912076 0.001255 0.028489 0.108450 0.993693
58.911022 463.901966 50.730789 -6.963378 0.002259 0.028643 0.107215 0.993821
59.069038 465.407600 51.068426 -7.035071 0.003271 0.028367 0.106778 0.993873
59.110479 465.749166 51.124480 -7.050296 0.003073 0.028273 0.107458 0.993803
59.266493 467.251453 51.463780 -7.116113 0.004615 0.028319 0.105350 0.994021
59.366768 468.115263 51.637653 -7.158155 0.005262 0.028038 0.104487 0.994117
59.466395 469.014969 51.827577 -7.200594 0.006306 0.027999 0.103150 0.994252
59.540118 469.661745 51.959047 -7.229353 0.007255 0.027716 0.101759 0.994396
59.634780 470.543014 52.153131 -7.271072 0.008637 0.027772 0.100850 0.994476
59.720295 471.335792 52.318173 -7.309001 0.009598 0.028063 0.098752 0.994670
59.837550 472.455679 52.539097 -7.362761 0.010869 0.028635 0.097282 0.994785
59.936404 473.365398 52.710430 -7.404443 0.011944 0.028487 0.096171 0.994885
60.033759 474.284189 52.890835 -7.448518 0.013078 0.028362 0.094971 0.994990
60.131315 475.218166 53.079267 -7.496051 0.013737 0.028268 0.092511 0.995215
60.231043 476.176544 53.273769 -7.540666 0.014186 0.029056 0.091388 0.995290
60.327679 477.123154 53.442755 -7.588679 0.014700 0.029206 0.089254 0.995472
60.429425 478.133055 53.633734 -7.635101 0.015702 0.028954 0.087796 0.995594
60.528776 479.132318 53.802512 -7.685455 0.016180 0.028296 0.086804 0.995692
60.627329 480.117506 53.976049 -7.738246 0.016497 0.027656 0.084602 0.995894
60.726654 481.135564 54.152663 -7.785931 0.017605 0.027773 0.082899 0.996015
60.816881 482.079797 54.319681 -7.837308 0.017805 0.027817 0.080923 0.996173
60.917104 483.164832 54.504450 -7.890426 0.019912 0.028121 0.078295 0.996335
61.025284 484.326632 54.692490 -7.950233 0.020421 0.028625 0.076104 0.996480
61.117105 485.311571 54.840537 -7.996400 0.022384 0.028829 0.074238 0.996572
61.223915 486.513463 55.018537 -8.053156 0.024633 0.029527 0.070776 0.996751
61.325036 487.598887 55.165717 -8.109460 0.025967 0.030141 0.068879 0.996831
61.423513 488.687786 55.309272 -8.167222 0.027066 0.030664 0.065391 0.997021
61.523267 489.809097 55.456447 -8.228478 0.027535 0.030709 0.062500 0.997192
61.624212 490.972780 55.608391 -8.289903 0.028605 0.031020 0.059042 0.997363
61.725533 492.163373 55.753693 -8.356089 0.028839 0.031778 0.055318 0.997546
61.826258 493.336058 55.884336 -8.419020 0.029206 0.032172 0.051230 0.997741
61.928477 494.566798 56.000888 -8.486846 0.029355 0.032029 0.046862 0.997956
62.031515 495.805716 56.116933 -8.559398 0.028337 0.031356 0.042771 0.998191
62.141891 497.127620 56.227197 -8.634266 0.027749 0.031679 0.038098 0.998386
62.208866 497.899014 56.284631 -8.678204 0.027014 0.031711 0.035626 0.998497
62.309318 499.252495 56.387402 -8.761605 0.027134 0.031027 0.028119 0.998754
62.409541 500.543627 56.455716 -8.835632 0.027382 0.030293 0.022809 0.998906
62.509893 501.848195 56.511470 -8.909802 0.028065 0.030661 0.017642 0.998980
62.609719 503.174196 56.546263 -8.989591 0.029021 0.030928 0.012547 0.999021
62.709570 504.501902 56.575863 -9.064122 0.030965 0.030856 0.007133 0.999019
62.810917 505.856935 56.592589 -9.141948 0.033058 0.031199 0.001410 0.998965
62.909896 507.175431 56.595207 -9.211503 0.033907 0.032507 -0.003611 0.998890
63.031614 508.797382 56.570629 -9.314673 0.035977 0.032991 -0.010477 0.998753
63.136401 510.161626 56.548944 -9.392251 0.036296 0.031060 -0.015803 0.998733
63.239843 511.498926 56.506671 -9.483939 0.036432 0.030602 -0.021674 0.998632
63.333934 512.719287 56.450519 -9.555802 0.036903 0.031202 -0.027508 0.998453
63.426254 513.971828 56.366205 -9.633188 0.037478 0.032847 -0.033649 0.998190
63.529671 515.418016 56.252599 -9.717714 0.038183 0.033818 -0.041426 0.997839
63.674325 517.424424 56.082210 -9.852414 0.038443 0.035096 -0.051238 0.997329
63.768963 518.584580 55.990474 -9.927436 0.038211 0.035725 -0.055753 0.997073
63.829441 519.387139 55.888673 -9.984276 0.038574 0.036647 -0.059307 0.996821
63.969263 521.332989 55.619092 -10.118351 0.038386 0.037331 -0.070208 0.996094
64.068916 522.688431 55.445796 -10.214838 0.037891 0.037011 -0.076323 0.995675
64.169015 524.057229 55.229996 -10.314750 0.037974 0.036593 -0.084094 0.995061
64.268968 525.407423 54.986228 -10.410386 0.037472 0.036645 -0.091067 0.994465
64.369017 526.790740 54.725997 -10.510145 0.037688 0.036973 -0.098342 0.993751
64.469017 528.174563 54.445410 -10.611674 0.037420 0.037384 -0.105573 0.993004
64.569163 529.568121 54.150672 -10.711170 0.037569 0.037749 -0.113506 0.992109
64.632687 530.473982 53.929575 -10.780556 0.037499 0.037968 -0.117627 0.991623
64.732766 531.932935 53.575626 -10.892183 0.037684 0.038039 -0.126425 0.990530
64.834609 533.400930 53.194810 -11.003153 0.038108 0.037724 -0.134046 0.989523
64.928251 534.746532 52.836296 -11.111785 0.037998 0.037129 -0.141336 0.988535
65.025806 536.152069 52.430600 -11.219099 0.038542 0.036818 -0.148463 0.987480
65.125010 537.559846 51.995404 -11.327350 0.038387 0.036672 -0.155287 0.986442
65.225958 538.989894 51.532686 -11.436993 0.038140 0.036874 -0.162266 0.985320
65.327153 540.427206 51.051198 -11.552123 0.037452 0.037154 -0.169355 0.984142
65.423169 541.772957 50.574470 -11.658412 0.036962 0.037478 -0.175662 0.983042
65.524512 543.184200 50.052177 -11.774929 0.036565 0.037919 -0.182421 0.981808
65.624663 544.593276 49.517054 -11.893159 0.036312 0.038521 -0.189490 0.980454
65.725510 546.001032 48.946104 -12.014606 0.036727 0.039136 -0.195824 0.979169
65.826005 547.385556 48.371844 -12.131302 0.037065 0.039422 -0.202634 0.977758
65.925584 548.753928 47.787864 -12.256832 0.036732 0.039773 -0.208871 0.976443
66.027302 550.148249 47.164089 -12.379388 0.036284 0.039637 -0.215439 0.975038
66.122839 551.442265 46.561952 -12.496085 0.035586 0.039717 -0.221577 0.973684
66.227877 552.867262 45.896608 -12.626684 0.034972 0.040326 -0.228485 0.972083
66.328973 554.223832 45.228474 -12.752168 0.033204 0.040366 -0.234660 0.970671
66.431441 555.566019 44.549593 -12.877659 0.032062 0.040268 -0.241625 0.969004
66.533584 556.914976 43.832562 -13.003956 0.030875 0.040736 -0.248018 0.967406
66.628951 558.154182 43.162098 -13.123233 0.030562 0.040862 -0.253462 0.965999
66.726282 559.409663 42.451618 -13.240254 0.029975 0.041109 -0.259587 0.964379
66.825954 560.691733 41.707883 -13.365012 0.029749 0.042472 -0.264625 0.962956
66.929270 561.987769 40.952382 -13.491393 0.028740 0.044093 -0.269009 0.961699
67.021196 563.129143 40.263518 -13.613016 0.028479 0.044489 -0.272887 0.960595
67.122140 564.412263 39.470231 -13.743704 0.027753 0.044525 -0.276055 0.959709
67.221316 565.657918 38.689986 -13.877695 0.026302 0.045079 -0.279084 0.958847
67.322040 566.922450 37.894373 -14.006793 0.025380 0.044975 -0.281513 0.958167
67.423563 568.197540 37.095642 -14.145513 0.023822 0.044492 -0.283878 0.957531
67.524385 569.456025 36.287506 -14.277365 0.023057 0.044339 -0.285637 0.957034
67.625454 570.703713 35.485648 -14.405052 0.023152 0.044551 -0.286972 0.956622
67.724163 571.934283 34.679979 -14.531891 0.022755 0.044134 -0.287853 0.956386
67.823787 573.166827 33.884395 -14.660183 0.021904 0.043418 -0.288783 0.956159
67.923836 574.402086 33.075114 -14.781777 0.021209 0.043692 -0.289633 0.955905
68.024185 575.628590 32.270343 -14.907053 0.019950 0.044720 -0.290035 0.955762
68.122891 576.836073 31.476953 -15.031971 0.019031 0.045467 -0.290280 0.955672
68.223691 578.074017 30.668147 -15.160380 0.017759 0.046485 -0.290443 0.955598
68.323088 579.277042 29.876670 -15.287242 0.017648 0.046889 -0.290228 0.955645
68.421743 580.491400 29.081600 -15.418121 0.016945 0.047432 -0.289753 0.955775
68.521965 581.715475 28.268549 -15.545197 0.016732 0.047420 -0.288876 0.956045
68.622293 582.939623 27.471263 -15.678115 0.014887 0.047988 -0.287373 0.956500
68.708109 583.985580 26.789954 -15.787612 0.014482 0.047788 -0.286411 0.956805
68.807961 585.246894 25.975119 -15.921506 0.013432 0.048562 -0.284182 0.957445
68.907637 586.491393 25.177825 -16.054732 0.013363 0.048903 -0.281831 0.958124
69.007313 587.742786 24.396679 -16.187255 0.012771 0.049899 -0.279297 0.958822
69.120148 589.165010 23.519077 -16.337092 0.012880 0.050295 -0.275187 0.959988
69.221193 590.377409 22.768492 -16.465203 0.011976 0.049569 -0.271418 0.961110
69.321394 591.599545 22.048456 -16.599860 0.010741 0.049573 -0.267076 0.962340
69.421767 592.850065 21.322496 -16.732698 0.010600 0.050268 -0.263702 0.963235
69.521369 594.103059 20.599137 -16.863102 0.010696 0.051677 -0.258967 0.964443
69.622215 595.364957 19.894040 -16.998958 0.010114 0.052278 -0.253872 0.965771
69.719670 596.607682 19.210968 -17.133618 0.009820 0.051657 -0.249434 0.966963
69.819476 597.881610 18.530020 -17.265034 0.008527 0.051592 -0.244840 0.968152
69.918927 599.161705 17.865417 -17.401292 0.007823 0.051756 -0.239636 0.969451
70.018877 600.468388 17.216047 -17.537912 0.006265 0.052250 -0.234065 0.970796
70.119074 601.767025 16.569240 -17.674364 0.005099 0.052704 -0.228250 0.972162
70.220697 603.094013 15.921787 -17.811287 0.004134 0.052963 -0.222609 0.973459
70.318100 604.359019 15.334146 -17.944086 0.003978 0.053206 -0.216019 0.974930
70.417631 605.674093 14.738703 -18.081188 0.003804 0.053104 -0.209311 0.976399
70.517556 607.002759 14.165618 -18.210513 0.004235 0.052544 -0.201916 0.977983
70.700322 609.447386 13.167933 -18.455134 0.002503 0.053748 -0.189242 0.980455
70.798824 610.722010 12.650437 -18.585070 0.002439 0.053226 -0.183803 0.981518
70.898774 612.044576 12.162018 -18.715117 0.001401 0.053181 -0.176507 0.982861
70.998625 613.367963 11.707106 -18.848752 0.001098 0.052994 -0.168867 0.984213
71.098600 614.711633 11.259281 -18.982615 0.000014 0.053594 -0.162267 0.985290
71.198525 616.060396 10.829283 -19.113396 -0.000820 0.053861 -0.154661 0.986498
71.298875 617.423883 10.413000 -19.249905 -0.002405 0.053779 -0.147392 0.987612
71.399449 618.792839 10.026666 -19.385122 -0.002969 0.053443 -0.139951 0.988711
71.499998 620.151342 9.659684 -19.521226 -0.003722 0.053372 -0.132677 0.989714
71.600171 621.511953 9.314126 -19.649799 -0.004132 0.053153 -0.125636 0.990643
71.600673 621.511815 9.311588 -19.649667 -0.004157 0.053162 -0.125593 0.990648
71.718377 623.193608 8.941920 -19.815657 -0.003272 0.051249 -0.115531 0.991975
71.817653 624.590383 8.640983 -19.941447 -0.002653 0.050248 -0.106452 0.993044
71.917577 625.998450 8.363050 -20.066884 -0.002573 0.049518 -0.098392 0.993912
72.017577 627.411742 8.098569 -20.188254 -0.002776 0.049093 -0.089552 0.994768
72.118148 628.829266 7.856592 -20.309860 -0.003183 0.049040 -0.080638 0.995531
72.217903 630.230348 7.650442 -20.430461 -0.003147 0.048701 -0.071680 0.996233
72.317578 631.645156 7.477410 -20.552107 -0.003009 0.048374 -0.062746 0.996852
72.418673 633.068541 7.314875 -20.672878 -0.003254 0.048129 -0.053360 0.997410
72.518502 634.457451 7.191896 -20.793443 -0.003402 0.048169 -0.043807 0.997872
72.617525 635.816202 7.104673 -20.907377 -0.002968 0.048480 -0.034267 0.998232
72.718126 637.200363 7.030620 -21.022058 -0.002911 0.048881 -0.025112 0.998485
72.818849 638.553242 6.985410 -21.133886 -0.002882 0.048840 -0.015848 0.998677
72.910266 639.765334 6.965590 -21.229270 -0.002461 0.048430 -0.007013 0.998799
73.010320 641.110610 6.957088 -21.341473 -0.002336 0.048123 0.002024 0.998837
73.110398 642.435432 6.982315 -21.444964 -0.002313 0.047533 0.011145 0.998805
73.210596 643.729072 7.033077 -21.543718 -0.002534 0.046845 0.020365 0.998691
73.310679 644.991992 7.112279 -21.640559 -0.003471 0.046540 0.028717 0.998498
73.411132 646.246249 7.203213 -21.737012 -0.004192 0.046468 0.037399 0.998211
73.540544 647.814629 7.356455 -21.851596 -0.005428 0.046382 0.047770 0.997766
73.641786 648.952432 7.493800 -21.941310 -0.005717 0.045775 0.054760 0.997433
73.746727 650.123415 7.636346 -22.026190 -0.006758 0.045061 0.061692 0.997055
73.848294 651.237731 7.774443 -22.114094 -0.007830 0.044569 0.067837 0.996670
73.912095 651.930553 7.884527 -22.164584 -0.007952 0.044077 0.071059 0.996466
74.012016 653.038895 8.067258 -22.249047 -0.007791 0.042823 0.074176 0.996295
74.112065 654.145691 8.252690 -22.332680 -0.006554 0.041655 0.077935 0.996066
74.212067 655.226992 8.433544 -22.406446 -0.005229 0.041041 0.080736 0.995877
74.312065 656.281792 8.610544 -22.477088 -0.003609 0.041053 0.083794 0.995631
74.412019 657.315977 8.786321 -22.541989 -0.002239 0.041545 0.086254 0.995404
74.512067 658.329217 8.964215 -22.609597 -0.001288 0.042116 0.088717 0.995165
74.612165 659.294063 9.137662 -22.672322 -0.000728 0.042501 0.090875 0.994955
74.712021 660.234752 9.317339 -22.734966 0.000221 0.043056 0.092244 0.994805
74.865150 661.622999 9.587969 -22.824505 0.000814 0.043639 0.094065 0.994609
74.912017 661.981342 9.651382 -22.851328 0.000803 0.043167 0.096821 0.994365
75.012048 662.843182 9.828351 -22.908731 0.001339 0.043030 0.095216 0.994525
75.112145 663.676700 9.998231 -22.968169 0.001665 0.042425 0.096068 0.994469
75.212068 664.496014 10.161054 -23.022514 0.002277 0.041645 0.096320 0.994476
75.312144 665.304344 10.324670 -23.077610 0.002496 0.040625 0.096822 0.994469
75.412068 666.100919 10.498285 -23.130396 0.002762 0.039501 0.097083 0.994488
75.511996 666.891874 10.668198 -23.182908 0.003179 0.039001 0.097017 0.994513
75.612071 667.677390 10.826447 -23.236018 0.003179 0.039189 0.097711 0.994438
75.712069 668.444171 10.990524 -23.285752 0.003312 0.039805 0.098078 0.994377
75.812043 669.190459 11.139420 -23.333767 0.002792 0.040175 0.098039 0.994367
75.965170 670.312210 11.363925 -23.406642 0.002999 0.040583 0.096962 0.994456
76.065122 670.981350 11.487408 -23.453477 0.003021 0.040284 0.098409 0.994326
76.112122 671.271181 11.552451 -23.472640 0.003034 0.039949 0.098319 0.994348
76.265149 672.314691 11.773434 -23.541580 0.003840 0.040776 0.096728 0.994468
76.312170 672.596716 11.820100 -23.560167 0.004020 0.040293 0.097900 0.994372
76.465147 673.579718 12.023903 -23.623914 0.004400 0.041316 0.096532 0.994462
76.512168 673.855612 12.081898 -23.642827 0.004488 0.040708 0.098078 0.994336
76.600673 673.849228 12.083376 -23.642686 0.004553 0.040746 0.098042 0.994337
76.800247 675.585725 12.438802 -23.758458 0.005554 0.041943 0.097010 0.994384
76.900022 676.083564 12.535963 -23.789949 0.005622 0.041350 0.099316 0.994181
76.999997 676.581974 12.644604 -23.824597 0.005760 0.041696 0.098638 0.994233
77.099922 677.054388 12.750802 -23.856300 0.005785 0.041945 0.098535 0.994232
77.200121 677.499906 12.843963 -23.886275 0.006045 0.042055 0.098514 0.994228
77.299897 677.930601 12.927005 -23.916049 0.006654 0.042297 0.098021 0.994263
77.399798 678.346742 13.013080 -23.941321 0.006853 0.042570 0.097812 0.994270
77.500321 678.743864 13.099749 -23.967138 0.006905 0.042818 0.097505 0.994290
77.600347 679.113576 13.171951 -23.991183 0.006732 0.042732 0.097096 0.994335
77.665247 679.342482 13.219517 -24.008256 0.006684 0.042519 0.096988 0.994355
77.765097 679.692914 13.288276 -24.032362 0.006731 0.042900 0.096004 0.994433
77.865149 680.043395 13.360128 -24.055532 0.006793 0.042975 0.095565 0.994472
77.965174 680.367442 13.427966 -24.076210 0.006581 0.043093 0.094957 0.994526
78.065123 680.674473 13.492477 -24.098811 0.006584 0.043337 0.095083 0.994504
78.166244 680.955538 13.550694 -24.118169 0.006704 0.043297 0.094820 0.994530
78.211969 681.061238 13.570490 -24.124343 0.007075 0.042797 0.094993 0.994532
78.365174 681.456170 13.649646 -24.150438 0.007118 0.043388 0.094298 0.994573
78.466418 681.667287 13.693139 -24.163709 0.007095 0.043059 0.094843 0.994535
78.565122 681.862303 13.725238 -24.178186 0.006826 0.042820 0.094645 0.994566
78.665220 682.041375 13.759627 -24.192064 0.006672 0.042859 0.094535 0.994576
78.712119 682.108812 13.774161 -24.196927 0.006781 0.042686 0.094386 0.994597
78.812171 682.267069 13.804247 -24.207612 0.006897 0.042870 0.094301 0.994596
78.912116 682.392355 13.828383 -24.214949 0.006793 0.042746 0.094367 0.994596
79.012165 682.496591 13.851428 -24.222488 0.006777 0.042402 0.094209 0.994626
79.112018 682.603409 13.871091 -24.230906 0.006750 0.041740 0.094175 0.994657
79.212143 682.709128 13.891410 -24.238837 0.007040 0.041018 0.094008 0.994701
79.312069 682.787627 13.907443 -24.245187 0.007222 0.040551 0.093871 0.994732
79.412067 682.865695 13.920729 -24.249187 0.007126 0.040628 0.093521 0.994762
79.511970 682.938233 13.935044 -24.254117 0.006932 0.040603 0.093807 0.994738
79.612017 683.001618 13.946688 -24.258023 0.006758 0.040521 0.094209 0.994705
79.712066 683.050894 13.958092 -24.261632 0.006847 0.040712 0.093579 0.994756
79.812093 683.097629 13.963555 -24.265321 0.007031 0.040747 0.093299 0.994779
79.912118 683.128186 13.971859 -24.264602 0.006897 0.040694 0.093464 0.994767
80.012017 683.155903 13.979801 -24.267829 0.006808 0.040759 0.093164 0.994793
80.112118 683.175507 13.982941 -24.269697 0.006832 0.040787 0.092978 0.994809
80.212068 683.202057 13.985146 -24.270897 0.006889 0.040637 0.093141 0.994799
80.312067 683.217348 13.988617 -24.272862 0.006990 0.040616 0.093155 0.994798
80.412167 683.230661 13.989002 -24.273285 0.007009 0.040411 0.093152 0.994807
80.512168 683.243645 13.996522 -24.274212 0.006890 0.040175 0.093265 0.994807
80.612070 683.256658 14.001178 -24.277645 0.006847 0.040145 0.093038 0.994829
80.712167 683.269643 14.004394 -24.278104 0.006874 0.040181 0.093142 0.994818
80.812071 683.271324 14.007481 -24.278235 0.006964 0.040147 0.093204 0.994813
80.912118 683.275336 14.003935 -24.278673 0.006925 0.040261 0.093326 0.994797
81.012142 683.276248 14.005044 -24.278020 0.006892 0.040299 0.093004 0.994826
81.111969 683.276099 14.005773 -24.276792 0.006821 0.040089 0.092907 0.994844
81.212168 683.270113 13.999494 -24.275605 0.006826 0.039891 0.093138 0.994830
81.312145 683.270587 14.004882 -24.276239 0.006821 0.040061 0.093148 0.994823
81.412166 683.270716 14.011626 -24.275790 0.006971 0.040046 0.093179 0.994819
81.512043 683.274174 14.010359 -24.276674 0.006871 0.039840 0.092950 0.994850
81.612167 683.271161 14.007716 -24.276197 0.006833 0.039955 0.093165 0.994825
81.712066 683.267327 14.005499 -24.276248 0.006851 0.039969 0.093093 0.994831
81.812043 683.269467 14.008767 -24.276459 0.006869 0.039906 0.093195 0.994824
81.912118 683.268243 14.004180 -24.276474 0.006872 0.039916 0.093429 0.994802
82.012017 683.272822 13.998325 -24.277439 0.006891 0.039976 0.093672 0.994776
82.112019 683.278080 14.004973 -24.277730 0.006852 0.039996 0.093243 0.994816
82.212021 683.284246 14.009945 -24.277606 0.006859 0.039909 0.093578 0.994788
82.311968 683.291650 14.006395 -24.277685 0.006801 0.039932 0.093207 0.994822
82.411995 683.291290 14.014244 -24.277427 0.006823 0.039961 0.093484 0.994795
82.512041 683.284202 14.009421 -24.277063 0.006820 0.039937 0.093606 0.994785
82.612195 683.280799 14.012329 -24.276983 0.006869 0.039953 0.093220 0.994820
82.712095 683.278028 14.014121 -24.278173 0.006932 0.039968 0.092876 0.994851
82.812142 683.275168 14.013451 -24.276976 0.006976 0.039971 0.093208 0.994820
82.912092 683.277057 14.011423 -24.277490 0.006872 0.039955 0.093080 0.994833
83.012166 683.275869 14.007928 -24.277207 0.006851 0.039955 0.092957 0.994845
83.112119 683.272264 14.009211 -24.277086 0.006894 0.039947 0.093052 0.994836
83.265148 683.277930 14.009105 -24.277030 0.006787 0.040149 0.093199 0.994814
83.312020 683.282522 14.009072 -24.277114 0.006904 0.039722 0.093004 0.994849
83.412064 683.289521 14.008489 -24.276891 0.006838 0.039959 0.093182 0.994823
