1.412166 0.261922 -0.002395 0.002426 0.000042 -0.000112 0.000160 1.000000
1.510704 0.533697 -0.000943 0.009995 0.000224 -0.000406 0.000658 1.000000
1.610781 0.756649 0.001295 0.011075 0.000192 -0.000349 0.000981 0.999999
1.710782 1.055513 0.006526 0.014032 0.000014 -0.000253 0.001011 0.999999
1.810680 1.309557 0.002845 0.017680 -0.000225 -0.000146 0.001195 0.999999
1.910656 1.583500 0.002623 0.019451 -0.000369 -0.000076 0.001334 0.999999
2.010682 1.872778 0.009286 0.023262 -0.000309 -0.000242 0.001447 0.999999
2.110756 2.120454 0.006896 0.025645 -0.000234 -0.000370 0.001304 0.999999
2.210706 2.354110 0.004764 0.029775 -0.000373 -0.000339 0.001290 0.999999
2.310809 2.643528 0.009244 0.029162 -0.000353 -0.000414 0.001302 0.999999
2.410883 2.918421 0.008622 0.035890 -0.000261 -0.000394 0.001405 0.999999
2.510755 3.225793 0.010529 0.039159 -0.000272 -0.000303 0.001356 0.999999
2.610659 3.479102 0.014517 0.044183 -0.000311 -0.000099 0.001197 0.999999
2.710833 3.765130 0.022760 0.043950 -0.000541 -0.000002 0.001436 0.999999
2.810832 4.028366 0.027376 0.046504 -0.000662 -0.000146 0.001379 0.999999
2.910709 4.281258 0.037827 0.046540 -0.000730 -0.000074 0.001445 0.999999
3.010884 4.545100 0.036335 0.050028 -0.000654 0.000146 0.001239 0.999999
3.112140 4.820673 0.038800 0.053451 -0.000649 0.000071 0.001197 0.999999
3.212113 5.066138 0.033317 0.056996 -0.000671 0.000022 0.001118 0.999999
3.310735 5.300539 0.031072 0.060697 -0.000693 0.000049 0.000848 0.999999
3.410934 5.550204 0.035389 0.064914 -0.000731 0.000115 0.001105 0.999999
3.512091 5.812878 0.044861 0.064128 -0.000805 -0.000263 0.001046 0.999999
3.612120 6.084312 0.047906 0.065160 -0.000882 -0.000634 0.000999 0.999999
3.712116 6.354172 0.051947 0.068787 -0.000750 -0.001057 0.000993 0.999999
3.812142 6.632243 0.061774 0.070231 -0.000625 -0.001074 0.001354 0.999998
3.912117 6.889545 0.065980 0.071054 -0.000618 -0.001283 0.001212 0.999998
4.012116 7.147719 0.063926 0.074524 -0.000670 -0.001320 0.001384 0.999998
4.112045 7.437242 0.063271 0.077620 -0.000698 -0.001579 0.001518 0.999997
4.212166 7.700345 0.070969 0.079972 -0.000536 -0.001695 0.001990 0.999996
4.312218 7.988751 0.077937 0.083759 -0.000454 -0.001888 0.002294 0.999995
4.412168 8.286059 0.086268 0.087527 -0.000600 -0.002063 0.002727 0.999994
4.512072 8.610435 0.089000 0.086671 -0.000822 -0.002177 0.003182 0.999992
4.612068 8.945055 0.094375 0.089947 -0.000832 -0.002312 0.003639 0.999990
4.712169 9.299231 0.103176 0.094517 -0.000678 -0.002604 0.003954 0.999989
4.812119 9.703902 0.119450 0.095863 -0.000720 -0.002766 0.004366 0.999986
4.912042 10.088822 0.127338 0.097170 -0.000739 -0.002702 0.004761 0.999985
5.012095 10.512536 0.137276 0.103656 -0.000428 -0.002688 0.004720 0.999985
5.112217 10.945649 0.139531 0.110566 -0.000484 -0.002839 0.004759 0.999985
5.212018 11.383794 0.154919 0.112646 -0.000695 -0.002889 0.004844 0.999984
5.312093 11.834785 0.153863 0.119451 -0.000982 -0.002923 0.004853 0.999983
5.412117 12.284193 0.162005 0.124834 -0.000880 -0.003007 0.005142 0.999982
5.502980 12.705617 0.171537 0.125164 -0.000776 -0.003060 0.004948 0.999983
5.612069 13.237554 0.185455 0.135089 -0.000523 -0.003116 0.004973 0.999983
5.712166 13.727437 0.182026 0.141917 -0.000944 -0.003275 0.005133 0.999981
5.812167 14.220968 0.195866 0.143204 -0.001179 -0.003327 0.005284 0.999980
5.912068 14.753151 0.213118 0.147094 -0.001023 -0.003600 0.004956 0.999981
6.085860 15.707994 0.232687 0.157448 -0.000855 -0.003484 0.004768 0.999982
6.112142 15.716332 0.221674 0.157646 -0.000877 -0.003281 0.005246 0.999980
6.212192 16.323700 0.236565 0.165339 -0.000965 -0.002785 0.005103 0.999983
6.312167 16.910495 0.251492 0.171835 -0.000895 -0.002898 0.004729 0.999984
6.412119 17.518659 0.269653 0.176169 -0.001137 -0.002441 0.004715 0.999985
6.600122 18.674685 0.287942 0.188926 -0.000938 -0.000636 0.004239 0.999990
6.700171 19.172639 0.279841 0.195916 -0.001197 -0.000534 0.004418 0.999989
6.800072 19.699474 0.290335 0.203806 -0.000888 0.000548 0.004514 0.999989
6.900072 20.226797 0.307620 0.207459 -0.000805 0.001252 0.005105 0.999986
7.000072 20.752633 0.326038 0.208766 -0.000773 0.001535 0.005114 0.999985
7.100097 21.262755 0.331797 0.213714 -0.000845 0.001762 0.005407 0.999983
7.199973 21.795955 0.342278 0.218424 -0.000954 0.001810 0.005453 0.999983
7.299773 22.344686 0.342855 0.226017 -0.000820 0.001859 0.005447 0.999983
7.399748 22.906958 0.351484 0.228167 -0.000929 0.002103 0.005392 0.999983
7.499898 23.490581 0.357593 0.230143 -0.001244 0.002419 0.005796 0.999980
7.600247 24.095292 0.368979 0.234826 -0.001220 0.002251 0.005886 0.999979
7.610686 24.178549 0.374171 0.237599 -0.001056 0.002174 0.005831 0.999980
7.712064 24.997510 0.391847 0.245191 -0.001237 0.002585 0.006494 0.999975
7.812070 25.697684 0.412590 0.241495 -0.001313 0.002416 0.006498 0.999975
7.912018 26.357073 0.424024 0.247849 -0.001386 0.002336 0.006499 0.999975
8.012019 27.020885 0.438923 0.251256 -0.001551 0.002456 0.006460 0.999975
8.112092 27.663261 0.453959 0.256659 -0.001617 0.002600 0.006996 0.999971
8.212115 28.298511 0.463985 0.261367 -0.001444 0.002392 0.007283 0.999970
8.312068 28.902047 0.467944 0.266725 -0.001441 0.002023 0.007093 0.999972
8.412115 29.499739 0.483123 0.269609 -0.001573 0.001722 0.007308 0.999971
8.512071 30.096053 0.489497 0.275502 -0.001447 0.001592 0.007567 0.999969
8.612217 30.665722 0.509413 0.280014 -0.001306 0.001266 0.007431 0.999971
8.712023 31.219475 0.521372 0.288096 -0.001552 0.001381 0.007525 0.999970
8.812020 31.760531 0.537101 0.287045 -0.001758 0.001540 0.007650 0.999968
8.912220 32.310725 0.551102 0.296627 -0.001501 0.001442 0.007693 0.999968
9.012020 32.817909 0.562624 0.296505 -0.001421 0.001271 0.007506 0.999970
9.112167 33.357330 0.568536 0.304840 -0.001429 0.001198 0.007217 0.999972
9.212113 33.874164 0.576625 0.306496 -0.001571 0.001202 0.007321 0.999971
9.312113 34.394188 0.589086 0.313005 -0.001454 0.001398 0.006994 0.999974
9.412067 34.912620 0.607003 0.316567 -0.001639 0.001389 0.006879 0.999974
9.512018 35.450428 0.624056 0.318749 -0.001616 0.001772 0.006980 0.999973
9.612091 35.985910 0.643904 0.322843 -0.001469 0.001632 0.006474 0.999977
9.712219 36.529493 0.658566 0.328912 -0.001296 0.001707 0.006934 0.999974
9.812168 37.068773 0.668134 0.334300 -0.001148 0.001771 0.006827 0.999974
9.912170 37.596438 0.683904 0.333814 -0.001169 0.001628 0.006433 0.999977
10.012067 38.122025 0.694318 0.341514 -0.001338 0.001703 0.006495 0.999977
10.112042 38.641740 0.703219 0.340755 -0.001515 0.001897 0.006562 0.999976
10.212165 39.169567 0.711801 0.348130 -0.001493 0.001985 0.006475 0.999976
10.312069 39.683287 0.712341 0.355822 -0.001210 0.002028 0.006359 0.999977
10.412218 40.177627 0.710529 0.360254 -0.001226 0.002187 0.006403 0.999976
10.512092 40.695121 0.725566 0.363707 -0.001348 0.002468 0.006807 0.999973
10.612065 41.196966 0.743793 0.368304 -0.001568 0.002474 0.007213 0.999970
10.712163 41.704677 0.755203 0.371075 -0.001405 0.002297 0.007157 0.999971
10.812066 42.204837 0.761706 0.374315 -0.001224 0.002396 0.007256 0.999970
10.912168 42.699558 0.783767 0.377472 -0.001080 0.002841 0.008045 0.999963
11.012166 43.207809 0.804455 0.381337 -0.001109 0.002958 0.008511 0.999959
11.112067 43.677399 0.818071 0.381321 -0.001013 0.002866 0.008768 0.999957
11.212020 44.162132 0.828238 0.388136 -0.000790 0.002787 0.009012 0.999955
11.312191 44.648394 0.842797 0.390782 -0.001040 0.002860 0.009443 0.999951
11.412066 45.133524 0.852243 0.391225 -0.001271 0.003144 0.009995 0.999944
11.500673 45.138262 0.852993 0.391464 -0.001261 0.003153 0.010007 0.999944
11.700022 46.548860 0.887111 0.400995 -0.001209 0.003016 0.011091 0.999933
11.799922 46.928689 0.897721 0.401720 -0.001211 0.002865 0.011412 0.999930
11.899798 47.333379 0.919564 0.404387 -0.001220 0.002950 0.012006 0.999923
11.999598 47.726542 0.934600 0.408945 -0.001230 0.002849 0.012225 0.999920
12.099723 48.115277 0.949083 0.410187 -0.001201 0.002780 0.012647 0.999915
12.199672 48.493368 0.961678 0.410511 -0.001301 0.003027 0.013139 0.999908
12.299648 48.890644 0.976580 0.414761 -0.001463 0.002958 0.013461 0.999904
12.399598 49.283587 1.001825 0.415359 -0.001468 0.002999 0.013817 0.999899
12.499698 49.681251 1.014571 0.416463 -0.001406 0.003138 0.013891 0.999898
12.599624 50.091201 1.029129 0.419869 -0.001661 0.003480 0.014264 0.999891
12.699424 50.522500 1.051654 0.418192 -0.001889 0.003612 0.014444 0.999887
12.799373 50.959236 1.065029 0.423276 -0.002098 0.003350 0.014685 0.999884
12.899623 51.377766 1.085567 0.425687 -0.001893 0.003321 0.014495 0.999888
12.999599 51.799413 1.103774 0.425885 -0.001726 0.003406 0.014295 0.999891
13.099847 52.225555 1.118866 0.432609 -0.002060 0.003458 0.014425 0.999888
13.200297 52.650562 1.140243 0.433068 -0.002388 0.003285 0.014716 0.999883
13.300347 53.095121 1.150489 0.432528 -0.002498 0.003144 0.014483 0.999887
13.312065 53.144511 1.151832 0.434257 -0.002518 0.002949 0.014373 0.999889
13.412070 53.676233 1.178684 0.439203 -0.002348 0.003261 0.014313 0.999889
13.512120 54.161959 1.189469 0.444291 -0.002467 0.003260 0.014280 0.999890
13.612139 54.645070 1.212179 0.445721 -0.002642 0.003375 0.014317 0.999888
13.712065 55.124289 1.217121 0.449714 -0.002852 0.003467 0.014377 0.999887
13.812068 55.586651 1.231051 0.451120 -0.002943 0.003225 0.014524 0.999885
13.910779 56.029187 1.246068 0.456083 -0.002907 0.003103 0.014587 0.999885
14.010754 56.477099 1.249790 0.459744 -0.003148 0.003083 0.015107 0.999876
14.110779 56.896253 1.266018 0.462369 -0.003113 0.003277 0.015228 0.999874
14.210827 57.323455 1.278702 0.469145 -0.003097 0.003191 0.015391 0.999872
14.310879 57.732933 1.305854 0.471720 -0.003005 0.003014 0.015249 0.999875
14.412118 58.136900 1.331981 0.471476 -0.003042 0.003040 0.015619 0.999869
14.512218 58.523776 1.347159 0.474737 -0.003281 0.002727 0.016062 0.999862
14.612166 58.896273 1.358004 0.476867 -0.003212 0.002676 0.016160 0.999861
14.712067 59.272897 1.375589 0.477549 -0.003034 0.002530 0.016107 0.999862
14.812170 59.645734 1.398764 0.479198 -0.003062 0.002390 0.015992 0.999865
14.912191 60.003944 1.409718 0.479764 -0.003130 0.002389 0.015919 0.999866
15.012118 60.363594 1.433778 0.480976 -0.002986 0.002247 0.015827 0.999868
15.112072 60.705890 1.441404 0.481818 -0.003368 0.002178 0.015767 0.999868
15.212217 61.043532 1.447289 0.484307 -0.003395 0.001985 0.015588 0.999871
15.312169 61.386431 1.454271 0.486941 -0.003083 0.001887 0.015629 0.999871
15.412119 61.736856 1.469057 0.491693 -0.003019 0.001783 0.015597 0.999872
15.512165 62.083095 1.484677 0.494695 -0.003118 0.001819 0.015670 0.999871
15.612169 62.442375 1.488427 0.492129 -0.003419 0.001486 0.015645 0.999871
15.712091 62.806261 1.504258 0.491627 -0.003146 0.000796 0.016020 0.999866
15.812190 63.183171 1.510831 0.501890 -0.002799 -0.000114 0.015145 0.999881
15.912117 63.576680 1.521325 0.508530 -0.002690 -0.000373 0.014273 0.999894
16.012216 63.966230 1.543537 0.512138 -0.003060 -0.000209 0.013385 0.999906
16.112194 64.355301 1.567981 0.503559 -0.003364 0.000607 0.012086 0.999921
16.212018 64.766153 1.577123 0.504287 -0.003813 0.000749 0.010694 0.999935
16.312118 65.190738 1.586355 0.506988 -0.004112 0.000560 0.008515 0.999955
16.412219 65.622811 1.589008 0.512204 -0.003714 0.000914 0.005983 0.999975
16.512067 66.074471 1.581425 0.521652 -0.002966 0.001134 0.003630 0.999988
16.612170 66.526788 1.575997 0.523456 -0.002679 0.001380 0.001193 0.999995
16.712191 66.987174 1.578011 0.524265 -0.003018 0.000768 -0.001256 0.999994
16.812040 67.465543 1.584760 0.520623 -0.003187 0.000177 -0.004259 0.999986
16.912119 67.949006 1.574038 0.521511 -0.003564 -0.000544 -0.007561 0.999965
17.012118 68.438697 1.580206 0.520877 -0.002970 -0.000031 -0.010686 0.999938
17.112092 68.952070 1.563716 0.523001 -0.002391 0.000632 -0.013272 0.999909
17.212166 69.488842 1.540163 0.527111 -0.002495 0.000713 -0.016248 0.999865
17.312066 70.038634 1.505353 0.527327 -0.002982 0.000649 -0.019197 0.999811
17.412168 70.609051 1.474672 0.530413 -0.002800 0.000532 -0.022054 0.999753
17.512120 71.197762 1.443405 0.535569 -0.002500 0.000448 -0.025081 0.999682
17.612117 71.788917 1.416490 0.538336 -0.002637 0.000807 -0.028010 0.999604
17.712017 72.370734 1.389300 0.536615 -0.002704 0.001188 -0.030674 0.999525
17.812070 72.986834 1.346290 0.539491 -0.002314 0.000933 -0.034150 0.999414
17.912121 73.609776 1.306322 0.544215 -0.002192 0.001138 -0.036706 0.999323
18.012172 74.231695 1.259263 0.543697 -0.002181 0.001336 -0.039772 0.999206
18.183871 75.339466 1.156598 0.549696 -0.002192 0.001609 -0.044604 0.999001
18.279357 75.907545 1.138674 0.546498 -0.002653 0.001691 -0.044927 0.998985
18.312067 76.098500 1.115900 0.548666 -0.002487 0.001880 -0.046419 0.998917
18.412022 76.772462 1.033710 0.548310 -0.001596 0.001714 -0.050414 0.998726
18.512067 77.462089 0.958385 0.549653 -0.001255 0.001725 -0.052243 0.998632
18.612169 78.157280 0.871385 0.550562 -0.000982 0.001991 -0.053262 0.998578
18.712166 78.844137 0.787225 0.558006 -0.000692 0.002081 -0.053578 0.998561
18.812067 79.569199 0.714055 0.558860 -0.000939 0.001735 -0.053694 0.998556
18.983849 80.838165 0.574619 0.557621 -0.001019 0.001269 -0.053169 0.998584
19.079934 81.494589 0.542805 0.558672 -0.001445 0.001320 -0.053433 0.998570
19.181202 82.203288 0.496622 0.561161 -0.001116 0.001103 -0.052162 0.998637
19.277913 82.913625 0.433071 0.565739 -0.000608 0.001019 -0.051834 0.998655
19.377064 83.642590 0.362749 0.565866 -0.000679 0.001087 -0.050675 0.998714
19.476216 84.360378 0.285645 0.566807 -0.000426 0.000861 -0.049482 0.998775
19.576217 85.119537 0.229782 0.570436 -0.000294 0.000894 -0.046826 0.998903
19.675669 85.866392 0.161552 0.571713 -0.000488 0.001449 -0.044963 0.998987
19.774373 86.608003 0.087056 0.578190 -0.000244 0.001940 -0.043138 0.999067
19.873350 87.356334 0.021535 0.584658 -0.000372 0.002352 -0.040692 0.999169
19.973102 88.128662 -0.036029 0.585453 -0.000166 0.002807 -0.038177 0.999267
20.072653 88.919002 -0.088551 0.591446 0.000061 0.003006 -0.035615 0.999361
20.166690 89.672979 -0.140521 0.597657 -0.000217 0.003142 -0.032764 0.999458
20.272228 90.535316 -0.192040 0.600636 -0.000100 0.003024 -0.030031 0.999544
20.372348 91.320143 -0.227312 0.604353 -0.000730 0.003001 -0.026920 0.999633
20.492725 92.285426 -0.257980 0.608571 -0.000703 0.003204 -0.023769 0.999712
20.565317 92.829739 -0.272302 0.611339 -0.000656 0.003094 -0.021775 0.999758
20.665222 93.635068 -0.291421 0.616854 -0.000353 0.003304 -0.018743 0.999819
20.768988 94.456516 -0.314515 0.621403 -0.000709 0.003507 -0.015810 0.999869
20.868940 95.223592 -0.322488 0.622244 -0.001262 0.003518 -0.012999 0.999909
20.969040 95.968889 -0.335471 0.624442 -0.001176 0.003995 -0.010465 0.999937
21.067292 96.730942 -0.347255 0.628723 -0.000832 0.003649 -0.008196 0.999959
21.169019 97.509888 -0.352680 0.634309 -0.000927 0.003954 -0.005363 0.999977
21.273606 98.288897 -0.355165 0.638312 -0.001279 0.003978 -0.003228 0.999986
21.367243 98.979464 -0.352942 0.640145 -0.001806 0.004109 -0.001469 0.999989
21.466718 99.751371 -0.345132 0.646073 -0.001801 0.004231 0.000786 0.999989
21.566718 100.514631 -0.338148 0.649171 -0.001885 0.004347 0.002936 0.999984
21.666695 101.257770 -0.324530 0.653052 -0.001860 0.004889 0.004508 0.999976
21.766569 102.016716 -0.302998 0.653951 -0.001517 0.004591 0.005654 0.999972
21.834684 102.528934 -0.296192 0.651590 -0.001991 0.004556 0.006240 0.999968
21.966519 103.605492 -0.272836 0.655435 -0.002206 0.004250 0.007048 0.999964
22.066443 104.337246 -0.259449 0.660775 -0.002204 0.003892 0.008201 0.999956
22.136352 104.875798 -0.251525 0.661631 -0.002229 0.004048 0.008957 0.999949
22.266322 105.921917 -0.226432 0.658996 -0.001849 0.004073 0.009856 0.999941
22.366200 106.673808 -0.198543 0.655658 -0.001921 0.003968 0.010720 0.999933
22.437674 107.194483 -0.181713 0.656371 -0.001968 0.003825 0.011108 0.999929
22.565771 108.243841 -0.151721 0.655436 -0.002239 0.003900 0.011735 0.999921
22.665144 108.987180 -0.123848 0.658158 -0.002477 0.003947 0.012318 0.999913
22.766120 109.779199 -0.097809 0.658133 -0.002253 0.003810 0.012562 0.999911
22.839191 110.352654 -0.081461 0.656794 -0.002590 0.003765 0.013028 0.999905
22.965323 111.419611 -0.034969 0.649529 -0.002825 0.003497 0.013687 0.999896
23.065173 112.180072 -0.004978 0.649724 -0.002789 0.003415 0.014283 0.999888
23.138097 112.751928 0.011422 0.652747 -0.002938 0.003327 0.014664 0.999883
23.265945 113.838815 0.045605 0.651484 -0.002518 0.003514 0.015949 0.999863
23.365099 114.635072 0.079223 0.651724 -0.002749 0.003500 0.017321 0.999840
23.437846 115.233260 0.112545 0.646449 -0.002277 0.003603 0.017990 0.999829
23.565198 116.373791 0.174626 0.646591 -0.002110 0.003752 0.019104 0.999808
23.665144 117.194178 0.204420 0.645986 -0.002050 0.003594 0.020284 0.999786
23.765224 118.034988 0.255613 0.645252 -0.001847 0.003646 0.021597 0.999758
23.865251 118.895660 0.293065 0.646555 -0.001760 0.003579 0.022399 0.999741
23.910432 119.281921 0.308770 0.650686 -0.001673 0.002974 0.023106 0.999727
24.010526 120.305230 0.370985 0.646469 -0.002160 0.003549 0.024288 0.999696
24.165423 121.772183 0.457123 0.647509 -0.001914 0.003603 0.025424 0.999668
24.203611 122.047828 0.471147 0.644707 -0.002489 0.003575 0.025801 0.999658
24.310117 123.087559 0.530988 0.645692 -0.002315 0.004000 0.026792 0.999630
24.410190 124.051301 0.594203 0.644859 -0.002378 0.004360 0.027515 0.999609
24.510544 124.995540 0.643234 0.643045 -0.002293 0.004425 0.028904 0.999570
24.699898 126.821639 0.744836 0.639532 -0.002100 0.004374 0.030978 0.999508
24.799749 127.701928 0.818268 0.639980 -0.002197 0.003990 0.031612 0.999490
24.899750 128.571106 0.895998 0.638661 -0.002118 0.004287 0.033031 0.999443
24.909294 128.620582 0.904923 0.638541 -0.001778 0.004200 0.032989 0.999445
25.099575 130.427725 1.064733 0.642689 -0.001958 0.004891 0.033810 0.999414
25.199350 131.305082 1.122306 0.633989 -0.001582 0.005460 0.033807 0.999412
25.210983 131.402161 1.133915 0.636492 -0.001180 0.004807 0.034676 0.999386
25.310605 132.378979 1.203603 0.640572 -0.001531 0.005564 0.034798 0.999378
25.465498 133.881405 1.320955 0.635549 -0.002812 0.006217 0.035508 0.999346
25.511089 134.295157 1.351519 0.636799 -0.002392 0.005898 0.035611 0.999345
25.611319 135.273651 1.432906 0.636341 -0.002609 0.006020 0.035120 0.999362
25.711914 136.238188 1.511472 0.632344 -0.002751 0.005874 0.035029 0.999365
25.865525 137.694661 1.635669 0.629714 -0.002886 0.005862 0.034981 0.999367
25.938493 138.362867 1.679742 0.629922 -0.002891 0.005419 0.035094 0.999365
26.039017 139.292566 1.756536 0.626843 -0.003375 0.005343 0.035448 0.999352
26.165154 140.435110 1.846666 0.627203 -0.003437 0.005445 0.034894 0.999370
26.239346 141.075105 1.893308 0.630144 -0.003648 0.005247 0.035504 0.999349
26.365127 142.214654 1.975088 0.632099 -0.004025 0.005688 0.034680 0.999374
26.465229 143.074222 2.044973 0.633205 -0.004131 0.005785 0.035131 0.999357
26.565102 143.960017 2.111257 0.630386 -0.003929 0.005963 0.035197 0.999355
26.665150 144.821039 2.179078 0.627251 -0.004094 0.006017 0.034700 0.999371
26.738814 145.477362 2.228909 0.624658 -0.004313 0.006033 0.034712 0.999370
26.865150 146.601187 2.320841 0.613976 -0.003560 0.006117 0.034899 0.999366
26.965272 147.415528 2.389841 0.611640 -0.003823 0.006366 0.035172 0.999354
27.065623 148.296598 2.465644 0.616475 -0.004336 0.005871 0.034915 0.999364
27.165824 149.174315 2.531461 0.619746 -0.004165 0.006359 0.034559 0.999374
27.265132 150.071978 2.584419 0.625096 -0.004331 0.006313 0.034407 0.999379
27.339391 150.726282 2.624210 0.622739 -0.004843 0.005840 0.034330 0.999382
27.465222 151.900685 2.704963 0.629834 -0.004889 0.006213 0.034051 0.999389
27.565230 152.739464 2.782905 0.621296 -0.004274 0.006804 0.034493 0.999373
27.665596 153.608919 2.849476 0.621915 -0.004094 0.007033 0.034310 0.999378
27.765176 154.433469 2.924080 0.619868 -0.004797 0.007774 0.034293 0.999370
27.865155 155.276909 2.991475 0.615084 -0.004476 0.008524 0.034415 0.999361
27.904535 155.601126 3.008025 0.614917 -0.005125 0.009356 0.033618 0.999378
28.036204 156.827599 3.103859 0.606908 -0.005456 0.009335 0.033037 0.999396
28.104086 157.411353 3.170250 0.604234 -0.005435 0.008975 0.034256 0.999358
28.203914 158.282182 3.246043 0.594535 -0.004591 0.008641 0.034685 0.999350
28.400246 160.012913 3.400720 0.584696 -0.004144 0.008452 0.035792 0.999315
28.499873 160.805122 3.455215 0.578861 -0.004467 0.008088 0.035716 0.999319
28.599773 161.603338 3.502336 0.574892 -0.003941 0.007788 0.035817 0.999320
28.699350 162.393397 3.564834 0.574896 -0.004317 0.007492 0.036646 0.999291
28.799125 163.159999 3.631997 0.571939 -0.004022 0.007660 0.036946 0.999280
28.899099 163.913517 3.679704 0.572275 -0.004284 0.008214 0.037283 0.999262
28.999025 164.683064 3.747720 0.575165 -0.004829 0.008563 0.036553 0.999283
29.099424 165.441702 3.809879 0.573197 -0.005253 0.009206 0.036834 0.999265
29.200296 166.195581 3.874674 0.565264 -0.005454 0.009868 0.037318 0.999240
29.265228 166.686032 3.908133 0.559612 -0.005420 0.010222 0.037495 0.999230
29.365176 167.470435 3.983743 0.560809 -0.005186 0.010251 0.036768 0.999258
29.465746 168.241740 4.059294 0.552118 -0.005074 0.010005 0.037428 0.999236
29.510746 168.573518 4.089506 0.548206 -0.005723 0.009877 0.037245 0.999241
29.610645 169.415700 4.148713 0.538176 -0.005236 0.010524 0.036922 0.999249
29.710670 170.200052 4.207952 0.532016 -0.005125 0.010617 0.037799 0.999216
29.810922 170.967979 4.270340 0.523807 -0.004957 0.011010 0.037966 0.999206
29.945849 172.010686 4.359048 0.513674 -0.004478 0.011429 0.038409 0.999187
30.001698 172.401607 4.389421 0.506193 -0.004272 0.011280 0.038829 0.999173
30.199920 173.944216 4.518450 0.488601 -0.003987 0.011723 0.039111 0.999158
30.299521 174.667568 4.573599 0.478537 -0.004174 0.011745 0.039792 0.999130
30.335806 174.924541 4.595268 0.481086 -0.004708 0.011660 0.039758 0.999130
30.410462 175.473433 4.647741 0.481362 -0.004204 0.012105 0.039527 0.999136
30.510637 176.204215 4.712576 0.472714 -0.004203 0.012277 0.039151 0.999149
30.610669 176.916586 4.769277 0.465416 -0.003652 0.012273 0.039112 0.999153
30.765250 177.988312 4.890598 0.445302 -0.003074 0.012797 0.037355 0.999215
30.865249 178.639065 4.937799 0.447150 -0.003926 0.011927 0.039571 0.999138
30.965149 179.285131 4.989412 0.440013 -0.003379 0.012230 0.039976 0.999120
31.045902 179.798008 5.022998 0.431982 -0.003218 0.011573 0.039352 0.999153
31.166418 180.587302 5.109682 0.422434 -0.003349 0.011452 0.038942 0.999170
31.240870 181.047689 5.150534 0.414374 -0.003423 0.010948 0.039596 0.999150
31.365274 181.857572 5.225108 0.406762 -0.003214 0.011120 0.038760 0.999181
31.465123 182.469644 5.275639 0.393515 -0.003470 0.011077 0.039524 0.999151
31.565100 183.089350 5.326585 0.394711 -0.003219 0.011009 0.039617 0.999149
31.665521 183.685125 5.385293 0.385882 -0.003334 0.011132 0.039429 0.999155
31.766444 184.301635 5.439303 0.381860 -0.003249 0.011195 0.039240 0.999162
31.865673 184.883401 5.488935 0.374986 -0.002780 0.011043 0.039387 0.999159
31.965093 185.471804 5.536505 0.368650 -0.003232 0.010803 0.039052 0.999174
32.065572 186.069528 5.594462 0.362963 -0.003885 0.010670 0.039171 0.999168
32.165201 186.664848 5.644755 0.357311 -0.004325 0.011159 0.039526 0.999147
32.265142 187.249213 5.692726 0.353023 -0.003478 0.010652 0.039046 0.999175
32.365649 187.844566 5.738989 0.350403 -0.004092 0.010943 0.039402 0.999155
32.469637 188.458676 5.794692 0.336668 -0.004856 0.011595 0.039674 0.999134
32.564996 188.999011 5.843196 0.327440 -0.004103 0.011093 0.040150 0.999124
32.665523 189.580304 5.904642 0.319786 -0.006411 0.011481 0.040848 0.999079
32.765148 190.133796 5.949071 0.318780 -0.006064 0.011449 0.040037 0.999114
32.865672 190.708771 5.994724 0.311758 -0.006458 0.011496 0.040692 0.999085
32.965471 191.265177 6.041420 0.300248 -0.005959 0.012025 0.041626 0.999043
33.065268 191.807258 6.090752 0.293559 -0.006996 0.011691 0.041087 0.999063
33.165794 192.375505 6.137748 0.288582 -0.007552 0.011551 0.042300 0.999010
33.269167 192.961041 6.188002 0.280409 -0.008020 0.011768 0.041983 0.999017
33.365190 193.481986 6.231916 0.285670 -0.005777 0.011347 0.041415 0.999061
33.468984 194.066895 6.289776 0.281216 -0.005863 0.011413 0.041690 0.999048
33.569010 194.615987 6.350183 0.265670 -0.005751 0.011456 0.042569 0.999011
33.668983 195.165937 6.400052 0.258917 -0.006794 0.011421 0.042804 0.998995
33.712018 195.419231 6.414307 0.254110 -0.008418 0.010877 0.040901 0.999069
33.812116 196.066483 6.477004 0.249869 -0.007624 0.010825 0.041944 0.999032
33.945899 196.843822 6.548496 0.236658 -0.007835 0.011496 0.044089 0.998931
34.045873 197.416581 6.602937 0.231093 -0.007610 0.011241 0.043368 0.998967
34.112112 197.784376 6.634906 0.225201 -0.006431 0.010666 0.043301 0.998984
34.212136 198.370952 6.683913 0.227377 -0.004220 0.010448 0.043494 0.998990
34.312211 198.964397 6.750440 0.222981 -0.003782 0.010441 0.043954 0.998972
34.412117 199.548326 6.799008 0.213149 -0.005087 0.010079 0.043431 0.998993
34.512065 200.115621 6.845852 0.205274 -0.003957 0.010414 0.044459 0.998949
34.612065 200.663123 6.890450 0.203958 -0.003901 0.010198 0.043551 0.998992
34.773027 201.571004 6.980266 0.199073 -0.003168 0.010392 0.044945 0.998930
34.812114 201.725929 6.991919 0.197814 -0.003599 0.009859 0.045459 0.998911
34.968911 202.623236 7.080227 0.191626 -0.002204 0.010217 0.044876 0.998938
35.074641 203.203434 7.139037 0.189573 -0.002794 0.009678 0.045459 0.998915
35.145339 203.559940 7.174812 0.183859 -0.002715 0.009701 0.045396 0.998918
35.210787 203.921636 7.210464 0.180987 -0.002557 0.009625 0.045276 0.998925
35.338818 204.669568 7.283948 0.175347 -0.002272 0.009589 0.045647 0.998909
35.412111 205.081430 7.330738 0.169213 -0.002362 0.009857 0.046046 0.998888
35.592741 206.161993 7.446997 0.157726 -0.001995 0.009004 0.047094 0.998848
35.695213 206.779400 7.503198 0.153507 -0.001796 0.008848 0.047578 0.998827
35.792021 207.348350 7.555752 0.148865 -0.002197 0.008841 0.047849 0.998813
35.891451 207.930977 7.615986 0.144668 -0.002323 0.008407 0.048837 0.998769
35.969558 208.412261 7.668030 0.133785 -0.002243 0.008558 0.048780 0.998770
36.089928 209.157291 7.752983 0.122868 -0.002379 0.008613 0.048763 0.998770
36.193193 209.786857 7.820318 0.111250 -0.002653 0.008430 0.049091 0.998755
36.292646 210.402784 7.896794 0.107379 -0.002800 0.008167 0.049005 0.998761
36.390930 211.031158 7.959368 0.096714 -0.004197 0.007454 0.048404 0.998791
36.469158 211.557983 8.009461 0.089494 -0.003718 0.007421 0.048377 0.998795
36.567763 212.279660 8.090748 0.082296 -0.003199 0.008435 0.047679 0.998822
36.667639 212.995666 8.171499 0.077187 -0.003671 0.008769 0.047692 0.998817
36.711218 213.323304 8.210352 0.075757 -0.003826 0.008739 0.048057 0.998799
36.868938 214.616703 8.366186 0.056998 -0.004149 0.009443 0.045478 0.998912
36.968962 215.365904 8.432580 0.046082 -0.004697 0.008495 0.048623 0.998770
37.010156 215.655026 8.458712 0.044434 -0.004505 0.008238 0.048789 0.998765
37.110054 216.496867 8.546039 0.037429 -0.004592 0.008652 0.046108 0.998888
37.210205 217.337896 8.633077 0.024188 -0.004473 0.008244 0.046228 0.998887
37.310201 218.166905 8.702598 0.012671 -0.004483 0.008442 0.046523 0.998871
37.410251 218.996799 8.784414 0.000067 -0.004608 0.008178 0.046678 0.998866
37.510252 219.806090 8.873978 -0.007412 -0.004431 0.008539 0.046682 0.998863
37.610354 220.634875 8.955869 -0.016820 -0.004451 0.009107 0.046131 0.998884
37.710401 221.460344 9.037230 -0.019975 -0.004306 0.009364 0.046562 0.998862
37.810349 222.275621 9.120014 -0.027968 -0.004403 0.009730 0.046385 0.998867
37.999749 223.839477 9.279150 -0.054334 -0.003807 0.010828 0.046981 0.998830
38.099698 224.556439 9.359028 -0.060843 -0.003893 0.010531 0.047785 0.998795
38.199674 225.303495 9.439042 -0.067965 -0.004210 0.011006 0.048120 0.998772
38.299673 226.042100 9.511852 -0.075256 -0.004231 0.011053 0.048706 0.998743
38.399623 226.784836 9.589383 -0.085855 -0.003839 0.010942 0.048883 0.998737
38.499423 227.530588 9.668843 -0.097690 -0.003954 0.010479 0.049164 0.998728
38.599149 228.298912 9.740332 -0.105746 -0.003867 0.010183 0.049307 0.998724
38.699574 229.038847 9.818646 -0.119800 -0.003932 0.010140 0.049473 0.998716
38.800322 229.830467 9.905416 -0.128423 -0.003726 0.010329 0.050169 0.998680
38.810781 229.906042 9.917400 -0.128915 -0.003697 0.010079 0.049654 0.998709
38.938646 231.030102 10.033712 -0.146720 -0.003310 0.010207 0.050456 0.998669
39.040866 231.902314 10.128955 -0.160225 -0.003447 0.010299 0.050628 0.998659
39.169138 233.005315 10.255486 -0.175958 -0.003114 0.009715 0.051696 0.998611
39.267210 233.857405 10.347834 -0.186513 -0.003162 0.008953 0.051661 0.998620
39.366792 234.723949 10.451117 -0.196677 -0.003159 0.009197 0.052100 0.998595
39.467162 235.623707 10.560811 -0.208028 -0.002805 0.009222 0.052889 0.998554
39.566663 236.524043 10.655965 -0.224434 -0.003259 0.009116 0.053469 0.998523
39.667710 237.449973 10.770743 -0.237182 -0.003434 0.009400 0.054174 0.998481
39.767143 238.377542 10.877747 -0.252212 -0.002826 0.009981 0.055049 0.998430
39.869339 239.337023 10.994926 -0.264367 -0.002828 0.010675 0.055710 0.998386
39.966665 240.246819 11.121478 -0.275316 -0.002720 0.010647 0.056602 0.998336
40.066673 241.187311 11.240299 -0.289601 -0.002759 0.011058 0.057439 0.998284
40.166840 242.130413 11.359369 -0.304467 -0.002772 0.011281 0.057988 0.998250
40.267011 243.087256 11.494354 -0.319279 -0.002677 0.011908 0.059442 0.998157
40.367145 244.034507 11.621368 -0.331173 -0.002987 0.011764 0.060001 0.998125
40.410667 244.453212 11.661331 -0.338564 -0.002452 0.011415 0.060106 0.998124
40.510868 245.489765 11.794835 -0.352136 -0.002405 0.011297 0.060400 0.998107
40.667260 247.081434 12.017795 -0.379596 -0.002672 0.012275 0.061183 0.998048
40.769034 248.082431 12.134901 -0.396639 -0.002401 0.011993 0.061833 0.998012
40.812113 248.496729 12.193186 -0.395959 -0.002416 0.012244 0.061628 0.998021
40.910657 249.505891 12.335044 -0.412377 -0.002773 0.012464 0.061317 0.998037
41.010779 250.530733 12.466580 -0.430764 -0.002167 0.012373 0.062188 0.997985
41.183741 252.302090 12.706518 -0.454821 -0.002250 0.011663 0.062772 0.997957
41.279829 253.239222 12.806068 -0.471029 -0.002367 0.011388 0.063053 0.997942
41.338648 253.814825 12.884135 -0.480595 -0.002324 0.011724 0.063674 0.997899
41.473048 255.177885 13.067380 -0.500539 -0.002873 0.011288 0.063592 0.997908
41.507437 255.511175 13.106258 -0.506845 -0.002840 0.011422 0.063143 0.997935
41.608781 256.582744 13.255438 -0.526005 -0.002826 0.009559 0.061852 0.998036
41.707013 257.607463 13.382807 -0.537179 -0.002164 0.010364 0.061701 0.998039
41.806339 258.667699 13.507604 -0.555350 -0.002935 0.011741 0.060781 0.998078
41.906467 259.725434 13.646554 -0.567562 -0.002391 0.013092 0.060300 0.998092
42.006338 260.772918 13.780615 -0.585175 -0.001556 0.013054 0.059532 0.998140
42.106490 261.832209 13.921220 -0.601562 -0.001055 0.012533 0.059043 0.998176
42.206390 262.869376 14.057561 -0.625395 -0.000956 0.012156 0.058472 0.998215
42.306440 263.919901 14.193477 -0.641542 -0.001147 0.011082 0.057801 0.998266
42.406511 264.980131 14.326114 -0.657929 -0.000665 0.010759 0.057065 0.998312
42.506489 266.052568 14.457065 -0.675227 -0.000494 0.010190 0.056770 0.998335
42.606415 267.139022 14.589109 -0.694061 -0.000657 0.010404 0.056443 0.998351
42.706437 268.259031 14.727934 -0.715103 -0.000859 0.010821 0.055907 0.998377
42.806438 269.382217 14.871945 -0.735584 -0.000413 0.011831 0.055668 0.998379
42.999848 271.595429 15.129463 -0.774735 -0.000658 0.012186 0.055867 0.998364
43.006425 271.634269 15.112812 -0.777505 -0.000867 0.011931 0.056340 0.998340
43.106259 272.806043 15.259894 -0.797928 -0.000643 0.012267 0.056409 0.998332
43.206515 273.985536 15.411735 -0.822968 -0.000702 0.011726 0.057259 0.998290
43.306515 275.183689 15.563643 -0.845931 -0.000823 0.011909 0.058059 0.998242
43.406419 276.385617 15.728715 -0.866561 -0.000823 0.011839 0.058170 0.998236
43.572429 278.398320 15.984403 -0.913731 -0.000940 0.012296 0.058354 0.998220
43.606439 278.690571 16.011614 -0.908534 -0.001474 0.012667 0.058548 0.998203
43.712064 279.969299 16.159393 -0.933587 -0.002010 0.011772 0.057931 0.998249
43.806537 281.126106 16.304022 -0.955434 -0.001723 0.011895 0.058239 0.998230
43.974048 283.232827 16.574649 -1.000373 -0.001401 0.012818 0.058412 0.998209
44.072379 284.401838 16.731065 -1.024056 -0.001293 0.013258 0.059411 0.998145
44.172554 285.632578 16.890019 -1.049213 -0.001536 0.012507 0.059220 0.998165
44.206390 286.043277 16.949093 -1.060043 -0.001699 0.012241 0.059602 0.998146
44.380955 288.346029 17.261486 -1.106808 -0.001036 0.010915 0.060339 0.998118
44.406388 288.604801 17.289837 -1.110754 -0.001348 0.012129 0.060625 0.998086
44.572404 290.798848 17.581322 -1.152176 -0.000886 0.011997 0.061388 0.998041
44.600823 290.800093 17.581866 -1.150914 -0.000869 0.012036 0.061299 0.998047
44.700897 292.644564 17.839799 -1.196647 -0.000045 0.012055 0.062149 0.997994
44.800898 293.926126 18.002899 -1.213504 -0.000861 0.013639 0.062623 0.997944
44.900823 295.285484 18.201672 -1.245350 -0.000418 0.012454 0.063442 0.997908
45.000898 296.654343 18.391268 -1.276214 0.000073 0.012617 0.064184 0.997858
45.100823 298.014714 18.583076 -1.306872 -0.000134 0.012943 0.064763 0.997817
45.200873 299.359091 18.772253 -1.329209 0.000026 0.013002 0.065341 0.997778
45.300797 300.717930 18.963921 -1.364367 0.000224 0.012975 0.065626 0.997760
45.400773 302.118684 19.161969 -1.393860 -0.000625 0.013414 0.066601 0.997689
45.500773 303.526128 19.368195 -1.428921 -0.000185 0.013413 0.066858 0.997672
45.600873 304.955574 19.582125 -1.459091 0.000279 0.014044 0.068792 0.997532
45.700773 306.411270 19.799169 -1.490708 0.000410 0.014592 0.069532 0.997473
45.800773 307.877207 20.017443 -1.524213 0.000555 0.014605 0.070102 0.997433
45.910229 309.491177 20.253899 -1.558265 0.000938 0.014416 0.070560 0.997403
46.010131 310.940020 20.481906 -1.593752 0.000148 0.013719 0.072063 0.997306
46.146047 312.948129 20.796188 -1.639809 0.000028 0.014041 0.071777 0.997322
46.210180 313.757296 20.884691 -1.651491 0.000139 0.013800 0.073243 0.997219
46.310354 315.269290 21.140641 -1.681726 0.000218 0.014558 0.070839 0.997381
46.410404 316.804657 21.381088 -1.718480 -0.000257 0.015110 0.071365 0.997336
46.568938 319.225227 21.759543 -1.775465 -0.000693 0.015790 0.071717 0.997300
46.615829 319.857317 21.838931 -1.794738 0.000305 0.016385 0.075760 0.996991
46.715732 321.375421 22.089349 -1.832156 -0.000128 0.016006 0.073592 0.997160
46.814291 322.899534 22.332277 -1.869635 -0.000163 0.016260 0.073178 0.997186
46.914371 324.447042 22.578196 -1.913209 -0.000082 0.017201 0.073860 0.997120
47.036101 326.332807 22.868772 -1.956426 0.000184 0.017895 0.074282 0.997077
47.180010 328.358416 23.184933 -2.006111 0.000391 0.018092 0.075265 0.996999
47.265548 329.539638 23.367385 -2.035907 -0.000422 0.018746 0.075550 0.996966
47.366048 330.936377 23.597900 -2.071708 0.000419 0.019447 0.076138 0.996908
47.466517 332.331768 23.824716 -2.105835 0.000553 0.019071 0.076090 0.996918
47.569116 333.782912 24.069903 -2.151139 0.000832 0.018434 0.076269 0.996916
47.666494 335.173327 24.296680 -2.185666 0.001029 0.017943 0.076631 0.996897
47.766593 336.635277 24.527586 -2.220108 0.000267 0.017953 0.077140 0.996859
47.866344 338.094629 24.759553 -2.253204 0.000242 0.018067 0.077670 0.996815
47.966641 339.593077 24.989798 -2.290480 0.000195 0.018276 0.078226 0.996768
48.066347 341.077676 25.249220 -2.329274 0.000341 0.018445 0.078472 0.996746
48.166472 342.572822 25.508571 -2.367093 -0.000335 0.017963 0.078468 0.996755
48.266966 344.077076 25.766878 -2.407037 -0.000459 0.018015 0.079233 0.996693
48.365174 345.524821 26.021414 -2.449714 0.000458 0.018472 0.079477 0.996665
48.466344 347.054275 26.295311 -2.488363 0.000781 0.018799 0.080045 0.996614
48.566220 348.549660 26.580997 -2.530587 0.000618 0.019323 0.079688 0.996632
48.669638 350.095835 26.847994 -2.571053 0.001654 0.019377 0.080336 0.996578
48.765121 351.482414 27.075869 -2.603501 0.001320 0.018916 0.080890 0.996543
48.872614 353.086784 27.341692 -2.643759 0.001583 0.018780 0.081738 0.996476
48.965993 354.424247 27.571693 -2.680564 0.001429 0.019213 0.081900 0.996454
49.069562 356.001169 27.831421 -2.722874 0.001070 0.020259 0.081748 0.996447
49.166970 357.423501 28.079621 -2.762282 0.000927 0.020394 0.082611 0.996373
49.267865 358.922807 28.341580 -2.805445 0.001410 0.020148 0.082972 0.996347
49.302888 359.433737 28.437411 -2.823009 0.001411 0.020000 0.083121 0.996338
49.499599 362.397428 28.968973 -2.898476 0.000333 0.018971 0.081907 0.996459
49.599349 363.736320 29.174289 -2.944146 0.000598 0.018742 0.082712 0.996397
49.699099 365.125957 29.418946 -2.978953 0.000651 0.018638 0.083481 0.996335
49.798875 366.469521 29.642851 -3.008127 0.000479 0.018556 0.084122 0.996283
49.899300 367.823315 29.861296 -3.039249 0.000133 0.018927 0.084306 0.996260
49.965648 368.699515 30.010342 -3.060508 -0.000413 0.019286 0.084324 0.996252
50.065796 370.083329 30.243066 -3.096006 -0.000756 0.020373 0.085369 0.996141
50.165693 371.437060 30.491958 -3.131927 -0.000514 0.021544 0.085488 0.996106
50.247798 372.550820 30.686877 -3.164554 -0.000056 0.021281 0.085981 0.996069
50.365273 374.181120 30.990203 -3.213959 0.000114 0.020342 0.084954 0.996177
50.500122 375.944538 31.321959 -3.267736 0.000401 0.020165 0.086076 0.996084
50.599149 377.215197 31.549667 -3.308615 0.000738 0.020049 0.087266 0.995983
50.699024 378.522375 31.784976 -3.346274 0.003238 0.020012 0.088684 0.995854
50.798924 379.831159 32.027557 -3.381576 0.004366 0.020034 0.088578 0.995858
50.898875 381.141554 32.267464 -3.417427 0.004493 0.020871 0.089456 0.995762
50.998725 382.456352 32.519283 -3.452986 0.004844 0.021846 0.089446 0.995740
51.098650 383.774910 32.781175 -3.491154 0.004559 0.022390 0.089164 0.995755
51.198226 385.072385 33.027484 -3.531604 0.004211 0.023101 0.088751 0.995777
51.298625 386.383166 33.267743 -3.574999 0.004224 0.023391 0.089452 0.995708
51.398873 387.677128 33.504990 -3.613667 0.004711 0.022969 0.089754 0.995688
51.499347 388.966931 33.742331 -3.656151 0.004949 0.022561 0.089913 0.995682
51.599849 390.244217 33.982088 -3.694314 0.004997 0.023037 0.090397 0.995627
51.697964 391.484553 34.223553 -3.729827 0.005153 0.023546 0.090522 0.995603
51.797846 392.728387 34.456766 -3.769788 0.005061 0.023689 0.090711 0.995583
51.825033 393.076764 34.521195 -3.781618 0.005153 0.023418 0.091325 0.995532
51.947747 394.660253 34.825804 -3.841236 0.005073 0.023402 0.091447 0.995522
52.067766 396.206789 35.131352 -3.890159 0.005335 0.023172 0.092494 0.995429
52.123987 396.922879 35.273768 -3.917222 0.005350 0.022628 0.092467 0.995444
52.210203 398.032553 35.491653 -3.957584 0.005549 0.022870 0.093080 0.995380
52.325105 399.543782 35.797354 -4.009318 0.006017 0.023439 0.093724 0.995304
52.465196 401.329117 36.142946 -4.067114 0.005508 0.023548 0.094089 0.995270
52.566747 402.563719 36.387847 -4.105246 0.005319 0.023950 0.094382 0.995234
52.666668 403.721810 36.611206 -4.138927 0.005091 0.023878 0.095089 0.995169
52.710642 404.225144 36.715825 -4.159413 0.004999 0.023642 0.095524 0.995134
52.810697 405.437166 36.958424 -4.198939 0.004570 0.024113 0.095354 0.995141
52.947094 407.070487 37.290028 -4.253649 0.004168 0.024256 0.095683 0.995108
53.065222 408.402650 37.562265 -4.298961 0.004110 0.024337 0.095805 0.995094
53.110553 408.879502 37.659711 -4.316421 0.004169 0.023946 0.095977 0.995087
53.247602 410.462278 37.982211 -4.365555 0.004250 0.023244 0.095690 0.995131
53.365246 411.779628 38.253464 -4.413859 0.004302 0.023224 0.096030 0.995098
53.461454 412.813865 38.444539 -4.451156 0.003898 0.023649 0.096475 0.995047
53.561129 413.897740 38.665871 -4.488305 0.004158 0.024166 0.096256 0.995054
53.665270 415.028941 38.901378 -4.528158 0.004634 0.024055 0.096892 0.994993
53.765174 416.106254 39.126070 -4.568133 0.004850 0.023960 0.096948 0.994989
53.865270 417.184544 39.342321 -4.609164 0.004936 0.023769 0.097557 0.994934
53.965222 418.253158 39.563021 -4.646946 0.004938 0.023537 0.097991 0.994897
54.065296 419.326277 39.787909 -4.680895 0.004907 0.023523 0.098524 0.994845
54.147672 420.187674 39.967383 -4.712006 0.004836 0.023254 0.098991 0.994805
54.265195 421.458913 40.229896 -4.753555 0.004418 0.023470 0.099705 0.994730
54.365494 422.494334 40.452727 -4.794355 0.004239 0.023326 0.100096 0.994695
54.466815 423.557781 40.682529 -4.827504 0.004425 0.023619 0.100817 0.994615
54.567068 424.606418 40.905013 -4.861923 0.004393 0.023654 0.101068 0.994589
54.666193 425.636551 41.132535 -4.899330 0.004785 0.023780 0.101806 0.994509
54.765196 426.649249 41.346461 -4.930007 0.005095 0.024129 0.102182 0.994460
54.865172 427.693429 41.570038 -4.966261 0.005050 0.024657 0.102263 0.994439
54.946699 428.531185 41.750376 -4.994256 0.005050 0.024946 0.102619 0.994395
55.047096 429.595154 41.981917 -5.030623 0.004954 0.025254 0.103101 0.994338
55.147049 430.616190 42.206027 -5.069417 0.005177 0.025195 0.103607 0.994286
55.265221 431.809050 42.469514 -5.107571 0.004887 0.024694 0.104226 0.994235
55.365869 432.798393 42.673206 -5.142036 0.004557 0.024226 0.104793 0.994189
55.466423 433.774914 42.897787 -5.175959 0.004671 0.024346 0.105426 0.994118
55.566420 434.737698 43.110571 -5.211974 0.004490 0.024664 0.105410 0.994113
55.666395 435.672643 43.324808 -5.243719 0.004622 0.024683 0.105691 0.994082
55.710829 436.102957 43.421031 -5.261104 0.004488 0.024798 0.105436 0.994107
55.865520 437.724184 43.794049 -5.322499 0.003421 0.024784 0.106136 0.994037
55.965620 438.661892 43.989669 -5.360344 0.003326 0.024487 0.106106 0.994048
56.065942 439.636316 44.209526 -5.396691 0.002689 0.024254 0.106344 0.994030
56.166241 440.586795 44.422302 -5.430835 0.002040 0.024741 0.106000 0.994056
56.266241 441.512976 44.633672 -5.463044 0.001870 0.025303 0.105750 0.994069
56.348195 442.256710 44.801491 -5.492906 0.001491 0.025540 0.105932 0.994044
56.465272 443.346265 45.060050 -5.533131 0.000994 0.026127 0.105395 0.994087
56.565221 444.218573 45.255543 -5.565057 0.000594 0.026146 0.105555 0.994069
56.602987 444.534179 45.324404 -5.578059 0.000393 0.026156 0.105539 0.994071
56.702886 445.474361 45.527095 -5.612659 -0.000423 0.025127 0.105540 0.994097
56.900371 447.288869 45.939008 -5.678332 -0.000715 0.024422 0.105116 0.994160
56.999798 447.877111 46.063894 -5.705609 -0.000837 0.024043 0.105758 0.994101
57.099723 448.661002 46.226636 -5.730412 -0.000853 0.024375 0.105590 0.994111
57.199847 449.464560 46.412756 -5.762913 -0.001094 0.024730 0.105405 0.994121
57.300022 450.257274 46.592238 -5.791344 -0.000913 0.024907 0.105357 0.994122
57.365671 450.789243 46.713805 -5.813505 -0.000817 0.024767 0.105721 0.994087
57.467638 451.664538 46.923235 -5.844512 -0.000741 0.024675 0.105464 0.994117
57.567092 452.520368 47.109405 -5.881312 -0.000922 0.025238 0.107097 0.993928
57.666568 453.356601 47.297368 -5.912850 -0.000696 0.025467 0.106842 0.993950
57.767115 454.240163 47.508593 -5.948897 -0.001079 0.025694 0.106740 0.993954
57.865148 455.080838 47.690390 -5.982475 -0.001067 0.025261 0.106751 0.993964
57.966819 455.975050 47.887063 -6.018707 -0.000966 0.025646 0.107001 0.993928
58.065194 456.838169 48.079268 -6.053722 -0.001233 0.025861 0.107084 0.993913
58.165097 457.727848 48.274899 -6.087453 -0.000951 0.026056 0.107456 0.993868
58.266442 458.637756 48.481605 -6.125887 -0.001021 0.026143 0.107828 0.993825
58.366020 459.508761 48.682041 -6.162095 -0.001165 0.026102 0.108347 0.993770
58.466272 460.374431 48.876902 -6.198045 -0.000930 0.026197 0.108138 0.993790
58.565568 461.230070 49.065293 -6.234083 -0.000725 0.026500 0.107821 0.993817
58.648069 461.952288 49.226627 -6.264423 -0.000606 0.027122 0.107555 0.993829
58.765172 463.072969 49.484593 -6.316428 0.000318 0.027811 0.107243 0.993844
58.811021 463.455969 49.570108 -6.331181 0.000703 0.027580 0.106982 0.993878
58.911022 464.526709 49.810287 -6.382330 0.001902 0.027781 0.106726 0.993898
59.069038 466.106124 50.162261 -6.452638 0.002813 0.027421 0.105872 0.993998
59.110479 466.465477 50.227421 -6.471976 0.002781 0.027368 0.106299 0.993954
59.266493 467.991287 50.559524 -6.539214 0.004262 0.027290 0.104010 0.994193
59.366768 468.896520 50.761407 -6.584937 0.004947 0.026980 0.103409 0.994261
59.466395 469.826376 50.961721 -6.624068 0.006103 0.027123 0.102345 0.994360
59.540118 470.498705 51.097876 -6.654374 0.007169 0.026847 0.100812 0.994517
59.634780 471.407771 51.286023 -6.694583 0.008627 0.026980 0.099743 0.994610
59.720295 472.216887 51.449502 -6.729457 0.009292 0.027172 0.097911 0.994781
59.837550 473.353291 51.669376 -6.782909 0.010630 0.027685 0.096635 0.994878
59.936404 474.262072 51.846622 -6.822484 0.011350 0.027607 0.095285 0.995002
60.033759 475.193851 52.035141 -6.866273 0.012395 0.027338 0.093869 0.995132
60.131315 476.120914 52.217078 -6.911400 0.013246 0.027434 0.092030 0.995290
60.231043 477.075420 52.400241 -6.955109 0.013794 0.028110 0.090281 0.995424
60.327679 478.021333 52.564693 -7.000014 0.014533 0.028316 0.088237 0.995591
60.429425 479.027114 52.756075 -7.044453 0.015501 0.028058 0.086559 0.995731
60.528776 480.045736 52.922758 -7.094103 0.015312 0.027366 0.085552 0.995840
60.627329 481.041229 53.099576 -7.144566 0.015788 0.026867 0.083420 0.996027
60.726654 482.047794 53.267869 -7.190039 0.017381 0.026938 0.081611 0.996149
60.816881 482.976169 53.445081 -7.238655 0.017635 0.026850 0.079890 0.996286
60.917104 484.058465 53.627627 -7.289975 0.019824 0.027183 0.077219 0.996446
61.025284 485.209035 53.811777 -7.348454 0.019827 0.027833 0.075138 0.996587
61.117105 486.188878 53.940128 -7.389779 0.022633 0.028304 0.072135 0.996736
61.223915 487.398626 54.129583 -7.450167 0.023541 0.028859 0.068925 0.996926
61.325036 488.498618 54.274076 -7.505265 0.025488 0.029088 0.066791 0.997017
61.423513 489.594862 54.414197 -7.560261 0.026389 0.029563 0.064050 0.997160
61.523267 490.725186 54.556129 -7.617998 0.026968 0.029612 0.061103 0.997328
61.624212 491.898426 54.700692 -7.679742 0.027723 0.029975 0.057398 0.997516
61.725533 493.086171 54.839033 -7.743865 0.028106 0.030785 0.053694 0.997687
61.826258 494.266919 54.969779 -7.804010 0.028528 0.031117 0.050083 0.997852
61.928477 495.494269 55.094321 -7.871011 0.028944 0.030886 0.046176 0.998036
62.031515 496.713423 55.202866 -7.939194 0.027851 0.030359 0.041624 0.998284
62.141891 498.026190 55.310109 -8.008459 0.027449 0.030705 0.036714 0.998477
62.208866 498.802831 55.368316 -8.053937 0.026723 0.030744 0.034311 0.998581
62.309318 500.164774 55.457105 -8.134594 0.026432 0.030074 0.026631 0.998843
62.409541 501.473160 55.536680 -8.207100 0.026883 0.029477 0.021288 0.998977
62.509893 502.804142 55.588176 -8.282266 0.027755 0.029631 0.016249 0.999043
62.609719 504.104543 55.619475 -8.355095 0.028646 0.029968 0.011007 0.999080
62.709570 505.431979 55.643976 -8.427292 0.030747 0.029906 0.005623 0.999064
62.810917 506.808731 55.645713 -8.503660 0.033012 0.030226 0.000631 0.998998
62.909896 508.151839 55.647130 -8.573976 0.033555 0.031359 -0.004361 0.998935
63.031614 509.780415 55.617644 -8.674285 0.035625 0.032032 -0.011354 0.998787
63.136401 511.131977 55.586548 -8.748379 0.035826 0.030131 -0.016611 0.998766
63.239843 512.464171 55.532834 -8.837791 0.036090 0.029604 -0.022441 0.998658
63.333934 513.652680 55.471921 -8.904823 0.036520 0.030088 -0.028323 0.998478
63.426254 514.893022 55.392916 -8.977419 0.037282 0.031854 -0.034654 0.998196
63.529671 516.330472 55.282227 -9.062162 0.037944 0.032582 -0.042351 0.997850
63.674325 518.333432 55.114177 -9.191548 0.038210 0.034066 -0.052017 0.997333
63.768963 519.473357 55.006227 -9.260063 0.038022 0.034858 -0.056570 0.997065
63.829441 520.271740 54.908433 -9.315549 0.038387 0.035629 -0.060627 0.996786
63.969263 522.199842 54.643703 -9.443794 0.038391 0.036441 -0.071334 0.996047
64.068916 523.548632 54.452526 -9.537626 0.037813 0.036030 -0.077279 0.995640
64.169015 524.917234 54.227828 -9.637348 0.037385 0.035533 -0.084554 0.995083
64.268968 526.293860 53.992778 -9.731569 0.037450 0.035588 -0.091522 0.994462
64.369017 527.670385 53.742439 -9.828190 0.037479 0.036000 -0.099223 0.993707
64.469017 529.061164 53.461340 -9.927217 0.037427 0.036293 -0.106455 0.992950
64.569163 530.461546 53.161169 -10.027177 0.037471 0.036808 -0.114234 0.992064
64.632687 531.374921 52.931354 -10.094735 0.037196 0.037029 -0.118358 0.991583
64.732766 532.827885 52.571155 -10.200875 0.037987 0.037068 -0.127175 0.990459
64.834609 534.276315 52.177141 -10.306533 0.037580 0.036810 -0.134407 0.989529
64.928251 535.605212 51.806265 -10.411525 0.037541 0.036109 -0.141779 0.988527
65.025806 536.997597 51.399572 -10.513559 0.038225 0.035850 -0.148756 0.987484
65.125010 538.407552 50.960749 -10.620359 0.037845 0.035784 -0.155373 0.986482
65.225958 539.824264 50.503314 -10.725119 0.037693 0.035865 -0.161958 0.985425
65.327153 541.261569 50.022838 -10.836826 0.037222 0.036173 -0.169095 0.984232
65.423169 542.615299 49.541692 -10.941968 0.036695 0.036350 -0.176016 0.983031
65.524512 544.042815 49.019194 -11.058913 0.036061 0.036857 -0.182339 0.981883
65.624663 545.437452 48.491245 -11.169438 0.036167 0.037536 -0.189505 0.980495
65.725510 546.849176 47.917391 -11.288363 0.036422 0.037996 -0.196450 0.979100
65.826005 548.248999 47.338251 -11.404798 0.036726 0.038392 -0.202838 0.977770
65.925584 549.610935 46.753805 -11.521643 0.036709 0.038598 -0.209181 0.976425
66.027302 551.023165 46.118120 -11.643156 0.036260 0.038430 -0.215901 0.974985
66.122839 552.321879 45.515748 -11.760153 0.035167 0.038662 -0.222104 0.973621
66.227877 553.758032 44.836581 -11.886152 0.034445 0.039220 -0.229268 0.971963
66.328973 555.111290 44.175921 -12.007537 0.032956 0.039289 -0.235323 0.970563
66.431441 556.466937 43.474000 -12.131235 0.031405 0.039373 -0.242006 0.968967
66.533584 557.810892 42.766759 -12.252945 0.030784 0.039580 -0.248156 0.967421
66.628951 559.052945 42.092201 -12.367661 0.030508 0.039626 -0.254136 0.965875
66.726282 560.320606 41.373392 -12.484008 0.029982 0.039998 -0.260069 0.964295
66.825954 561.622983 40.627592 -12.607177 0.029388 0.041349 -0.265663 0.962730
66.929270 562.947541 39.850554 -12.731329 0.028766 0.042820 -0.269847 0.961520
67.021196 564.120373 39.135050 -12.855265 0.028266 0.043420 -0.273323 0.960526
67.122140 565.413498 38.343568 -12.983014 0.027351 0.043390 -0.277140 0.959460
67.221316 566.669073 37.553395 -13.115190 0.026478 0.043934 -0.279354 0.958817
67.322040 567.951651 36.746363 -13.244187 0.025319 0.043904 -0.281790 0.958137
67.423563 569.234282 35.929353 -13.378255 0.023772 0.043408 -0.284372 0.957436
67.524385 570.480987 35.127996 -13.505107 0.023239 0.043130 -0.286172 0.956925
67.625454 571.733226 34.317685 -13.631361 0.022888 0.043458 -0.287600 0.956490
67.724163 572.949827 33.517939 -13.751338 0.022486 0.043089 -0.288530 0.956236
67.823787 574.175957 32.715489 -13.878661 0.021208 0.042548 -0.289265 0.956068
67.923836 575.402280 31.909561 -13.995587 0.020992 0.042684 -0.289881 0.955880
68.024185 576.647525 31.099060 -14.120498 0.019722 0.043646 -0.290737 0.955604
68.122891 577.859215 30.313664 -14.242588 0.018784 0.044315 -0.290974 0.955520
68.223691 579.092892 29.504702 -14.368010 0.017697 0.045405 -0.290985 0.955486
68.323088 580.299377 28.716502 -14.491528 0.017394 0.045831 -0.290863 0.955508
68.421743 581.495723 27.920771 -14.616004 0.016737 0.046370 -0.290453 0.955619
68.521965 582.730965 27.112019 -14.744501 0.016720 0.046336 -0.289293 0.955972
68.622293 583.954400 26.308284 -14.872717 0.015082 0.046823 -0.288044 0.956353
68.708109 584.995989 25.635161 -14.978656 0.014889 0.046659 -0.286797 0.956739
68.807961 586.263335 24.810938 -15.109264 0.013804 0.047352 -0.284723 0.957340
68.907637 587.497384 24.014524 -15.237488 0.013560 0.047702 -0.282822 0.957889
69.007313 588.753924 23.223144 -15.369627 0.013087 0.048734 -0.279724 0.958753
69.120148 590.167138 22.353372 -15.513969 0.013187 0.049101 -0.275966 0.959822
69.221193 591.393387 21.610291 -15.643786 0.012342 0.048318 -0.272378 0.960897
69.321394 592.614584 20.880819 -15.775604 0.010760 0.048361 -0.268300 0.962060
69.421767 593.853347 20.154616 -15.900290 0.010885 0.049072 -0.264448 0.963089
69.521369 595.091682 19.435081 -16.027193 0.010855 0.050469 -0.260039 0.964217
69.622215 596.353893 18.720687 -16.157090 0.010366 0.051027 -0.255221 0.965480
69.719670 597.590259 18.041796 -16.290119 0.010174 0.050441 -0.250472 0.966755
69.819476 598.859175 17.364826 -16.418551 0.008983 0.050416 -0.245714 0.967989
69.918927 600.130566 16.697276 -16.550511 0.007910 0.050592 -0.240641 0.969262
70.018877 601.408705 16.046039 -16.680327 0.006267 0.051142 -0.234895 0.970654
70.119074 602.691478 15.403149 -16.811943 0.004878 0.051562 -0.229347 0.971966
70.220697 604.013313 14.772162 -16.946187 0.004152 0.051802 -0.223646 0.973284
70.318100 605.286896 14.174128 -17.077874 0.004461 0.051936 -0.217148 0.974746
70.417631 606.602188 13.576334 -17.209540 0.004149 0.051879 -0.210465 0.976215
70.517556 607.923265 13.001647 -17.336613 0.004385 0.051324 -0.203199 0.977782
70.700322 610.353960 11.996316 -17.577055 0.002849 0.052351 -0.190433 0.980299
70.798824 611.642751 11.479098 -17.702240 0.002731 0.051926 -0.185212 0.981322
70.898774 612.971736 10.984477 -17.830277 0.001784 0.051968 -0.178022 0.982652
70.998625 614.308509 10.512984 -17.960623 0.000929 0.051655 -0.170212 0.984052
71.098600 615.656984 10.058429 -18.090417 -0.000002 0.052367 -0.163470 0.985157
71.198525 617.010472 9.623550 -18.219248 -0.000909 0.052569 -0.156229 0.986321
71.298875 618.383431 9.203709 -18.353198 -0.002194 0.052601 -0.148592 0.987496
71.399449 619.748800 8.807242 -18.485278 -0.002853 0.052191 -0.141166 0.988605
71.499998 621.119459 8.440637 -18.618093 -0.003612 0.051844 -0.134207 0.989590
71.600171 622.473276 8.088209 -18.742563 -0.004010 0.051918 -0.126807 0.990560
71.600673 622.466267 8.084627 -18.741441 -0.004051 0.051912 -0.126890 0.990549
71.718377 624.147261 7.714923 -18.900663 -0.003506 0.050170 -0.115251 0.992062
71.817653 625.501016 7.439146 -19.019261 -0.002904 0.048990 -0.107156 0.993030
71.917577 626.879376 7.172183 -19.139767 -0.002529 0.048364 -0.099054 0.993903
72.017577 628.270789 6.916923 -19.258925 -0.002598 0.047822 -0.090380 0.994755
72.118148 629.689419 6.679566 -19.378536 -0.002794 0.047704 -0.081952 0.995490
72.217903 631.085862 6.461187 -19.493284 -0.002986 0.047483 -0.072697 0.996219
72.317578 632.488992 6.277672 -19.608609 -0.003069 0.047119 -0.064132 0.996824
72.418673 633.909959 6.110776 -19.727724 -0.003238 0.046977 -0.054355 0.997411
72.518502 635.309363 5.971595 -19.845610 -0.003284 0.046956 -0.045067 0.997874
72.617525 636.692968 5.873076 -19.957856 -0.003029 0.047334 -0.035424 0.998246
72.718126 638.094622 5.792881 -20.069865 -0.002907 0.047674 -0.025874 0.998524
72.818849 639.477410 5.749820 -20.181406 -0.002845 0.047732 -0.016507 0.998720
72.910266 640.694484 5.733284 -20.273930 -0.002104 0.047285 -0.007857 0.998848
73.010320 642.044185 5.737896 -20.378907 -0.002282 0.046710 0.001549 0.998905
73.110398 643.374321 5.759714 -20.482644 -0.002316 0.046268 0.010706 0.998869
73.210596 644.685191 5.805480 -20.578930 -0.002630 0.045631 0.019519 0.998764
73.310679 645.956228 5.871519 -20.673522 -0.003606 0.045293 0.028826 0.998551
73.411132 647.210618 5.957685 -20.765571 -0.004374 0.045236 0.036840 0.998287
73.540544 648.798764 6.111934 -20.881086 -0.005486 0.045107 0.047283 0.997847
73.641786 649.979403 6.221088 -20.968543 -0.005978 0.044591 0.055346 0.997453
73.746727 651.205231 6.365488 -21.056311 -0.007065 0.043915 0.062241 0.997070
73.848294 652.365432 6.521571 -21.144657 -0.007952 0.043144 0.068628 0.996677
73.912095 653.079782 6.628326 -21.195639 -0.008112 0.042881 0.072285 0.996429
74.012016 654.230346 6.821343 -21.278876 -0.007926 0.041625 0.075520 0.996244
74.112065 655.361725 7.014212 -21.360726 -0.006694 0.040253 0.079212 0.996022
74.212067 656.468449 7.190722 -21.433869 -0.005600 0.039703 0.082120 0.995816
74.312065 657.547875 7.376962 -21.505655 -0.003667 0.039840 0.084816 0.995593
74.412019 658.579996 7.562792 -21.565954 -0.002379 0.040295 0.087181 0.995374
74.512067 659.588611 7.735410 -21.630433 -0.001493 0.040714 0.089896 0.995118
74.612165 660.553924 7.912179 -21.689551 -0.000912 0.041201 0.091869 0.994918
74.712021 661.498309 8.088057 -21.752334 -0.000042 0.041722 0.093877 0.994709
74.865150 662.886872 8.341800 -21.836428 0.000502 0.042332 0.095522 0.994527
74.912017 663.238780 8.404604 -21.862682 0.000442 0.041874 0.097308 0.994373
75.012048 664.098243 8.591001 -21.916393 0.001079 0.041676 0.096619 0.994448
75.112145 664.936144 8.763764 -21.974451 0.001323 0.041077 0.097303 0.994406
75.212068 665.759877 8.938757 -22.027156 0.002185 0.040345 0.097749 0.994391
75.312144 666.586518 9.107916 -22.081708 0.002319 0.039223 0.098394 0.994372
75.412068 667.401593 9.264981 -22.134670 0.002490 0.038178 0.099122 0.994340
75.511996 668.206605 9.427950 -22.184587 0.002878 0.037626 0.098638 0.994408
75.612071 668.997246 9.590048 -22.237118 0.002886 0.037838 0.098776 0.994386
75.712069 669.762987 9.751417 -22.284028 0.003038 0.038344 0.099474 0.994296
75.812043 670.513446 9.903452 -22.329273 0.002546 0.038837 0.099388 0.994287
75.965170 671.647925 10.137995 -22.400417 0.002739 0.039141 0.099094 0.994304
76.065122 672.320016 10.268017 -22.446720 0.002645 0.038844 0.099914 0.994234
76.112122 672.618909 10.337106 -22.464932 0.002783 0.038550 0.099279 0.994309
76.265149 673.658757 10.547272 -22.530304 0.003517 0.039409 0.098181 0.994382
76.312170 673.943394 10.599543 -22.548040 0.003644 0.038911 0.099679 0.994252
76.465147 674.940482 10.808260 -22.609142 0.004041 0.039901 0.098098 0.994368
76.512168 675.215040 10.867850 -22.629119 0.004134 0.039341 0.099797 0.994221
76.600673 675.211212 10.866576 -22.629433 0.004180 0.039359 0.099840 0.994216
76.800247 676.949644 11.231068 -22.740072 0.005359 0.040500 0.098523 0.994296
76.900022 677.430128 11.322266 -22.768747 0.005403 0.039949 0.100016 0.994169
76.999997 677.920955 11.422023 -22.801076 0.005432 0.040298 0.100560 0.994100
77.099922 678.390073 11.514893 -22.832243 0.005365 0.040604 0.100352 0.994109
77.200121 678.826806 11.615691 -22.860865 0.005520 0.040647 0.100131 0.994128
77.299897 679.259170 11.699178 -22.886334 0.006249 0.040939 0.099721 0.994153
77.399798 679.672983 11.788563 -22.911229 0.006431 0.041199 0.099341 0.994179
77.500321 680.073081 11.879006 -22.937615 0.006444 0.041427 0.099116 0.994192
77.600347 680.450762 11.964423 -22.960657 0.006340 0.041372 0.098880 0.994219
77.665247 680.686618 12.011313 -22.977271 0.006269 0.041176 0.098328 0.994282
77.765097 681.034211 12.084771 -22.998798 0.006318 0.041509 0.097621 0.994338
77.865149 681.370661 12.149245 -23.020555 0.006458 0.041576 0.097206 0.994375
77.965174 681.692202 12.223688 -23.040493 0.006144 0.041661 0.096752 0.994417
78.065123 681.997013 12.293169 -23.062257 0.006129 0.041991 0.096204 0.994457
78.166244 682.274991 12.351836 -23.080847 0.006333 0.041860 0.096199 0.994461
78.211969 682.387409 12.377830 -23.088931 0.006720 0.041365 0.095735 0.994524
78.365174 682.785948 12.459013 -23.113971 0.006805 0.041944 0.095304 0.994541
78.466418 682.980566 12.494785 -23.126068 0.006874 0.041620 0.095622 0.994523
78.565122 683.158199 12.529883 -23.137919 0.006539 0.041459 0.095735 0.994522
78.665220 683.321123 12.559872 -23.148998 0.006281 0.041486 0.095728 0.994523
78.712119 683.385142 12.569518 -23.154206 0.006364 0.041340 0.095675 0.994534
78.812171 683.531357 12.594763 -23.163122 0.006530 0.041465 0.095091 0.994583
78.912116 683.656911 12.615276 -23.171234 0.006397 0.041391 0.095063 0.994590
79.012165 683.775747 12.636208 -23.179597 0.006445 0.041032 0.095590 0.994554
79.112018 683.892740 12.670082 -23.186878 0.006390 0.040331 0.095522 0.994589
79.212143 684.000332 12.694030 -23.193226 0.006541 0.039610 0.095233 0.994645
79.312069 684.105776 12.717003 -23.202193 0.006717 0.039186 0.095220 0.994662
79.412067 684.198639 12.735425 -23.207965 0.006666 0.039254 0.095029 0.994678
79.511970 684.282503 12.754377 -23.213061 0.006471 0.039217 0.095054 0.994678
79.612017 684.363300 12.768146 -23.218664 0.006328 0.039137 0.095189 0.994669
79.712066 684.426198 12.776669 -23.222655 0.006468 0.039313 0.095253 0.994656
79.812093 684.477823 12.784968 -23.226938 0.006566 0.039345 0.094961 0.994681
79.912118 684.518779 12.786653 -23.228784 0.006575 0.039292 0.095034 0.994677
80.012017 684.550601 12.793520 -23.231456 0.006377 0.039340 0.094764 0.994702
80.112118 684.577587 12.799758 -23.233167 0.006451 0.039333 0.094550 0.994722
80.212068 684.595692 12.806000 -23.233359 0.006548 0.039241 0.094428 0.994736
80.312067 684.613909 12.808509 -23.235442 0.006597 0.039204 0.094709 0.994711
80.412167 684.629255 12.814798 -23.235467 0.006530 0.038982 0.094528 0.994737
80.512168 684.635097 12.818867 -23.237028 0.006433 0.038776 0.094802 0.994720
80.612070 684.653821 12.825236 -23.240015 0.006407 0.038774 0.094566 0.994743
80.712167 684.655124 12.827573 -23.239072 0.006406 0.038749 0.094649 0.994736
80.812071 684.658361 12.827673 -23.240086 0.006463 0.038768 0.094356 0.994762
80.912118 684.656909 12.818099 -23.238540 0.006435 0.038863 0.094327 0.994762
81.012142 684.649657 12.826060 -23.239165 0.006421 0.038901 0.094634 0.994731
81.111969 684.640325 12.820014 -23.238439 0.006457 0.038703 0.094635 0.994738
81.212168 684.632220 12.818971 -23.236870 0.006452 0.038517 0.094509 0.994758
81.312145 684.619078 12.814118 -23.235797 0.006376 0.038686 0.094481 0.994754
81.412166 684.628915 12.818786 -23.236979 0.006460 0.038685 0.094478 0.994754
81.512043 684.629812 12.820560 -23.237103 0.006453 0.038521 0.094510 0.994757
81.612167 684.634643 12.822317 -23.238286 0.006402 0.038609 0.094489 0.994756
81.712066 684.643221 12.821302 -23.237328 0.006421 0.038651 0.094437 0.994760
81.812043 684.644594 12.824088 -23.238035 0.006468 0.038541 0.094423 0.994765
81.912118 684.647814 12.826734 -23.238510 0.006430 0.038578 0.094633 0.994744
82.012017 684.653773 12.826445 -23.238560 0.006430 0.038637 0.094468 0.994757
82.112019 684.655850 12.825569 -23.238231 0.006362 0.038605 0.094362 0.994769
82.212021 684.652066 12.824937 -23.237535 0.006362 0.038553 0.094442 0.994763
82.311968 684.649988 12.821987 -23.237556 0.006343 0.038578 0.094355 0.994771
82.411995 684.643769 12.824199 -23.238140 0.006410 0.038632 0.094269 0.994776
82.512041 684.638651 12.817435 -23.237692 0.006388 0.038596 0.094479 0.994758
82.612195 684.637309 12.820566 -23.236888 0.006380 0.038594 0.094314 0.994774
82.712095 684.636603 12.823187 -23.237795 0.006497 0.038606 0.094604 0.994745
82.812142 684.635143 12.823284 -23.237331 0.006423 0.038607 0.094610 0.994745
82.912092 684.634575 12.818889 -23.237696 0.006417 0.038599 0.094570 0.994749
83.012166 684.637513 12.815633 -23.238237 0.006444 0.038606 0.094454 0.994760
83.112119 684.636357 12.814130 -23.237417 0.006437 0.038599 0.094366 0.994768
83.265148 684.642263 12.817318 -23.237006 0.006376 0.038781 0.094660 0.994734
83.312020 684.641902 12.814764 -23.237400 0.006390 0.038377 0.094452 0.994769
83.412064 684.642360 12.813035 -23.237754 0.006407 0.038608 0.094341 0.994770
