1.501000 0.229561925 -0.010435852 0.007939490 0.000013211 -0.000219661 0.000262354 0.999999941
1.600720 0.243799205 -0.006465765 0.007048613 0.000056765 -0.000226688 0.000312267 0.999999924
1.700721 0.824566361 0.009596555 0.009391249 -0.000581839 -0.000011627 0.000896441 0.999999429
1.800861 1.241205007 0.012961934 0.016405547 -0.000625391 0.000078203 0.000873123 0.999999420
1.901000 1.559498553 0.009976331 0.019966511 -0.000457025 -0.000066455 0.000790041 0.999999581
2.000861 1.566759971 0.009996280 0.019384799 -0.000450798 -0.000057450 0.000759900 0.999999608
2.100860 2.385213559 0.019901538 0.025726608 -0.000243077 -0.000328029 0.000726215 0.999999653
2.201000 2.665073832 0.020351768 0.029681596 -0.000404706 -0.000183681 0.001109658 0.999999286
2.300864 2.641266340 0.019619862 0.029661074 -0.000396117 -0.000152535 0.001036137 0.999999373
2.400590 3.063276181 0.009509486 0.041582092 -0.000221979 -0.000370567 0.000855560 0.999999541
2.500729 3.227804023 0.006700404 0.042972245 -0.000475438 -0.000035306 0.001308394 0.999999030
2.601000 3.535096287 0.011670421 0.045843313 -0.000663116 0.000197402 0.001273770 0.999998949
2.700739 3.525999563 0.013781535 0.044740157 -0.000612755 0.000244423 0.001230081 0.999999026
2.800750 4.147259175 0.019853559 0.047645152 -0.001249319 -0.000151657 0.000735770 0.999998937
2.901000 4.246034206 0.025827291 0.045689677 -0.001015584 0.000293049 0.001159924 0.999998769
3.000623 4.252506794 0.025342992 0.046741686 -0.001002891 0.000324148 0.001083412 0.999998858
3.100747 4.916856803 0.034797129 0.052396537 -0.000632310 0.000134040 0.000780027 0.999999487
3.200876 5.058153254 0.033633417 0.053235519 -0.000599015 0.000177811 0.000723820 0.999999543
3.301000 5.318759489 0.033894532 0.058733393 -0.000755139 0.000291664 0.000656821 0.999999457
3.400613 5.321904709 0.032136085 0.059837073 -0.000766805 0.000287511 0.000629844 0.999999466
3.501000 5.780809475 0.029882032 0.062929810 -0.001065652 -0.000587258 0.000579042 0.999999092
3.600873 5.786853884 0.031095703 0.063659373 -0.001051194 -0.000572040 0.000609628 0.999999098
3.700751 6.332103712 0.032548198 0.066874984 -0.000830294 -0.001592062 0.000425381 0.999998297
3.800874 6.585312829 0.034172266 0.070815451 -0.000952540 -0.001210747 0.000897762 0.999998410
3.900876 6.849867104 0.039520380 0.075416346 -0.000947312 -0.001189256 0.000952838 0.999998390
4.000875 7.164150574 0.045317789 0.077277127 -0.000903945 -0.001373387 0.001164077 0.999997971
4.101000 7.433240113 0.054136840 0.075817401 -0.000751706 -0.001529889 0.001660718 0.999997168
4.200753 7.442905751 0.053134785 0.076029402 -0.000759046 -0.001542800 0.001603444 0.999997236
4.300625 8.154013287 0.072513412 0.076498386 -0.000758707 -0.001799127 0.002486095 0.999995003
4.400628 8.453071511 0.069315366 0.081196432 -0.001016537 -0.002076392 0.002545090 0.999994089
4.501000 8.819313986 0.078265389 0.087058464 -0.000950654 -0.002243135 0.003194029 0.999991931
4.601000 9.155846515 0.090804720 0.090767959 -0.000873589 -0.002443551 0.003223664 0.999991437
4.700759 9.155142433 0.089970770 0.091265982 -0.000873554 -0.002447225 0.003216215 0.999991452
4.800877 9.986496003 0.106827818 0.097143928 -0.001014468 -0.002687887 0.003960797 0.999988029
4.901000 10.289003797 0.105261088 0.095127194 -0.000999449 -0.002705929 0.004007466 0.999987810
5.000879 10.279873865 0.105544206 0.096426690 -0.000933242 -0.002655306 0.004064598 0.999987779
5.100643 11.201471703 0.129182644 0.103505420 -0.000800299 -0.002812562 0.004369947 0.999986176
5.201000 11.591947303 0.129775123 0.113552287 -0.001412910 -0.002782628 0.004558728 0.999984739
5.300877 11.577894999 0.131214403 0.114435999 -0.001375489 -0.002714191 0.004594997 0.999984813
5.400878 12.583537022 0.136476304 0.134542970 -0.001040356 -0.002995344 0.004663723 0.999984098
5.500600 12.965879603 0.134738397 0.134922732 -0.001086366 -0.003241887 0.004623946 0.999983464
5.601000 13.469421222 0.150485935 0.135864415 -0.001004439 -0.003149612 0.004339304 0.999985121
5.700762 13.454207011 0.149378079 0.135937938 -0.001014217 -0.003091286 0.004380922 0.999985111
5.800753 14.633400367 0.190103892 0.141890708 -0.001550362 -0.003320748 0.005115337 0.999980201
5.901000 15.002049048 0.197617151 0.143992714 -0.001076899 -0.003416776 0.004477310 0.999983560
6.000879 14.980286047 0.193530344 0.145185776 -0.001116244 -0.003375001 0.004460534 0.999983733
6.100762 16.269185735 0.208412399 0.157494581 -0.000941050 -0.002620366 0.004704948 0.999985056
6.200657 16.737396602 0.203462947 0.164097086 -0.001265002 -0.002708616 0.004783574 0.999984090
6.300876 17.367066572 0.216328685 0.173996874 -0.001355557 -0.002538910 0.004590446 0.999985322
6.401000 17.961825530 0.240344450 0.183000010 -0.001562364 -0.001215746 0.004482101 0.999987996
6.501000 18.515650834 0.256483043 0.190909165 -0.001256915 -0.000039763 0.004092358 0.999990836
6.576000 18.508907424 0.253248669 0.191094375 -0.001281309 -0.000002197 0.004080936 0.999990852
6.701000 19.537367806 0.252282739 0.203177645 -0.001318071 0.001614200 0.004462870 0.999987870
6.789889 19.535828115 0.248515544 0.204202238 -0.001318109 0.001721726 0.004521182 0.999987429
6.889889 20.654910336 0.284320967 0.201225766 -0.001219016 0.002646623 0.004696085 0.999984728
6.981000 21.234311682 0.295706616 0.198859485 -0.001279858 0.002033356 0.005104514 0.999984086
7.101000 21.943674791 0.297358519 0.208220533 -0.001346135 0.001975407 0.004902303 0.999985126
7.201000 22.466939303 0.319093508 0.219632481 -0.001154403 0.002257350 0.004598301 0.999986214
7.301000 23.022545656 0.332064486 0.226897684 -0.001493082 0.002568134 0.004925628 0.999983457
7.401000 23.564192976 0.341459134 0.228519151 -0.001664806 0.002573773 0.005077347 0.999982412
7.458143 23.560332185 0.338595080 0.229073898 -0.001679142 0.002592304 0.005015046 0.999982655
7.600812 24.757735366 0.352872374 0.233841170 -0.001401335 0.002409092 0.004751121 0.999984830
7.700810 25.281776665 0.350913332 0.234386530 -0.001844696 0.002805688 0.005470562 0.999979399
7.801000 25.938545008 0.364967180 0.237867088 -0.001912190 0.002614578 0.006159792 0.999975782
7.901000 26.450118674 0.387993847 0.247444862 -0.001927035 0.002490147 0.005816406 0.999978127
8.001000 26.999564627 0.404222418 0.253092339 -0.002100983 0.002821824 0.005891714 0.999976455
8.100829 26.994941339 0.405193297 0.253794143 -0.002106040 0.002837976 0.005907178 0.999976308
8.200842 28.189714769 0.414079750 0.259476706 -0.001599549 0.002018781 0.006336667 0.999976606
8.301000 28.694309712 0.420839418 0.253132206 -0.001905630 0.001701691 0.006669218 0.999974497
8.400859 28.691444889 0.421750330 0.254629009 -0.001875627 0.001815248 0.006655511 0.999974445
8.501000 29.828528418 0.452046798 0.259361806 -0.001614493 0.001523252 0.006760181 0.999974686
8.600602 29.831008891 0.453283724 0.260903706 -0.001612157 0.001560467 0.006756971 0.999974654
8.701000 30.702982751 0.465053500 0.274337333 -0.001948551 0.001646904 0.007333905 0.999969852
8.801000 31.277503666 0.488895671 0.280567725 -0.001967764 0.001641217 0.006907005 0.999972863
8.900634 31.276903033 0.489692580 0.281035139 -0.001955518 0.001671567 0.006907561 0.999972833
9.001000 32.289890883 0.493834702 0.290829307 -0.001697964 0.001282179 0.006745540 0.999974985
9.100643 32.290368865 0.497380440 0.291182427 -0.001679831 0.001339907 0.006778381 0.999974718
9.200879 33.287618290 0.525087053 0.297990086 -0.001810864 0.001236396 0.006759089 0.999974753
9.300879 33.761441113 0.547566599 0.294721598 -0.001635535 0.001287993 0.006814050 0.999974617
9.400878 34.452275693 0.564897485 0.301155038 -0.001901912 0.001656008 0.006816710 0.999973586
9.501000 34.930990068 0.580928663 0.308822564 -0.001861690 0.001905823 0.006105857 0.999977810
9.601000 35.493961616 0.592172116 0.313291337 -0.001712558 0.001830684 0.006278329 0.999977149
9.700635 35.489511756 0.591388466 0.313340107 -0.001712755 0.001854127 0.006216801 0.999977490
9.800736 36.547252888 0.597016037 0.323119229 -0.001503197 0.001850748 0.006235898 0.999977714
9.900590 37.098173569 0.612412080 0.324532359 -0.001770898 0.001419849 0.006613503 0.999975554
10.001000 37.616439624 0.618252726 0.327260693 -0.001765369 0.001784141 0.006049654 0.999978551
10.101000 38.060598088 0.644347264 0.328091551 -0.001823258 0.002188668 0.005930120 0.999978359
10.200654 38.055052122 0.645477935 0.327839638 -0.001792700 0.002200524 0.005951920 0.999978259
10.300823 39.013914094 0.654691006 0.335693881 -0.001134183 0.002256741 0.006304668 0.999976936
10.400416 39.469025709 0.657130911 0.340149592 -0.001257700 0.002426935 0.006413917 0.999975695
10.501000 40.051533605 0.678640135 0.342603996 -0.001453030 0.002676076 0.006952854 0.999971192
10.601000 40.471549863 0.698842048 0.346338479 -0.001506904 0.002442745 0.006728307 0.999973246
10.700476 40.469603673 0.700616776 0.346043681 -0.001485803 0.002468368 0.006699040 0.999973411
10.801000 41.336318196 0.708964736 0.352695221 -0.001190115 0.002858986 0.007064120 0.999970254
10.900685 41.342070182 0.707692124 0.354581488 -0.001236442 0.002930512 0.007072965 0.999969928
11.000709 42.399600332 0.730771234 0.361241346 -0.001419491 0.003254147 0.008429668 0.999958167
11.100869 42.768467364 0.734850327 0.360242372 -0.001336143 0.002707930 0.008295907 0.999961029
11.201000 43.287827706 0.740841291 0.360986185 -0.001313398 0.003119703 0.008788412 0.999955652
11.300638 43.285625287 0.742637775 0.360643426 -0.001298610 0.003155233 0.008824471 0.999955242
11.401000 44.214500353 0.786042747 0.366183563 -0.001469226 0.003200998 0.010116827 0.999942621
11.499876 44.223141416 0.790538932 0.366869095 -0.001414076 0.003251210 0.010111856 0.999942589
11.591000 45.105236388 0.835111881 0.377633211 -0.001158885 0.003025657 0.010902672 0.999935315
11.685615 45.682882223 0.852405337 0.374206702 -0.001390025 0.003250934 0.010945328 0.999933847
11.794333 46.246836099 0.865618765 0.372883948 -0.001439794 0.003140182 0.011746268 0.999925043
11.901000 46.785956176 0.868788412 0.377155531 -0.001394802 0.003121084 0.011912169 0.999923204
11.989889 46.783525628 0.867519377 0.377309081 -0.001397851 0.003178510 0.011916984 0.999922961
12.090474 47.738568042 0.900312134 0.381825279 -0.001686353 0.003292982 0.013386990 0.999903546
12.195444 48.113531420 0.905675752 0.381197916 -0.001774073 0.003421111 0.013175892 0.999905768
12.301000 48.752940044 0.925168860 0.390294999 -0.001936293 0.003298149 0.013646938 0.999899562
12.385211 48.742044668 0.922445566 0.391269447 -0.001922900 0.003306583 0.013562816 0.999900705
12.495737 49.635436525 0.964160370 0.402482455 -0.002466847 0.004078664 0.014214418 0.999887608
12.596238 49.991003402 0.973256058 0.405192573 -0.002708315 0.003491402 0.014391544 0.999886673
12.701000 50.497840305 0.995917169 0.404593180 -0.002476507 0.003334117 0.014238044 0.999890008
12.788500 50.494210417 0.999624432 0.403134336 -0.002412634 0.003373344 0.014214272 0.999890371
12.901000 51.297946592 1.049781678 0.399707950 -0.002302285 0.003611145 0.014237443 0.999889471
12.976000 51.288997071 1.048618878 0.399000160 -0.002277058 0.003640811 0.014267892 0.999888987
13.076000 51.864689510 1.077435228 0.396692915 -0.003069376 0.003214115 0.014418305 0.999886174
13.167667 52.279558828 1.090190278 0.399323410 -0.002666098 0.003133745 0.013853741 0.999895567
13.300791 52.806348341 1.109535540 0.404769255 -0.002649375 0.003273816 0.013685183 0.999897484
13.400793 53.154227964 1.120270512 0.407168147 -0.002454448 0.003577336 0.013842125 0.999894781
13.500570 53.529391590 1.124654605 0.414767273 -0.002869318 0.003618957 0.013833300 0.999893649
13.600791 53.945036990 1.139656849 0.419707254 -0.003081529 0.003684791 0.014042521 0.999889861
13.701000 54.301700508 1.143437448 0.418719383 -0.003133146 0.003626087 0.014059331 0.999889679
13.800798 54.298532511 1.143820647 0.419129983 -0.003134200 0.003628972 0.014086070 0.999889289
13.900598 55.109476739 1.162625142 0.426082543 -0.003190808 0.002910834 0.014304927 0.999888351
14.001000 55.487039818 1.174914494 0.424548607 -0.003375123 0.003377556 0.014916046 0.999877349
14.100609 55.481186911 1.178498467 0.424357917 -0.003307360 0.003438598 0.014815234 0.999878866
14.200618 56.245893334 1.186710368 0.422988627 -0.003217346 0.003428067 0.014938702 0.999877359
14.300632 56.554214361 1.208233003 0.427011629 -0.003280995 0.003152376 0.015138835 0.999875049
14.400664 56.938837057 1.237697317 0.428187950 -0.003488616 0.003152025 0.015166893 0.999873922
14.500489 57.287930668 1.246954065 0.428572758 -0.003482080 0.002798055 0.015479606 0.999870205
14.600655 57.655479066 1.263055452 0.432426664 -0.003420814 0.002709153 0.015527595 0.999869918
14.701000 57.976697280 1.279836161 0.436822902 -0.003247542 0.002632451 0.015138493 0.999876667
14.800507 57.969958353 1.274973161 0.436368434 -0.003296147 0.002638309 0.015162653 0.999876127
14.900464 58.685146827 1.289004743 0.438914936 -0.003814515 0.002536635 0.015174331 0.999874369
15.000625 58.936751715 1.300059790 0.439036708 -0.003656400 0.002318320 0.015338940 0.999872978
15.100812 59.315659275 1.317291132 0.438393740 -0.003553335 0.002424336 0.015048459 0.999877513
15.200449 59.642591993 1.332551555 0.438496180 -0.003552551 0.002144653 0.014963196 0.999879434
15.300477 59.975845275 1.340443505 0.439606822 -0.003034268 0.001998261 0.014964760 0.999881421
15.400833 60.320479070 1.358867904 0.440856435 -0.003007159 0.002010877 0.014748755 0.999884687
15.500688 60.657535562 1.365444194 0.446769559 -0.003353889 0.001878773 0.014796058 0.999883142
15.600732 61.044725495 1.365095943 0.444703823 -0.003479565 0.001224889 0.014898313 0.999882209
15.701000 61.396353748 1.376922844 0.445207228 -0.002961958 0.000107254 0.014300832 0.999893345
15.800602 61.399291385 1.375609390 0.445676272 -0.003001667 0.000098978 0.014315091 0.999893023
15.900862 62.163180960 1.399387805 0.453362633 -0.002875083 -0.001065791 0.012183767 0.999921074
16.000582 62.492517099 1.443457307 0.452751380 -0.003363386 0.000531153 0.012000881 0.999922189
16.100590 62.896604166 1.468105099 0.453786813 -0.003973223 0.001230014 0.010365986 0.999937622
16.201000 63.392845179 1.486176612 0.452233900 -0.003685310 0.000770543 0.007966239 0.999961181
16.300858 63.389420503 1.484501869 0.452793324 -0.003720063 0.000794797 0.007941735 0.999961228
16.400574 64.236805424 1.516240957 0.463136554 -0.002455910 0.001220457 0.000148380 0.999996228
16.500861 64.599252188 1.483698463 0.471637198 -0.002158804 0.001468784 0.001683471 0.999995174
16.600709 65.163850661 1.481881823 0.478100549 -0.002329341 0.001164698 -0.001158237 0.999995938
16.700605 65.618271940 1.473409856 0.470047360 -0.002780126 0.000084819 -0.004329129 0.999986761
16.801000 66.120171507 1.462618378 0.462031770 -0.002930756 -0.000568873 -0.007395995 0.999968193
16.901000 66.566587921 1.490172761 0.464317571 -0.002951996 -0.000109730 -0.011113025 0.999933885
17.000706 66.567285289 1.500303571 0.464673648 -0.002884747 -0.000067091 -0.011125918 0.999933942
17.100859 67.608026320 1.413217567 0.475043123 -0.001651362 0.001479891 -0.018079371 0.999834096
17.200707 68.086202256 1.399274696 0.477646213 -0.002483701 0.000628769 -0.018093581 0.999833015
17.301000 68.707227147 1.380258226 0.476448838 -0.002467155 0.000412677 -0.021546062 0.999764727
17.400717 68.703861613 1.381244025 0.477113159 -0.002513062 0.000433118 -0.021482329 0.999765976
17.500858 69.816520074 1.264469138 0.481307930 -0.001503052 0.000698108 -0.031199562 0.999511801
17.600849 70.284235755 1.267378946 0.483811308 -0.002507020 0.000641563 -0.029922546 0.999548870
17.701000 71.015470580 1.210903937 0.486047378 -0.002272426 0.000674995 -0.033072551 0.999450142
17.801000 71.634276623 1.179996648 0.487770741 -0.001959395 0.000783805 -0.038100733 0.999271675
17.900847 71.635485949 1.183597164 0.487753669 -0.001932256 0.000827891 -0.038130176 0.999270569
18.000850 72.780042749 1.018681416 0.488677008 -0.001763654 0.001624511 -0.045074692 0.998980742
18.100546 73.307722630 1.002370707 0.490780808 -0.001987339 0.001482697 -0.044240971 0.999017812
18.200855 74.074505596 0.954384848 0.490533667 -0.001981198 0.001687730 -0.047971696 0.998845305
18.300850 74.710522532 0.890675692 0.494278550 -0.001678330 0.001772466 -0.051377371 0.998676328
18.401000 75.368711480 0.813223530 0.497963667 -0.001148877 0.001839885 -0.052738707 0.998605990
18.501000 75.962481777 0.781556520 0.496426877 -0.000588250 0.001903719 -0.053975586 0.998540268
18.600661 75.964973338 0.778832019 0.497319542 -0.000610809 0.001948207 -0.053931369 0.998542557
18.700772 77.361072380 0.539332022 0.497481801 0.000553789 0.001426172 -0.054873280 0.998492154
18.800891 77.964802064 0.498820766 0.499627270 -0.000947284 0.001118488 -0.052543950 0.998617537
18.900687 78.778876411 0.409085906 0.503078680 -0.001155137 0.001025518 -0.052621062 0.998613357
19.000794 79.503324818 0.344299568 0.504275681 -0.001106136 0.000945382 -0.053296396 0.998577677
19.100787 80.232865039 0.287074651 0.508593134 -0.000896696 0.000972086 -0.051876013 0.998652657
19.201000 81.025465560 0.234286128 0.510048054 -0.000576332 0.000972575 -0.051545929 0.998669985
19.300898 81.025383554 0.240390589 0.510458283 -0.000493594 0.001021598 -0.051605648 0.998666896
19.401000 82.550326683 0.054509819 0.518095259 -0.000583593 0.000988625 -0.047290992 0.998880495
19.501000 83.256942333 -0.010357621 0.520239293 -0.000449273 0.001765134 -0.044889246 0.998990309
19.600674 83.257880010 -0.012182977 0.520149034 -0.000400830 0.001764660 -0.044911462 0.998989332
19.700760 84.715241077 -0.216529584 0.524760150 0.000176282 0.003450638 -0.038662749 0.999246343
19.801000 85.336393374 -0.258512068 0.530501352 -0.000525776 0.002797252 -0.037215645 0.999303205
19.900859 85.332798002 -0.253319947 0.531563744 -0.000507957 0.002838792 -0.037269695 0.999301082
20.000849 86.902943270 -0.401624559 0.531966646 -0.000017391 0.003787230 -0.031567859 0.999494436
20.100830 87.656447689 -0.416733394 0.534740745 -0.000698831 0.003168385 -0.029426896 0.999561669
20.201000 88.496047699 -0.441506785 0.541473853 -0.000790925 0.003035069 -0.026088589 0.999654715
20.301000 89.358534092 -0.423652735 0.548324229 -0.001069891 0.002880703 -0.024784505 0.999688094
20.400483 89.359871426 -0.420726094 0.550907182 -0.001078194 0.002857515 -0.024798038 0.999687816
20.500559 90.838975533 -0.492652950 0.554094265 -0.000578341 0.003497959 -0.017468404 0.999841130
20.600572 91.450443835 -0.513181795 0.560154388 -0.001037772 0.003313411 -0.016099445 0.999864367
20.700584 92.332689230 -0.549386073 0.565210521 -0.001610305 0.003345575 -0.012997787 0.999908632
20.800864 93.042024990 -0.559988754 0.566022133 -0.001678853 0.003523225 -0.010940744 0.999932532
20.900608 93.789637940 -0.611138070 0.568581649 -0.001547639 0.003530121 -0.006363949 0.999972321
21.000747 94.483523775 -0.620949676 0.574559015 -0.001065843 0.003651823 -0.003554086 0.999986448
21.100638 95.261383793 -0.608424492 0.574849452 -0.001280845 0.003415948 -0.001858478 0.999991618
21.201000 96.067338788 -0.578564433 0.579198242 -0.001673789 0.003704823 0.000345973 0.999991676
21.300629 96.067802582 -0.577314808 0.577601301 -0.001608793 0.003729689 0.000416799 0.999991664
21.400634 97.409498341 -0.568588515 0.577883519 -0.001734652 0.004565735 0.005005093 0.999975547
21.500755 97.948645179 -0.550408689 0.587849590 -0.001812143 0.004152387 0.005487927 0.999974678
21.601000 98.739755763 -0.512432043 0.590725764 -0.001417832 0.004176570 0.006068378 0.999971860
21.700766 98.743147167 -0.511894356 0.591057498 -0.001472994 0.004202481 0.006106938 0.999971437
21.801000 100.046726708 -0.474997957 0.598060801 -0.002017548 0.003346805 0.007403151 0.999964960
21.900788 100.048302296 -0.478067315 0.599000981 -0.002072128 0.003425581 0.007514845 0.999963749
22.000780 101.333679765 -0.436776343 0.599062896 -0.001312756 0.003589740 0.008076031 0.999960083
22.101000 102.187604620 -0.409333613 0.594708491 -0.001546861 0.002922577 0.009113688 0.999953002
22.201000 102.939116514 -0.394655820 0.597834847 -0.001658637 0.002936114 0.009237027 0.999951652
22.300889 102.939316343 -0.395959290 0.599932618 -0.001700001 0.003021927 0.009218294 0.999951499
22.401000 104.296286808 -0.390835288 0.601300709 -0.002049155 0.003170760 0.011608174 0.999925496
22.500696 104.294978373 -0.387202671 0.602122378 -0.002003041 0.003193285 0.011670194 0.999924796
22.600894 105.677328822 -0.364597716 0.596702308 -0.002284617 0.003421236 0.012356248 0.999915196
22.700683 106.655100510 -0.327634874 0.603085629 -0.002114727 0.002684338 0.012373082 0.999917611
22.800774 107.511709601 -0.275575407 0.601812445 -0.002453904 0.002834645 0.012835187 0.999910597
22.901000 108.371784364 -0.235117383 0.603089928 -0.003085945 0.002958900 0.013139566 0.999904532
23.001000 109.267565760 -0.186612976 0.599578565 -0.002372124 0.002895902 0.013568147 0.999900941
23.101000 110.076675798 -0.160199667 0.598137837 -0.002539130 0.002854350 0.014996197 0.999880253
23.200711 110.070085257 -0.160971041 0.601099726 -0.002602545 0.002879245 0.014948644 0.999880730
23.301000 111.729859035 -0.113463314 0.607623111 -0.002427398 0.003052076 0.017691322 0.999835891
23.401000 112.425543788 -0.066609867 0.608578651 -0.002160488 0.002942303 0.018388151 0.999824260
23.500586 112.423932981 -0.066037910 0.607988667 -0.002136648 0.002946030 0.018391018 0.999824248
23.601000 113.863528146 -0.004364898 0.603347747 -0.001622891 0.002730482 0.019630136 0.999802265
23.700588 113.876421604 -0.002363946 0.602633067 -0.001573119 0.002770962 0.019673682 0.999801377
23.800650 115.504105932 0.035533793 0.592084065 -0.001474679 0.002577837 0.024083201 0.999705546
23.901000 116.405075815 0.079648206 0.593628830 -0.001870652 0.002832426 0.024518888 0.999693604
24.000785 116.403607946 0.083791164 0.595333964 -0.001894134 0.002829082 0.024586562 0.999691907
24.101000 118.194446510 0.238823976 0.605341622 -0.002292140 0.003168701 0.023276700 0.999721412
24.200902 118.374190381 0.226586582 0.606520996 -0.002290632 0.003246221 0.024737538 0.999686085
24.301000 119.998418850 0.315307770 0.612220861 -0.002565090 0.003506531 0.027056116 0.999624475
24.400807 120.002158495 0.315294401 0.614330928 -0.002564920 0.003529033 0.027143468 0.999622028
24.500896 121.706888315 0.413779765 0.621830981 -0.002890864 0.003498035 0.028839289 0.999573760
24.593308 122.577771728 0.452238413 0.619225362 -0.002387371 0.003107497 0.029788837 0.999548533
24.689235 123.537207789 0.532830305 0.605854984 -0.001659511 0.003531670 0.031039455 0.999510543
24.784333 124.511141429 0.612970320 0.598889238 -0.002079435 0.003832043 0.031974851 0.999479165
24.901000 125.488830151 0.681055667 0.602559813 -0.001807353 0.003862464 0.032230025 0.999471380
24.991476 125.478591939 0.676700923 0.604766677 -0.001861084 0.003918833 0.032224583 0.999471238
25.101000 127.326789845 0.820855776 0.607554401 -0.002269144 0.005000648 0.033479135 0.999424330
25.176000 127.328210635 0.820153546 0.609672214 -0.002261075 0.004894709 0.033410840 0.999427158
25.300034 129.266217802 0.945750275 0.623786625 -0.002793930 0.004828814 0.035061921 0.999369570
25.400892 130.217420182 1.028252677 0.615998353 -0.003232563 0.005657990 0.035355116 0.999353568
25.501000 131.042741930 1.102348544 0.619312480 -0.003056935 0.004996226 0.034412006 0.999390568
25.599611 131.042736890 1.103235433 0.616926284 -0.003030942 0.005074666 0.034340126 0.999392724
25.698753 132.762927013 1.195844755 0.615791242 -0.003506182 0.004228219 0.034690381 0.999383013
25.800900 133.582069917 1.260893095 0.604501127 -0.003334152 0.004974501 0.035810056 0.999340671
25.899485 134.581369248 1.367044704 0.604038556 -0.003642422 0.004206685 0.035727579 0.999346075
26.000346 135.737653585 1.466744963 0.608041744 -0.003880784 0.004441539 0.034036178 0.999403197
26.101000 136.599590031 1.544764762 0.614203293 -0.003711702 0.004628099 0.034159362 0.999398790
26.201000 137.505780110 1.614990104 0.620164425 -0.004075154 0.004452964 0.034030628 0.999402562
26.300760 137.508289801 1.609950454 0.621663590 -0.004142101 0.004468055 0.034176871 0.999397229
26.400669 139.292270367 1.735569457 0.629186358 -0.004012851 0.004961701 0.033105276 0.999431498
26.501000 140.035066725 1.800965159 0.630577587 -0.004683908 0.005351463 0.033643222 0.999408603
26.600890 140.033949795 1.802783378 0.629849134 -0.004670277 0.005352146 0.033498252 0.999413533
26.701000 141.735155905 1.915705000 0.620006409 -0.004983668 0.005417155 0.033860940 0.999399447
26.800886 141.734886782 1.917347881 0.620968602 -0.004924196 0.005313853 0.033817053 0.999401782
26.900738 143.357467751 2.008253724 0.614502961 -0.003699478 0.004230546 0.034307075 0.999395538
27.000519 144.371113563 2.091611251 0.616496545 -0.005043810 0.005365111 0.034145755 0.999389735
27.100631 145.374098876 2.140296391 0.627225027 -0.004314181 0.005769844 0.035203206 0.999354207
27.200811 146.266519412 2.146609003 0.635171902 -0.004761031 0.005547385 0.035921960 0.999327860
27.301000 147.165484180 2.181254090 0.633773675 -0.004897463 0.005167686 0.036837603 0.999295903
27.400730 147.157760095 2.180560390 0.634102967 -0.004774010 0.005299264 0.036803417 0.999297071
27.500588 148.973995831 2.346430908 0.639147198 -0.004741728 0.006358293 0.036683163 0.999295469
27.600621 149.662167047 2.446138374 0.641475696 -0.005288592 0.006852429 0.035772392 0.999322476
27.700798 150.694483104 2.531161411 0.640894876 -0.005233984 0.008012645 0.035453785 0.999325489
27.800705 151.567712135 2.622362528 0.634196805 -0.004711802 0.008639000 0.035200674 0.999331816
27.900736 152.379353154 2.698351595 0.628777664 -0.004982991 0.009119797 0.034167629 0.999362083
28.000624 153.167830980 2.761188033 0.624951760 -0.005327963 0.008279032 0.034187617 0.999366938
28.101000 153.961260536 2.834853618 0.618289625 -0.004674340 0.007541205 0.035023914 0.999347090
28.200872 153.956603249 2.836355401 0.620163813 -0.004712558 0.007572222 0.034971366 0.999348516
28.281000 155.367180025 2.957961037 0.611009489 -0.004284997 0.006751118 0.033608406 0.999403090
28.401000 156.084931401 3.032520493 0.604754642 -0.004458370 0.007558565 0.034649797 0.999360987
28.488500 156.080987183 3.031989256 0.606711999 -0.004541451 0.007376081 0.034653983 0.999361831
28.597000 157.561175732 3.125510977 0.602639518 -0.004024611 0.006254396 0.037215565 0.999279584
28.691625 158.191173080 3.164784903 0.604481306 -0.004476617 0.007097777 0.035777860 0.999324535
28.791625 159.000701622 3.205800540 0.609673012 -0.005225996 0.007848970 0.036603737 0.999285369
28.894939 159.753816036 3.257267734 0.613320074 -0.005023516 0.008478336 0.038252204 0.999219521
29.001000 160.596950248 3.354084935 0.611532316 -0.005831872 0.008705781 0.037147300 0.999254861
29.099354 160.598599138 3.359253818 0.611313225 -0.005744796 0.008745556 0.037084141 0.999257364
29.200324 161.903445192 3.474453271 0.606657243 -0.005548169 0.009458545 0.037377149 0.999241063
29.300268 162.600877266 3.548756556 0.597642440 -0.005158243 0.009158749 0.038557087 0.999201111
29.400509 163.396596872 3.610238152 0.594597392 -0.006151046 0.008325664 0.037118147 0.999257270
29.500546 164.084252626 3.675328713 0.585262557 -0.005214495 0.008594130 0.038065718 0.999224675
29.601000 164.760311984 3.711622510 0.581184774 -0.005535007 0.009196703 0.038423093 0.999203908
29.700802 164.762079649 3.708917936 0.583831426 -0.005602198 0.009243418 0.038511795 0.999199688
29.800650 166.018118842 3.769464193 0.583159674 -0.005282865 0.010062524 0.039687357 0.999147512
29.901000 166.630317689 3.821294368 0.570009906 -0.004422509 0.009861107 0.040142360 0.999135522
30.001000 167.363111318 3.910116963 0.563880313 -0.004416125 0.009788017 0.039580074 0.999158701
30.079571 167.360772224 3.910996207 0.563757069 -0.004457827 0.009819407 0.039589926 0.999157818
30.187957 168.434887392 4.013941950 0.552864107 -0.004672437 0.011077482 0.038929358 0.999169637
30.301000 169.046661053 4.082924821 0.544397279 -0.004608501 0.011100762 0.038385170 0.999190729
30.401000 169.646557121 4.136292857 0.545469462 -0.004296566 0.010959665 0.038852054 0.999175632
30.500703 169.643348270 4.137084278 0.545673942 -0.004225396 0.010993738 0.038841893 0.999175956
30.601000 170.749185090 4.226533506 0.535071833 -0.003580311 0.010797364 0.038697034 0.999186238
30.700716 170.756769030 4.225842988 0.534177523 -0.003556167 0.010871754 0.038688564 0.999185845
30.800718 171.865712721 4.301174541 0.535720063 -0.004616230 0.010217781 0.037582739 0.999230617
30.901000 172.453487757 4.352246447 0.522805049 -0.003732185 0.010712193 0.038565984 0.999191666
31.001000 173.000093070 4.411587544 0.520358296 -0.003955434 0.009607442 0.037626409 0.999237862
31.101000 173.489436920 4.465249254 0.517527887 -0.004345127 0.009608848 0.037551549 0.999239046
31.200608 173.489778563 4.467313438 0.517274166 -0.004325819 0.009677707 0.037540071 0.999238897
31.300771 174.737090155 4.567873728 0.514663111 -0.003790217 0.009585724 0.034881714 0.999338288
31.401000 175.188982569 4.614338740 0.504765362 -0.003835809 0.009308707 0.036940974 0.999266731
31.500891 175.194806552 4.613634790 0.504898312 -0.003849658 0.009363602 0.037113164 0.999259784
31.600775 176.535942026 4.735539235 0.492042415 -0.003455644 0.010526597 0.036196702 0.999283267
31.700645 177.068626485 4.775769302 0.490816471 -0.003464669 0.009460326 0.037668500 0.999239502
31.801000 177.805358493 4.821760778 0.485781123 -0.003251471 0.009492056 0.037983073 0.999228009
31.901000 178.378414897 4.882605339 0.491404990 -0.003394907 0.009256269 0.036883420 0.999270939
32.001000 178.917361506 4.936437033 0.485970550 -0.003366700 0.009607053 0.036808682 0.999270479
32.100583 178.911648654 4.931869391 0.484707539 -0.003389454 0.009612227 0.036804701 0.999270499
32.200727 179.993206669 4.937649256 0.484350577 -0.003302225 0.009519441 0.037522713 0.999244976
32.301000 180.584947548 4.916648802 0.487489358 -0.003714964 0.009525035 0.040248429 0.999137396
32.401000 181.189015614 5.051841236 0.477612385 -0.004829240 0.009878368 0.038560160 0.999195782
32.501000 181.675645881 5.114288195 0.465051655 -0.006084312 0.009954917 0.037031187 0.999246002
32.600738 181.673444323 5.116440556 0.464845866 -0.005940490 0.009844145 0.036961115 0.999250559
32.700728 182.757933042 5.185635904 0.437360224 -0.009564044 0.010318401 0.038689078 0.999152248
32.800744 183.296335405 5.240865630 0.427044212 -0.008151687 0.010103213 0.038144029 0.999187924
32.901000 183.988371465 5.310784890 0.422697727 -0.007835534 0.010410734 0.037972424 0.999193833
33.001000 184.472165743 5.369040129 0.424925684 -0.009489568 0.010195004 0.037749688 0.999190158
33.101000 184.941829385 5.404587489 0.425163191 -0.007518154 0.010373385 0.037881105 0.999200126
33.200801 184.939899480 5.404965988 0.428967132 -0.006992254 0.010373770 0.037661562 0.999212240
33.300604 186.100734675 5.504717960 0.418422584 -0.007988636 0.010698228 0.039330639 0.999137043
33.401000 186.625454560 5.536104130 0.411713250 -0.006157105 0.009631464 0.038038690 0.999210880
33.500659 186.632431340 5.531034295 0.413230017 -0.006172182 0.009784860 0.038291964 0.999199623
33.600846 187.750817591 5.618954374 0.397316717 -0.005464411 0.010229247 0.038990425 0.999172282
33.701000 188.235677553 5.635077808 0.393093510 -0.006015902 0.009538648 0.040517330 0.999115193
33.800859 188.233829250 5.635927234 0.394870700 -0.006062401 0.009670189 0.040394029 0.999118640
33.901000 189.433607612 5.753442572 0.376216587 -0.007349716 0.009894147 0.040586063 0.999100025
34.001000 189.916476519 5.788289573 0.373308495 -0.004968293 0.009405971 0.041415195 0.999085394
34.100700 189.914640084 5.783486526 0.374119473 -0.005047372 0.009409997 0.041346657 0.999087799
34.200832 190.968374245 5.880829949 0.375425232 -0.002983542 0.008789425 0.039517425 0.999175769
34.300492 191.486392199 5.904322568 0.380994195 -0.003325319 0.007900503 0.042190018 0.999072834
34.400841 192.124791753 6.020076482 0.376077727 -0.002878910 0.008508542 0.040896201 0.999123024
34.500841 192.706696238 6.091798502 0.371856986 -0.003805974 0.008758126 0.039989217 0.999154479
34.601000 193.325372770 6.143267803 0.370737414 -0.003175681 0.008712644 0.040835059 0.999122867
34.701000 193.820034760 6.197598703 0.371027563 -0.003051208 0.008504187 0.041415869 0.999101143
34.800711 193.818229734 6.201552323 0.371641239 -0.003174867 0.008577413 0.041181704 0.999109812
34.900868 195.034793062 6.282318721 0.367169536 -0.002273913 0.008053557 0.042735019 0.999051394
35.000882 195.518593067 6.329561630 0.349863822 -0.002845345 0.008485551 0.042806778 0.999043282
35.101000 196.177587671 6.392124914 0.346675925 -0.002683510 0.008159701 0.043064303 0.999035377
35.200903 196.178136818 6.389628768 0.347957974 -0.002725702 0.008229844 0.042868672 0.999043101
35.301000 197.239886105 6.482842502 0.338131212 -0.002555709 0.008302821 0.043817397 0.999001785
35.400775 197.233557548 6.487087293 0.338071663 -0.002437405 0.008369682 0.043720570 0.999005765
35.500879 198.278507813 6.586313375 0.332938281 -0.002782480 0.007599534 0.045315471 0.998939945
35.601000 198.970684630 6.645594451 0.320739180 -0.002437585 0.007863706 0.045491179 0.998930815
35.700688 198.972921096 6.649364246 0.322044877 -0.002399875 0.007704334 0.045568766 0.998928612
35.801000 200.215546480 6.774518914 0.308938022 -0.002723042 0.006976628 0.045697307 0.998927259
35.900638 200.212042539 6.775055496 0.307951086 -0.002622110 0.006984568 0.045746686 0.998925213
36.000620 201.373966729 6.905675321 0.297843201 -0.003359854 0.007226436 0.045674866 0.998924570
36.100563 202.034030605 6.973751672 0.286323225 -0.003030964 0.006777134 0.046202757 0.998904494
36.200592 202.943965158 7.058996533 0.282979956 -0.003439761 0.006509372 0.045906585 0.998918606
36.300873 203.614911660 7.144637467 0.279651162 -0.004358087 0.006272101 0.046024125 0.998911131
36.400874 204.273882054 7.200915504 0.277689763 -0.004448613 0.006209419 0.045882282 0.998917649
36.500597 205.055475907 7.290056938 0.268771194 -0.003846319 0.007430849 0.046027059 0.998905150
36.601000 205.735324567 7.361643179 0.260910286 -0.004457673 0.007543636 0.045842560 0.998910247
36.701000 206.591396901 7.458100616 0.252247921 -0.004372434 0.007556255 0.045319731 0.998934386
36.800816 206.597705054 7.461652172 0.253421389 -0.004371083 0.007545097 0.045283691 0.998936110
36.900555 208.177717027 7.621628903 0.233863146 -0.005004222 0.006891426 0.043325137 0.999024724
37.000406 208.829320268 7.675146323 0.220967697 -0.004299508 0.006484021 0.046521758 0.998886979
37.100808 209.682261292 7.751476228 0.216938979 -0.004482418 0.006949150 0.045468585 0.998931542
37.200506 210.502849448 7.826834720 0.210977565 -0.004740775 0.006193844 0.043814671 0.999009227
37.300556 211.271639341 7.905946535 0.209411966 -0.004406462 0.006371904 0.044732251 0.998968972
37.400769 212.064059222 7.985483213 0.201344595 -0.004624376 0.006538491 0.044229078 0.998989315
37.500888 212.926355216 8.067675445 0.195206670 -0.004308013 0.007138320 0.044468028 0.998976016
37.600660 213.793918267 8.137833738 0.191790284 -0.004644224 0.007542725 0.044797122 0.998956834
37.700772 214.601248724 8.207340942 0.185751178 -0.004291180 0.008073269 0.044856607 0.998951597
37.801000 215.427168251 8.274627268 0.179538900 -0.003970031 0.008226225 0.045442705 0.998925187
37.901000 216.163598047 8.367056090 0.172709521 -0.004088732 0.008713023 0.045269078 0.998928464
37.995118 216.168016269 8.371005702 0.172319061 -0.004043025 0.008710164 0.045327202 0.998926039
38.095444 217.619474143 8.474536322 0.153081143 -0.004256275 0.009559227 0.045939873 0.998889400
38.190474 218.281236913 8.546694678 0.144227697 -0.004342059 0.008926556 0.046897108 0.998850401
38.286714 219.155530176 8.637083453 0.132029636 -0.004113965 0.008008055 0.046529847 0.998876329
38.396652 220.073601861 8.727110335 0.127736483 -0.003816501 0.007990872 0.046751579 0.998867294
38.501000 220.922962878 8.820457011 0.128349953 -0.004096122 0.008035022 0.047414835 0.998834568
38.591476 220.920922660 8.823874440 0.128253262 -0.004000435 0.008080926 0.047375757 0.998836439
38.701000 222.635847977 9.006246527 0.106863200 -0.003326903 0.008423336 0.048381527 0.998787869
38.800643 222.633003400 9.007448869 0.108761601 -0.003376930 0.008543701 0.048357855 0.998787825
38.901000 224.040337675 9.171147319 0.084945509 -0.003248316 0.008155095 0.048363050 0.998791249
39.001000 224.887234466 9.291621554 0.077080390 -0.002957236 0.007549886 0.048228123 0.998803435
39.100607 224.885588259 9.292592367 0.080722598 -0.003061978 0.007519390 0.048290518 0.998800335
39.200746 226.450311244 9.459507104 0.065658669 -0.002941660 0.006774585 0.048223749 0.998809252
39.300648 227.244023947 9.520173889 0.058624386 -0.002972637 0.007133089 0.050279896 0.998705269
39.400891 228.353066888 9.662046784 0.052202247 -0.002833293 0.007043169 0.050195273 0.998710569
39.500789 229.290848264 9.746791320 0.044166302 -0.003508794 0.007630548 0.051291144 0.998648427
39.600779 230.471401149 9.877606277 0.034497764 -0.003119750 0.007812172 0.053335563 0.998541213
39.701000 231.436343509 9.975304075 0.027504384 -0.002759271 0.008665654 0.053761484 0.998512391
39.800885 231.439418180 9.980184158 0.028140867 -0.002770814 0.008669335 0.053833829 0.998508430
39.900872 233.659557435 10.212429052 0.024415735 -0.003456949 0.009002444 0.056870168 0.998335009
40.001000 234.417671017 10.323312865 0.008489052 -0.002818103 0.009115241 0.055797004 0.998396547
40.100884 234.415813032 10.321581789 0.007380631 -0.002839050 0.009258503 0.055788373 0.998395652
40.200769 236.490587184 10.543654729 -0.014803034 -0.002927587 0.009937234 0.060663678 0.998104503
40.300736 237.236331100 10.654603716 -0.023617138 -0.003143252 0.009424934 0.058665301 0.998228267
40.400846 238.395708730 10.772752537 -0.033750614 -0.002662496 0.009041933 0.060322636 0.998134427
40.500700 239.356742099 10.902184403 -0.044951577 -0.002694426 0.009501809 0.061317194 0.998069465
40.600659 240.431512992 11.048219818 -0.061093719 -0.003148049 0.010475941 0.061309821 0.998058841
40.700688 241.375334984 11.174001963 -0.073404007 -0.002368763 0.010655188 0.061956629 0.998019154
40.800714 242.354309720 11.309977146 -0.084344347 -0.002520629 0.010740498 0.062203495 0.998002512
40.900872 243.403173329 11.470114511 -0.100070055 -0.001836801 0.010533741 0.061408612 0.998055434
41.000883 244.390587827 11.594135825 -0.109151003 -0.002262740 0.009947143 0.061497984 0.998055075
41.100882 245.395583626 11.750154712 -0.128117079 -0.001860441 0.009171184 0.061432775 0.998067354
41.201000 246.390784966 11.881057139 -0.139960748 -0.002384274 0.009825687 0.060736157 0.998102645
41.301000 247.417373055 11.998177029 -0.147223568 -0.002302105 0.009503343 0.060103984 0.998144227
41.400897 247.414140886 11.992810446 -0.146318218 -0.002393351 0.009542915 0.060135969 0.998141708
41.500899 249.209182573 12.226575146 -0.160065654 -0.001729037 0.006832290 0.060547481 0.998140437
41.601000 250.079047469 12.333828166 -0.175393672 -0.001879736 0.008149767 0.059928929 0.998167607
41.700774 250.078917046 12.339377628 -0.175997455 -0.001869464 0.008124762 0.060040322 0.998161136
41.801000 252.161788077 12.583528572 -0.211469329 -0.001803721 0.011714486 0.058820528 0.998198208
41.900884 252.158655359 12.587948383 -0.208587069 -0.001696577 0.011694788 0.058833396 0.998197869
42.001000 253.672535587 12.786559816 -0.237199690 -0.000847046 0.010451561 0.057047932 0.998316373
42.100905 253.672042893 12.790110282 -0.236150432 -0.000816956 0.010434655 0.057117089 0.998312621
42.201000 255.722214980 13.046913639 -0.264349548 -0.000145899 0.009238314 0.055878118 0.998394846
42.300865 255.721861528 13.048786974 -0.263407955 -0.000184996 0.009227615 0.055878141 0.998394937
42.400552 257.720789661 13.301736851 -0.284430910 0.000841754 0.007382318 0.052835530 0.998575585
42.500828 258.867691591 13.440005267 -0.301869352 0.000031849 0.008185660 0.052419197 0.998591619
42.600842 259.808245647 13.632916128 -0.317207295 -0.000576736 0.008507068 0.047901441 0.998815673
42.701000 261.522180622 13.742903175 -0.335022387 -0.000731015 0.009614950 0.052233671 0.998588335
42.801000 262.699290826 13.899305165 -0.351515546 -0.000359721 0.010105027 0.051128007 0.998640919
42.887667 262.706644049 13.895488279 -0.350614584 -0.000349250 0.010085164 0.051197761 0.998637550
42.976000 264.756420854 14.076564672 -0.385458450 0.000308979 0.009452203 0.053907821 0.998501130
43.092176 266.128514990 14.249745430 -0.405415950 -0.000553628 0.009865301 0.053675619 0.998509538
43.200768 267.598617253 14.390919142 -0.424643575 -0.000665766 0.009994291 0.056139797 0.998372673
43.300619 268.812816313 14.536441742 -0.442294145 -0.000900963 0.010058442 0.056566482 0.998347760
43.401000 270.019242611 14.686848413 -0.459856557 -0.001101534 0.010006261 0.056684039 0.998341415
43.500864 270.010979624 14.687483482 -0.460177671 -0.001101983 0.010007555 0.056673417 0.998342005
43.600718 272.438161421 14.987821443 -0.497581715 -0.001683090 0.009535420 0.056250007 0.998369761
43.701000 273.668506465 15.132561700 -0.523057806 -0.001434372 0.010537270 0.057688727 0.998277977
43.799790 273.664833912 15.130262546 -0.522833560 -0.001425753 0.010340042 0.057783045 0.998274597
43.900807 276.200021916 15.436152085 -0.566886238 -0.001623569 0.011746978 0.057205248 0.998292007
44.000514 277.297305521 15.562663771 -0.582006058 -0.001614465 0.011985029 0.058655574 0.998205027
44.101000 278.688142374 15.725141643 -0.597689063 -0.000912393 0.010549020 0.060668693 0.998101796
44.201000 279.894774872 15.882490266 -0.620955249 -0.000645347 0.010242807 0.060490278 0.998116023
44.300862 279.894521538 15.884001521 -0.621968602 -0.000612703 0.010119979 0.060410623 0.998122120
44.401000 282.088132035 16.189085493 -0.662437030 -0.000596864 0.010328084 0.059357173 0.998183200
44.500742 282.089416745 16.195147888 -0.663299126 -0.000705467 0.010201167 0.059255342 0.998190484
44.599925 284.892430812 16.542098008 -0.695469725 -0.001169302 0.010861525 0.061615926 0.998040148
44.697552 286.070207717 16.709059155 -0.714320751 -0.000697223 0.011517862 0.061398872 0.998046608
44.797552 287.410393782 16.882247799 -0.741076074 0.000015261 0.011202106 0.062772089 0.997965018
44.899864 288.750547252 17.057222829 -0.772868202 0.000337697 0.011082651 0.063927528 0.997892946
44.997667 290.193964354 17.249324269 -0.796807865 0.000516433 0.011194766 0.064111048 0.997879844
45.099851 291.816603676 17.485879274 -0.826990473 0.000384330 0.011222475 0.065275179 0.997804119
45.198674 293.122596251 17.656864192 -0.845328900 -0.000055195 0.010880223 0.066279925 0.997741745
45.299795 294.556398801 17.876277520 -0.873376879 -0.000783448 0.011490474 0.065310570 0.997798519
45.401000 295.898683005 18.063282145 -0.902971950 -0.000432831 0.012033615 0.065851051 0.997756806
45.501000 297.355992828 18.268068760 -0.933641928 0.000168845 0.012571110 0.066917276 0.997679316
45.598143 297.359973081 18.273152672 -0.932521774 0.000245070 0.012735299 0.066932332 0.997676208
45.701000 299.855890827 18.634573459 -0.982640638 0.000209037 0.013375671 0.068449084 0.997564920
45.801000 301.423242628 18.887138384 -1.011995475 0.000954591 0.012779361 0.069068512 0.997529607
45.900597 301.430351936 18.892935042 -1.009474600 0.000689591 0.012916730 0.069315024 0.997510957
46.000737 304.271884336 19.310905329 -1.049135524 0.000586815 0.009513760 0.070098359 0.997494543
46.101000 305.346305134 19.468104180 -1.082148696 0.000119851 0.012190185 0.070521725 0.997435748
46.200869 305.354374331 19.472154004 -1.084690712 0.000059001 0.012293390 0.070303079 0.997449922
46.300612 308.738639575 19.949108464 -1.139789329 0.000434097 0.013704478 0.070679001 0.997404871
46.400623 310.022519778 20.101712449 -1.173665483 0.000415968 0.013979945 0.073083203 0.997227774
46.501000 312.168961716 20.453687533 -1.206711704 -0.000024732 0.014262070 0.072115236 0.997294332
46.600716 312.162786667 20.453205323 -1.205497882 -0.000136021 0.014324210 0.072204249 0.997286992
46.701000 315.219390877 20.991695419 -1.265810118 -0.000180141 0.013989097 0.069836813 0.997460321
46.800740 315.221979807 20.991584039 -1.264099212 -0.000319221 0.014015256 0.069904017 0.997455212
46.900719 318.122199395 21.356224900 -1.316153733 -0.000320131 0.015910639 0.071632483 0.997304134
47.001000 319.429677147 21.603135734 -1.347256846 -0.000002027 0.016339624 0.072719291 0.997218593
47.100855 319.432854522 21.602224125 -1.347534671 -0.000112659 0.016296983 0.072702670 0.997220496
47.201000 322.669812659 22.087344020 -1.412053706 0.000583720 0.016737253 0.073772676 0.997134452
47.300854 322.661478268 22.085314075 -1.411837256 0.000516795 0.016703220 0.073731536 0.997138103
47.400685 324.751489153 22.371608923 -1.485786457 0.001036357 0.016048553 0.075813598 0.996992311
47.501000 326.112795109 22.615611820 -1.534806369 0.000937699 0.016433896 0.076725583 0.996916362
47.600842 326.122595047 22.617549812 -1.532039214 0.000976812 0.016401437 0.076863653 0.996906223
47.700693 329.601190887 23.227828025 -1.592551287 0.000628082 0.015697235 0.074698431 0.997082417
47.800548 330.828144071 23.418047103 -1.615044352 0.000977466 0.016132392 0.075470707 0.997017032
47.900690 332.783114481 23.733916682 -1.638763617 0.000444723 0.016047123 0.076123510 0.996969159
48.001000 334.183687491 23.927374925 -1.667781073 0.000445271 0.015684307 0.076611070 0.996937585
48.101000 336.184282459 24.266759885 -1.696434232 0.000098668 0.015889617 0.076650389 0.996931406
48.200787 336.189754759 24.263017536 -1.695607645 0.000078938 0.015915463 0.076803979 0.996919175
48.300766 338.580515572 24.602802967 -1.746732854 -0.000178550 0.016361411 0.078528327 0.996777595
48.400762 340.027376235 24.859781700 -1.787542474 0.000510170 0.016170283 0.079485747 0.996704709
48.500760 341.775101340 25.159790922 -1.829123786 0.000360204 0.016261548 0.078954671 0.996745500
48.601000 343.265550808 25.369755684 -1.859344086 0.000850357 0.016097097 0.078906020 0.996751724
48.700874 343.274478783 25.373007770 -1.858202325 0.000858170 0.016208937 0.078932524 0.996747807
48.800895 346.253105075 25.880752410 -1.912404919 0.000662163 0.015254684 0.079874902 0.996687943
48.900793 347.553432874 26.093444009 -1.938376232 0.000291629 0.016181701 0.080415469 0.996630032
49.000897 349.632560210 26.439580828 -1.969153550 0.000014549 0.016927452 0.080712973 0.996593637
49.101000 350.933294564 26.654576300 -2.005168795 0.000072921 0.016868054 0.081651300 0.996518203
49.200775 350.935626382 26.660956419 -2.006977690 0.000162725 0.016906281 0.081717127 0.996512149
49.301000 353.720483241 27.172186989 -2.084765513 0.000245583 0.016199523 0.081507573 0.996541033
49.391000 353.710346785 27.172231470 -2.082306729 0.000355119 0.016285387 0.081595523 0.996532403
49.489889 356.551258523 27.674928577 -2.143343306 -0.000056713 0.015493833 0.081251851 0.996573166
49.601000 358.026728902 27.900436275 -2.170038882 -0.000157507 0.015856295 0.084173905 0.996324900
49.698143 358.020072895 27.900586597 -2.168626063 -0.000084600 0.015996609 0.084159217 0.996323907
49.797154 360.665223426 28.360233359 -2.210108280 0.000128181 0.017439141 0.081889527 0.996488818
49.900894 361.820880019 28.600423907 -2.241832471 -0.000566502 0.017653214 0.080988237 0.996558553
50.000790 363.703419721 28.866543940 -2.275197631 -0.000792839 0.018559564 0.084539533 0.996246948
50.100890 365.079624787 29.078951487 -2.313899222 -0.000297844 0.018368839 0.084782990 0.996230065
50.201000 366.515796932 29.326248063 -2.344649430 0.000136460 0.017354952 0.084876102 0.996240350
50.301000 367.983015491 29.576284112 -2.376962849 0.000892890 0.016913389 0.086280849 0.996126877
50.388500 367.989023019 29.574513610 -2.375265232 0.000824554 0.016919259 0.086294331 0.996125668
50.494333 370.417981926 30.038996134 -2.439473016 0.003647074 0.016840643 0.084916134 0.996239099
50.597875 371.690503600 30.263632830 -2.478092209 0.004008005 0.017062973 0.085442223 0.996188947
50.695286 373.287213014 30.533189498 -2.502947758 0.005172412 0.017048175 0.085999365 0.996135892
50.792892 374.618247257 30.752481865 -2.522872853 0.004579717 0.018851540 0.088109161 0.995921895
50.895872 376.007955353 31.026142253 -2.550643964 0.004382990 0.019936063 0.088298149 0.995884923
50.996122 377.345102347 31.277230481 -2.580442833 0.003409008 0.020131814 0.088163663 0.995896710
51.101000 378.793908918 31.561886556 -2.623038794 0.004023191 0.020691898 0.088658108 0.995839043
51.193857 378.780495792 31.561308428 -2.623541494 0.004059505 0.020699766 0.088502256 0.995852595
51.295444 381.520489678 31.941019239 -2.693080914 0.005031542 0.019332272 0.091639632 0.995591846
51.393308 382.545052403 32.206436134 -2.729902389 0.005103359 0.019673848 0.091306427 0.995615404
51.493857 384.021667532 32.501985324 -2.762183367 0.004858420 0.020467688 0.091514057 0.995581562
51.600747 385.297007181 32.754879792 -2.794376513 0.004955631 0.020727666 0.091083307 0.995615205
51.700872 386.499796125 32.989337376 -2.821451873 0.004436743 0.020626525 0.090722864 0.995652662
51.801000 387.729452378 33.238655424 -2.851560433 0.004643875 0.020126338 0.091279168 0.995611108
51.901000 388.950356612 33.482568584 -2.886527602 0.004986240 0.019571608 0.091604467 0.995590634
52.000838 388.946380880 33.480923500 -2.884791902 0.004907433 0.019604874 0.091593446 0.995591385
52.101000 391.075749939 33.893453796 -2.955436096 0.005071766 0.019712098 0.091360644 0.995609835
52.200575 391.078860917 33.898360284 -2.953232668 0.005026649 0.019757827 0.091302620 0.995614480
52.301000 393.304840746 34.236815636 -3.018658792 0.005006220 0.020285837 0.096280294 0.995134929
52.401000 394.254746816 34.474415328 -3.051024782 0.004648021 0.020300599 0.094644310 0.995293291
52.501000 395.225860864 34.685251014 -3.081314379 0.004837526 0.020813524 0.094785404 0.995268367
52.600843 395.234778675 34.688040167 -3.081284749 0.004847019 0.020852073 0.094847118 0.995261635
52.700854 397.453630847 35.113636820 -3.141730302 0.003502839 0.021176117 0.094702271 0.995274225
52.801000 398.540747589 35.331138453 -3.172805687 0.003665995 0.021175905 0.094184400 0.995322782
52.900721 398.546181868 35.335146374 -3.172154691 0.003695298 0.021245660 0.094229106 0.995316956
53.000732 400.954463594 35.807965461 -3.236966928 0.003661512 0.020259701 0.093821625 0.995376130
53.101000 401.938318715 35.976208561 -3.264151552 0.003954089 0.019861387 0.095069391 0.995264639
53.201000 403.455456421 36.304769009 -3.291458560 0.004012031 0.019892216 0.093825829 0.995381795
53.300743 403.456596417 36.309122181 -3.291258857 0.004051102 0.019920326 0.093857670 0.995378072
53.401000 405.785801545 36.764316000 -3.365221271 0.004021352 0.020276179 0.094265141 0.995332502
53.500775 405.794397033 36.769863961 -3.361902864 0.004006678 0.020519205 0.094321442 0.995322246
53.600659 407.836741293 37.240662144 -3.436810375 0.005002108 0.020837400 0.092550739 0.995477344
53.700881 408.956440461 37.465671853 -3.471738536 0.005071771 0.020041623 0.092734056 0.995476271
53.800760 410.026306724 37.631619141 -3.497149760 0.004939370 0.020208875 0.095295291 0.995231637
53.900637 411.281266747 37.868409111 -3.521648569 0.004708165 0.020191990 0.096224995 0.995143641
54.000613 412.473979113 38.106027672 -3.547653080 0.004819632 0.020316445 0.097451699 0.995021196
54.100629 413.741841791 38.400574457 -3.577003375 0.004674212 0.019898490 0.097438239 0.995031653
54.200884 414.782798644 38.598330029 -3.606640846 0.004125099 0.020197458 0.098021778 0.994970742
54.300752 415.925287082 38.828112466 -3.636758399 0.003933345 0.020551851 0.098876131 0.994879722
54.400751 416.989235443 39.052186073 -3.667851601 0.004195853 0.020542331 0.099782256 0.994788374
54.501000 418.030655758 39.260660044 -3.693915053 0.004449273 0.020278298 0.100257781 0.994744878
54.600767 418.025476391 39.259950500 -3.693508455 0.004502886 0.020346738 0.100155708 0.994753521
54.700760 420.032566432 39.548324978 -3.758780523 0.004763283 0.021149787 0.104667004 0.994270997
54.800665 420.883774344 39.701394839 -3.784147781 0.004636264 0.021666714 0.105778199 0.994142863
54.900777 422.084946529 40.070896544 -3.808786304 0.004789803 0.022033332 0.103382765 0.994386039
55.000885 423.124764546 40.317663495 -3.835464598 0.004845056 0.022099156 0.103357637 0.994386922
55.101000 424.087411833 40.536058574 -3.866167118 0.004855299 0.021411882 0.103078451 0.994430888
55.200623 424.085348147 40.537764233 -3.865284771 0.004864396 0.021533352 0.103147442 0.994421067
55.300623 425.959287243 40.972672298 -3.923448533 0.004263986 0.019892084 0.102299703 0.994545572
55.401000 426.860430345 41.151147533 -3.951894645 0.004369054 0.021114452 0.104171571 0.994325588
55.501000 428.031290448 41.427075688 -3.981977285 0.004194865 0.021181016 0.103854505 0.994358089
55.601000 428.861824269 41.614723803 -4.009658145 0.003833406 0.021391103 0.103747266 0.994366246
55.700867 428.859626259 41.613640558 -4.008663945 0.003814080 0.021417305 0.103747324 0.994365750
55.800865 430.572028073 41.968646790 -4.068382203 0.002480484 0.020792716 0.105146653 0.994236235
55.900741 431.290966079 42.123285275 -4.098383343 0.002440606 0.020599461 0.105296382 0.994224511
56.000870 432.473054879 42.417378805 -4.125155220 0.001866277 0.020996009 0.103767037 0.994378241
56.100624 433.417344765 42.563667897 -4.150914712 0.001350228 0.021737229 0.105827915 0.994145926
56.200784 434.351095141 42.768224520 -4.177488256 0.001112153 0.022295072 0.105777213 0.994139263
56.300896 435.338836097 42.980694302 -4.204075021 0.000533900 0.022690009 0.105320657 0.994179278
56.400782 436.337895167 43.212218620 -4.231142097 0.000289830 0.022723834 0.105042682 0.994208016
56.500673 437.193709872 43.397702092 -4.257077144 -0.000055254 0.022685798 0.104966563 0.994216964
56.601000 438.144209921 43.649006002 -4.286414052 -0.000354406 0.021681890 0.103314617 0.994412319
56.700789 438.138803159 43.648114951 -4.286169115 -0.000350434 0.021711988 0.103283633 0.994414882
56.751000 439.410039128 43.936398090 -4.328962665 -0.000604207 0.020167385 0.102998709 0.994476836
56.901000 440.367270296 44.117924781 -4.362105292 -0.000835322 0.021698817 0.104016613 0.994338477
56.989889 440.367630774 44.123020878 -4.361387916 -0.000855329 0.021433156 0.103890246 0.994357433
57.082250 441.787392723 44.379977925 -4.401399468 -0.001302031 0.021707963 0.104674164 0.994268771
57.201000 442.629129398 44.561099269 -4.429151577 -0.000962661 0.021470045 0.104814643 0.994259524
57.301000 443.439353796 44.834579991 -4.458814158 -0.000782787 0.021382307 0.101964391 0.994557915
57.400898 443.448174998 44.836760768 -4.458788017 -0.000776565 0.021372257 0.102037180 0.994550671
57.500899 445.119743022 45.215221508 -4.514362610 -0.001146996 0.021768837 0.102878797 0.994455004
57.600695 445.736119991 45.310873388 -4.535488753 -0.000917666 0.022042944 0.103821839 0.994351192
57.700893 446.638677610 45.549391978 -4.560063540 -0.001018323 0.021854834 0.103544733 0.994384140
57.800893 447.629608589 45.743606905 -4.586283201 -0.000915687 0.021752138 0.104295955 0.994307980
57.900889 448.435808838 45.909725367 -4.613283101 -0.001071392 0.022351829 0.104249979 0.994299346
58.000781 449.254146913 46.090151063 -4.643978891 -0.001118139 0.022925875 0.104829428 0.994225299
58.101000 450.163717608 46.271426314 -4.667099649 -0.001034608 0.022756040 0.105971616 0.994108198
58.200888 450.163216926 46.270767165 -4.666590090 -0.001061404 0.022757983 0.105885488 0.994117302
58.300884 452.018938625 46.612046496 -4.721746188 -0.001317316 0.022477719 0.110075997 0.993668099
58.401000 452.735666491 46.820980447 -4.755950793 -0.000519004 0.023064215 0.108061432 0.993876501
58.500889 452.740346103 46.822315841 -4.755920336 -0.000503119 0.023144324 0.108087255 0.993871839
58.600771 454.458647793 47.191743332 -4.824365647 0.000543906 0.024686323 0.106944029 0.993958382
58.700747 455.256008289 47.345738603 -4.855580012 0.001366072 0.024088561 0.107692627 0.993891429
58.800771 456.206505106 47.617203435 -4.889725231 0.002530829 0.024189761 0.104611338 0.994215730
58.900650 457.094170413 47.756001024 -4.922747585 0.003085194 0.023758539 0.106824106 0.993989247
59.000641 458.039713190 47.968701860 -4.955284566 0.003367580 0.023610743 0.105272645 0.994157363
59.100757 458.906918260 48.159723960 -4.986019798 0.004530276 0.023592826 0.104243889 0.994261569
59.200751 459.824734376 48.360197462 -5.018255147 0.005174885 0.023442388 0.102708071 0.994421805
59.300869 460.869362022 48.586323133 -5.053540415 0.006068641 0.023379716 0.101797304 0.994511875
59.400862 461.778368088 48.773713628 -5.091763956 0.007411983 0.023521844 0.100438091 0.994637610
59.501000 462.703999781 48.988779738 -5.125034166 0.009301213 0.023363085 0.097586683 0.994909289
59.600720 462.711162759 48.992377491 -5.124111177 0.009338233 0.023395081 0.097564572 0.994910359
59.701000 464.523694072 49.391455775 -5.193593406 0.010661421 0.023998878 0.094366527 0.995191111
59.800640 464.529846180 49.391368536 -5.192051936 0.010844558 0.024033820 0.094274729 0.995196989
59.900738 466.412601773 49.811390576 -5.279987009 0.014505459 0.024011369 0.089710157 0.995572767
60.000717 467.479734327 50.002341661 -5.321351425 0.014352046 0.023421051 0.088488822 0.995698349
60.100722 468.409024448 50.172494852 -5.362542012 0.014921382 0.024063669 0.085829737 0.995907399
60.200719 469.471306518 50.312086033 -5.401245723 0.014948339 0.024951568 0.087265875 0.995760329
60.300872 470.474292367 50.526429941 -5.442372821 0.015494858 0.024769179 0.084033771 0.996034499
60.400868 471.561670020 50.709622038 -5.481090208 0.016733204 0.023789543 0.082577516 0.996160133
60.501000 472.535315550 50.840027114 -5.522192991 0.017162094 0.023035772 0.082017671 0.996216802
60.600570 472.536446940 50.837618337 -5.522520376 0.017088360 0.023101114 0.082043175 0.996214457
60.700603 475.201442551 51.351668424 -5.616604840 0.020737739 0.022192193 0.076056511 0.996640788
60.801000 476.094710394 51.505367392 -5.660986652 0.018264075 0.023540636 0.074364184 0.996785950
60.901000 477.182866221 51.628565794 -5.701994249 0.021164221 0.023969321 0.072742739 0.996838022
61.001000 478.084703292 51.766681955 -5.744749489 0.022771049 0.024582047 0.070331107 0.996960750
61.100901 478.080274425 51.769083836 -5.744506093 0.022828762 0.024643935 0.070243508 0.996964078
61.200890 480.266384101 52.022916110 -5.845941253 0.027374025 0.025839474 0.062999684 0.997303376
61.301000 481.107443234 52.140104268 -5.896216557 0.026089357 0.025919992 0.063476168 0.997305508
61.400882 481.092928906 52.143623177 -5.894258333 0.026255491 0.025990222 0.063445987 0.997301241
61.500884 483.545810670 52.450340082 -6.005650565 0.030239799 0.026397509 0.052493263 0.997814203
61.600780 484.627769736 52.544474483 -6.053002944 0.028886734 0.026686153 0.054231043 0.997753677
61.700673 486.075286770 52.749880900 -6.103713645 0.029024163 0.027777337 0.046566035 0.998107019
61.800890 487.453604927 52.850804391 -6.159072576 0.029103250 0.028018873 0.041996309 0.998300683
61.900654 488.727937214 52.954643839 -6.212902550 0.028815193 0.027015446 0.038350285 0.998483403
62.001000 489.918967292 53.061784627 -6.273814515 0.027257933 0.026670289 0.033456685 0.998712346
62.100851 489.924387102 53.062066117 -6.273885079 0.027319289 0.026680428 0.033437012 0.998711058
62.201000 492.464400444 53.232203990 -6.396295418 0.027081371 0.026394407 0.023647969 0.999004859
62.300647 492.474704384 53.233238492 -6.396138844 0.027181309 0.026405107 0.023668629 0.999001373
62.400756 495.072529493 53.276445429 -6.521520544 0.029720844 0.024253408 0.011154812 0.999201688
62.500756 496.397878766 53.324430417 -6.582534698 0.029903779 0.025997508 0.009594171 0.999168577
62.600879 497.630962072 53.293284354 -6.646761690 0.031154740 0.026542498 0.005773218 0.999145409
62.700885 498.955609384 53.286856674 -6.705187631 0.033241893 0.026278454 -0.003442383 0.999095876
62.800875 500.249339800 53.269672948 -6.766115481 0.035141837 0.026783420 -0.007201791 0.998997414
62.901000 501.591938884 53.258896454 -6.831270427 0.035041707 0.028085787 -0.013604190 0.998898490
63.000845 501.580780951 53.266943382 -6.830297668 0.035201796 0.028086520 -0.013597752 0.998892928
63.101000 504.401811752 53.209128431 -6.974160373 0.036649536 0.025686802 -0.027383099 0.998622634
63.200805 504.395489232 53.213425393 -6.974251886 0.036830557 0.025707083 -0.027485511 0.998612639
63.300425 506.980115020 53.032405666 -7.126341028 0.039164293 0.027912384 -0.042108174 0.997954888
63.401000 508.414458752 52.921270976 -7.200095364 0.038917641 0.029361269 -0.043770448 0.997851432
63.500718 508.406586344 52.928625441 -7.199932002 0.038955713 0.029404013 -0.043823708 0.997846350
63.600841 511.165205897 52.688635562 -7.370415764 0.039709470 0.031353319 -0.064658322 0.996624016
63.701000 512.154597161 52.655420994 -7.446164104 0.039391146 0.031937339 -0.067827361 0.996407443
63.801000 513.796830550 52.408363703 -7.530723566 0.039377885 0.032510054 -0.077939696 0.995649478
63.900614 513.787257588 52.410946240 -7.530330287 0.039427924 0.032545866 -0.077913628 0.995648368
64.000896 516.762828337 51.908950584 -7.710447981 0.038064420 0.031982910 -0.090664454 0.994639709
64.100796 517.843231853 51.830364293 -7.797659527 0.038885544 0.031643058 -0.097617467 0.993960493
64.200885 519.424443909 51.512372542 -7.883167178 0.038792258 0.032015928 -0.107234760 0.992960647
64.300872 520.897653256 50.942194257 -7.966066225 0.038591655 0.033030562 -0.108938596 0.992749741
64.400720 522.290825252 50.655627057 -8.055230509 0.038664982 0.033471199 -0.116641846 0.991856531
64.500687 523.706990644 50.316746860 -8.148494296 0.039026301 0.033756360 -0.124777933 0.990842027
64.601000 525.176490890 49.991851382 -8.249046402 0.039025464 0.033540086 -0.134000221 0.989644389
64.701000 526.760601475 49.620387056 -8.349232497 0.039467838 0.033080203 -0.143903410 0.988250878
64.800523 526.766153843 49.619230531 -8.349623769 0.039406532 0.033083544 -0.143912835 0.988251841
64.901000 529.440560922 48.915916944 -8.545137614 0.039750552 0.032080995 -0.160112286 0.985776222
65.000821 529.446239483 48.907939146 -8.545141839 0.039689744 0.032118515 -0.160180819 0.985766316
65.101000 532.177184607 48.043050922 -8.733855931 0.039894558 0.032106443 -0.174104355 0.983394770
65.200598 532.179281718 48.044986586 -8.734090877 0.039850298 0.032132875 -0.174113927 0.983394007
65.300867 534.813611755 47.067734032 -8.927314661 0.038904944 0.032937257 -0.186378915 0.981154648
65.401000 536.431083724 47.310685208 -9.034657714 0.038400335 0.032664649 -0.210293039 0.976337684
65.500735 536.426755490 47.315784997 -9.034906770 0.038386135 0.032689661 -0.210374991 0.976319750
65.601000 539.480890581 45.207636536 -9.253908134 0.037958354 0.034507779 -0.209188086 0.976528915
65.700881 539.478054504 45.207388086 -9.253990777 0.037923650 0.034505356 -0.209254610 0.976516096
65.800761 542.311157317 43.967300708 -9.484554838 0.039012592 0.035434005 -0.221315739 0.973777075
65.900751 543.669375476 43.308856618 -9.596272776 0.037704088 0.035423707 -0.227697505 0.972356626
66.000595 545.024308671 42.641546145 -9.705866157 0.037221599 0.035200828 -0.234369481 0.970796786
66.101000 546.143684986 41.331531529 -9.816507169 0.035369228 0.036413941 -0.227855415 0.972370789
66.201000 547.570276621 41.078641757 -9.931943512 0.034834830 0.036158601 -0.241780590 0.969031081
66.300495 547.562864976 41.079600945 -9.931118627 0.034787831 0.036173079 -0.241849206 0.969015107
66.400530 549.493271920 39.369450901 -10.158446955 0.030691791 0.036049523 -0.245285960 0.968293986
66.500828 550.519695244 38.615075503 -10.274456690 0.030624757 0.037113077 -0.245430213 0.968219373
66.600609 552.075812965 37.922015577 -10.385023009 0.030544649 0.037104834 -0.255606979 0.965585485
66.700828 553.904939929 37.473231642 -10.500103392 0.030118566 0.037907188 -0.271190826 0.961307158
66.801000 555.193371352 36.687924309 -10.618750893 0.029529937 0.040220810 -0.275382117 0.960039040
66.900711 555.192627092 36.685052140 -10.619321806 0.029348680 0.040285731 -0.275315966 0.960060849
67.000595 557.768762621 35.298857734 -10.867661871 0.029304226 0.041151238 -0.288618302 0.956110513
67.101000 558.666690683 34.094019709 -10.984708082 0.027466075 0.041061747 -0.280761487 0.958505365
67.200667 558.660111546 34.104649686 -10.982689034 0.027535932 0.041072766 -0.280648100 0.958536094
67.300781 561.536012815 32.536597409 -11.222999777 0.025734454 0.040925469 -0.292080978 0.955170951
67.400874 562.290199306 31.720867563 -11.342188217 0.024093566 0.040253829 -0.287554271 0.956614693
67.500864 563.943304072 31.029316171 -11.462013303 0.023790050 0.040119467 -0.295531732 0.954193616
67.600588 565.150868065 30.081630759 -11.579009325 0.023683369 0.040618731 -0.294823907 0.954394091
67.700683 566.308510177 29.304180847 -11.685323908 0.024025596 0.039583114 -0.295059881 0.954356126
67.800728 567.510166172 28.500258080 -11.800761663 0.022491079 0.038927474 -0.296285664 0.954040675
67.900690 568.719311033 27.695037089 -11.913042462 0.021490258 0.040471723 -0.296404417 0.953962593
68.000597 569.922384148 26.869655922 -12.026004162 0.019789474 0.042305745 -0.296414532 0.953916677
68.101000 571.113298788 25.971204529 -12.143455128 0.018791813 0.043242433 -0.294853209 0.954378617
68.201000 572.385525645 25.242341167 -12.267311873 0.018382862 0.043848988 -0.296523929 0.953841127
68.300871 572.386389638 25.242264507 -12.267614695 0.018233855 0.043905036 -0.296512321 0.953845018
68.400732 574.551150818 23.546514348 -12.521962187 0.017199746 0.044724289 -0.293863966 0.954645419
68.500708 575.418640690 22.623027554 -12.644198772 0.016581103 0.044292511 -0.287529180 0.956603476
68.600719 577.017311742 22.109864531 -12.763284103 0.015878953 0.044436196 -0.293304964 0.954853644
68.700618 578.316256468 21.287568055 -12.878196741 0.015611818 0.044553011 -0.291752818 0.955328003
68.800876 579.538347250 20.555630484 -12.994045380 0.014558461 0.045353365 -0.290063244 0.955821342
68.900752 580.776610451 19.816828833 -13.114445271 0.014593551 0.046140697 -0.288007199 0.956404683
69.000658 582.016515806 19.042140783 -13.237411261 0.014179216 0.047199909 -0.285021690 0.957253234
69.100764 583.288265379 17.985500369 -13.359719033 0.014040681 0.046921686 -0.278426320 0.959208006
69.200666 584.491117890 17.193917661 -13.478112920 0.013106275 0.045482281 -0.274093023 0.960537663
69.300691 585.723301849 16.468328276 -13.600787035 0.011375612 0.046010560 -0.270424122 0.961573927
69.400793 586.949516431 15.717399528 -13.726087552 0.011222409 0.048050795 -0.265398887 0.962875178
69.501000 588.200061372 14.951622436 -13.852436393 0.011557498 0.048908964 -0.259826596 0.964346658
69.600803 588.204912133 14.954376280 -13.853155401 0.011697732 0.048889177 -0.259841217 0.964342031
69.700721 590.779418122 13.577991887 -14.110032386 0.010343292 0.047434397 -0.250684722 0.966850642
69.800711 591.730203751 12.786980261 -14.233240993 0.009009696 0.047859126 -0.243308218 0.968725679
69.900807 593.332335533 12.214785036 -14.355289291 0.008077255 0.048607367 -0.240108641 0.969494674
70.000905 594.645243393 11.525503396 -14.475607767 0.006021058 0.049280106 -0.233499126 0.971088758
70.100729 595.965032946 10.954052159 -14.602231481 0.005309619 0.049423246 -0.229468843 0.972045884
70.200798 597.250985026 10.319419688 -14.729538451 0.005533755 0.049470780 -0.222541947 0.973651427
70.300806 598.549032064 9.690377014 -14.855697971 0.005726938 0.049393940 -0.215554064 0.975225044
70.400890 599.876128657 9.214440432 -14.981961671 0.005610143 0.049090389 -0.210547645 0.976334138
70.501000 601.183777283 8.612938421 -15.099109803 0.005418746 0.048916879 -0.202723726 0.977998398
70.601000 602.479974582 8.056856694 -15.218295695 0.003935374 0.049709082 -0.195192891 0.979496429
70.695595 602.474149547 8.063070873 -15.217401254 0.003905504 0.049716131 -0.195226013 0.979489590
70.793308 604.857288806 7.045485093 -15.464296244 0.002197468 0.049534571 -0.179244357 0.982554303
70.898500 606.098838597 6.625262576 -15.594244453 0.001875104 0.049245168 -0.174452088 0.983431679
70.998561 607.578498629 6.009125120 -15.717206525 0.000598069 0.050320932 -0.165032780 0.985003364
71.098674 608.961651063 5.393650431 -15.836715747 -0.000465519 0.050154746 -0.155274300 0.986597272
71.195286 610.267365980 5.070509459 -15.954179794 -0.001685411 0.049715765 -0.149224936 0.987551224
71.289000 611.552609091 4.833602596 -16.071274232 -0.001888929 0.049083740 -0.144705997 0.988254721
71.384333 612.890331348 4.571305703 -16.188101049 -0.002410160 0.048884117 -0.139462046 0.989017124
71.501000 614.594745952 4.136436566 -16.326205325 -0.002190881 0.048452561 -0.129846120 0.990347179
71.601000 615.936132060 3.832292441 -16.439887299 -0.001474281 0.047159044 -0.121581380 0.991459439
71.700710 615.932791580 3.830180097 -16.438690748 -0.001525226 0.047157924 -0.121774450 0.991435720
71.800717 618.514131070 3.511239744 -16.663997782 0.000020793 0.044037190 -0.110055718 0.992949377
71.901000 619.680152400 3.291512111 -16.767596676 -0.000526968 0.044695439 -0.103220576 0.993653638
72.001000 621.177719685 2.793733088 -16.873389443 -0.001091278 0.044523914 -0.090631773 0.994888090
72.100851 621.171132289 2.791844842 -16.872185225 -0.001125275 0.044528780 -0.090685616 0.994882928
72.200704 623.706858442 2.439154921 -17.083053009 -0.001695095 0.044434669 -0.074635610 0.996218958
72.300849 624.830819668 2.377246878 -17.187456089 -0.001062519 0.044002287 -0.068870685 0.996654152
72.400854 626.366749858 1.792448885 -17.291024083 -0.001731464 0.043994628 -0.051459356 0.997704069
72.501000 628.130482352 2.193851902 -17.395845577 -0.001398904 0.044359406 -0.049059783 0.997809312
72.601000 629.459551769 1.565462084 -17.494953140 -0.001590380 0.044619723 -0.031300097 0.998512321
72.701000 630.560772598 2.132088083 -17.590150571 -0.000924579 0.044514980 -0.033017079 0.998462535
72.801000 631.726442739 2.365832181 -17.684939905 -0.000485621 0.043940349 -0.029259618 0.998605470
72.900711 631.723782235 2.366466103 -17.684218802 -0.000498688 0.043967798 -0.029164125 0.998607049
73.000853 634.325239826 2.010251341 -17.864112244 -0.000863877 0.042643967 -0.006023307 0.999071802
73.100691 635.513701026 2.516888163 -17.951570872 -0.000077979 0.042371913 -0.006328474 0.999081861
73.200599 636.800599415 1.601511008 -18.033146484 -0.001477661 0.041824670 0.017742380 0.998966326
73.300864 638.204616626 1.177052741 -18.112009571 -0.003291266 0.041769559 0.034412328 0.998529050
73.400562 639.520451472 1.234507150 -18.190091124 -0.004400097 0.041935280 0.043665455 0.998156000
73.501000 640.897970579 1.462999608 -18.264007712 -0.005005406 0.041293032 0.049987800 0.997883285
73.600681 640.890959959 1.464946499 -18.263787028 -0.004997979 0.041303466 0.050030568 0.997880747
73.701000 643.541804132 2.190719526 -18.415216223 -0.006738492 0.039899986 0.059141766 0.997429113
73.800820 643.536754300 2.196130168 -18.414398800 -0.006712823 0.039891554 0.059155600 0.997428803
73.900658 645.786198513 2.603458564 -18.560644660 -0.007073789 0.037873916 0.067435694 0.996979416
74.001000 646.878038780 2.686519551 -18.632141527 -0.005216725 0.036677864 0.071463795 0.996754958
74.100829 646.876102302 2.676659528 -18.630902147 -0.005272050 0.036716917 0.071519871 0.996749207
74.200829 649.034417098 3.007442373 -18.748233505 -0.001504446 0.035639261 0.074967146 0.996547795
74.300843 649.633246255 2.901785493 -18.805627099 -0.000900297 0.036723174 0.081157170 0.996024152
74.401000 651.026013577 3.298486458 -18.857490837 -0.000262870 0.037606925 0.081064886 0.995999063
74.500653 651.022261042 3.291624765 -18.856698227 -0.000317911 0.037635271 0.081071013 0.995997478
74.600457 652.994217114 3.709682385 -18.954873508 0.001629705 0.038955930 0.080588877 0.995984544
74.701000 653.538048014 3.584424706 -19.012342912 0.001551986 0.038563174 0.086655441 0.995490486
74.801000 654.733560917 3.933644545 -19.068576136 0.001768247 0.038588915 0.085585869 0.995581653
74.900821 654.729033284 3.933738297 -19.068726902 0.001791826 0.038629674 0.085539089 0.995584051
75.001000 656.132475188 4.108445597 -19.166332620 0.002516317 0.037296523 0.086862066 0.995518769
75.100645 656.120574675 4.111953930 -19.165820968 0.002619416 0.037332687 0.086839770 0.995519092
75.200825 657.252463276 4.151810496 -19.250512664 0.004020492 0.035133218 0.089348429 0.995372468
75.300640 658.141022983 4.393442332 -19.292330704 0.003739422 0.034536684 0.090296949 0.995308844
75.400819 658.921510988 4.733747422 -19.336106304 0.004080062 0.033697314 0.088009916 0.995541109
75.501000 659.854959955 4.835471183 -19.375604381 0.004114031 0.034513077 0.088262636 0.995490648
75.600814 659.851126650 4.830725170 -19.374822349 0.004092547 0.034515036 0.088167239 0.995499122
75.700817 661.425948926 5.143374327 -19.451949104 0.003546270 0.036298220 0.087342916 0.995510461
75.800808 661.997112883 5.262750141 -19.492691878 0.003301890 0.035761980 0.089332662 0.995354135
75.900618 663.062422473 5.554154079 -19.535745916 0.003794002 0.035628825 0.086689463 0.995590844
76.001000 663.786099508 5.675425562 -19.578838035 0.004094650 0.035490930 0.086004473 0.995653985
76.100625 663.784999991 5.680524475 -19.577933667 0.004085979 0.035571438 0.085947569 0.995656062
76.200813 665.064236141 5.871258144 -19.651814042 0.005224168 0.036083388 0.085904603 0.995636026
76.300451 665.600220956 5.978773090 -19.685389926 0.005390446 0.036190138 0.087381292 0.995502751
76.400630 666.307996669 6.110176908 -19.719741128 0.005466439 0.036367205 0.087445547 0.995490241
76.500450 666.918988922 6.209397365 -19.755070979 0.005968910 0.036504260 0.087038883 0.995517978
76.601000 667.502065079 6.314713032 -19.788781939 0.006169056 0.036512204 0.087454982 0.995479999
76.681000 667.497333457 6.314871738 -19.787719404 0.006162038 0.036565569 0.087443522 0.995479090
76.801000 668.529828448 6.497388984 -19.848677940 0.006813760 0.036874895 0.088054904 0.995409538
76.901000 669.037664878 6.598752934 -19.877879189 0.006632158 0.037219251 0.087959124 0.995406417
77.001000 669.468243640 6.676138440 -19.904521073 0.006910572 0.037343774 0.087978358 0.995398159
77.078778 669.461090198 6.675105216 -19.903659018 0.006909367 0.037372422 0.087974126 0.995397466
77.167667 670.166937206 6.791918536 -19.946984647 0.008038931 0.037953536 0.086756336 0.995473879
77.289889 670.665434569 6.884018120 -19.975335795 0.007872141 0.038109415 0.087587219 0.995396494
77.351000 670.936238424 6.942102832 -19.992652932 0.007557209 0.038096786 0.087740552 0.995385915
77.467667 671.507652100 7.047959958 -20.021854566 0.007374348 0.037991810 0.086505556 0.995499387
77.599567 671.968387997 7.145224066 -20.053627099 0.007343351 0.037887495 0.086296528 0.995521734
77.701000 672.424489716 7.193080318 -20.071647234 0.007530750 0.038151686 0.086338888 0.995506571
77.801000 672.795916112 7.263227211 -20.087526825 0.007332453 0.038296894 0.086382735 0.995498672
77.965174 673.176507473 7.324922347 -20.108558842 0.007209119 0.038206630 0.087185389 0.995433067
78.001000 673.198828164 7.337528276 -20.112621056 0.007457536 0.038463851 0.086252842 0.995502569
78.100468 673.192400871 7.338968779 -20.112516906 0.007486118 0.038481865 0.086216285 0.995504825
78.201000 673.671740846 7.457070142 -20.133907813 0.008036873 0.038067917 0.083974792 0.995708028
78.301000 673.765884126 7.455468794 -20.142608724 0.007830003 0.038166952 0.084573785 0.995655186
78.401000 673.903837478 7.488499466 -20.150425576 0.007706036 0.038048784 0.084712227 0.995648907
78.501000 674.031319471 7.510925389 -20.158747503 0.007357353 0.037964836 0.084567345 0.995667065
78.600645 674.032429729 7.511094735 -20.159019239 0.007401125 0.037971704 0.084685176 0.995656464
78.700651 674.313902846 7.555737040 -20.176161329 0.007644617 0.038026213 0.083446762 0.995757101
78.800468 674.392856736 7.571433934 -20.182397948 0.007738583 0.037856396 0.083954597 0.995720158
78.900467 674.484470021 7.579685784 -20.186945496 0.007587289 0.037595636 0.084778634 0.995661380
79.000483 674.562551713 7.587891125 -20.191355085 0.007631406 0.036961788 0.084503320 0.995708179
79.101000 674.677689518 7.603791128 -20.195328079 0.007855710 0.036076326 0.084213714 0.995763444
79.200650 674.675810936 7.603071769 -20.195343028 0.007832014 0.036090193 0.084164061 0.995767326
79.300646 674.837888143 7.631785454 -20.200577369 0.007985889 0.034939114 0.083782102 0.995839366
79.400825 674.914713773 7.648614929 -20.204574390 0.007706967 0.035755512 0.083734137 0.995816620
79.501000 674.991101539 7.663342358 -20.207816516 0.007468527 0.035774709 0.083699328 0.995820674
79.601000 675.044425617 7.678855740 -20.211456619 0.007553162 0.035815660 0.083030555 0.995874548
79.700825 675.038998762 7.676151600 -20.211029212 0.007545104 0.035822940 0.083093001 0.995869139
79.800650 675.135817944 7.683124584 -20.218591242 0.007775085 0.035997987 0.083337199 0.995840652
79.900466 675.178624423 7.695856919 -20.221550848 0.007579591 0.035871243 0.083496464 0.995833392
80.001000 675.239538032 7.709679414 -20.225076691 0.007610858 0.035940785 0.083349735 0.995842938
80.100645 675.236692122 7.711709980 -20.224647338 0.007605352 0.035948561 0.083360246 0.995841819
80.200648 675.299339606 7.711870583 -20.227373072 0.007783837 0.035615548 0.083240486 0.995862423
80.300826 675.333236662 7.719648740 -20.229221717 0.007730270 0.035562155 0.083229494 0.995865667
80.400469 675.372613630 7.726994273 -20.230725183 0.007673890 0.035318085 0.083443731 0.995856861
80.500464 675.382880320 7.733557853 -20.231645682 0.007514209 0.035137992 0.083817789 0.995833036
80.600646 675.388050699 7.737089849 -20.233458512 0.007530529 0.035226050 0.083352436 0.995868861
80.700477 675.400632642 7.730267388 -20.232950818 0.007545789 0.035357596 0.083649251 0.995839196
80.800831 675.405826387 7.735044215 -20.233112122 0.007628436 0.035378966 0.083603581 0.995841642
80.900482 675.414249229 7.739075051 -20.232612643 0.007551549 0.035460450 0.083884966 0.995815667
81.000642 675.410824246 7.740899119 -20.233149191 0.007623514 0.035351178 0.083647792 0.995838954
81.101000 675.394761310 7.732212357 -20.232054646 0.007614946 0.035050578 0.083642307 0.995850106
81.200454 675.387527181 7.730419361 -20.231347758 0.007604302 0.035056714 0.083645255 0.995849724
81.300638 675.382285598 7.724439503 -20.230552367 0.007508327 0.035292343 0.083700089 0.995837522
81.400466 675.380447087 7.729301435 -20.229688740 0.007641639 0.035151174 0.083691089 0.995842258
81.501000 675.380171236 7.726652947 -20.230514743 0.007584459 0.035049966 0.083648194 0.995849866
81.600463 675.382049415 7.726664676 -20.230778131 0.007572760 0.035052064 0.083657700 0.995849083
81.700639 675.382560780 7.717009635 -20.230680575 0.007525540 0.035124280 0.083437604 0.995865361
81.801000 675.392265016 7.727620352 -20.231018866 0.007530900 0.035107087 0.083619711 0.995850652
81.900646 675.395405606 7.731718810 -20.231217996 0.007542281 0.035101043 0.083621929 0.995850593
82.000819 675.408305211 7.735210587 -20.232124073 0.007536765 0.035125466 0.083667852 0.995845916
82.100820 675.407099092 7.731903533 -20.232319271 0.007546992 0.035053650 0.083873196 0.995831096
82.200819 675.406638960 7.734659281 -20.231619991 0.007551150 0.035009295 0.083730384 0.995844643
82.301000 675.408999027 7.733400391 -20.231892772 0.007568491 0.035162362 0.083684001 0.995843017
82.401000 675.416397084 7.741551006 -20.233669697 0.007583961 0.035110654 0.083660075 0.995846734
82.501000 675.421622240 7.744278448 -20.234021701 0.007535616 0.035074392 0.083559542 0.995856819
82.600451 675.419307212 7.744837802 -20.233847266 0.007544905 0.035077741 0.083554110 0.995857087
82.700820 675.427709375 7.744401963 -20.233571490 0.007590927 0.035074401 0.083588609 0.995853959
82.800475 675.425484192 7.741711761 -20.232592470 0.007576204 0.035095394 0.083573934 0.995854564
82.900823 675.420126252 7.744463725 -20.232019668 0.007520946 0.035056960 0.083551045 0.995858257
83.000457 675.415321864 7.741952447 -20.231381433 0.007525631 0.035117629 0.083710008 0.995842734
83.100653 675.404366518 7.738008752 -20.230960843 0.007634366 0.035102230 0.083763959 0.995837913
83.200820 675.387618754 7.737080638 -20.231273392 0.007525126 0.035085742 0.083740489 0.995841299
83.300819 675.385661302 7.739929577 -20.230614210 0.007487211 0.035125603 0.083346822 0.995873205
83.400639 675.379708714 7.737981365 -20.230182420 0.007590442 0.035114422 0.083536565 0.995856920
83.500821 675.367466411 7.740636219 -20.229673612 0.007617782 0.035142612 0.083600379 0.995850362
