9.912170 0.280092 0.000068 0.001536 -0.000185 -0.000070 -0.000313 1.000000
10.012067 0.626478 0.002018 0.003496 -0.000180 -0.000031 -0.000596 1.000000
10.112042 0.914970 0.015296 0.001111 -0.000163 0.000152 -0.000794 1.000000
10.212165 1.326277 0.011247 0.008191 -0.000186 0.000231 -0.000617 1.000000
10.312069 1.744627 0.012198 0.010977 0.000093 0.000255 -0.000528 1.000000
10.412218 2.154398 0.010623 0.019901 0.000157 0.000393 -0.000663 1.000000
10.512092 2.578673 0.023696 0.018015 0.000163 0.000683 -0.000504 1.000000
10.612065 3.015644 0.023498 0.025828 0.000162 0.000735 -0.000420 1.000000
10.712163 3.480940 0.030531 0.024940 0.000088 0.000616 -0.000161 1.000000
10.812066 3.973436 0.035677 0.034733 0.000399 0.000732 -0.000127 1.000000
10.912168 4.437780 0.040739 0.035167 0.000459 0.000962 0.000399 0.999999
11.012166 4.891150 0.046257 0.044103 0.000371 0.001206 0.000945 0.999999
11.112067 5.348004 0.048817 0.041573 0.000374 0.001078 0.001246 0.999999
11.212020 5.787406 0.055796 0.049732 0.000735 0.001063 0.001568 0.999998
11.312191 6.234846 0.056516 0.048987 0.000487 0.001203 0.001937 0.999997
11.412066 6.680802 0.065778 0.053686 0.000324 0.001548 0.002506 0.999996
11.500673 6.686735 0.068426 0.054840 0.000345 0.001547 0.002531 0.999996
11.700022 8.041688 0.095676 0.063125 0.000521 0.001326 0.003676 0.999992
11.799922 8.353622 0.103765 0.067415 0.000547 0.001351 0.003945 0.999991
11.899798 8.675127 0.110425 0.066781 0.000432 0.001401 0.004327 0.999990
11.999598 9.026831 0.120119 0.071345 0.000600 0.001274 0.004469 0.999989
12.099723 9.370380 0.128746 0.072067 0.000647 0.001279 0.004772 0.999988
12.199672 9.715210 0.134025 0.076327 0.000617 0.001403 0.005006 0.999986
12.299648 10.108044 0.148585 0.077411 0.000367 0.001426 0.005444 0.999984
12.399598 10.485538 0.149099 0.083204 0.000278 0.001472 0.005952 0.999981
12.499698 10.876319 0.162774 0.086188 0.000302 0.001612 0.006030 0.999980
12.599624 11.234424 0.173951 0.090090 0.000151 0.002002 0.006201 0.999979
12.699424 11.623809 0.186918 0.089001 0.000024 0.002057 0.006444 0.999977
12.799373 12.020732 0.191076 0.096049 -0.000240 0.001895 0.006599 0.999976
12.899623 12.405466 0.215614 0.097885 -0.000081 0.001837 0.006321 0.999978
12.999599 12.765612 0.214146 0.101095 0.000036 0.002027 0.006389 0.999978
13.099847 13.161652 0.237785 0.107542 -0.000074 0.002039 0.006550 0.999976
13.200297 13.531378 0.239876 0.105844 -0.000386 0.001953 0.006542 0.999977
13.300347 13.917242 0.243189 0.110412 -0.000580 0.001800 0.006279 0.999978
13.312065 13.952487 0.244269 0.108785 -0.000704 0.001647 0.006056 0.999980
13.412070 14.435476 0.248815 0.117186 -0.000560 0.001898 0.005913 0.999981
13.512120 14.836190 0.251549 0.119105 -0.000727 0.001916 0.006015 0.999980
13.612139 15.240158 0.260322 0.125286 -0.000994 0.002031 0.006044 0.999979
13.712065 15.651045 0.270447 0.125608 -0.001016 0.002240 0.006163 0.999978
13.812068 16.068673 0.278084 0.130514 -0.001088 0.002127 0.006359 0.999977
13.910779 16.435281 0.278409 0.134242 -0.001207 0.001832 0.006353 0.999977
14.010754 16.796197 0.289095 0.136922 -0.001298 0.001910 0.006786 0.999974
14.110779 17.163152 0.299101 0.142854 -0.001203 0.002077 0.007115 0.999972
14.210827 17.533340 0.303847 0.145311 -0.001057 0.001992 0.007082 0.999972
14.310879 17.876643 0.322603 0.149229 -0.001073 0.001912 0.007161 0.999972
14.412118 18.231182 0.329253 0.148570 -0.001101 0.001886 0.007106 0.999972
14.512218 18.591540 0.336866 0.150986 -0.001394 0.001656 0.007552 0.999969
14.612166 18.957126 0.336191 0.155843 -0.001491 0.001611 0.007481 0.999970
14.712067 19.296499 0.348609 0.159459 -0.001337 0.001477 0.007676 0.999969
14.812170 19.646503 0.351085 0.162597 -0.001414 0.001305 0.007644 0.999969
14.912191 20.010348 0.362270 0.160660 -0.001406 0.001324 0.007416 0.999971
15.012118 20.362192 0.377420 0.169352 -0.001355 0.001144 0.007464 0.999971
15.112072 20.706291 0.384032 0.164946 -0.001559 0.001146 0.007285 0.999972
15.212217 21.071066 0.391331 0.173776 -0.001580 0.000992 0.007310 0.999972
15.312169 21.440965 0.394816 0.173257 -0.001324 0.000804 0.006953 0.999975
15.412119 21.805994 0.403249 0.181687 -0.001114 0.000770 0.007147 0.999974
15.512165 22.188093 0.409665 0.178673 -0.001290 0.000810 0.007155 0.999973
15.612169 22.563331 0.414419 0.181565 -0.001530 0.000540 0.007428 0.999971
15.712091 22.947222 0.418242 0.185056 -0.001412 -0.000093 0.007487 0.999971
15.812190 23.350609 0.426416 0.191013 -0.000920 -0.001097 0.006920 0.999975
15.912117 23.735648 0.439394 0.198629 -0.000791 -0.001506 0.006216 0.999979
16.012216 24.132333 0.447278 0.199048 -0.001013 -0.001208 0.004938 0.999987
16.112194 24.528426 0.455586 0.197718 -0.001544 -0.000503 0.003666 0.999992
16.212018 24.948922 0.450279 0.198277 -0.002206 -0.000172 0.002503 0.999994
16.312118 25.383271 0.450129 0.202686 -0.002525 -0.000363 0.000415 0.999997
16.412219 25.814955 0.436897 0.207780 -0.002189 -0.000082 -0.002342 0.999995
16.512067 26.234845 0.422813 0.216982 -0.001331 0.000395 -0.004673 0.999988
16.612170 26.696145 0.419630 0.217126 -0.000938 0.000476 -0.007026 0.999975
16.712191 27.156694 0.427974 0.216963 -0.001045 0.000053 -0.009646 0.999953
16.812040 27.652720 0.430846 0.211992 -0.000997 -0.000701 -0.012634 0.999919
16.912119 28.144350 0.411276 0.219211 -0.001556 -0.001258 -0.015758 0.999874
17.012118 28.656694 0.385395 0.219861 -0.001526 -0.000823 -0.018618 0.999825
17.112092 29.175912 0.355642 0.228557 -0.000916 -0.000334 -0.021232 0.999774
17.212166 29.715724 0.336754 0.228687 -0.001009 -0.000242 -0.024282 0.999705
17.312066 30.276660 0.305810 0.229331 -0.001107 -0.000218 -0.027139 0.999631
17.412168 30.840950 0.270969 0.231918 -0.000918 -0.000390 -0.030312 0.999540
17.512120 31.438869 0.228088 0.236239 -0.000594 -0.000215 -0.033423 0.999441
17.612117 32.046791 0.194120 0.237945 -0.000720 0.000156 -0.036309 0.999340
17.712017 32.657415 0.157704 0.239249 -0.000565 0.000194 -0.039102 0.999235
17.812070 33.289835 0.089578 0.246580 -0.000559 0.000101 -0.042144 0.999111
17.912121 33.909797 0.044194 0.249337 -0.000547 0.000269 -0.045166 0.998979
18.012172 34.559830 -0.011177 0.249940 -0.000279 0.000427 -0.047887 0.998853
18.183871 35.662030 -0.126713 0.255595 -0.000224 0.000777 -0.052772 0.998606
18.279357 36.171320 -0.145070 0.257502 -0.000579 0.000787 -0.053431 0.998571
18.312067 36.327744 -0.181040 0.257386 -0.000383 0.001072 -0.054498 0.998513
18.412022 37.013019 -0.298836 0.256829 0.000127 0.001049 -0.058561 0.998283
18.512067 37.682316 -0.373031 0.259374 0.000150 0.001319 -0.060472 0.998169
18.612169 38.380771 -0.475505 0.263440 0.000711 0.001287 -0.061436 0.998110
18.712166 39.069943 -0.556009 0.265169 0.001144 0.001309 -0.062060 0.998071
18.812067 39.765385 -0.637319 0.262521 0.001131 0.001149 -0.062050 0.998072
18.983849 41.045289 -0.791460 0.263283 0.000951 0.000762 -0.061616 0.998099
19.079934 41.633898 -0.815772 0.267170 0.000652 0.000611 -0.061432 0.998111
19.181202 42.282511 -0.894170 0.272535 0.001011 0.000230 -0.061001 0.998137
19.277913 42.916526 -0.983004 0.275282 0.001179 0.000349 -0.060473 0.998169
19.377064 43.589386 -1.059782 0.271622 0.001316 0.000537 -0.059341 0.998237
19.476216 44.275010 -1.146484 0.277394 0.001484 0.000449 -0.058014 0.998315
19.576217 45.004122 -1.227871 0.280468 0.001409 0.000528 -0.056304 0.998413
19.675669 45.755705 -1.317475 0.284912 0.001226 0.001115 -0.054252 0.998526
19.774373 46.512215 -1.403559 0.292279 0.001456 0.001618 -0.051785 0.998656
19.873350 47.257812 -1.472832 0.294666 0.001513 0.002342 -0.049621 0.998764
19.973102 48.010462 -1.537429 0.295749 0.001913 0.002653 -0.047062 0.998887
20.072653 48.756580 -1.609206 0.297964 0.002046 0.002846 -0.044698 0.998994
20.166690 49.469724 -1.659381 0.298530 0.002198 0.003128 -0.042171 0.999103
20.272228 50.262539 -1.721126 0.301905 0.002169 0.003222 -0.039156 0.999226
20.372348 51.029018 -1.770844 0.304367 0.001748 0.003194 -0.036272 0.999335
20.492725 51.955336 -1.817861 0.305296 0.001669 0.003071 -0.032925 0.999452
20.565317 52.470895 -1.850678 0.311925 0.001867 0.003015 -0.031323 0.999503
20.665222 53.297227 -1.898683 0.314695 0.001673 0.003192 -0.027762 0.999608
20.768988 54.082231 -1.933145 0.315933 0.001408 0.003498 -0.025407 0.999670
20.868940 54.848827 -1.963238 0.318037 0.001076 0.003478 -0.022572 0.999739
20.969040 55.608513 -1.982839 0.322777 0.000975 0.003709 -0.019908 0.999794
21.067292 56.338484 -2.006354 0.325222 0.001334 0.003892 -0.017435 0.999840
21.169019 57.121857 -2.030985 0.329732 0.001290 0.003776 -0.014688 0.999884
21.273606 57.895354 -2.038018 0.331046 0.001138 0.003739 -0.012619 0.999913
21.367243 58.589198 -2.051489 0.330867 0.000719 0.004004 -0.010480 0.999937
21.466718 59.336487 -2.060177 0.337047 0.000555 0.004252 -0.008659 0.999953
21.566718 60.107626 -2.060737 0.335365 0.000422 0.004604 -0.006728 0.999967
21.666695 60.873879 -2.063285 0.343757 0.000569 0.004937 -0.005101 0.999975
21.766569 61.637640 -2.065922 0.343187 0.000852 0.004566 -0.003487 0.999983
21.834684 62.151240 -2.066353 0.341361 0.000401 0.004448 -0.002851 0.999986
21.966519 63.247993 -2.064302 0.338786 0.000409 0.003842 -0.001606 0.999991
22.066443 63.937557 -2.055545 0.340040 0.000376 0.003772 -0.000889 0.999992
22.136352 64.453388 -2.043711 0.338734 0.000599 0.003954 -0.000400 0.999992
22.266322 65.505020 -2.043614 0.339777 0.000868 0.003841 0.000378 0.999992
22.366200 66.194493 -2.025345 0.335711 0.000683 0.003667 0.001214 0.999992
22.437674 66.702281 -2.017269 0.334715 0.000760 0.003714 0.001216 0.999992
22.565771 67.727782 -2.026575 0.341944 0.000306 0.003755 0.002255 0.999990
22.665144 68.427400 -2.009252 0.341290 -0.000097 0.003846 0.002641 0.999989
22.766120 69.191056 -1.991636 0.338630 0.000448 0.003654 0.002986 0.999989
22.839191 69.740104 -1.984660 0.337497 -0.000003 0.003483 0.003725 0.999987
22.965323 70.817314 -1.964536 0.338094 -0.000523 0.003273 0.004624 0.999984
23.065173 71.573997 -1.946903 0.336583 -0.000432 0.003226 0.004964 0.999982
23.138097 72.159721 -1.939271 0.341112 -0.000428 0.003086 0.005382 0.999981
23.265945 73.287526 -1.927566 0.341598 -0.000343 0.003307 0.006775 0.999972
23.365099 74.089986 -1.899984 0.337205 -0.000271 0.003273 0.007683 0.999965
23.437846 74.681239 -1.887845 0.339377 0.000159 0.003260 0.008575 0.999958
23.565198 75.818127 -1.847348 0.335373 0.000191 0.003475 0.009976 0.999944
23.665144 76.623511 -1.829667 0.336935 0.000409 0.003331 0.011024 0.999934
23.765224 77.435724 -1.803168 0.333620 0.000629 0.003342 0.012105 0.999921
23.865251 78.267507 -1.777280 0.334895 0.000500 0.003238 0.013054 0.999909
23.910432 78.651969 -1.762333 0.333215 0.000743 0.002835 0.013658 0.999902
24.010526 79.670487 -1.733594 0.335812 0.000299 0.002974 0.014947 0.999884
24.165423 81.148743 -1.678609 0.336580 0.000305 0.003400 0.016033 0.999866
24.203611 81.402590 -1.659205 0.328019 0.000072 0.003222 0.016582 0.999857
24.310117 82.404276 -1.617536 0.338346 0.000093 0.003485 0.017652 0.999838
24.410190 83.347339 -1.570545 0.331485 0.000103 0.003725 0.018827 0.999816
24.510544 84.285466 -1.528312 0.336303 -0.000072 0.003787 0.019253 0.999807
24.699898 86.074413 -1.431605 0.327557 0.000700 0.003952 0.021246 0.999766
24.799749 86.891265 -1.416411 0.328692 0.000320 0.003671 0.021627 0.999759
24.899750 87.728098 -1.358578 0.324526 0.000457 0.004012 0.022898 0.999730
24.909294 87.782839 -1.356514 0.329556 0.000460 0.003772 0.022857 0.999732
25.099575 89.559946 -1.250350 0.326512 0.000680 0.004613 0.024750 0.999683
25.199350 90.309077 -1.221528 0.331423 0.000367 0.004662 0.024680 0.999684
25.210983 90.393998 -1.209980 0.324350 0.000785 0.004598 0.024910 0.999679
25.310605 91.359795 -1.150881 0.329351 0.000629 0.005283 0.025213 0.999668
25.465498 92.837277 -1.044920 0.328132 -0.000292 0.006009 0.025659 0.999653
25.511089 93.212275 -1.050378 0.322662 -0.000070 0.005646 0.025902 0.999649
25.611319 94.157504 -0.978664 0.322688 -0.000252 0.005897 0.025684 0.999653
25.711914 95.126916 -0.921642 0.320685 -0.000632 0.005555 0.025827 0.999651
25.865525 96.537867 -0.821246 0.311391 -0.000457 0.005705 0.025438 0.999660
25.938493 97.112230 -0.797432 0.308430 -0.000022 0.005126 0.025827 0.999653
26.039017 97.992110 -0.741558 0.308134 -0.000644 0.005197 0.025816 0.999653
26.165154 99.097452 -0.669264 0.301783 -0.000737 0.005279 0.025607 0.999658
26.239346 99.687958 -0.636553 0.306488 -0.000976 0.005372 0.025687 0.999655
26.365127 100.799273 -0.569394 0.301654 -0.001028 0.005541 0.025184 0.999667
26.465229 101.634930 -0.524570 0.304509 -0.001389 0.005763 0.024901 0.999672
26.565102 102.468062 -0.468649 0.299965 -0.001278 0.005814 0.025134 0.999666
26.665150 103.332635 -0.427273 0.300961 -0.001471 0.006184 0.024967 0.999668
26.738814 103.980417 -0.394423 0.297122 -0.002264 0.006170 0.025081 0.999664
26.865150 105.158231 -0.319424 0.297322 -0.001745 0.006055 0.025132 0.999664
26.965272 105.958797 -0.283490 0.292388 -0.002019 0.005704 0.025110 0.999666
27.065623 106.817993 -0.234587 0.287268 -0.001128 0.005250 0.024395 0.999688
27.165824 107.707206 -0.184256 0.294041 -0.001432 0.006061 0.024404 0.999683
27.265132 108.583186 -0.139902 0.295927 -0.001683 0.006132 0.024091 0.999690
27.339391 109.223212 -0.105274 0.289429 -0.002246 0.005560 0.024421 0.999684
27.465222 110.403988 -0.038057 0.289498 -0.002116 0.005834 0.024099 0.999690
27.565230 111.253114 0.014344 0.277854 -0.001375 0.006366 0.024255 0.999685
27.665596 112.118482 0.062268 0.282902 -0.001335 0.007120 0.024129 0.999683
27.765176 112.970362 0.118916 0.278886 -0.002004 0.007627 0.024327 0.999673
27.865155 113.839242 0.168763 0.273224 -0.001661 0.008504 0.024371 0.999665
27.904535 114.197937 0.186827 0.273539 -0.001667 0.008913 0.024315 0.999663
28.036204 115.425585 0.242806 0.277110 -0.002631 0.009191 0.024585 0.999652
28.104086 116.017531 0.279926 0.260406 -0.002801 0.008825 0.024974 0.999645
28.203914 116.928949 0.323732 0.262698 -0.002515 0.008390 0.025296 0.999642
28.400246 118.682837 0.414438 0.255943 -0.002389 0.008180 0.025882 0.999629
28.499873 119.373448 0.486686 0.240296 -0.002178 0.007840 0.025657 0.999638
28.599773 120.157227 0.520270 0.246994 -0.001702 0.007525 0.025435 0.999647
28.699350 120.875850 0.576242 0.239511 -0.002117 0.007170 0.025795 0.999639
28.799125 121.596735 0.615957 0.239916 -0.001902 0.007122 0.026225 0.999629
28.899099 122.325443 0.680558 0.236136 -0.001614 0.007962 0.026472 0.999617
28.999025 123.033376 0.736142 0.233502 -0.001765 0.008345 0.026461 0.999613
29.099424 123.748203 0.761037 0.236910 -0.002207 0.008860 0.026768 0.999600
29.200296 124.467718 0.817338 0.231498 -0.002371 0.009549 0.026857 0.999591
29.265228 124.909917 0.824858 0.236431 -0.002600 0.009658 0.026655 0.999595
29.365176 125.715407 0.873677 0.230162 -0.002297 0.009743 0.027225 0.999579
29.465746 126.462977 0.932280 0.226711 -0.002724 0.009239 0.027199 0.999584
29.510746 126.791255 0.957149 0.221412 -0.003802 0.008930 0.027151 0.999584
29.610645 127.658793 1.013738 0.213716 -0.002601 0.009363 0.027513 0.999574
29.710670 128.482661 1.060945 0.209236 -0.002455 0.009774 0.027770 0.999564
29.810922 129.280571 1.100095 0.203452 -0.002691 0.009843 0.028194 0.999550
29.945849 130.326765 1.176311 0.198947 -0.002406 0.010322 0.028633 0.999534
30.001698 130.682933 1.201465 0.191873 -0.002179 0.010037 0.028955 0.999528
30.199920 132.195690 1.304724 0.181540 -0.001952 0.011130 0.028628 0.999526
30.299521 132.842465 1.350180 0.170058 -0.002333 0.010773 0.028459 0.999534
30.335806 133.082816 1.370002 0.173966 -0.002542 0.010584 0.028986 0.999521
30.410462 133.637653 1.391214 0.177437 -0.002301 0.011203 0.028768 0.999521
30.510637 134.383892 1.441827 0.168661 -0.002430 0.011342 0.028605 0.999523
30.610669 135.149611 1.495873 0.159552 -0.001803 0.011193 0.028335 0.999534
30.765250 136.274477 1.568130 0.151591 -0.001843 0.011596 0.028631 0.999521
30.865249 136.915401 1.591955 0.149145 -0.002088 0.011243 0.028869 0.999518
30.965149 137.547127 1.635963 0.146211 -0.001934 0.011004 0.028983 0.999517
31.045902 138.048549 1.660100 0.141966 -0.001686 0.010358 0.029261 0.999517
31.166418 138.790216 1.709894 0.138524 -0.002174 0.010086 0.029215 0.999520
31.240870 139.219331 1.748548 0.131776 -0.002081 0.009712 0.029251 0.999523
31.365274 139.994245 1.791575 0.125393 -0.001606 0.009990 0.029005 0.999528
31.465123 140.570581 1.835977 0.119736 -0.001975 0.009918 0.028966 0.999529
31.565100 141.174811 1.867759 0.119442 -0.001962 0.009859 0.028709 0.999537
31.665521 141.760701 1.896397 0.117362 -0.002057 0.009683 0.028885 0.999534
31.766444 142.341351 1.938978 0.113437 -0.001691 0.010092 0.028798 0.999533
31.865673 142.912718 1.973556 0.112284 -0.001565 0.010031 0.028740 0.999535
31.965093 143.485278 2.017576 0.108840 -0.001646 0.009395 0.028908 0.999537
32.065572 144.064372 2.065295 0.099066 -0.001817 0.009544 0.028872 0.999536
32.165201 144.652746 2.088515 0.094725 -0.001667 0.009577 0.028994 0.999532
32.265142 145.243344 2.133753 0.098275 -0.001526 0.009487 0.028653 0.999543
32.365649 145.831354 2.168452 0.090398 -0.002112 0.009828 0.028886 0.999532
32.469637 146.462161 2.220768 0.082529 -0.002940 0.010238 0.028442 0.999539
32.564996 147.009487 2.250870 0.076736 -0.003551 0.009970 0.028867 0.999527
32.665523 147.618512 2.276786 0.077744 -0.004897 0.009985 0.029601 0.999500
32.765148 148.210603 2.327703 0.072242 -0.003943 0.009885 0.029514 0.999508
32.865672 148.795566 2.366752 0.069422 -0.003044 0.010326 0.030348 0.999481
32.965471 149.378197 2.404469 0.059157 -0.003817 0.010685 0.030987 0.999455
33.065268 149.974817 2.444581 0.056013 -0.005124 0.010231 0.030590 0.999467
33.165794 150.571077 2.489097 0.052166 -0.004898 0.010304 0.031312 0.999445
33.269167 151.163390 2.533301 0.046899 -0.004759 0.010113 0.031464 0.999442
33.365190 151.708323 2.585604 0.045600 -0.004865 0.010421 0.031000 0.999453
33.468984 152.269489 2.615723 0.039220 -0.004262 0.010120 0.031493 0.999444
33.569010 152.800462 2.658639 0.031976 -0.003500 0.010201 0.031881 0.999433
33.668983 153.337039 2.701993 0.028644 -0.003500 0.010337 0.032172 0.999423
33.712018 153.576717 2.719051 0.023497 -0.003745 0.010314 0.032049 0.999426
33.812116 154.205094 2.770343 0.019302 -0.004106 0.009998 0.031711 0.999439
33.945899 154.997140 2.827011 0.012754 -0.002765 0.010368 0.032592 0.999411
34.045873 155.550796 2.866980 0.001947 -0.003957 0.010157 0.032567 0.999410
34.112112 155.893450 2.882795 0.000672 -0.003025 0.009856 0.032205 0.999428
34.212136 156.475754 2.925764 0.001293 -0.003060 0.009416 0.032454 0.999424
34.312211 157.040692 2.975613 -0.009687 -0.002741 0.009502 0.032789 0.999413
34.412117 157.608454 3.011518 -0.008917 -0.002921 0.009026 0.032653 0.999422
34.512065 158.173359 3.058894 -0.009325 -0.003070 0.009074 0.033069 0.999407
34.612065 158.728077 3.095003 -0.018582 -0.001493 0.009362 0.032946 0.999412
34.773027 159.645226 3.168313 -0.026384 -0.000993 0.009760 0.033855 0.999379
34.812114 159.807348 3.165659 -0.029072 -0.001527 0.008933 0.033809 0.999387
34.968911 160.691414 3.237982 -0.034989 -0.000738 0.009402 0.033508 0.999394
35.074641 161.250216 3.271957 -0.041527 -0.000786 0.008997 0.034463 0.999365
35.145339 161.623595 3.305333 -0.042786 -0.001260 0.008687 0.034444 0.999368
35.210787 162.006571 3.340417 -0.051535 -0.000865 0.008653 0.034316 0.999373
35.338818 162.793296 3.403899 -0.054744 -0.000260 0.009074 0.035197 0.999339
35.412111 163.210069 3.438164 -0.062347 -0.000996 0.008759 0.035574 0.999328
35.592741 164.332179 3.520270 -0.068209 -0.000790 0.008688 0.036159 0.999308
35.695213 164.872487 3.566555 -0.079736 -0.000249 0.008413 0.036643 0.999293
35.792021 165.373880 3.600687 -0.084100 -0.000383 0.008532 0.036955 0.999280
35.891451 165.918942 3.646313 -0.086785 -0.000742 0.007905 0.037633 0.999260
35.969558 166.358939 3.681222 -0.092965 -0.000622 0.007729 0.037378 0.999271
36.089928 167.115209 3.754210 -0.091966 -0.000960 0.008143 0.037774 0.999253
36.193193 167.741514 3.792915 -0.102042 -0.001304 0.007859 0.038130 0.999241
36.292646 168.365836 3.853472 -0.104407 -0.001410 0.007900 0.037836 0.999252
36.390930 168.995033 3.908799 -0.116974 -0.002131 0.007702 0.037925 0.999249
36.469158 169.510548 3.954762 -0.124661 -0.001626 0.007564 0.037859 0.999253
36.567763 170.253890 4.016714 -0.133255 -0.001473 0.007972 0.037598 0.999260
36.667639 170.993914 4.074489 -0.137618 -0.002091 0.008333 0.037759 0.999250
36.711218 171.319374 4.104498 -0.143818 -0.002035 0.008294 0.037701 0.999253
36.868938 172.639484 4.214201 -0.160897 -0.002330 0.009035 0.036999 0.999272
36.968962 173.410753 4.271361 -0.176612 -0.002663 0.008494 0.037443 0.999259
37.010156 173.705904 4.306428 -0.176323 -0.002262 0.007904 0.037102 0.999278
37.110054 174.528643 4.363290 -0.186439 -0.002671 0.008351 0.036684 0.999288
37.210205 175.368263 4.426533 -0.192959 -0.002742 0.008194 0.036623 0.999292
37.310201 176.198642 4.515046 -0.203533 -0.002656 0.008019 0.036311 0.999305
37.410251 177.009731 4.575295 -0.218681 -0.002903 0.007866 0.035890 0.999321
37.510252 177.815302 4.635533 -0.222949 -0.002489 0.008158 0.035930 0.999318
37.610354 178.623229 4.684762 -0.235830 -0.003054 0.008645 0.035569 0.999325
37.710401 179.452724 4.752801 -0.245042 -0.002465 0.008810 0.035835 0.999316
37.810349 180.265205 4.830177 -0.252730 -0.002330 0.009150 0.035848 0.999313
37.999749 181.807039 4.939583 -0.270950 -0.002548 0.010411 0.036468 0.999277
38.099698 182.486801 5.003874 -0.281333 -0.002379 0.009883 0.036948 0.999265
38.199674 183.167585 5.049536 -0.282362 -0.002312 0.010459 0.037306 0.999246
38.299673 183.847341 5.107681 -0.287678 -0.002445 0.010532 0.037241 0.999248
38.399623 184.516403 5.160950 -0.296722 -0.002370 0.010218 0.037529 0.999240
38.499423 185.220864 5.227952 -0.305790 -0.002266 0.009836 0.037857 0.999232
38.599149 185.962820 5.298822 -0.319443 -0.001937 0.009542 0.038124 0.999226
38.699574 186.725738 5.369326 -0.331363 -0.001678 0.009255 0.038392 0.999218
38.800322 187.521209 5.438934 -0.345022 -0.001392 0.009551 0.038920 0.999196
38.810781 187.616791 5.449365 -0.342981 -0.001524 0.008992 0.038809 0.999205
38.938646 188.736022 5.542279 -0.354148 -0.001589 0.009711 0.039612 0.999167
39.040866 189.672234 5.627458 -0.366113 -0.001704 0.009225 0.040268 0.999145
39.169138 190.821648 5.709812 -0.382533 -0.001438 0.008882 0.040354 0.999145
39.267210 191.675132 5.782674 -0.396707 -0.001439 0.008563 0.040765 0.999131
39.366792 192.539361 5.876692 -0.407896 -0.000893 0.008710 0.041017 0.999120
39.467162 193.418491 5.965200 -0.415567 -0.000837 0.008766 0.041702 0.999091
39.566663 194.296576 6.052461 -0.431056 -0.001279 0.008589 0.042473 0.999060
39.667710 195.222623 6.126292 -0.446920 -0.001185 0.008650 0.043221 0.999027
39.767143 196.133320 6.214574 -0.456079 -0.001017 0.009385 0.043670 0.999001
39.869339 197.089842 6.314410 -0.465446 -0.000898 0.009635 0.044815 0.998948
39.966665 197.998433 6.402732 -0.471044 -0.001186 0.009944 0.045522 0.998913
40.066673 198.942164 6.491742 -0.488280 -0.000877 0.010200 0.046048 0.998887
40.166840 199.886871 6.592277 -0.499258 -0.000776 0.010684 0.046662 0.998853
40.267011 200.853835 6.691721 -0.507589 -0.001000 0.010964 0.047888 0.998792
40.367145 201.800263 6.787350 -0.523579 -0.001405 0.011052 0.048489 0.998762
40.410667 202.219140 6.836892 -0.525860 -0.000653 0.010600 0.048780 0.998753
40.510868 203.303931 6.973720 -0.548282 -0.000417 0.010597 0.048951 0.998745
40.667260 204.948897 7.128230 -0.566781 -0.000643 0.011679 0.050263 0.998668
40.769034 205.967162 7.235325 -0.589426 -0.000469 0.011475 0.050860 0.998640
40.812113 206.370454 7.281139 -0.582569 -0.000629 0.011586 0.050974 0.998633
40.910657 207.396786 7.401265 -0.597331 -0.000996 0.011845 0.050683 0.998644
41.010779 208.447565 7.505587 -0.615353 -0.000664 0.011545 0.051499 0.998606
41.183741 210.272920 7.727154 -0.646794 -0.000235 0.011361 0.051605 0.998603
41.279829 211.203683 7.816591 -0.666137 -0.000181 0.011014 0.051806 0.998596
41.338648 211.770500 7.879560 -0.660804 -0.000752 0.010989 0.051878 0.998593
41.473048 213.143360 8.030047 -0.678571 -0.001007 0.010790 0.051443 0.998617
41.507437 213.453829 8.062938 -0.687443 -0.000988 0.010501 0.051591 0.998613
41.608781 214.548453 8.179403 -0.708023 -0.000528 0.008953 0.050744 0.998671
41.707013 215.585002 8.280452 -0.724833 -0.000797 0.009631 0.050078 0.998699
41.806339 216.686202 8.412488 -0.740429 -0.000767 0.011477 0.049860 0.998690
41.906467 217.807171 8.532207 -0.746024 -0.000546 0.012645 0.049106 0.998713
42.006338 218.888592 8.640005 -0.768931 -0.000165 0.012414 0.048340 0.998754
42.106490 219.961744 8.733083 -0.785188 0.000442 0.011715 0.047971 0.998780
42.206390 221.016488 8.848439 -0.804806 0.000342 0.011237 0.047663 0.998800
42.306440 222.079046 8.971520 -0.821785 0.000554 0.010840 0.046890 0.998841
42.406511 223.119630 9.072058 -0.838368 0.001031 0.010259 0.046143 0.998882
42.506489 224.176282 9.174106 -0.853934 0.000636 0.009672 0.045806 0.998903
42.606415 225.254190 9.277769 -0.874463 0.000768 0.009756 0.045343 0.998924
42.706437 226.370800 9.375814 -0.898056 0.000770 0.010138 0.044737 0.998947
42.806438 227.498127 9.496648 -0.919594 0.001162 0.010918 0.044117 0.998966
42.999848 229.718942 9.720826 -0.949278 0.000882 0.011799 0.044401 0.998944
43.006425 229.746242 9.711039 -0.957656 0.000748 0.011238 0.044937 0.998926
43.106259 230.942383 9.828884 -0.977227 0.001196 0.012102 0.045291 0.998900
43.206515 232.119200 9.954289 -1.000888 0.000827 0.011582 0.045648 0.998890
43.306515 233.315020 10.068278 -1.020385 0.000711 0.011400 0.046211 0.998866
43.406419 234.519892 10.210740 -1.044736 0.000682 0.011606 0.047044 0.998825
43.572429 236.539603 10.401797 -1.084738 0.000318 0.012099 0.047302 0.998807
43.606439 236.764411 10.413912 -1.079790 0.000050 0.011864 0.047614 0.998795
43.712064 238.002299 10.552386 -1.114694 -0.000173 0.011287 0.046560 0.998852
43.806537 239.135971 10.668612 -1.127606 0.000211 0.011250 0.046293 0.998865
43.974048 241.273646 10.882651 -1.169961 0.000394 0.012438 0.047327 0.998802
44.072379 242.412237 10.998146 -1.191099 0.000058 0.012353 0.048302 0.998756
44.172554 243.638572 11.127158 -1.222490 0.000681 0.011982 0.048957 0.998729
44.206390 244.033329 11.172505 -1.227938 0.000339 0.011453 0.049061 0.998730
44.380955 246.354258 11.413293 -1.272453 0.000642 0.011101 0.050147 0.998680
44.406388 246.609834 11.452838 -1.280374 0.000103 0.010942 0.050038 0.998687
44.572404 248.829574 11.704009 -1.321444 0.000557 0.011682 0.050846 0.998638
44.600823 248.839886 11.704855 -1.319423 0.000579 0.011716 0.050821 0.998639
44.700897 250.772988 11.917460 -1.365989 0.001296 0.012017 0.052019 0.998573
44.800898 252.078358 12.060045 -1.374472 0.000666 0.012591 0.052380 0.998548
44.900823 253.459928 12.223962 -1.416160 0.000868 0.011872 0.053376 0.998504
45.000898 254.832519 12.391513 -1.436128 0.001632 0.012258 0.054167 0.998455
45.100823 256.229016 12.550878 -1.467436 0.001292 0.012485 0.054860 0.998415
45.200873 257.621723 12.716356 -1.494648 0.001625 0.012300 0.055526 0.998380
45.300797 259.006592 12.893843 -1.523210 0.001648 0.012076 0.056015 0.998356
45.400773 260.400406 13.050026 -1.551235 0.001050 0.012153 0.056795 0.998311
45.500773 261.814679 13.221001 -1.582166 0.000982 0.012444 0.057767 0.998252
45.600873 263.247242 13.401507 -1.603624 0.000843 0.013213 0.058752 0.998185
45.700773 264.699025 13.600818 -1.640234 0.001586 0.013913 0.059845 0.998109
45.800773 266.169350 13.784078 -1.666604 0.001596 0.014224 0.060494 0.998066
45.910229 267.762910 13.995491 -1.706306 0.001742 0.013901 0.061309 0.998020
46.010131 269.200577 14.195381 -1.744041 0.002107 0.012953 0.061411 0.998026
46.146047 271.199658 14.469774 -1.788115 0.001827 0.013532 0.061575 0.998009
46.210180 272.094060 14.580431 -1.802194 0.001778 0.013277 0.061933 0.997990
46.310354 273.592235 14.789433 -1.835154 0.002158 0.014408 0.061847 0.997979
46.410404 275.098406 14.983710 -1.864844 0.001383 0.014775 0.062236 0.997951
46.568938 277.540086 15.323512 -1.924766 0.000842 0.015545 0.062363 0.997932
46.615829 278.202778 15.381847 -1.940158 0.000645 0.014851 0.062925 0.997908
46.715732 279.692531 15.579364 -1.971359 0.000420 0.015225 0.063121 0.997890
46.814291 281.193021 15.791689 -2.008001 0.000644 0.015493 0.063157 0.997883
46.914371 282.728619 16.004417 -2.038881 0.000760 0.016473 0.063485 0.997847
47.036101 284.603199 16.256820 -2.082027 0.001346 0.017183 0.064278 0.997783
47.180010 286.657465 16.542148 -2.129741 0.001357 0.017497 0.064902 0.997737
47.265548 287.789753 16.696412 -2.157766 0.001250 0.018126 0.065344 0.997697
47.366048 289.153884 16.883758 -2.193096 0.001375 0.018536 0.065842 0.997657
47.466517 290.546203 17.078655 -2.225808 0.001577 0.018156 0.065737 0.997671
47.569116 292.011901 17.292142 -2.264144 0.001642 0.017664 0.066021 0.997661
47.666494 293.419548 17.501530 -2.303116 0.002548 0.017191 0.066598 0.997629
47.766593 294.895318 17.708750 -2.333627 0.001650 0.017263 0.066983 0.997603
47.866344 296.343565 17.918350 -2.375033 0.001862 0.017372 0.067264 0.997582
47.966641 297.807871 18.132926 -2.403766 0.001849 0.017518 0.067541 0.997561
48.066347 299.279742 18.344840 -2.446370 0.001588 0.017337 0.067666 0.997556
48.166472 300.742400 18.565523 -2.476255 0.001370 0.017281 0.067822 0.997547
48.266966 302.241561 18.779713 -2.516302 0.001177 0.017363 0.068496 0.997500
48.365174 303.703298 18.992226 -2.551666 0.001138 0.017465 0.068695 0.997484
48.466344 305.222230 19.213399 -2.585226 0.001248 0.017820 0.069104 0.997450
48.566220 306.695487 19.439692 -2.621071 0.001385 0.018016 0.069245 0.997436
48.669638 308.254948 19.677125 -2.658647 0.001877 0.018452 0.069811 0.997388
48.765121 309.664929 19.889079 -2.692663 0.002047 0.018113 0.070373 0.997354
48.872614 311.291033 20.114909 -2.735300 0.002429 0.018011 0.071148 0.997300
48.965993 312.624952 20.311872 -2.771834 0.001901 0.017877 0.071122 0.997306
49.069562 314.183689 20.556184 -2.813129 0.002066 0.019074 0.071510 0.997255
49.166970 315.606241 20.767389 -2.845933 0.001488 0.019419 0.071518 0.997249
49.267865 317.103928 20.990803 -2.889700 0.001892 0.019265 0.072121 0.997208
49.302888 317.606506 21.075615 -2.905663 0.002058 0.019057 0.072167 0.997208
49.499599 320.587820 21.528259 -2.984804 0.001505 0.018693 0.072433 0.997197
49.599349 321.951033 21.717175 -3.029322 0.001446 0.017863 0.073159 0.997159
49.699099 323.336188 21.937221 -3.052710 0.001622 0.017947 0.073456 0.997136
49.798875 324.673085 22.130602 -3.089366 0.001192 0.017781 0.073527 0.997134
49.899300 326.038747 22.342601 -3.113410 0.001206 0.018100 0.073659 0.997118
49.965648 326.913919 22.477979 -3.141719 0.001042 0.018604 0.073570 0.997116
50.065796 328.321851 22.714510 -3.163876 0.001000 0.020164 0.074072 0.997048
50.165693 329.700731 22.922555 -3.208082 0.000601 0.020919 0.074312 0.997015
50.247798 330.825412 23.108376 -3.231026 0.001012 0.020618 0.074502 0.997007
50.365273 332.463541 23.355851 -3.284836 0.001055 0.019735 0.075191 0.996973
50.500122 334.253919 23.635112 -3.338983 0.001453 0.019761 0.075294 0.996964
50.599149 335.493184 23.831705 -3.371530 0.001884 0.019480 0.075884 0.996925
50.699024 336.778979 24.035384 -3.405804 0.003912 0.019255 0.076906 0.996845
50.798924 338.046892 24.252330 -3.441556 0.005177 0.019146 0.077056 0.996829
50.898875 339.333565 24.464355 -3.472233 0.005699 0.020313 0.077887 0.996739
50.998725 340.621181 24.672112 -3.512648 0.005891 0.021069 0.077621 0.996743
51.098650 341.889215 24.893502 -3.542762 0.005249 0.021607 0.077514 0.996743
51.198226 343.219942 25.106619 -3.592692 0.004693 0.022396 0.077537 0.996727
51.298625 344.549959 25.317991 -3.624499 0.004809 0.022793 0.078178 0.996667
51.398873 345.896486 25.540177 -3.672142 0.005079 0.022288 0.078745 0.996633
51.499347 347.203168 25.749486 -3.710857 0.005884 0.021945 0.079104 0.996607
51.599849 348.493968 25.984495 -3.751784 0.005993 0.022416 0.079249 0.996585
51.697964 349.746690 26.182377 -3.782415 0.005964 0.022754 0.079674 0.996543
51.797846 351.020303 26.402007 -3.826368 0.005947 0.023205 0.079956 0.996511
51.825033 351.371471 26.467848 -3.830737 0.006180 0.022688 0.080230 0.996499
51.947747 353.086815 26.757250 -3.891534 0.005636 0.022786 0.080280 0.996496
52.067766 354.741660 27.045612 -3.944515 0.006326 0.022364 0.080865 0.996454
52.123987 355.454333 27.159989 -3.970935 0.006521 0.021773 0.081634 0.996403
52.210203 356.610142 27.371974 -4.005225 0.006700 0.022210 0.081680 0.996389
52.325105 358.180739 27.623499 -4.054046 0.006385 0.022578 0.082202 0.996339
52.465196 360.053104 27.966884 -4.117274 0.006159 0.022828 0.083045 0.996265
52.566747 361.289238 28.177064 -4.158263 0.006044 0.022931 0.083572 0.996220
52.666668 362.468329 28.394853 -4.192252 0.006069 0.023130 0.083974 0.996181
52.710642 362.966102 28.473996 -4.213418 0.005937 0.022871 0.084165 0.996172
52.810697 364.183300 28.710965 -4.245778 0.005359 0.023432 0.083840 0.996189
52.947094 365.826619 28.996243 -4.298398 0.004901 0.023741 0.084280 0.996147
53.065222 367.178892 29.234720 -4.344673 0.004945 0.023535 0.084636 0.996122
53.110553 367.646230 29.319914 -4.358473 0.004962 0.022940 0.084533 0.996144
53.247602 369.216922 29.599636 -4.406872 0.004920 0.022628 0.084233 0.996177
53.365246 370.535268 29.837505 -4.453890 0.005142 0.022575 0.084630 0.996143
53.461454 371.545532 30.017095 -4.485830 0.004713 0.022708 0.084596 0.996145
53.561129 372.593983 30.203174 -4.521173 0.005003 0.023237 0.084544 0.996136
53.665270 373.688035 30.393777 -4.559075 0.005520 0.023446 0.084784 0.996108
53.765174 374.718663 30.572709 -4.594107 0.005815 0.023300 0.085264 0.996069
53.865270 375.762813 30.761134 -4.630578 0.005827 0.023135 0.085736 0.996032
53.965222 376.797951 30.944388 -4.664585 0.005682 0.022988 0.086051 0.996009
54.065296 377.842728 31.147361 -4.698853 0.005655 0.022871 0.087071 0.995923
54.147672 378.682124 31.301052 -4.729117 0.005661 0.022673 0.086732 0.995958
54.265195 379.957039 31.539531 -4.772252 0.005224 0.022759 0.087717 0.995872
54.365494 380.975907 31.724182 -4.803246 0.004994 0.022657 0.088250 0.995828
54.466815 382.027881 31.919275 -4.837378 0.004951 0.022924 0.088799 0.995773
54.567068 383.065763 32.117122 -4.870751 0.005067 0.022832 0.089511 0.995711
54.666193 384.090689 32.304739 -4.902575 0.005525 0.022894 0.089811 0.995680
54.765196 385.135279 32.498648 -4.939451 0.005304 0.023098 0.090376 0.995626
54.865172 386.164734 32.705907 -4.970423 0.005806 0.023669 0.090912 0.995561
54.946699 387.000797 32.860604 -4.998384 0.005776 0.023932 0.091404 0.995510
55.047096 388.102808 33.076523 -5.032644 0.005728 0.024436 0.091545 0.995485
55.147049 389.150996 33.272667 -5.069741 0.005772 0.024482 0.092271 0.995416
55.265221 390.366482 33.517657 -5.108655 0.005587 0.024109 0.092552 0.995400
55.365869 391.337302 33.697534 -5.143475 0.005275 0.023359 0.092927 0.995385
55.466423 392.322448 33.893725 -5.175465 0.005442 0.023410 0.093323 0.995346
55.566420 393.294671 34.084708 -5.211835 0.005320 0.023648 0.093582 0.995316
55.666395 394.236699 34.270336 -5.242701 0.005541 0.023834 0.093771 0.995293
55.710829 394.682776 34.360610 -5.258467 0.005205 0.023699 0.094097 0.995267
55.865520 396.406996 34.700231 -5.316839 0.004177 0.023928 0.094549 0.995224
55.965620 397.409268 34.898323 -5.361756 0.003945 0.023486 0.094924 0.995200
56.065942 398.384927 35.094806 -5.390304 0.003455 0.023418 0.094707 0.995224
56.166241 399.316353 35.278596 -5.424780 0.002873 0.023777 0.094525 0.995234
56.266241 400.223596 35.475431 -5.456477 0.002769 0.024385 0.094360 0.995236
56.348195 400.946824 35.619903 -5.485327 0.002442 0.024585 0.094254 0.995242
56.465272 402.046789 35.870680 -5.524370 0.001891 0.025210 0.093841 0.995266
56.565221 402.895466 36.020997 -5.553735 0.001521 0.025142 0.093775 0.995275
56.602987 403.209125 36.081599 -5.567111 0.001321 0.025116 0.093831 0.995270
56.702886 404.193302 36.266287 -5.598257 0.000423 0.024381 0.093809 0.995292
56.900371 406.055764 36.635829 -5.666655 0.000192 0.023940 0.093627 0.995319
56.999798 406.835952 36.794200 -5.699989 -0.000107 0.023448 0.093283 0.995363
57.099723 407.704485 36.967848 -5.727088 0.000109 0.023453 0.093517 0.995341
57.199847 408.530946 37.126855 -5.761453 -0.000175 0.023811 0.093654 0.995320
57.300022 409.364172 37.296210 -5.786452 -0.000038 0.023914 0.093605 0.995322
57.365671 409.901698 37.402312 -5.814259 -0.000042 0.023644 0.093757 0.995314
57.467638 410.787072 37.581963 -5.837953 0.000064 0.023659 0.093768 0.995313
57.567092 411.620210 37.744052 -5.875974 -0.000015 0.023956 0.094071 0.995277
57.666568 412.482163 37.933826 -5.898275 -0.000036 0.024397 0.094405 0.995235
57.767115 413.344823 38.099097 -5.937241 -0.000230 0.024269 0.094563 0.995223
57.865148 414.186877 38.262268 -5.966634 -0.000035 0.024151 0.094886 0.995195
57.966819 415.076587 38.438819 -6.003424 -0.000051 0.024317 0.095191 0.995162
58.065194 415.913244 38.606539 -6.035444 -0.000173 0.024806 0.095340 0.995136
58.165097 416.792710 38.785392 -6.067109 -0.000081 0.024977 0.095371 0.995128
58.266442 417.686821 38.962157 -6.103243 -0.000173 0.025161 0.095541 0.995107
58.366020 418.545312 39.136623 -6.137169 -0.000241 0.025193 0.095756 0.995086
58.466272 419.423480 39.321981 -6.174313 -0.000041 0.025283 0.095698 0.995089
58.565568 420.312613 39.488682 -6.206653 0.000136 0.025638 0.095466 0.995102
58.648069 421.054804 39.637473 -6.240349 0.000381 0.026025 0.095204 0.995117
58.765172 422.160738 39.865228 -6.282702 0.001293 0.026724 0.094773 0.995139
58.811021 422.550904 39.935039 -6.302386 0.001771 0.026380 0.094980 0.995128
58.911022 423.589587 40.138931 -6.345324 0.002720 0.026586 0.094635 0.995153
59.069038 425.179345 40.450776 -6.413581 0.003541 0.026517 0.093648 0.995246
59.110479 425.478114 40.489561 -6.427804 0.003552 0.025907 0.093069 0.995316
59.266493 426.949770 40.775533 -6.488301 0.005266 0.026396 0.091636 0.995429
59.366768 427.861689 40.946179 -6.528996 0.005643 0.026058 0.090468 0.995542
59.466395 428.732203 41.113847 -6.566751 0.006851 0.025938 0.089402 0.995634
59.540118 429.374267 41.232583 -6.595360 0.007855 0.025565 0.088357 0.995730
59.634780 430.254042 41.396834 -6.631220 0.009173 0.025767 0.086513 0.995875
59.720295 431.045464 41.537933 -6.665994 0.010117 0.025996 0.085414 0.995955
59.837550 432.168911 41.731578 -6.716209 0.011288 0.026589 0.084050 0.996043
59.936404 433.050072 41.879616 -6.750665 0.012271 0.026336 0.082460 0.996171
60.033759 433.961636 42.038099 -6.794606 0.013391 0.026041 0.080556 0.996320
60.131315 434.882448 42.180617 -6.834265 0.014114 0.026121 0.078994 0.996433
60.231043 435.819508 42.331968 -6.876478 0.014730 0.026832 0.077470 0.996525
60.327679 436.762587 42.477557 -6.915940 0.015551 0.027122 0.075725 0.996638
60.429425 437.762140 42.635398 -6.960615 0.016462 0.026756 0.074142 0.996753
60.528776 438.771815 42.795964 -7.009470 0.016607 0.026005 0.072473 0.996893
60.627329 439.751935 42.936367 -7.056708 0.016921 0.025445 0.070743 0.997026
60.726654 440.775749 43.086568 -7.101500 0.017395 0.025328 0.068624 0.997169
60.816881 441.711909 43.219959 -7.145004 0.018155 0.025342 0.066829 0.997277
60.917104 442.846302 43.374702 -7.197272 0.020133 0.025790 0.064231 0.997399
61.025284 443.996732 43.525434 -7.247977 0.021312 0.026292 0.062489 0.997472
61.117105 444.973953 43.642189 -7.294057 0.022295 0.026629 0.060513 0.997563
61.223915 446.209138 43.798787 -7.349933 0.025001 0.027320 0.057007 0.997687
61.325036 447.278944 43.912942 -7.402212 0.025884 0.027800 0.054752 0.997777
61.423513 448.383207 44.014300 -7.454736 0.027223 0.028238 0.051600 0.997897
61.523267 449.508273 44.112390 -7.511187 0.027878 0.028288 0.048759 0.998021
61.624212 450.672894 44.246811 -7.569010 0.028933 0.028505 0.045118 0.998156
61.725533 451.849840 44.349142 -7.631410 0.029369 0.029403 0.041409 0.998278
61.826258 453.032338 44.440756 -7.689473 0.029358 0.029695 0.037661 0.998418
61.928477 454.270661 44.539706 -7.753024 0.029576 0.029327 0.033251 0.998579
62.031515 455.509096 44.621383 -7.819915 0.028737 0.028901 0.028801 0.998754
62.141891 456.841539 44.709681 -7.890437 0.028279 0.029174 0.023932 0.998888
62.208866 457.598364 44.748099 -7.931353 0.027328 0.029136 0.021196 0.998977
62.309318 458.958152 44.781987 -8.009113 0.027238 0.028673 0.014894 0.999107
62.409541 460.281044 44.830233 -8.079752 0.027541 0.027960 0.009162 0.999188
62.509893 461.626659 44.853042 -8.154308 0.028498 0.028095 0.003988 0.999191
62.609719 462.943923 44.844587 -8.225346 0.029004 0.028363 -0.001112 0.999176
62.709570 464.245655 44.841776 -8.287906 0.030959 0.028216 -0.006644 0.999100
62.810917 465.576420 44.810368 -8.364033 0.033068 0.028502 -0.012461 0.998969
62.909896 466.896847 44.785139 -8.425303 0.033986 0.029764 -0.017832 0.998820
63.031614 468.542641 44.713535 -8.529774 0.036140 0.030293 -0.024705 0.998582
63.136401 469.846099 44.658922 -8.587281 0.036169 0.028520 -0.030320 0.998478
63.239843 471.154038 44.568428 -8.687333 0.036559 0.027888 -0.036289 0.998283
63.333934 472.346086 44.471024 -8.735743 0.037160 0.028443 -0.041981 0.998022
63.426254 473.595874 44.344004 -8.824408 0.037717 0.030020 -0.048369 0.997666
63.529671 475.060670 44.190732 -8.892933 0.038399 0.031110 -0.055318 0.997245
63.674325 477.074050 43.960202 -9.025842 0.038519 0.032407 -0.065313 0.996594
63.768963 478.253510 43.846533 -9.087402 0.038359 0.032926 -0.070848 0.996205
63.829441 479.025848 43.725893 -9.151433 0.038938 0.033703 -0.073972 0.995930
63.969263 480.968667 43.387838 -9.274677 0.039124 0.034757 -0.084688 0.995032
64.068916 482.326448 43.176739 -9.365995 0.038612 0.034160 -0.091063 0.994510
64.169015 483.693060 42.927797 -9.460711 0.038283 0.033812 -0.098633 0.993812
64.268968 485.053652 42.651819 -9.550948 0.038058 0.033873 -0.105714 0.993090
64.369017 486.450812 42.352156 -9.647763 0.038117 0.034248 -0.113102 0.992261
64.469017 487.839332 42.021044 -9.743032 0.038021 0.034618 -0.120307 0.991404
64.569163 489.242591 41.682196 -9.840243 0.038314 0.035002 -0.128015 0.990414
64.632687 490.144860 41.445683 -9.906346 0.037832 0.035127 -0.133125 0.989754
64.732766 491.670227 41.010001 -10.017083 0.039135 0.035191 -0.141705 0.988509
64.834609 493.200512 40.559048 -10.127416 0.038411 0.034875 -0.149856 0.987346
64.928251 494.591728 40.123359 -10.235209 0.038380 0.034275 -0.157328 0.986205
65.025806 496.019109 39.667194 -10.334879 0.038828 0.034015 -0.164844 0.984968
65.125010 497.461822 39.179107 -10.448638 0.038759 0.033938 -0.171814 0.983781
65.225958 498.915536 38.660723 -10.547805 0.038854 0.033956 -0.178801 0.982531
65.327153 500.343273 38.126054 -10.664864 0.038329 0.034259 -0.185340 0.981329
65.423169 501.668935 37.607447 -10.758497 0.037899 0.034444 -0.192006 0.980057
65.524512 503.074115 37.031287 -10.879651 0.037028 0.034974 -0.198645 0.978747
65.624663 504.439706 36.462046 -10.978882 0.037030 0.035667 -0.205468 0.977312
65.725510 505.808840 35.860070 -11.104083 0.037037 0.036285 -0.211758 0.975946
65.826005 507.162546 35.249534 -11.203832 0.037673 0.036576 -0.218310 0.974466
65.925584 508.500108 34.629402 -11.329302 0.037299 0.036873 -0.224731 0.973008
66.027302 509.866688 33.946409 -11.434148 0.037305 0.036620 -0.230997 0.971549
66.122839 511.129528 33.312956 -11.555026 0.035927 0.036907 -0.237199 0.970095
66.227877 512.533695 32.582148 -11.672621 0.035204 0.037555 -0.244411 0.968305
66.328973 513.854304 31.884762 -11.794542 0.033449 0.037592 -0.250396 0.966835
66.431441 515.167765 31.160434 -11.907958 0.032655 0.037508 -0.256933 0.965149
66.533584 516.458372 30.407727 -12.029466 0.031182 0.037927 -0.263391 0.963439
66.628951 517.650219 29.705936 -12.134110 0.031145 0.037968 -0.268886 0.961919
66.726282 518.871314 28.959310 -12.248725 0.030544 0.038375 -0.274693 0.960280
66.825954 520.129730 28.190621 -12.364263 0.030517 0.039638 -0.280173 0.958645
66.929270 521.415869 27.370525 -12.486654 0.029384 0.041242 -0.284390 0.957370
67.021196 522.541013 26.645360 -12.607779 0.028362 0.041816 -0.288455 0.956159
67.122140 523.821799 25.805128 -12.729729 0.028115 0.041822 -0.291663 0.955193
67.221316 525.082017 24.972739 -12.869418 0.027168 0.042232 -0.294345 0.954379
67.322040 526.343004 24.121614 -12.987701 0.026478 0.042114 -0.296483 0.953742
67.423563 527.598414 23.269094 -13.128299 0.024472 0.041723 -0.299150 0.952979
67.524385 528.839553 22.412836 -13.245967 0.023349 0.041736 -0.300987 0.952428
67.625454 530.059300 21.582779 -13.375215 0.023131 0.042023 -0.302493 0.951944
67.724163 531.224344 20.763712 -13.484260 0.023087 0.041490 -0.303682 0.951589
67.823787 532.405055 19.919315 -13.611116 0.021527 0.041018 -0.304153 0.951496
67.923836 533.604272 19.075844 -13.717648 0.021701 0.041076 -0.304805 0.951281
68.024185 534.813275 18.221409 -13.844752 0.020036 0.042228 -0.305224 0.951133
68.122891 535.985263 17.409785 -13.954546 0.019288 0.042936 -0.305371 0.951069
68.223691 537.197948 16.557997 -14.084524 0.017832 0.044020 -0.305815 0.950906
68.323088 538.375855 15.727118 -14.199657 0.017890 0.044468 -0.305499 0.950985
68.421743 539.563554 14.894906 -14.331450 0.016754 0.045179 -0.304863 0.951176
68.521965 540.754801 14.045125 -14.448975 0.016447 0.045137 -0.304518 0.951294
68.622293 541.941172 13.202252 -14.578000 0.014559 0.045633 -0.303072 0.951763
68.708109 542.968196 12.497906 -14.678243 0.014516 0.045490 -0.301670 0.952216
68.807961 544.219912 11.625450 -14.813672 0.013638 0.046227 -0.299940 0.952740
68.907637 545.454700 10.774872 -14.938087 0.013499 0.046576 -0.297772 0.953405
69.007313 546.704708 9.931910 -15.070244 0.012416 0.047715 -0.294826 0.954278
69.120148 548.086922 9.017478 -15.211484 0.012328 0.048238 -0.291180 0.955372
69.221193 549.259982 8.257699 -15.335624 0.011846 0.047389 -0.287451 0.956549
69.321394 550.450128 7.495840 -15.461843 0.010752 0.047285 -0.283509 0.957743
69.421767 551.656067 6.733685 -15.584300 0.010194 0.048161 -0.279829 0.958787
69.521369 552.847467 5.981301 -15.708203 0.010322 0.049588 -0.274766 0.960176
69.622215 554.086168 5.225055 -15.835860 0.009645 0.050212 -0.270534 0.961352
69.719670 555.281136 4.514641 -15.963844 0.009666 0.049592 -0.265904 0.962675
69.819476 556.544621 3.780551 -16.092539 0.008262 0.049718 -0.260890 0.964052
69.918927 557.782194 3.091573 -16.223259 0.007452 0.049816 -0.256213 0.965307
70.018877 559.049016 2.397092 -16.348941 0.005861 0.050406 -0.250626 0.966753
70.119074 560.317338 1.715222 -16.484355 0.004597 0.050819 -0.244973 0.968186
70.220697 561.617778 1.036008 -16.612092 0.004045 0.051080 -0.239110 0.969640
70.318100 562.869382 0.403549 -16.747858 0.003753 0.051345 -0.232910 0.971135
70.417631 564.171519 -0.253281 -16.872942 0.003539 0.051333 -0.226180 0.972725
70.517556 565.480657 -0.882326 -17.002481 0.003714 0.050785 -0.218744 0.974453
70.700322 567.902683 -1.955543 -17.240383 0.002261 0.052062 -0.206289 0.977102
70.798824 569.138455 -2.509957 -17.361204 0.001879 0.051373 -0.200609 0.978322
70.898774 570.440890 -3.021176 -17.485386 0.001140 0.051567 -0.193684 0.979707
70.998625 571.719160 -3.521742 -17.610048 0.000380 0.051356 -0.186289 0.981152
71.098600 573.011173 -4.023808 -17.737373 -0.000645 0.051862 -0.179715 0.982350
71.198525 574.339573 -4.494199 -17.862447 -0.001385 0.052231 -0.172327 0.983653
71.298875 575.672954 -4.941510 -17.993686 -0.002900 0.052152 -0.165584 0.984812
71.399449 577.021283 -5.373845 -18.122234 -0.003439 0.051880 -0.158111 0.986052
71.499998 578.388656 -5.805987 -18.255431 -0.004365 0.051595 -0.150660 0.987229
71.600171 579.751789 -6.206698 -18.380421 -0.004837 0.051700 -0.143549 0.988280
71.600673 579.752985 -6.210441 -18.379892 -0.004861 0.051713 -0.143416 0.988299
71.718377 581.498295 -6.638293 -18.547024 -0.004370 0.049906 -0.132372 0.989933
71.817653 582.942289 -7.043925 -18.673131 -0.003628 0.048640 -0.123311 0.991169
71.917577 584.381485 -7.377338 -18.800959 -0.003372 0.047937 -0.114648 0.992243
72.017577 585.814775 -7.690685 -18.919135 -0.003515 0.047423 -0.105802 0.993250
72.118148 587.241104 -7.978574 -19.043015 -0.003785 0.047303 -0.097150 0.994138
72.217903 588.637512 -8.224269 -19.153010 -0.003904 0.047105 -0.088627 0.994943
72.317578 590.024974 -8.451454 -19.273913 -0.003886 0.046771 -0.079518 0.995728
72.418673 591.436799 -8.652641 -19.386050 -0.004006 0.046515 -0.070153 0.996443
72.518502 592.830276 -8.829579 -19.505998 -0.004019 0.046655 -0.060817 0.997050
72.617525 594.199005 -8.972090 -19.614402 -0.003680 0.046835 -0.050939 0.997596
72.718126 595.596656 -9.091130 -19.728284 -0.003537 0.047242 -0.041575 0.998012
72.818849 596.969718 -9.168793 -19.839591 -0.003354 0.047268 -0.031981 0.998365
72.910266 598.195317 -9.242361 -19.931268 -0.002863 0.046874 -0.023309 0.998625
73.010320 599.559153 -9.271570 -20.039567 -0.002963 0.046421 -0.014137 0.998818
73.110398 600.879974 -9.294535 -20.137967 -0.003018 0.045931 -0.005060 0.998927
73.210596 602.191985 -9.280834 -20.237006 -0.003351 0.045305 0.004191 0.998959
73.310679 603.463460 -9.245913 -20.333256 -0.004146 0.044953 0.012942 0.998897
73.411132 604.704574 -9.196050 -20.422277 -0.005047 0.045046 0.021119 0.998749
73.540544 606.278067 -9.095890 -20.535398 -0.005975 0.044980 0.031211 0.998482
73.641786 607.388265 -9.025448 -20.619665 -0.006563 0.044357 0.038694 0.998245
73.746727 608.510837 -8.902325 -20.695918 -0.007623 0.043694 0.044802 0.998011
73.848294 609.565731 -8.788708 -20.779360 -0.008633 0.043081 0.050521 0.997756
73.912095 610.245189 -8.711686 -20.823472 -0.008617 0.042572 0.053758 0.997609
74.012016 611.380095 -8.544038 -20.909530 -0.008654 0.041435 0.057239 0.997463
74.112065 612.507610 -8.415811 -20.989403 -0.007554 0.040093 0.061049 0.997301
74.212067 613.601752 -8.278479 -21.064532 -0.006293 0.039598 0.063909 0.997150
74.312065 614.673279 -8.146321 -21.131585 -0.004643 0.039670 0.066823 0.996965
74.412019 615.704346 -7.993474 -21.194223 -0.003172 0.040035 0.069654 0.996763
74.512067 616.715006 -7.858103 -21.258733 -0.002346 0.040622 0.072108 0.996567
74.612165 617.710555 -7.716593 -21.320535 -0.001589 0.041053 0.073873 0.996421
74.712021 618.667730 -7.573584 -21.383583 -0.000817 0.041548 0.075572 0.996274
74.865150 620.054848 -7.355488 -21.468817 -0.000151 0.042316 0.077607 0.996086
74.912017 620.378235 -7.318737 -21.494842 -0.000214 0.041457 0.079694 0.995957
75.012048 621.221061 -7.159499 -21.539747 0.000366 0.041509 0.077868 0.996099
75.112145 622.042224 -7.022107 -21.603654 0.000554 0.040887 0.078504 0.996075
75.212068 622.848019 -6.882296 -21.647097 0.001411 0.040155 0.079044 0.996061
75.312144 623.655738 -6.751209 -21.706213 0.001436 0.039144 0.079635 0.996054
75.412068 624.460831 -6.622209 -21.753503 0.001776 0.037959 0.079784 0.996088
75.511996 625.252192 -6.491695 -21.808137 0.002020 0.037455 0.079560 0.996124
75.612071 626.039114 -6.346330 -21.856610 0.002089 0.037671 0.080004 0.996080
75.712069 626.815461 -6.211536 -21.906027 0.002010 0.038269 0.080150 0.996046
75.812043 627.560938 -6.086017 -21.951900 0.001684 0.038681 0.080318 0.996017
75.965170 628.684387 -5.898664 -22.022052 0.001938 0.039180 0.079956 0.996026
76.065122 629.311842 -5.813047 -22.063766 0.001813 0.038792 0.081243 0.995937
76.112122 629.586916 -5.754764 -22.081894 0.001978 0.038239 0.080258 0.996038
76.265149 630.602513 -5.568239 -22.146228 0.002674 0.039498 0.078720 0.996110
76.312170 630.869723 -5.535541 -22.163916 0.002917 0.038542 0.079794 0.996062
76.465147 631.857941 -5.355144 -22.223528 0.003409 0.039963 0.079079 0.996061
76.512168 632.110091 -5.324421 -22.244056 0.003478 0.038957 0.080129 0.996017
76.600673 632.105076 -5.325209 -22.244044 0.003506 0.039006 0.080137 0.996014
76.800247 633.812676 -5.035759 -22.352870 0.004575 0.040782 0.079303 0.996005
76.900022 634.301540 -4.957775 -22.381862 0.004602 0.039774 0.080770 0.995928
76.999997 634.765813 -4.877828 -22.409861 0.004573 0.040175 0.080535 0.995931
77.099922 635.211668 -4.797608 -22.439041 0.004585 0.040407 0.080386 0.995934
77.200121 635.651803 -4.720558 -22.467594 0.004902 0.040552 0.080162 0.995945
77.299897 636.081235 -4.639110 -22.494888 0.005626 0.040798 0.079765 0.995963
77.399798 636.512253 -4.571284 -22.521881 0.005821 0.041082 0.079927 0.995937
77.500321 636.928460 -4.498661 -22.547796 0.005786 0.041312 0.079565 0.995956
77.600347 637.322083 -4.436972 -22.572023 0.005594 0.041194 0.079227 0.995989
77.665247 637.564573 -4.398756 -22.590333 0.005500 0.040841 0.079051 0.996018
77.765097 637.959430 -4.329458 -22.614564 0.005687 0.041332 0.078088 0.996073
77.865149 638.348530 -4.269788 -22.639905 0.005734 0.041380 0.077993 0.996078
77.965174 638.710068 -4.210089 -22.663102 0.005423 0.041440 0.077758 0.996096
78.065123 639.046481 -4.162384 -22.686977 0.005352 0.041798 0.077682 0.996087
78.166244 639.328060 -4.112236 -22.703032 0.005542 0.041663 0.077522 0.996104
78.211969 639.429834 -4.096694 -22.710908 0.005876 0.040994 0.077508 0.996131
78.365174 639.840323 -4.026675 -22.736513 0.005942 0.041903 0.076335 0.996184
78.466418 640.042892 -3.995483 -22.748917 0.005998 0.041470 0.077340 0.996124
78.565122 640.215805 -3.964637 -22.761115 0.005731 0.041256 0.077059 0.996156
78.665220 640.367518 -3.940501 -22.772210 0.005536 0.041312 0.076924 0.996165
78.712119 640.415585 -3.933987 -22.775510 0.005653 0.041017 0.076774 0.996188
78.812171 640.553605 -3.913788 -22.782179 0.005644 0.041327 0.075922 0.996241
78.912116 640.662651 -3.886455 -22.791563 0.005543 0.041237 0.075943 0.996244
79.012165 640.736026 -3.873699 -22.793192 0.005518 0.040846 0.075987 0.996257
79.112018 640.815327 -3.866105 -22.800609 0.005506 0.040240 0.076016 0.996279
79.212143 640.896638 -3.837868 -22.803212 0.005703 0.039441 0.075589 0.996342
79.312069 640.976137 -3.846559 -22.811941 0.005848 0.039037 0.075581 0.996358
79.412067 641.042170 -3.819488 -22.816946 0.005931 0.039066 0.075148 0.996389
79.511970 641.123607 -3.800716 -22.822486 0.005710 0.039058 0.075259 0.996382
79.612017 641.192045 -3.793984 -22.827402 0.005605 0.038984 0.075283 0.996384
79.712066 641.247177 -3.791916 -22.830782 0.005613 0.039151 0.074989 0.996400
79.812093 641.302864 -3.778512 -22.833317 0.005684 0.039185 0.074839 0.996409
79.912118 641.337195 -3.774870 -22.834255 0.005576 0.039126 0.075184 0.996386
80.012017 641.379806 -3.765584 -22.837952 0.005577 0.039194 0.074921 0.996403
80.112118 641.406179 -3.761573 -22.839810 0.005634 0.039189 0.075019 0.996396
80.212068 641.423180 -3.763350 -22.840179 0.005647 0.039084 0.074768 0.996419
80.312067 641.439607 -3.748139 -22.842666 0.005774 0.039061 0.074968 0.996404
80.412167 641.451764 -3.744885 -22.842968 0.005809 0.038869 0.074896 0.996417
80.512168 641.471210 -3.736135 -22.844942 0.005630 0.038660 0.075040 0.996415
80.612070 641.490857 -3.740306 -22.848110 0.005573 0.038629 0.075013 0.996418
80.712167 641.495613 -3.741532 -22.846810 0.005627 0.038631 0.074975 0.996421
80.812071 641.518761 -3.737704 -22.849936 0.005665 0.038617 0.074868 0.996429
80.912118 641.519379 -3.741091 -22.847061 0.005606 0.038756 0.074839 0.996426
81.012142 641.515554 -3.738990 -22.849531 0.005608 0.038744 0.074941 0.996419
81.111969 641.500681 -3.741690 -22.845239 0.005612 0.038574 0.074999 0.996421
81.212168 641.497887 -3.743401 -22.846787 0.005597 0.038389 0.074782 0.996445
81.312145 641.494486 -3.745159 -22.846549 0.005576 0.038547 0.074573 0.996455
81.412166 641.491656 -3.744464 -22.844124 0.005624 0.038540 0.074637 0.996450
81.512043 641.486757 -3.746427 -22.845541 0.005606 0.038372 0.074726 0.996450
81.612167 641.495996 -3.740200 -22.845786 0.005584 0.038465 0.074736 0.996446
81.712066 641.492934 -3.744010 -22.845195 0.005575 0.038508 0.074818 0.996438
81.812043 641.490762 -3.746826 -22.845655 0.005629 0.038414 0.074918 0.996434
81.912118 641.486300 -3.745818 -22.845368 0.005585 0.038450 0.074858 0.996437
82.012017 641.495538 -3.742232 -22.844648 0.005586 0.038525 0.074721 0.996444
82.112019 641.512959 -3.746194 -22.847840 0.005549 0.038494 0.074902 0.996432
82.212021 641.523226 -3.743043 -22.846985 0.005559 0.038424 0.074914 0.996434
82.311968 641.529486 -3.737918 -22.848792 0.005535 0.038431 0.075154 0.996416
82.411995 641.528498 -3.740852 -22.848064 0.005656 0.038491 0.074702 0.996447
82.512041 641.523625 -3.744137 -22.847959 0.005516 0.038459 0.075013 0.996425
82.612195 641.520238 -3.736001 -22.847346 0.005592 0.038471 0.074837 0.996438
82.712095 641.519281 -3.737750 -22.847883 0.005620 0.038479 0.074999 0.996425
82.812142 641.515406 -3.738865 -22.846444 0.005603 0.038479 0.074747 0.996444
82.912092 641.508579 -3.744696 -22.847254 0.005591 0.038470 0.074737 0.996445
83.012166 641.516137 -3.739590 -22.846101 0.005584 0.038472 0.074872 0.996435
83.112119 641.518052 -3.737742 -22.848625 0.005644 0.038462 0.074930 0.996431
83.265148 641.528151 -3.737229 -22.848884 0.005556 0.038809 0.074980 0.996414
83.312020 641.528961 -3.738509 -22.848562 0.005595 0.038083 0.074965 0.996443
83.412064 641.527229 -3.738843 -22.848681 0.005619 0.038457 0.074879 0.996435
83.512041 641.534109 -3.736131 -22.848165 0.005587 0.038435 0.074956 0.996430
