17.512120 0.408809 -0.020123 -0.000313 0.000569 0.000363 -0.003767 0.999993
17.612117 0.788645 -0.036821 0.000123 0.000319 0.000693 -0.006570 0.999978
17.712017 1.163988 -0.049358 -0.002734 0.000163 0.000747 -0.009471 0.999955
17.812070 1.645579 -0.069923 0.000497 0.000511 0.000774 -0.012759 0.999918
17.912121 2.170456 -0.084713 0.000067 0.000586 0.000971 -0.015625 0.999877
18.012172 2.719831 -0.106625 0.001250 0.000809 0.001248 -0.018573 0.999826
18.183871 3.718669 -0.141481 0.006030 0.000923 0.001540 -0.021310 0.999771
18.279357 4.134110 -0.142542 0.004058 0.000613 0.001652 -0.024053 0.999709
18.312067 4.365593 -0.171956 0.006380 0.000854 0.001723 -0.026999 0.999634
18.412022 5.076072 -0.240357 0.003056 0.000991 0.001805 -0.029470 0.999564
18.512067 5.785627 -0.279362 0.007267 0.001264 0.001963 -0.031027 0.999516
18.612169 6.468493 -0.324824 0.005678 0.001819 0.002064 -0.031979 0.999485
18.712166 7.151894 -0.374039 0.011345 0.002360 0.002010 -0.032641 0.999462
18.812067 7.834857 -0.416366 0.009202 0.002042 0.001713 -0.032776 0.999459
18.983849 9.038988 -0.489274 0.008554 0.001954 0.001364 -0.030424 0.999534
19.079934 9.555966 -0.483706 0.008667 0.001802 0.001186 -0.032202 0.999479
19.181202 10.155819 -0.545885 0.015512 0.001913 0.001015 -0.031576 0.999499
19.277913 10.786724 -0.579673 0.016491 0.002155 0.001044 -0.031137 0.999512
19.377064 11.486922 -0.622899 0.017907 0.002280 0.001160 -0.030206 0.999540
19.476216 12.177756 -0.661679 0.020014 0.002440 0.001016 -0.028716 0.999584
19.576217 12.909709 -0.705506 0.023164 0.002321 0.001141 -0.026892 0.999635
19.675669 13.632729 -0.737276 0.025496 0.002285 0.001661 -0.024871 0.999687
19.774373 14.364150 -0.776374 0.033925 0.002449 0.002200 -0.022513 0.999741
19.873350 15.084113 -0.817528 0.031824 0.002420 0.002840 -0.020142 0.999790
19.973102 15.809308 -0.847997 0.037422 0.002582 0.003199 -0.017761 0.999834
20.072653 16.538550 -0.859872 0.036317 0.002805 0.003496 -0.015260 0.999874
20.166690 17.241090 -0.875911 0.041921 0.002984 0.003624 -0.012483 0.999911
20.272228 18.029320 -0.885701 0.042851 0.002956 0.003639 -0.009223 0.999946
20.372348 18.756494 -0.889344 0.043685 0.002591 0.003561 -0.006465 0.999969
20.492725 19.643514 -0.902614 0.049623 0.002235 0.003457 -0.002500 0.999988
20.565317 20.105853 -0.882587 0.047921 0.002404 0.003460 -0.002056 0.999989
20.665222 20.909901 -0.890894 0.057362 0.002515 0.003639 0.001538 0.999989
20.768988 21.681810 -0.885108 0.057504 0.002013 0.003832 0.004678 0.999980
20.868940 22.426458 -0.864892 0.063182 0.001595 0.003832 0.007426 0.999964
