1.410039 0.319354 0.001513 0.025048 0.001493 0.004218 0.005293 0.999976
1.539466 0.623907 0.012389 0.021961 0.002110 0.004435 0.011403 0.999923
1.640641 0.838479 0.017073 0.032704 0.002255 0.003439 0.018124 0.999827
1.735952 1.112318 0.043484 0.036559 0.001721 0.005648 0.023811 0.999699
1.812020 1.346094 0.057167 0.043218 0.000415 0.006332 0.029511 0.999544
1.912017 1.689697 0.089342 0.043060 -0.000369 0.002072 0.035046 0.999383
2.009843 2.005602 0.109543 0.026420 0.000351 -0.002119 0.041080 0.999154
2.109796 2.331528 0.137245 0.030696 0.002951 -0.006179 0.047291 0.998858
2.209643 2.658620 0.168269 0.034026 0.004192 -0.007554 0.053523 0.998529
2.309544 2.989199 0.215424 0.053017 0.003652 -0.005310 0.059603 0.998201
2.409319 3.310343 0.266432 0.049863 0.002387 -0.002345 0.065734 0.997832
2.509321 3.635358 0.312709 0.047182 0.002424 -0.001959 0.071646 0.997425
2.609197 3.957928 0.372689 0.053071 0.001739 -0.003190 0.077303 0.997001
2.709045 4.294299 0.439199 0.068319 -0.000452 -0.000339 0.083731 0.996488
2.846823 4.736687 0.525454 0.067606 -0.001358 0.004944 0.089907 0.995937
2.936479 4.931058 0.562089 0.071888 0.000062 0.006543 0.095693 0.995389
3.008549 5.175571 0.613753 0.072513 0.003072 0.007078 0.101476 0.994808
3.108547 5.546024 0.699505 0.087252 0.006279 0.006774 0.107688 0.994142
3.208349 5.880838 0.785217 0.090881 0.003819 0.005821 0.113707 0.993490
3.308227 6.210271 0.883243 0.073616 0.000390 0.004320 0.119984 0.992766
3.413261 6.560639 0.973603 0.052714 0.000667 0.003708 0.126705 0.991933
3.507823 6.871411 1.053704 0.061642 0.003154 0.004411 0.132977 0.991104
3.607652 7.241801 1.161959 0.072649 0.004567 0.006326 0.139225 0.990230
3.707378 7.604471 1.278178 0.073880 0.003239 0.008353 0.146280 0.989203
3.807329 7.965261 1.399697 0.068512 0.003039 0.008793 0.153429 0.988116
3.907057 8.335454 1.525170 0.068949 0.003273 0.007769 0.160682 0.986970
4.006829 8.713074 1.664510 0.065704 0.002916 0.006535 0.167964 0.985767
4.106658 9.100464 1.816705 0.056386 0.003694 0.006028 0.175788 0.984403
4.206460 9.497598 1.968590 0.050302 0.006427 0.005793 0.184255 0.982840
4.300773 9.495599 1.971284 0.051859 0.006454 0.005788 0.184302 0.982831
4.400822 10.475290 2.433268 0.061508 0.006759 0.001624 0.200449 0.979679
4.599973 11.181463 2.769829 0.075229 0.003815 0.001684 0.214069 0.976810
4.699798 11.242366 2.800839 0.057295 0.003576 0.001223 0.220734 0.975327
4.798441 11.535401 2.950299 0.060696 0.004604 0.002409 0.227122 0.973852
4.897143 11.884767 3.153099 0.063195 0.005508 0.003112 0.236481 0.971616
4.998735 12.266496 3.371360 0.074494 0.005142 0.003626 0.246331 0.969165
5.098990 12.643249 3.591296 0.079240 0.004621 0.004100 0.255284 0.966846
5.200147 13.032091 3.833573 0.083853 0.003495 0.004400 0.264637 0.964332
5.201744 13.045952 3.843511 0.081193 0.003100 0.004337 0.269762 0.962912
5.339967 13.795138 4.331497 0.087124 0.002091 0.004742 0.280974 0.959701
5.444782 14.196026 4.603141 0.087490 0.001776 0.004278 0.291002 0.956711
5.544779 14.561819 4.863302 0.092049 0.000732 0.004421 0.298599 0.954368
5.644602 14.910945 5.118709 0.090906 0.000133 0.004649 0.305432 0.952203
5.744629 15.261762 5.382338 0.093919 -0.000339 0.004531 0.312063 0.950050
5.844680 15.594396 5.642559 0.093666 -0.000617 0.004768 0.318209 0.948008
5.946770 15.923160 5.910265 0.097899 -0.000982 0.005327 0.323316 0.946275
6.044728 16.234006 6.168612 0.098820 -0.001553 0.005679 0.328298 0.944556
6.144709 16.548781 6.429443 0.100236 -0.001832 0.005606 0.332617 0.943044
6.244653 16.868229 6.685629 0.100108 -0.002213 0.005397 0.335731 0.941940
6.345048 17.166316 6.945661 0.099083 -0.002483 0.005581 0.338303 0.941018
6.444782 17.472190 7.191002 0.099401 -0.002643 0.005938 0.339848 0.940458
6.544583 17.778347 7.441658 0.102004 -0.002189 0.006077 0.340974 0.940050
6.600672 17.780348 7.438483 0.102012 -0.002165 0.006107 0.340929 0.940067
6.744603 18.458379 7.998936 0.102239 -0.001659 0.004862 0.337374 0.941357
6.844754 18.693060 8.193500 0.102730 -0.001386 0.004083 0.338704 0.940883
6.946873 18.984639 8.433436 0.101302 -0.000705 0.002529 0.335993 0.941861
7.044730 19.281930 8.668598 0.104227 -0.000016 0.001981 0.333017 0.942919
7.112015 19.493853 8.844502 0.104968 -0.000114 0.002280 0.331337 0.943510
7.212020 19.868826 9.135665 0.107903 -0.001439 0.003252 0.323193 0.946326
7.344682 20.336940 9.491938 0.110859 -0.003217 0.004051 0.313419 0.949601
7.441241 20.602779 9.684813 0.109057 -0.003770 0.004360 0.309792 0.950787
7.539770 20.934070 9.901980 0.114455 -0.004126 0.004760 0.301938 0.953307
7.635357 21.242215 10.119654 0.120408 -0.004209 0.004433 0.294180 0.955731
7.738149 21.586256 10.340237 0.122729 -0.004376 0.003713 0.283846 0.958853
7.844704 21.948497 10.572507 0.123383 -0.005522 0.002842 0.272936 0.962012
7.912043 22.170878 10.705358 0.116791 -0.007264 0.002222 0.268651 0.963208
8.012118 22.565411 10.923210 0.114169 -0.006552 0.001594 0.253907 0.967205
8.165101 23.143796 11.228478 0.120129 -0.005920 0.000936 0.234588 0.972076
8.206307 23.193158 11.260162 0.118809 -0.006503 0.001006 0.239295 0.970925
8.335005 23.706553 11.495002 0.120606 -0.006216 -0.000352 0.215274 0.976534
8.406734 23.975940 11.603326 0.114943 -0.005935 -0.000380 0.210684 0.977536
8.507008 24.416687 11.761969 0.118819 -0.004225 -0.000113 0.194480 0.980897
8.625083 24.913742 11.934530 0.126328 -0.003069 0.000492 0.178490 0.983937
8.708031 25.213346 12.034838 0.134416 -0.002441 0.000889 0.171426 0.985194
8.808281 25.644987 12.166386 0.143018 -0.003598 0.000926 0.156066 0.987740
8.908831 26.068803 12.289187 0.140743 -0.005018 0.000906 0.143014 0.989707
9.009292 26.502409 12.399538 0.137814 -0.004841 0.001302 0.130519 0.991433
9.165150 27.180733 12.536291 0.144601 -0.003031 0.001692 0.109139 0.994020
9.265200 27.534361 12.613632 0.143392 -0.003220 0.001869 0.102592 0.994717
9.365249 27.922488 12.670366 0.146630 -0.003840 0.001809 0.091753 0.995773
9.465225 28.334942 12.719101 0.148178 -0.004759 0.002230 0.080258 0.996760
9.565172 28.771837 12.771909 0.155658 -0.004991 0.003673 0.068103 0.997659
9.665273 29.229506 12.818668 0.160212 -0.006305 0.004132 0.056091 0.998397
9.765129 29.684595 12.862023 0.162202 -0.008092 0.004415 0.043708 0.999002
9.865276 30.151946 12.889767 0.162382 -0.010161 0.004296 0.030754 0.999466
9.913217 30.383437 12.900202 0.155601 -0.010960 0.004101 0.026944 0.999568
10.014908 30.987953 12.913389 0.155863 -0.011309 0.004754 0.005837 0.999908
10.145997 31.706138 12.902780 0.150263 -0.012309 0.005386 -0.012460 0.999832
10.245995 32.170438 12.871989 0.150943 -0.012602 0.006246 -0.021060 0.999679
10.365248 32.781113 12.827889 0.152583 -0.013972 0.007623 -0.036263 0.999216
10.465128 33.253605 12.781698 0.149801 -0.014378 0.008265 -0.045992 0.998804
10.545848 33.659326 12.725829 0.148353 -0.014864 0.008680 -0.054677 0.998356
10.665275 34.322922 12.626775 0.141893 -0.015456 0.008367 -0.072422 0.997219
10.745948 34.730836 12.556195 0.140043 -0.015710 0.008273 -0.079406 0.996684
10.808670 35.106382 12.489258 0.136989 -0.016183 0.008425 -0.087751 0.995975
10.965262 36.107678 12.270121 0.128712 -0.016959 0.008257 -0.112818 0.993437
11.065229 36.608232 12.149442 0.120496 -0.017003 0.008126 -0.118935 0.992723
11.145821 37.036017 12.031069 0.121768 -0.017256 0.008851 -0.126863 0.991731
11.265128 37.729820 11.816967 0.121619 -0.017350 0.010060 -0.142329 0.989616
11.365274 38.258184 11.652731 0.117687 -0.017508 0.010716 -0.151260 0.988281
11.465253 38.795680 11.467239 0.115823 -0.017150 0.011357 -0.161805 0.986608
11.565303 39.334110 11.270555 0.114077 -0.016875 0.011708 -0.171257 0.985012
11.665175 39.870439 11.071455 0.112160 -0.016412 0.011528 -0.180404 0.983388
11.765225 40.408780 10.860978 0.110820 -0.016584 0.011309 -0.189184 0.981737
11.865248 40.962578 10.627210 0.106902 -0.017120 0.010855 -0.198433 0.979905
11.947268 41.401650 10.442637 0.104745 -0.017583 0.010446 -0.204747 0.978601
12.047246 41.978010 10.163202 0.104198 -0.017082 0.010059 -0.215963 0.976200
12.147166 42.530965 9.891787 0.104642 -0.016384 0.010107 -0.225496 0.974054
12.265265 43.163678 9.571034 0.101802 -0.016577 0.010073 -0.236733 0.971381
12.347322 43.535371 9.368514 0.101811 -0.017152 0.010245 -0.240936 0.970335
12.465364 44.177148 8.998576 0.099039 -0.016529 0.010709 -0.254877 0.966773
12.546174 44.557586 8.772112 0.096512 -0.015687 0.010536 -0.258751 0.965759
12.629967 45.000672 8.490569 0.097119 -0.013589 0.010604 -0.268366 0.963163
12.730167 45.545445 8.133381 0.093931 -0.010823 0.010369 -0.279068 0.960154
12.828170 46.056127 7.784023 0.088643 -0.007790 0.009813 -0.286741 0.957926
12.925603 46.575185 7.424034 0.084684 -0.004984 0.009476 -0.293272 0.955969
13.023339 47.088294 7.058370 0.085091 -0.001441 0.008371 -0.298162 0.954477
13.133310 47.638050 6.662966 0.085949 0.001633 0.007077 -0.302690 0.953061
13.230295 48.101642 6.322182 0.080933 0.004048 0.005668 -0.304128 0.952606
13.328253 48.600460 5.962760 0.079746 0.006083 0.004333 -0.305274 0.952235
13.401944 48.965852 5.696437 0.080376 0.008764 0.002658 -0.304604 0.952435
13.521467 49.627660 5.211888 0.084799 0.010073 0.003423 -0.304568 0.952431
13.621518 50.129206 4.866953 0.077492 0.010300 0.004756 -0.300562 0.953695
13.720667 50.637089 4.524537 0.066698 0.011650 0.006501 -0.296782 0.954852
13.819398 51.154422 4.169878 0.066573 0.015111 0.007503 -0.291533 0.956412
13.919150 51.679933 3.817321 0.070827 0.017315 0.008912 -0.285075 0.958308
14.019398 52.231406 3.485542 0.059460 0.015984 0.009605 -0.278358 0.960296
14.119446 52.769031 3.172624 0.045471 0.014333 0.009533 -0.271524 0.962278
14.217651 53.307863 2.854819 0.029438 0.014622 0.008844 -0.264222 0.964310
14.317678 53.868303 2.532716 0.023257 0.015486 0.008100 -0.256907 0.966278
14.417603 54.428288 2.223503 0.008799 0.014121 0.008235 -0.249974 0.968114
14.517628 55.006218 1.938241 0.004697 0.012547 0.007642 -0.242928 0.969933
14.618179 55.612952 1.634497 -0.003046 0.011114 0.007852 -0.235716 0.971727
14.717556 56.212039 1.340902 -0.004122 0.010563 0.008594 -0.229073 0.973314
14.820022 56.831457 1.053195 -0.009584 0.010036 0.010038 -0.222504 0.974828
14.901982 57.330354 0.829044 -0.018419 0.009713 0.011401 -0.216200 0.976234
15.021915 58.128858 0.481737 -0.030701 0.009751 0.012152 -0.210505 0.977469
15.122739 58.712685 0.225025 -0.042310 0.009320 0.011778 -0.204236 0.978806
