1.410039 0.319353676 0.001512836 0.025047668 0.001493236 0.004217652 0.005292980 0.999975983
1.539466 0.623906963 0.012388518 0.021960755 0.002110486 0.004435276 0.011402793 0.999922922
1.640641 0.838478605 0.017072528 0.032704065 0.002254847 0.003439222 0.018123908 0.999827291
1.735952 1.112317989 0.043484491 0.036559088 0.001720630 0.005647720 0.023811397 0.999699035
1.812020 1.346093824 0.057167049 0.043217518 0.000414865 0.006332277 0.029510794 0.999544318
1.912017 1.689697199 0.089341557 0.043060252 -0.000369048 0.002072102 0.035046293 0.999383474
2.009843 2.005601711 0.109543460 0.026420319 0.000350728 -0.002119082 0.041079657 0.999153566
2.109796 2.331528284 0.137244658 0.030695912 0.002950522 -0.006178635 0.047291419 0.998857668
2.209643 2.568363273 0.177856989 0.034025527 0.004155616 -0.007574344 0.048701795 0.998775999
2.309544 2.923122661 0.231378322 0.053017243 0.003623071 -0.005329749 0.054140182 0.998512548
2.409319 3.239335821 0.268321093 0.049863083 0.002383452 -0.002348450 0.064230003 0.997929512
2.509321 3.571173376 0.311756240 0.047181715 0.002423271 -0.001960486 0.071129371 0.997462228
2.609197 3.917344019 0.370923654 0.053070979 0.001738957 -0.003190147 0.077205428 0.997008586
2.709045 4.271683240 0.442294576 0.068319324 -0.000452061 -0.000339372 0.083490452 0.996508417
2.846823 4.721237903 0.530278843 0.067606292 -0.001356144 0.004944445 0.089625869 0.995962307
2.936479 4.919320117 0.567189508 0.071888200 0.000063767 0.006543456 0.095486381 0.995409227
3.008549 5.159153857 0.619804024 0.072512545 0.003074681 0.007076539 0.101150158 0.994841251
3.108547 5.523313279 0.707434795 0.087252396 0.006282885 0.006770366 0.107090650 0.994206357
3.208349 5.848925488 0.796252914 0.090880951 0.003825072 0.005816702 0.112641758 0.993611277
3.308227 6.168091146 0.896258031 0.073616002 0.000395125 0.004319379 0.118828437 0.992905327
3.413261 6.511686515 0.990671320 0.052714453 0.000672161 0.003707384 0.125231909 0.992120342
3.507823 6.807430937 1.068969821 0.061642256 0.003161370 0.004406084 0.131335708 0.991323118
3.607652 7.163234449 1.175297765 0.072648878 0.004578990 0.006317558 0.137362493 0.990490114
3.707378 7.535868071 1.279917692 0.073880273 0.003250192 0.008348404 0.144974249 0.989394869
3.807329 7.887758832 1.405390870 0.068512329 0.003052030 0.008789081 0.152009599 0.988335226
3.907057 8.262700577 1.533921094 0.068948818 0.003283827 0.007764565 0.159344817 0.987186992
4.006829 8.639549860 1.673031962 0.065703539 0.002926176 0.006530163 0.166497278 0.986015949
4.106658 9.039431793 1.820400894 0.056386090 0.003699728 0.006023786 0.174782441 0.984581700
4.206460 9.446029345 1.976082092 0.050301525 0.006430939 0.005788398 0.183523686 0.982977209
4.300773 9.444030224 1.978775480 0.051859245 0.006458237 0.005782721 0.183570699 0.982968285
4.400822 10.429518191 2.440005023 0.061507653 0.006759870 0.001620665 0.199922497 0.979787055
4.599973 11.178016953 2.789473924 0.075228690 0.003814979 0.001684287 0.214018574 0.976820689
4.699798 11.109359732 2.773849263 0.057295264 0.003578474 0.001215943 0.218743762 0.975775016
4.798441 11.511871897 2.960455851 0.060696267 0.004603986 0.002408811 0.227052314 0.973868702
4.897143 11.889223810 3.160960841 0.063195301 0.005508415 0.003110266 0.236244043 0.971673163
4.998735 12.319945560 3.399604487 0.074494020 0.005144957 0.003621859 0.245492180 0.969378152
5.098990 12.622184561 3.578063359 0.079239682 0.004624566 0.004094964 0.254329074 0.967098013
5.200147 13.009988825 3.829156307 0.083853241 0.003499538 0.004396519 0.263631306 0.964607152
5.201744 13.038581008 3.844625523 0.081192541 0.003101766 0.004335650 0.269448067 0.963000166
5.339967 13.747992294 4.319798825 0.087123671 0.002097006 0.004739047 0.279751183 0.960058550
5.444782 14.179287927 4.618365488 0.087489985 0.001777024 0.004277323 0.290802659 0.956771843
5.544779 14.498717191 4.842865594 0.092048523 0.000736289 0.004420217 0.297652390 0.954663802
5.644602 14.820377348 5.078248532 0.090905599 0.000140270 0.004648679 0.304012817 0.952656589
5.744629 15.101798080 5.316618759 0.093918534 -0.000327494 0.004531422 0.309589472 0.950859463
5.844680 15.446350815 5.569684503 0.093665538 -0.000604957 0.004769500 0.315873448 0.948789150
5.946770 15.880686460 5.837297011 0.097898837 -0.000977825 0.005328066 0.322599592 0.946520025
6.044728 16.208293819 6.091771440 0.098819521 -0.001548963 0.005679838 0.327626336 0.944789037
6.144709 16.538119648 6.349036492 0.100236339 -0.001830841 0.005606809 0.332427943 0.943110213
6.244653 16.893511928 6.622531872 0.100107500 -0.002215066 0.005396591 0.336017363 0.941837726
6.345048 17.192997307 6.881409684 0.099083036 -0.002487103 0.005579250 0.338972069 0.940776606
6.444782 17.496591117 7.125543883 0.099401232 -0.002648720 0.005934980 0.340768186 0.940124887
6.544583 17.797708397 7.369243937 0.102003898 -0.002196922 0.006073837 0.342246726 0.939587921
6.600672 17.799709775 7.366069195 0.102012177 -0.002172853 0.006104252 0.342201338 0.939604311
6.744603 18.425744932 7.912480624 0.102238808 -0.001664395 0.004860579 0.338328955 0.941013880
6.844754 18.630543602 8.097640343 0.102730136 -0.001389832 0.004081862 0.339557220 0.940575516
6.946873 18.923191517 8.355568535 0.101302238 -0.000705937 0.002528473 0.336398066 0.941716226
7.044730 19.175150291 8.580305807 0.104227034 -0.000017945 0.001980904 0.334125892 0.942526373
7.112015 19.377630228 8.753278204 0.104967540 -0.000116508 0.002279546 0.332231488 0.943195117
7.212020 19.745996546 9.046702298 0.107903110 -0.001442358 0.003250179 0.324305741 0.945945634
7.344682 20.215938140 9.405426414 0.110859161 -0.003223114 0.004046251 0.314745073 0.949162145
7.441241 20.481776446 9.598301287 0.109056675 -0.003775619 0.004354915 0.311119460 0.950353335
7.539770 20.803821230 9.807125838 0.114454607 -0.004133985 0.004752707 0.303541067 0.952797535
7.635357 21.110590312 10.004408217 0.120408470 -0.004219012 0.004423762 0.296356556 0.955057811
7.738149 21.344494806 10.108620198 0.122729348 -0.004393916 0.003691683 0.288435830 0.957482030
7.844704 21.505452083 10.178703882 0.123382650 -0.005544556 0.002797369 0.280635823 0.959794232
7.912043 21.594149205 10.225978696 0.116790534 -0.007285229 0.002150552 0.278158392 0.960505185
8.012118 21.988681450 10.443830556 0.114168532 -0.006567030 0.001529298 0.263454074 0.964648374
8.165101 22.152905714 10.638770045 0.120128884 -0.005934209 0.000841870 0.249918347 0.968248365
8.206307 21.611226752 10.510439793 0.118809119 -0.006525128 0.000854326 0.261842495 0.965088183
8.335005 21.665577371 9.779622741 0.120605964 -0.006178359 -0.000769408 0.280466619 0.959843587
8.406734 21.934964299 9.887946867 0.114942989 -0.005895491 -0.000778574 0.275954701 0.961152246
8.507008 22.005425726 10.054470501 0.118818596 -0.004207611 -0.000397070 0.260072991 0.965579711
8.625083 22.126536430 10.342224056 0.126328433 -0.003094840 0.000287850 0.243226119 0.969964635
8.708031 22.140382528 10.613500275 0.134416318 -0.002493940 0.000727905 0.235142831 0.971957355
8.808281 22.321764671 10.732917714 0.143017634 -0.003654508 0.000670589 0.225257511 0.974292178
8.908831 22.463636545 10.626481127 0.140742605 -0.005074106 0.000504790 0.221131431 0.975230685
9.009292 22.426372900 11.866546412 0.137813569 -0.004865899 0.001206747 0.150047611 0.988666061
9.165150 22.900671702 12.630615420 0.144601187 -0.003009651 0.001729057 0.096913800 0.995286726
9.265200 22.627043013 11.455248203 0.143392179 -0.003361302 0.001600877 0.183110114 0.983085360
9.365249 27.455959013 13.169864555 0.146629583 -0.004074326 0.001190633 0.245344625 0.969426633
9.465225 27.947153393 13.205786299 0.148178310 -0.005043875 0.001476994 0.231631015 0.972789520
9.565172 28.396235406 13.267235167 0.155657605 -0.005499757 0.002854576 0.221942509 0.975040064
9.665273 28.680368144 13.435956504 0.160211627 -0.006972458 0.002866429 0.243729837 0.969813866
9.765129 29.144811188 13.459639863 0.162202454 -0.008715288 0.003004031 0.209655695 0.977731819
9.865276 29.499711770 13.549235468 0.162382006 -0.010751070 0.002472943 0.203233733 0.979068102
9.913217 27.931152365 13.581262654 0.155601462 -0.011527770 0.002011708 0.210610901 0.977499929
10.014908 22.560040852 10.102262535 0.155862858 -0.012122373 0.001879425 0.247361980 0.968845481
10.145997 22.794693037 10.210217170 0.150262870 -0.013252351 0.002211768 0.232434497 0.972519248
10.245995 32.071323179 13.257181165 0.150942544 -0.013263117 0.004680591 0.099655788 0.994922563
10.365248 32.683819916 13.268581343 0.152582715 -0.014775272 0.005918721 0.082079779 0.996498655
10.465128 33.175070346 13.216969783 0.149800685 -0.015251786 0.006513823 0.072003261 0.997266506
10.545848 33.595866455 13.179360356 0.148353064 -0.015767273 0.006903585 0.061076659 0.997984657
10.665275 34.267571059 13.074209191 0.141892586 -0.016313854 0.006538127 0.042509938 0.998941448
10.745948 34.684515112 12.988938681 0.140042537 -0.016560176 0.006402735 0.036275774 0.999184084
10.808670 35.072310206 12.953904855 0.136989424 -0.017043202 0.006512941 0.027094832 0.999466348
10.965262 36.080546157 12.723897093 0.128711959 -0.017821716 0.006177318 0.006374737 0.999801775
11.065229 36.580883692 12.597604648 0.120495642 -0.017892213 0.005917690 0.007158754 0.999796780
11.145821 37.028931324 12.581545427 0.121767932 -0.018200902 0.006697230 -0.005887682 0.999794584
11.265128 37.723543715 12.357552326 0.121619390 -0.018429126 0.007911611 -0.022870191 0.999537257
11.365274 38.251907447 12.193317096 0.117686706 -0.018664223 0.008543527 -0.031896685 0.999280369
11.465253 38.818967274 12.013801005 0.115822643 -0.018367277 0.009259222 -0.044564613 0.998794726
11.565303 39.357397663 11.817116422 0.114077256 -0.018135371 0.009640621 -0.054138658 0.998322179
11.665175 39.860371654 11.938800773 0.112159652 -0.018282387 0.008246275 0.007171651 0.999773135
11.765225 36.137495609 15.007169968 0.110820173 -0.016616185 0.011261329 -0.186361075 0.982276252
11.865248 40.893488423 10.557807302 0.106901820 -0.017131862 0.010835782 -0.197342560 0.980124992
11.947268 41.332560031 10.373234734 0.104744638 -0.017594144 0.010425975 -0.203657786 0.978828510
12.047246 41.983758206 10.122657601 0.104197905 -0.017070053 0.010078638 -0.217112099 0.975945373
12.147166 42.574591295 9.849057181 0.104641959 -0.016362604 0.010140972 -0.227515534 0.973584155
12.265265 43.136772229 9.546335750 0.101802100 -0.016571960 0.010080216 -0.237178854 0.971272336
12.347322 43.467775548 9.361419955 0.101810709 -0.017155317 0.010239960 -0.240655213 0.970405022
12.465364 44.049086334 8.998921161 0.099039467 -0.016548320 0.010679746 -0.253144251 0.967228042
12.546174 44.477035183 8.765858366 0.096512409 -0.015691855 0.010528549 -0.258296156 0.965880951
12.629967 44.857773517 8.490837744 0.097118737 -0.013615057 0.010570221 -0.265988711 0.963822030
12.730167 45.443612627 8.130694324 0.093930773 -0.010833618 0.010357694 -0.278093572 0.960437044
12.828170 45.918852675 7.785590958 0.088642612 -0.007811261 0.009795612 -0.284621990 0.958557955
12.925603 46.440953196 7.429300506 0.084684446 -0.005007126 0.009463502 -0.290962625 0.956674512
13.023339 46.966943094 7.054642497 0.085091120 -0.001459922 0.008367547 -0.296026384 0.955141996
13.133310 47.515082692 6.661740817 0.085949121 0.001616340 0.007080567 -0.300427315 0.953777061
13.230295 47.955051218 6.347509062 0.080933031 0.004033110 0.005678089 -0.301674429 0.953385563
13.328253 48.462855434 5.999212611 0.079746415 0.006073374 0.004346371 -0.303110111 0.952926274
13.401944 48.798272012 5.758869051 0.080376298 0.008756908 0.002680107 -0.302206982 0.953198339
13.521467 49.470949991 5.277826809 0.084799270 0.010065718 0.003445747 -0.302431539 0.953111731
13.621518 49.989458680 4.929714475 0.077491665 0.010291022 0.004774876 -0.298853281 0.954231634
13.720667 50.508481540 4.590918939 0.066697761 0.011641241 0.006516488 -0.295551330 0.955233704
13.819398 51.037817711 4.241330863 0.066572737 0.015105671 0.007513495 -0.290868687 0.956614224
13.919150 51.575887459 3.897208972 0.070827137 0.017314051 0.008912582 -0.285022620 0.958322960
14.019398 52.138128042 3.578757654 0.059459590 0.015990917 0.009593399 -0.279025590 0.960102587
14.119446 52.681328790 3.261535889 0.045470961 0.014341655 0.009520589 -0.272357153 0.962042232
14.217651 53.222566429 2.944433614 0.029438224 0.014632266 0.008828000 -0.265303552 0.964013479
14.317678 53.784533494 2.621984305 0.023256949 0.015497430 0.008078657 -0.258250829 0.965919807
14.417603 54.331994127 2.318162326 0.008799309 0.014133358 0.008213804 -0.251452215 0.967731660
14.517628 54.911084514 2.036084780 0.004697373 0.012561509 0.007618462 -0.244734261 0.969478885
14.618179 55.513781453 1.727059112 -0.003046214 0.011126245 0.007834223 -0.237259464 0.971351007
14.717556 56.114067372 1.437468235 -0.004122419 0.010578996 0.008574467 -0.230870926 0.972889089
14.820022 56.734417433 1.155364190 -0.009584018 0.010058280 0.010015719 -0.224651836 0.974335707
14.901982 57.232876949 0.931470414 -0.018418655 0.009738755 0.011378547 -0.218437248 0.975736058
15.021915 58.031526589 0.589250803 -0.030700993 0.009782401 0.012126383 -0.213045273 0.976918096
15.122739 58.627477874 0.333840466 -0.042310354 0.009353053 0.011751559 -0.206962648 0.978233553
