1.310214 0.308000 0.007879 -0.023562 0.002311 0.000475 0.006175 0.999978
1.410039 0.629278 0.020854 0.024675 0.003727 0.004476 0.011596 0.999916
1.539466 0.896473 0.011143 0.023813 0.004349 0.004585 0.018210 0.999814
1.640641 1.160923 0.049294 0.049386 0.004612 0.003794 0.024124 0.999691
1.735952 1.425231 0.046371 0.040893 0.003764 0.005794 0.030152 0.999521
1.812020 1.667798 0.092501 0.067833 0.002717 0.006724 0.035705 0.999336
1.912017 2.016170 0.117887 0.042783 0.001728 0.002293 0.041323 0.999142
2.009843 2.312163 0.155951 0.050225 0.002895 -0.001874 0.047319 0.998874
2.109796 2.654565 0.181958 0.035871 0.005240 -0.005974 0.053330 0.998545
2.209643 2.966095 0.215292 0.053404 0.006801 -0.007288 0.059713 0.998166
2.309544 3.305312 0.267289 0.059859 0.005978 -0.005242 0.065656 0.997811
2.409319 3.618060 0.318876 0.065036 0.004895 -0.002241 0.071835 0.997402
2.509321 3.947148 0.373035 0.055589 0.004774 -0.001782 0.077798 0.996956
2.609197 4.268337 0.441185 0.070185 0.004120 -0.003151 0.083489 0.996495
2.709045 4.608542 0.503304 0.080089 0.001845 -0.000505 0.089876 0.995951
2.846823 5.037238 0.600459 0.079761 0.001179 0.005135 0.096100 0.995358
2.936479 5.216826 0.636842 0.089034 0.002626 0.006852 0.101846 0.994773
3.008549 5.519755 0.706795 0.078294 0.005333 0.007260 0.107509 0.994163
3.108547 5.848766 0.769168 0.110807 0.008620 0.006757 0.114022 0.993418
3.208349 6.186237 0.869948 0.094793 0.006216 0.005998 0.119812 0.992759
3.308227 6.507684 0.963245 0.094328 0.002955 0.004511 0.126095 0.992004
3.413261 6.863340 1.066628 0.059766 0.003159 0.003866 0.132798 0.991131
3.507823 7.167273 1.142822 0.090770 0.005855 0.004565 0.139147 0.990244
3.607652 7.553067 1.262661 0.075950 0.006902 0.006172 0.145330 0.989340
3.707378 7.888200 1.378262 0.101076 0.005847 0.008456 0.152536 0.988244
3.807329 8.269008 1.505379 0.071560 0.005360 0.008834 0.159412 0.987158
3.907057 8.625894 1.633236 0.097407 0.005932 0.007896 0.166738 0.985952
4.006829 9.009863 1.772713 0.066948 0.005296 0.006497 0.173948 0.984719
4.106658 9.399162 1.929937 0.084258 0.006305 0.006034 0.181850 0.983288
4.206460 9.793012 2.076333 0.055798 0.008855 0.005740 0.190219 0.981685
4.300773 9.792039 2.077729 0.055754 0.008897 0.005745 0.190251 0.981678
4.400822 10.762900 2.579951 0.070570 0.009511 0.001145 0.206290 0.978444
4.599973 11.441776 2.896019 0.096587 0.006409 0.001276 0.219581 0.975572
4.699798 11.479176 2.905149 0.070645 0.006051 0.001155 0.225966 0.974116
4.798441 11.865158 3.128349 0.091538 0.007060 0.002188 0.232124 0.972658
4.897143 12.169555 3.284745 0.081720 0.007623 0.002655 0.243153 0.969954
4.998735 12.554032 3.527238 0.104185 0.007691 0.003261 0.252194 0.967641
5.098990 12.914250 3.745533 0.097117 0.006731 0.003684 0.261292 0.965229
5.200147 13.311841 3.997327 0.113384 0.005990 0.004189 0.270789 0.962611
5.201744 13.311212 4.001176 0.101318 0.004951 0.004169 0.277124 0.960812
5.339967 14.135846 4.572745 0.116337 0.004595 0.004161 0.287821 0.957664
5.444782 14.399405 4.752358 0.111069 0.004128 0.003953 0.296884 0.954897
5.544779 14.768863 5.035429 0.124221 0.003278 0.004063 0.302491 0.953138
5.644602 15.113936 5.279192 0.117439 0.002616 0.004265 0.309716 0.950816
5.744629 15.445521 5.542657 0.126595 0.002307 0.004205 0.316193 0.948683
5.844680 15.778514 5.809390 0.122576 0.001828 0.004233 0.322512 0.946554
5.946770 16.117342 6.086927 0.133053 0.001381 0.004840 0.328070 0.944640
6.044728 16.430326 6.338583 0.128733 0.000857 0.005174 0.333084 0.942883
6.144709 16.745343 6.607318 0.139054 0.000741 0.005084 0.337247 0.941402
6.244653 17.054156 6.870800 0.132661 0.000095 0.004777 0.340572 0.940206
6.345048 17.363044 7.133030 0.140731 -0.000037 0.005098 0.343103 0.939284
6.444782 17.668870 7.399430 0.134988 -0.000128 0.005293 0.345208 0.938511
6.544583 17.960063 7.656167 0.143795 0.000314 0.005596 0.346128 0.938171
6.600672 17.960868 7.655238 0.144042 0.000371 0.005627 0.346144 0.938164
6.744603 18.653818 8.259360 0.140026 0.000730 0.004233 0.342712 0.939431
6.844754 18.832676 8.416927 0.147930 0.001209 0.003722 0.343964 0.938975
6.946873 19.156182 8.684144 0.141931 0.001740 0.001993 0.340406 0.940275
7.044730 19.438128 8.919198 0.150964 0.002483 0.001457 0.337742 0.941234
7.112015 19.657329 9.090586 0.143991 0.002333 0.001733 0.336337 0.941737
7.212020 20.048567 9.411821 0.156521 0.001100 0.002881 0.328273 0.944578
7.344682 20.498182 9.751057 0.153467 -0.000719 0.003598 0.318499 0.947916
7.441241 20.719592 9.934336 0.161322 -0.001289 0.004237 0.314794 0.949150
7.539770 21.079312 10.169840 0.161045 -0.001833 0.004386 0.306690 0.951798
7.635357 21.369502 10.374856 0.170919 -0.001584 0.004154 0.299026 0.954235
7.738149 21.721951 10.616348 0.169728 -0.001843 0.003462 0.288576 0.957449
7.844704 22.086731 10.835218 0.177869 -0.003099 0.002628 0.277912 0.960598
7.912043 22.308876 10.970386 0.159337 -0.004780 0.001912 0.273191 0.961946
8.012118 22.736573 11.204663 0.171106 -0.004237 0.001267 0.258407 0.966026
8.165101 23.299218 11.502742 0.170097 -0.003651 0.000599 0.239382 0.970918
8.206307 23.314022 11.538505 0.172192 -0.004075 0.000812 0.243526 0.969886
8.335005 23.877892 11.781285 0.169080 -0.003643 -0.000518 0.219698 0.975561
8.406734 24.091323 11.894522 0.170297 -0.003650 -0.000662 0.215403 0.976518
8.507008 24.562066 12.053362 0.170017 -0.001784 -0.000058 0.199268 0.979943
8.625083 25.040511 12.226886 0.180530 -0.000522 0.000560 0.183474 0.983024
8.708031 25.307052 12.334859 0.184737 -0.000117 0.000908 0.176079 0.984376
8.808281 25.763926 12.476830 0.197177 -0.001024 0.001011 0.161085 0.986939
8.908831 26.187471 12.598251 0.188052 -0.002600 0.000984 0.148101 0.988968
9.009292 26.605942 12.708107 0.193675 -0.002239 0.001437 0.135561 0.990765
9.165150 27.281803 12.848073 0.196893 -0.000461 0.001886 0.114185 0.993458
9.265200 27.584281 12.951171 0.201529 -0.000560 0.002015 0.108336 0.994112
9.365249 27.981857 13.012193 0.201777 -0.001406 0.002200 0.097142 0.995267
9.465225 28.416743 13.072503 0.201680 -0.002107 0.002681 0.085495 0.996333
9.565172 28.860188 13.125815 0.212025 -0.002500 0.003877 0.073415 0.997291
9.665273 29.325395 13.175452 0.211551 -0.003562 0.004563 0.061338 0.998100
9.765129 29.790201 13.215470 0.215437 -0.005703 0.004623 0.049146 0.998765
9.865276 30.259655 13.251703 0.212279 -0.007931 0.004683 0.036430 0.999294
9.913217 30.484906 13.260504 0.203871 -0.008451 0.004561 0.032048 0.999440
10.014908 31.167225 13.267354 0.208633 -0.008892 0.005009 0.010946 0.999888
10.145997 31.867720 13.264843 0.197314 -0.009759 0.005883 -0.007208 0.999909
10.245995 32.277969 13.250027 0.200522 -0.010176 0.006818 -0.015258 0.999809
10.365248 32.872921 13.217513 0.196672 -0.011566 0.008133 -0.030229 0.999443
10.465128 33.308003 13.165548 0.195619 -0.012023 0.008813 -0.039350 0.999114
10.545848 33.730728 13.130341 0.193053 -0.012710 0.009185 -0.048111 0.998719
10.665275 34.430938 13.023709 0.185665 -0.013162 0.008819 -0.066347 0.997671
10.745948 34.781212 12.971952 0.183417 -0.013482 0.008852 -0.072732 0.997221
10.808670 35.205146 12.891602 0.178050 -0.013845 0.009029 -0.081613 0.996527
10.965262 36.259711 12.684612 0.169769 -0.014623 0.008800 -0.107074 0.994105
11.065229 36.673987 12.615292 0.158397 -0.014768 0.008840 -0.113396 0.993401
11.145821 37.107212 12.489558 0.163291 -0.015156 0.009397 -0.119991 0.992615
11.265128 37.808040 12.284996 0.155194 -0.015185 0.010634 -0.136077 0.990525
11.365274 38.316641 12.134200 0.151591 -0.015137 0.011356 -0.145086 0.989238
11.465253 38.857601 11.954419 0.149403 -0.014991 0.012064 -0.155177 0.987699
11.565303 39.405379 11.771056 0.147533 -0.014787 0.012302 -0.165298 0.986056
11.665175 39.966255 11.552393 0.143215 -0.014411 0.012325 -0.174373 0.984497
11.765225 40.514060 11.350617 0.139123 -0.014297 0.012073 -0.183402 0.982860
11.865248 41.064620 11.124396 0.133439 -0.014890 0.011756 -0.192740 0.981067
11.947268 41.509870 10.925995 0.128393 -0.015213 0.011160 -0.199241 0.979769
12.047246 42.100112 10.642791 0.126774 -0.014860 0.010968 -0.210449 0.977430
12.147166 42.638217 10.397991 0.123701 -0.014356 0.010707 -0.219431 0.975464
12.265265 43.277088 10.086272 0.120981 -0.014413 0.011114 -0.231178 0.972741
12.347322 43.628372 9.904768 0.116507 -0.015062 0.011358 -0.235808 0.971616
12.465364 44.296604 9.523008 0.110014 -0.014286 0.011605 -0.249149 0.968290
12.546174 44.638154 9.324804 0.108789 -0.013686 0.011288 -0.253471 0.967180
12.629967 45.131274 9.015802 0.108299 -0.011506 0.011335 -0.263047 0.964648
12.730167 45.685266 8.661367 0.100907 -0.008694 0.011185 -0.273469 0.961777
12.828170 46.184139 8.320797 0.097535 -0.005596 0.010813 -0.281659 0.959437
12.925603 46.689388 7.977913 0.090305 -0.002816 0.010381 -0.288825 0.957321
13.023339 47.195379 7.615934 0.086773 0.001077 0.009279 -0.293606 0.955881
13.133310 47.753732 7.202938 0.083475 0.004077 0.008131 -0.298118 0.954486
13.230295 48.187748 6.900985 0.080105 0.006048 0.006852 -0.300104 0.953863
13.328253 48.690368 6.527083 0.072580 0.008618 0.005249 -0.301593 0.953383
13.401944 49.055082 6.257313 0.077298 0.010573 0.003676 -0.300861 0.953602
13.521467 49.768898 5.751341 0.074518 0.012428 0.004343 -0.300177 0.953793
13.621518 50.221495 5.443767 0.064980 0.012724 0.005681 -0.296151 0.955039
13.720667 50.762493 5.086633 0.055788 0.013854 0.007251 -0.292703 0.956076
13.819398 51.280033 4.726985 0.052917 0.017386 0.008288 -0.287131 0.957698
13.919150 51.809583 4.398402 0.054161 0.019866 0.009890 -0.280764 0.959520
14.019398 52.355798 4.064598 0.034022 0.018375 0.010572 -0.274217 0.961434
14.119446 52.903620 3.751391 0.022937 0.017074 0.010509 -0.267438 0.963366
14.217651 53.442348 3.441789 0.003542 0.017033 0.009729 -0.259923 0.965430
14.317678 54.016442 3.127047 0.003975 0.018106 0.008553 -0.252646 0.967352
14.417603 54.584076 2.819309 -0.018758 0.016627 0.008587 -0.245741 0.969155
14.517628 55.159353 2.527221 -0.022041 0.015037 0.008263 -0.238570 0.970974
14.618179 55.755184 2.232394 -0.033355 0.013619 0.008510 -0.231525 0.972696
14.717556 56.345829 1.947404 -0.035491 0.013295 0.009305 -0.224960 0.974233
14.820022 56.961603 1.664159 -0.048872 0.012833 0.010668 -0.218218 0.975757
14.901982 57.446799 1.442853 -0.055620 0.012416 0.012293 -0.212147 0.977081
15.021915 58.265612 1.094715 -0.070937 0.012364 0.013037 -0.206332 0.978317
15.122739 58.790348 0.878751 -0.082683 0.012194 0.012601 -0.200463 0.979544
