1.346648 0.006115 0.001641 0.002142 0.000157 -0.000009 0.000007 1.000000
1.444727 0.010828 0.006667 0.000910 0.000068 -0.000114 0.000115 1.000000
1.540862 0.006182 0.004064 -0.000402 0.000014 -0.000081 0.000043 1.000000
1.644653 0.011385 0.007634 0.000232 -0.000029 0.000014 0.000026 1.000000
1.746823 0.004617 0.002831 0.000512 0.000028 -0.000091 0.000075 1.000000
1.844630 0.009240 0.004804 0.000896 0.000073 -0.000112 0.000033 1.000000
1.940862 0.009878 0.007061 0.000861 0.000088 -0.000102 0.000112 1.000000
2.036642 0.008981 0.005988 0.002477 0.000148 -0.000105 0.000132 1.000000
2.136816 0.011240 0.007504 0.001078 0.000071 -0.000045 0.000084 1.000000
2.237086 0.007584 0.003424 0.001814 0.000058 -0.000089 0.000128 1.000000
2.337438 0.011093 0.008960 0.002160 0.000192 -0.000189 0.000164 1.000000
2.437757 0.009493 0.005418 0.001655 0.000144 -0.000092 0.000174 1.000000
2.537832 0.012833 0.010334 0.001467 0.000054 -0.000101 -0.000009 1.000000
2.638181 0.011675 0.008131 0.001517 0.000111 -0.000166 0.000103 1.000000
2.738502 0.013226 0.009418 0.001914 0.000070 -0.000106 -0.000046 1.000000
2.838824 0.016123 0.007436 0.002178 0.000046 -0.000111 -0.000044 1.000000
2.939051 0.011291 0.009037 0.002574 0.000186 -0.000095 0.000096 1.000000
3.039599 0.021110 0.008080 0.002467 0.000045 -0.000091 0.000039 1.000000
3.140121 0.015784 0.011238 0.002605 0.000107 -0.000114 -0.000030 1.000000
3.239598 0.017260 0.009375 0.002930 0.000114 -0.000051 0.000071 1.000000
3.340494 0.013661 0.006343 0.001969 0.000073 -0.000073 0.000057 1.000000
3.446795 0.015288 0.008785 0.002454 0.000078 -0.000067 0.000086 1.000000
3.544607 0.017562 0.009850 0.001439 0.000116 -0.000076 0.000041 1.000000
3.646871 0.014831 0.009879 0.002791 0.000080 -0.000072 0.000039 1.000000
3.746820 0.017243 0.008881 0.002470 0.000169 -0.000112 0.000021 1.000000
3.844551 0.014177 0.009175 0.002011 0.000128 -0.000116 0.000071 1.000000
3.944757 0.014022 0.008223 0.002298 0.000139 -0.000101 0.000110 1.000000
4.040838 0.015473 0.009744 0.001668 0.000089 -0.000101 -0.000024 1.000000
4.144725 0.016383 0.010125 0.003780 0.000159 -0.000117 0.000027 1.000000
4.246694 0.014754 0.008317 0.003658 0.000121 -0.000082 -0.000017 1.000000
4.344731 0.016335 0.014824 0.003460 0.000066 -0.000096 -0.000051 1.000000
4.440815 0.011585 0.008355 0.003121 0.000169 -0.000146 0.000049 1.000000
4.544654 0.016461 0.010756 0.002746 0.000103 -0.000067 0.000027 1.000000
4.636041 0.015456 0.010460 0.002816 0.000076 -0.000158 0.000207 1.000000
4.736038 0.010693 0.008432 0.003302 0.000123 -0.000112 0.000057 1.000000
4.836262 0.020082 0.010786 0.002563 0.000068 -0.000105 0.000011 1.000000
4.936536 0.013758 0.010652 0.002869 0.000061 -0.000069 0.000037 1.000000
5.036986 0.017295 0.008615 0.002250 0.000113 -0.000052 0.000092 1.000000
5.137754 0.013836 0.012014 0.003513 0.000164 -0.000130 0.000081 1.000000
5.237853 0.015723 0.008008 0.001995 0.000091 -0.000063 -0.000010 1.000000
5.338178 0.016701 0.007955 0.002035 0.000044 -0.000068 0.000005 1.000000
5.438549 0.014106 0.008836 0.003022 0.000109 -0.000126 0.000069 1.000000
5.539098 0.014581 0.008710 0.003332 0.000170 -0.000153 0.000122 1.000000
5.639143 0.015314 0.011436 0.003650 0.000143 -0.000112 0.000044 1.000000
5.745601 0.013502 0.010545 0.003384 0.000150 -0.000151 0.000143 1.000000
5.840313 0.016913 0.009778 0.003448 0.000158 -0.000118 0.000101 1.000000
5.946748 0.014398 0.009498 0.003051 0.000159 -0.000192 0.000005 1.000000
6.044527 0.012675 0.006580 0.002825 0.000162 -0.000096 0.000034 1.000000
6.146824 0.014800 0.009197 0.003419 0.000129 -0.000112 -0.000039 1.000000
6.244726 0.015676 0.010269 0.001676 0.000059 -0.000078 0.000039 1.000000
6.340765 0.015289 0.005525 0.004256 0.000058 -0.000046 -0.000019 1.000000
6.444724 0.013978 0.009291 0.001647 0.000087 -0.000073 0.000073 1.000000
6.544678 0.013086 0.007901 0.002981 0.000056 -0.000096 0.000077 1.000000
6.646821 0.019238 0.008285 0.003738 0.000121 -0.000114 0.000178 1.000000
6.746719 0.014065 0.008082 0.002562 0.000117 -0.000116 0.000180 1.000000
6.844552 0.020561 0.009918 0.003460 0.000078 -0.000105 0.000061 1.000000
6.946698 0.017236 0.010042 0.002836 0.000039 -0.000072 0.000064 1.000000
7.044601 0.017095 0.008617 0.003588 0.000166 -0.000053 0.000069 1.000000
7.146796 0.017759 0.008979 0.003380 0.000077 -0.000090 0.000107 1.000000
7.244755 0.016919 0.006131 0.002829 0.000053 -0.000061 0.000088 1.000000
7.346772 0.018389 0.009454 0.003649 0.000150 -0.000103 0.000076 1.000000
7.444600 0.017844 0.006720 0.002900 0.000173 -0.000111 0.000092 1.000000
7.546697 0.018116 0.007225 0.003341 0.000085 -0.000077 0.000007 1.000000
7.644601 0.017248 0.009820 0.003106 0.000138 -0.000112 0.000099 1.000000
7.746725 0.017145 0.009271 0.004202 0.000172 -0.000088 0.000068 1.000000
7.844677 0.014024 0.009074 0.002713 0.000147 -0.000054 0.000146 1.000000
7.944505 0.014800 0.008473 0.004666 0.000097 -0.000095 0.000209 1.000000
8.046820 0.014212 0.007776 0.002718 0.000171 -0.000112 0.000069 1.000000
8.144727 0.019714 0.012611 0.004541 0.000115 -0.000109 0.000017 1.000000
8.246695 0.016084 0.009172 0.002269 0.000105 -0.000085 0.000055 1.000000
8.346799 0.015884 0.007603 0.003316 0.000087 -0.000093 0.000098 1.000000
8.446847 0.014846 0.007614 0.004664 0.000201 -0.000107 0.000090 1.000000
8.546799 0.014205 0.007366 0.003689 0.000168 -0.000097 0.000111 1.000000
8.646770 0.015031 0.007988 0.004924 0.000186 -0.000126 0.000193 1.000000
8.746772 0.017760 0.007383 0.003151 0.000087 -0.000071 0.000039 1.000000
8.840839 0.016014 0.008414 0.005107 0.000071 -0.000053 0.000058 1.000000
8.940839 0.015036 0.008722 0.002193 0.000187 -0.000147 0.000222 1.000000
9.044679 0.012556 0.005341 0.004723 0.000075 -0.000097 0.000071 1.000000
9.146872 0.014738 0.008245 0.001973 0.000107 -0.000138 0.000066 1.000000
9.246797 0.013334 0.007874 0.004940 0.000126 -0.000093 0.000050 1.000000
9.344625 0.014284 0.007884 0.003653 0.000171 -0.000092 0.000023 1.000000
9.446795 0.014890 0.010168 0.003893 0.000133 -0.000093 0.000026 1.000000
9.510916 0.015807 0.007827 0.003626 0.000144 -0.000107 0.000089 1.000000
9.646769 0.014146 0.009106 0.005104 0.000154 -0.000123 0.000098 1.000000
9.744701 0.016264 0.008603 0.004476 0.000146 -0.000144 0.000109 1.000000
9.846695 0.017804 0.011134 0.006119 0.000096 -0.000082 0.000175 1.000000
9.946696 0.012374 0.008113 0.003221 0.000137 -0.000145 0.000212 1.000000
10.044723 0.013861 0.009020 0.006512 0.000194 -0.000157 0.000095 1.000000
10.144651 0.012690 0.008455 0.003025 0.000183 -0.000129 0.000184 1.000000
10.246844 0.017835 0.009787 0.005968 0.000072 -0.000123 0.000114 1.000000
10.346673 0.008593 0.005989 0.002912 0.000110 -0.000125 0.000296 1.000000
10.446745 0.013757 0.008288 0.005945 0.000148 -0.000097 0.000083 1.000000
10.544549 0.015094 0.009684 0.003897 0.000129 -0.000122 0.000115 1.000000
10.646821 0.014519 0.006893 0.006019 0.000102 -0.000083 0.000009 1.000000
10.744749 0.013839 0.004592 0.004266 0.000208 -0.000137 0.000166 1.000000
10.844677 0.012974 0.006263 0.005375 0.000164 -0.000118 0.000096 1.000000
10.940915 0.017800 0.009077 0.004950 0.000142 -0.000085 0.000084 1.000000
11.044604 0.013631 0.007199 0.004107 0.000149 -0.000109 0.000109 1.000000
11.140940 0.011165 0.008102 0.004247 0.000089 -0.000156 0.000153 1.000000
11.244729 0.013798 0.008602 0.004560 0.000127 -0.000172 0.000059 1.000000
11.344575 0.011432 0.006962 0.004587 0.000154 -0.000133 0.000146 1.000000
11.444630 0.011568 0.005923 0.004723 0.000138 -0.000148 0.000098 1.000000
11.546720 0.014959 0.008817 0.004263 0.000112 -0.000121 0.000100 1.000000
11.644700 0.015298 0.008473 0.004300 0.000077 -0.000068 0.000176 1.000000
11.746746 0.018335 0.009287 0.005056 0.000102 -0.000108 0.000051 1.000000
11.846769 0.012741 0.008096 0.004919 0.000205 -0.000167 0.000150 1.000000
11.944578 0.014466 0.006897 0.005310 0.000129 -0.000092 0.000132 1.000000
12.046848 0.016219 0.006637 0.006289 0.000218 -0.000146 0.000069 1.000000
12.144477 0.010901 0.006559 0.005094 0.000123 -0.000122 0.000162 1.000000
12.240914 0.012091 0.007145 0.006481 0.000187 -0.000150 0.000074 1.000000
12.346746 0.011763 0.005831 0.005313 0.000058 0.000004 0.000134 1.000000
12.446872 0.011973 0.009784 0.007115 0.000118 -0.000062 0.000099 1.000000
12.544678 0.012166 0.008699 0.005125 0.000184 -0.000133 0.000131 1.000000
12.646873 0.010218 0.007890 0.005978 0.000090 -0.000068 0.000159 1.000000
12.700674 0.009826 0.006920 0.006054 0.000102 -0.000076 0.000164 1.000000
12.900247 0.015662 0.010502 0.006648 0.000098 -0.000135 0.000046 1.000000
13.000323 0.009981 0.005696 0.005480 0.000130 -0.000103 0.000150 1.000000
13.100320 0.011000 0.007151 0.007740 0.000188 -0.000077 0.000163 1.000000
13.140146 0.011932 0.006787 0.004944 0.000104 -0.000065 0.000103 1.000000
13.240041 0.011064 0.011296 0.008078 0.000140 -0.000109 0.000102 1.000000
13.340139 0.010896 0.007457 0.004368 0.000077 -0.000114 0.000092 1.000000
13.438739 0.010679 0.006559 0.006664 0.000170 -0.000172 0.000112 1.000000
13.538739 0.012061 0.008499 0.006927 0.000206 -0.000136 0.000153 1.000000
13.639334 0.009615 0.006523 0.006698 0.000169 -0.000152 0.000089 1.000000
13.739457 0.015299 0.007882 0.006354 0.000159 -0.000138 0.000134 1.000000
13.839530 0.010741 0.006576 0.007224 0.000222 -0.000140 0.000153 1.000000
13.939476 0.011800 0.008770 0.005954 0.000226 -0.000110 0.000196 1.000000
14.040124 0.011552 0.008418 0.006485 0.000166 -0.000134 0.000114 1.000000
14.140146 0.014180 0.010102 0.007508 0.000193 -0.000100 0.000108 1.000000
14.239993 0.012665 0.006643 0.006400 0.000251 -0.000194 0.000183 1.000000
