1.346648 0.006114 0.000981 0.001703 0.000112 0.000014 -0.000005 1.000000
1.444727 0.012643 0.005632 0.001983 0.000056 -0.000080 0.000022 1.000000
1.540862 0.012589 0.007259 -0.000457 0.000033 -0.000084 -0.000045 1.000000
1.644653 0.015718 0.009435 -0.000031 0.000016 0.000015 -0.000087 1.000000
1.746823 0.012264 0.007962 0.001199 -0.000028 -0.000056 -0.000057 1.000000
1.844630 0.012740 0.004912 0.000279 0.000118 -0.000103 -0.000090 1.000000
1.940862 0.014040 0.009509 0.002199 0.000132 -0.000052 -0.000000 1.000000
2.036642 0.015017 0.009077 0.002778 0.000189 -0.000090 -0.000003 1.000000
2.136816 0.015347 0.011129 0.002104 0.000097 -0.000064 -0.000026 1.000000
2.237086 0.008824 0.009159 0.001823 0.000047 -0.000097 -0.000065 1.000000
2.337438 0.010838 0.009851 0.002513 0.000148 -0.000126 0.000125 1.000000
2.437757 0.010563 0.009254 0.002143 0.000166 -0.000110 -0.000019 1.000000
2.537832 0.014204 0.011799 0.001959 0.000086 -0.000138 -0.000120 1.000000
2.638181 0.017083 0.013956 0.001600 0.000102 -0.000140 0.000009 1.000000
2.738502 0.017756 0.013641 0.002313 0.000084 -0.000127 -0.000166 1.000000
2.838824 0.020840 0.014821 0.003486 0.000128 -0.000109 -0.000106 1.000000
2.939051 0.019203 0.014669 0.003873 0.000226 -0.000140 -0.000033 1.000000
3.039599 0.022633 0.013398 0.004163 0.000066 -0.000082 -0.000028 1.000000
3.140121 0.027456 0.014619 0.003594 0.000114 -0.000112 -0.000202 1.000000
3.239598 0.025461 0.013849 0.003285 0.000106 -0.000096 -0.000085 1.000000
3.340494 0.021679 0.011223 0.003178 0.000113 -0.000083 -0.000069 1.000000
3.446795 0.020312 0.011032 0.002745 0.000107 -0.000104 -0.000093 1.000000
3.544607 0.018237 0.012095 0.003172 0.000145 -0.000132 -0.000038 1.000000
3.646871 0.016314 0.012922 0.002752 0.000047 -0.000081 -0.000056 1.000000
3.746820 0.018120 0.011837 0.003441 0.000190 -0.000051 -0.000076 1.000000
3.844551 0.016087 0.011571 0.002937 0.000143 -0.000169 -0.000052 1.000000
3.944757 0.016956 0.011804 0.002852 0.000154 -0.000078 0.000005 1.000000
4.040838 0.017306 0.011062 0.003034 0.000115 -0.000143 -0.000083 1.000000
4.144725 0.017982 0.013145 0.004721 0.000167 -0.000082 -0.000061 1.000000
4.246694 0.017983 0.011501 0.005280 0.000211 -0.000073 -0.000140 1.000000
4.344731 0.018570 0.016439 0.004548 0.000081 -0.000091 -0.000123 1.000000
4.440815 0.018626 0.014037 0.004675 0.000204 -0.000135 -0.000074 1.000000
4.544654 0.018435 0.015092 0.004269 0.000149 -0.000134 -0.000029 1.000000
4.636041 0.020804 0.014854 0.004750 0.000194 -0.000151 -0.000000 1.000000
4.736038 0.016979 0.013910 0.003969 0.000218 -0.000047 -0.000074 1.000000
4.836262 0.021694 0.014028 0.003857 0.000076 -0.000104 -0.000115 1.000000
4.936536 0.019924 0.016303 0.003878 0.000142 -0.000116 -0.000085 1.000000
5.036986 0.019438 0.012484 0.003171 0.000159 -0.000066 0.000016 1.000000
5.137754 0.019970 0.015600 0.004165 0.000170 -0.000129 0.000026 1.000000
5.237853 0.019039 0.014324 0.003976 0.000118 -0.000087 -0.000091 1.000000
5.338178 0.019241 0.011606 0.003577 0.000134 -0.000114 -0.000102 1.000000
5.438549 0.017410 0.012179 0.004803 0.000106 -0.000113 -0.000061 1.000000
5.539098 0.016954 0.012840 0.004830 0.000121 -0.000131 -0.000083 1.000000
5.639143 0.019336 0.016119 0.005006 0.000150 -0.000082 -0.000043 1.000000
5.745601 0.017446 0.014399 0.005896 0.000271 -0.000108 0.000044 1.000000
5.840313 0.018861 0.013850 0.005135 0.000179 -0.000099 -0.000033 1.000000
5.946748 0.019775 0.014028 0.004927 0.000215 -0.000143 -0.000025 1.000000
6.044527 0.016782 0.012353 0.004342 0.000202 -0.000097 -0.000071 1.000000
6.146824 0.018514 0.012913 0.004765 0.000126 -0.000119 -0.000044 1.000000
6.244726 0.017275 0.013433 0.004259 0.000164 -0.000113 -0.000042 1.000000
6.340765 0.021627 0.010214 0.004279 0.000111 -0.000062 -0.000125 1.000000
6.444724 0.019069 0.013366 0.004166 0.000136 -0.000104 -0.000068 1.000000
6.544678 0.018019 0.012374 0.004036 0.000146 -0.000089 -0.000059 1.000000
6.646821 0.024271 0.012720 0.005697 0.000158 -0.000163 0.000008 1.000000
6.746719 0.019456 0.011973 0.004322 0.000192 -0.000098 0.000005 1.000000
6.844552 0.022706 0.014019 0.005121 0.000159 -0.000171 0.000021 1.000000
6.946698 0.020231 0.013427 0.003616 0.000087 -0.000076 -0.000020 1.000000
7.044601 0.017703 0.014175 0.004190 0.000120 -0.000084 0.000067 1.000000
7.146796 0.019193 0.013677 0.004585 0.000082 -0.000041 -0.000024 1.000000
7.244755 0.023982 0.009580 0.004530 0.000170 -0.000022 -0.000088 1.000000
7.346772 0.019904 0.009801 0.004544 0.000134 -0.000124 -0.000055 1.000000
7.444600 0.022186 0.011122 0.004874 0.000218 -0.000069 -0.000079 1.000000
7.546697 0.021872 0.009749 0.004536 0.000154 -0.000108 -0.000053 1.000000
7.644601 0.020351 0.010574 0.004739 0.000159 -0.000094 -0.000005 1.000000
7.746725 0.019321 0.011795 0.006194 0.000206 -0.000140 -0.000013 1.000000
7.844677 0.016551 0.013831 0.004683 0.000200 -0.000069 0.000048 1.000000
7.944505 0.015544 0.013740 0.005425 0.000163 -0.000081 0.000210 1.000000
8.046820 0.014966 0.009906 0.005520 0.000257 -0.000076 0.000028 1.000000
8.144727 0.019760 0.015085 0.005785 0.000142 -0.000162 -0.000090 1.000000
8.246695 0.018406 0.012847 0.005100 0.000141 -0.000082 -0.000004 1.000000
8.346799 0.017371 0.013404 0.004597 0.000202 -0.000056 -0.000082 1.000000
8.446847 0.016710 0.012874 0.005253 0.000119 -0.000090 -0.000015 1.000000
8.546799 0.013622 0.011565 0.005076 0.000139 -0.000075 -0.000011 1.000000
8.646770 0.013322 0.012798 0.006121 0.000177 -0.000147 0.000056 1.000000
8.746772 0.016945 0.012766 0.004962 0.000078 -0.000015 -0.000019 1.000000
8.840839 0.015749 0.014684 0.005733 0.000044 -0.000107 0.000043 1.000000
8.940839 0.014314 0.014660 0.004308 0.000183 -0.000108 0.000115 1.000000
9.044679 0.012647 0.011761 0.004599 0.000072 -0.000138 0.000089 1.000000
9.146872 0.012826 0.011087 0.004306 0.000136 -0.000112 -0.000041 1.000000
9.246797 0.015316 0.012978 0.004792 0.000107 -0.000095 -0.000011 1.000000
9.344625 0.014783 0.014011 0.005989 0.000156 -0.000070 0.000003 1.000000
9.446795 0.016739 0.013855 0.006057 0.000177 -0.000070 -0.000058 1.000000
9.510916 0.017346 0.010630 0.005123 0.000154 -0.000096 0.000084 1.000000
9.646769 0.016182 0.013216 0.006135 0.000096 -0.000104 0.000021 1.000000
9.744701 0.014574 0.013771 0.006066 0.000136 -0.000210 0.000078 1.000000
9.846695 0.016605 0.014337 0.007689 0.000164 -0.000112 0.000153 1.000000
9.946696 0.013624 0.012898 0.006305 0.000205 -0.000134 0.000169 1.000000
10.044723 0.013848 0.011781 0.007380 0.000210 -0.000113 0.000059 1.000000
10.144651 0.014179 0.013667 0.006319 0.000053 -0.000061 0.000064 1.000000
10.246844 0.016134 0.015139 0.006479 0.000115 -0.000142 0.000093 1.000000
10.346673 0.013067 0.013131 0.005978 0.000115 -0.000122 0.000166 1.000000
10.446745 0.013559 0.013961 0.006329 0.000218 -0.000068 0.000105 1.000000
10.544549 0.014637 0.013861 0.006730 0.000204 -0.000109 0.000032 1.000000
10.646821 0.017319 0.010935 0.007344 0.000153 -0.000084 -0.000049 1.000000
10.744749 0.017307 0.011287 0.007619 0.000259 -0.000130 0.000070 1.000000
10.844677 0.015181 0.010757 0.006426 0.000143 -0.000147 0.000054 1.000000
10.940915 0.013832 0.010520 0.006039 0.000194 -0.000075 0.000025 1.000000
11.044604 0.017508 0.014094 0.006486 0.000226 -0.000116 0.000056 1.000000
11.140940 0.011523 0.012848 0.005683 0.000126 -0.000174 0.000068 1.000000
11.244729 0.013507 0.013124 0.005685 0.000118 -0.000192 0.000015 1.000000
11.344575 0.013060 0.012936 0.006739 0.000125 -0.000086 0.000069 1.000000
11.444630 0.013385 0.012019 0.006932 0.000214 -0.000171 0.000001 1.000000
11.546720 0.013746 0.012272 0.006285 0.000116 -0.000053 0.000046 1.000000
11.644700 0.014676 0.011786 0.006564 0.000134 -0.000132 0.000086 1.000000
11.746746 0.017247 0.013787 0.007877 0.000243 -0.000084 -0.000112 1.000000
11.846769 0.014376 0.012214 0.008101 0.000341 -0.000121 0.000046 1.000000
11.944578 0.015093 0.010902 0.008731 0.000253 -0.000106 0.000047 1.000000
12.046848 0.015399 0.010538 0.008976 0.000297 -0.000104 0.000025 1.000000
12.144477 0.013304 0.010621 0.007786 0.000199 -0.000121 0.000002 1.000000
12.240914 0.014366 0.011287 0.007396 0.000250 -0.000100 -0.000016 1.000000
12.346746 0.013118 0.011957 0.008596 0.000238 -0.000000 -0.000005 1.000000
12.446872 0.012846 0.013798 0.009268 0.000208 -0.000018 -0.000027 1.000000
12.544678 0.014592 0.014015 0.007578 0.000195 -0.000075 0.000038 1.000000
12.646873 0.013290 0.013806 0.009341 0.000258 -0.000047 -0.000031 1.000000
12.700674 0.012237 0.012784 0.009550 0.000269 -0.000053 -0.000004 1.000000
12.900247 0.015930 0.014086 0.009349 0.000122 -0.000094 0.000064 1.000000
13.000323 0.012524 0.010568 0.009033 0.000264 -0.000074 0.000001 1.000000
13.100320 0.010631 0.011873 0.010381 0.000274 -0.000076 0.000139 1.000000
13.140146 0.012517 0.013095 0.009657 0.000220 -0.000034 0.000054 1.000000
13.240041 0.012859 0.013323 0.008872 0.000212 -0.000075 0.000017 1.000000
13.340139 0.012296 0.012994 0.007867 0.000114 -0.000090 -0.000012 1.000000
13.438739 0.009616 0.009880 0.006953 0.000164 -0.000160 0.000106 1.000000
13.538739 0.011062 0.011672 0.009695 0.000225 -0.000064 0.000047 1.000000
13.639334 0.011971 0.011785 0.009215 0.000170 -0.000062 -0.000002 1.000000
13.739457 0.012638 0.011222 0.008807 0.000150 -0.000079 0.000027 1.000000
13.839530 0.012398 0.010217 0.009300 0.000288 -0.000122 0.000079 1.000000
13.939476 0.009588 0.012738 0.008895 0.000326 -0.000024 0.000073 1.000000
14.040124 0.010825 0.012548 0.008821 0.000174 -0.000116 0.000077 1.000000
14.140146 0.013377 0.013722 0.010061 0.000240 -0.000033 0.000059 1.000000
14.239993 0.014566 0.012094 0.008729 0.000265 -0.000146 0.000092 1.000000
