1.346648 0.006113778 0.000980824 0.001702580 0.000112418 0.000014470 -0.000005299 0.999999994
1.444727 0.012643056 0.005632013 0.001982605 0.000055907 -0.000079773 0.000022250 0.999999995
1.540862 0.012588782 0.007258865 -0.000457035 0.000032854 -0.000084280 -0.000044736 0.999999995
1.644653 0.015717514 0.009435238 -0.000030881 0.000015660 0.000014747 -0.000086766 0.999999996
1.746823 0.012264429 0.007961958 0.001199218 -0.000028139 -0.000055515 -0.000057388 0.999999996
1.844630 0.012740302 0.004911530 0.000278699 0.000118186 -0.000102999 -0.000090127 0.999999984
1.940862 0.014039855 0.009509323 0.002198504 0.000132173 -0.000052345 -0.000000439 0.999999990
2.036642 0.015017010 0.009076578 0.002777914 0.000189385 -0.000090207 -0.000002614 0.999999978
2.136816 0.015347490 0.011129311 0.002103814 0.000097390 -0.000063697 -0.000026002 0.999999993
2.237086 0.008823564 0.009158883 0.001823364 0.000047367 -0.000097194 -0.000064868 0.999999992
2.337438 0.010838459 0.009851263 0.002512527 0.000147768 -0.000125985 0.000124737 0.999999973
2.437757 0.010562802 0.009253984 0.002142514 0.000165593 -0.000109760 -0.000018908 0.999999980
2.537832 0.014204133 0.011799031 0.001958840 0.000086093 -0.000138087 -0.000120243 0.999999980
2.638181 0.017083097 0.013956369 0.001600245 0.000101805 -0.000139834 0.000008610 0.999999985
2.738502 0.017755835 0.013641425 0.002312657 0.000084320 -0.000126601 -0.000165624 0.999999975
2.838824 0.020840250 0.014821391 0.003486464 0.000127738 -0.000109133 -0.000105554 0.999999980
2.939051 0.019202847 0.014669132 0.003873220 0.000226237 -0.000139914 -0.000032730 0.999999964
3.039599 0.022633452 0.013397942 0.004162745 0.000066053 -0.000082176 -0.000027924 0.999999994
3.140121 0.027455975 0.014619390 0.003593553 0.000114356 -0.000111822 -0.000202114 0.999999967
3.239598 0.025460779 0.013848650 0.003284934 0.000105573 -0.000096010 -0.000085372 0.999999986
3.340494 0.021679426 0.011222890 0.003178214 0.000112579 -0.000083263 -0.000069387 0.999999988
3.446795 0.020312475 0.011032011 0.002744935 0.000107223 -0.000104279 -0.000093019 0.999999984
3.544607 0.018236737 0.012094563 0.003171691 0.000144686 -0.000131941 -0.000037562 0.999999980
3.646871 0.016313891 0.012921797 0.002752431 0.000046617 -0.000080898 -0.000056361 0.999999994
3.746820 0.018120201 0.011836921 0.003441438 0.000190110 -0.000051120 -0.000076001 0.999999978
3.844551 0.016086919 0.011571324 0.002936808 0.000142701 -0.000168921 -0.000051996 0.999999974
3.944757 0.016956118 0.011803510 0.002851939 0.000153689 -0.000078143 0.000005047 0.999999985
4.040838 0.017305950 0.011061983 0.003033679 0.000115191 -0.000142605 -0.000082529 0.999999980
4.144725 0.017981502 0.013145183 0.004720739 0.000167425 -0.000082381 -0.000061466 0.999999981
4.246694 0.017982823 0.011500903 0.005279600 0.000211227 -0.000072645 -0.000139663 0.999999965
4.344731 0.018569767 0.016439235 0.004548064 0.000080733 -0.000090862 -0.000122812 0.999999985
4.440815 0.018626285 0.014037359 0.004674745 0.000204264 -0.000135190 -0.000074002 0.999999967
4.544654 0.018434517 0.015091869 0.004268593 0.000148612 -0.000133644 -0.000028712 0.999999980
4.636041 0.020803673 0.014854140 0.004750157 0.000193867 -0.000151406 -0.000000345 0.999999970
4.736038 0.016978606 0.013910373 0.003968962 0.000218158 -0.000047344 -0.000073994 0.999999972
4.836262 0.021694267 0.014028211 0.003856669 0.000076417 -0.000103885 -0.000115461 0.999999985
4.936536 0.019924065 0.016303299 0.003878314 0.000142333 -0.000115625 -0.000085229 0.999999980
5.036986 0.019437676 0.012483728 0.003170609 0.000159072 -0.000066186 0.000015797 0.999999985
5.137754 0.019969535 0.015600176 0.004165038 0.000170188 -0.000129349 0.000026241 0.999999977
5.237853 0.019038538 0.014323932 0.003976118 0.000118336 -0.000087267 -0.000091097 0.999999985
5.338178 0.019240960 0.011605583 0.003576648 0.000134220 -0.000113603 -0.000102489 0.999999979
5.438549 0.017410111 0.012178934 0.004802942 0.000105899 -0.000112944 -0.000060775 0.999999986
5.539098 0.016954145 0.012840396 0.004829550 0.000120627 -0.000130697 -0.000082828 0.999999981
5.639143 0.019336028 0.016119026 0.005006082 0.000150108 -0.000081533 -0.000043352 0.999999984
5.745601 0.017445590 0.014398782 0.005896457 0.000271063 -0.000108021 0.000043506 0.999999956
5.840313 0.018860611 0.013849841 0.005135366 0.000178843 -0.000098809 -0.000033202 0.999999979
5.946748 0.019774821 0.014027891 0.004926795 0.000215293 -0.000143395 -0.000024651 0.999999966
6.044527 0.016782177 0.012352839 0.004342496 0.000201946 -0.000097035 -0.000071271 0.999999972
6.146824 0.018514244 0.012913113 0.004765222 0.000125512 -0.000119302 -0.000043963 0.999999984
6.244726 0.017275419 0.013432884 0.004259022 0.000163678 -0.000113079 -0.000041902 0.999999979
6.340765 0.021627146 0.010213953 0.004279216 0.000110931 -0.000062161 -0.000125403 0.999999984
6.444724 0.019068915 0.013365729 0.004165704 0.000136442 -0.000103841 -0.000067985 0.999999983
6.544678 0.018018609 0.012374116 0.004035701 0.000145649 -0.000088656 -0.000059378 0.999999984
6.646821 0.024271160 0.012719603 0.005697146 0.000158500 -0.000163133 0.000008223 0.999999974
6.746719 0.019455724 0.011973432 0.004322301 0.000191627 -0.000098493 0.000005173 0.999999977
6.844552 0.022705979 0.014019117 0.005121337 0.000159384 -0.000171371 0.000020906 0.999999972
6.946698 0.020231098 0.013427169 0.003615980 0.000086851 -0.000075998 -0.000020319 0.999999993
7.044601 0.017703448 0.014175335 0.004190158 0.000120097 -0.000084363 0.000066557 0.999999987
7.146796 0.019192633 0.013677083 0.004585370 0.000082366 -0.000041188 -0.000024490 0.999999995
7.244755 0.023981936 0.009580042 0.004529635 0.000170072 -0.000022250 -0.000087632 0.999999981
7.346772 0.019904269 0.009800507 0.004544393 0.000133742 -0.000124373 -0.000055227 0.999999982
7.444600 0.022185519 0.011122454 0.004873658 0.000217787 -0.000068999 -0.000079494 0.999999971
7.546697 0.021872006 0.009749489 0.004536384 0.000153872 -0.000107851 -0.000052567 0.999999981
7.644601 0.020350986 0.010574158 0.004739427 0.000159440 -0.000093660 -0.000005100 0.999999983
7.746725 0.019321337 0.011795199 0.006193970 0.000205788 -0.000140071 -0.000012617 0.999999969
7.844677 0.016551271 0.013830633 0.004682654 0.000199834 -0.000068891 0.000048134 0.999999977
7.944505 0.015543928 0.013740168 0.005425264 0.000163486 -0.000081019 0.000209591 0.999999961
8.046820 0.014966241 0.009906421 0.005520288 0.000257079 -0.000076493 0.000027570 0.999999964
8.144727 0.019759888 0.015084783 0.005785466 0.000141823 -0.000161998 -0.000089502 0.999999973
8.246695 0.018405782 0.012846516 0.005100409 0.000140807 -0.000081842 -0.000003738 0.999999987
8.346799 0.017371015 0.013404343 0.004596655 0.000202166 -0.000055988 -0.000082152 0.999999975
8.446847 0.016710215 0.012873642 0.005253066 0.000118642 -0.000089707 -0.000015196 0.999999989
8.546799 0.013621914 0.011565453 0.005075561 0.000139080 -0.000074796 -0.000010610 0.999999987
8.646770 0.013322143 0.012797693 0.006120985 0.000177264 -0.000147040 0.000056107 0.999999972
8.746772 0.016945443 0.012765503 0.004962012 0.000077855 -0.000014746 -0.000019048 0.999999997
8.840839 0.015749482 0.014684174 0.005732845 0.000044151 -0.000106665 0.000043070 0.999999992
8.940839 0.014313595 0.014660176 0.004307850 0.000182622 -0.000108044 0.000115058 0.999999971
9.044679 0.012647492 0.011760576 0.004599470 0.000071559 -0.000137575 0.000088830 0.999999984
9.146872 0.012825930 0.011087386 0.004306212 0.000135536 -0.000111984 -0.000041394 0.999999984
9.246797 0.015316177 0.012977977 0.004791576 0.000106788 -0.000094880 -0.000010711 0.999999990
9.344625 0.014782558 0.014011276 0.005989336 0.000156002 -0.000069871 0.000003450 0.999999985
9.446795 0.016738907 0.013854700 0.006056796 0.000176704 -0.000069647 -0.000057565 0.999999980
9.510916 0.017345868 0.010629697 0.005123026 0.000153819 -0.000096421 0.000084377 0.999999980
9.646769 0.016181671 0.013216216 0.006134851 0.000096415 -0.000103914 0.000020968 0.999999990
9.744701 0.014574357 0.013771129 0.006065806 0.000135585 -0.000210192 0.000077849 0.999999966
9.846695 0.016604961 0.014336700 0.007689198 0.000164295 -0.000111549 0.000152641 0.999999969
9.946696 0.013623540 0.012898227 0.006304813 0.000204524 -0.000134050 0.000169420 0.999999956
10.044723 0.013847662 0.011781143 0.007379595 0.000210059 -0.000113379 0.000058828 0.999999970
10.144651 0.014179137 0.013666961 0.006319480 0.000053351 -0.000060504 0.000063992 0.999999995
10.246844 0.016134000 0.015138569 0.006479401 0.000115322 -0.000142475 0.000092568 0.999999979
10.346673 0.013067137 0.013130989 0.005978172 0.000115370 -0.000121757 0.000165766 0.999999972
10.446745 0.013559072 0.013961414 0.006329337 0.000217893 -0.000068213 0.000104682 0.999999968
10.544549 0.014637171 0.013861314 0.006729749 0.000203563 -0.000109120 0.000032380 0.999999973
10.646821 0.017318963 0.010935246 0.007343715 0.000152554 -0.000083884 -0.000049214 0.999999984
10.744749 0.017307207 0.011287206 0.007618763 0.000259152 -0.000130190 0.000069584 0.999999956
10.844677 0.015180797 0.010756877 0.006426404 0.000143298 -0.000147428 0.000054225 0.999999977
10.940915 0.013831787 0.010520159 0.006038592 0.000193653 -0.000075092 0.000024605 0.999999978
11.044604 0.017507536 0.014093853 0.006485875 0.000225703 -0.000115725 0.000055560 0.999999966
11.140940 0.011522979 0.012848222 0.005683019 0.000126077 -0.000173712 0.000067891 0.999999975
11.244729 0.013507164 0.013124140 0.005685500 0.000117822 -0.000192021 0.000015324 0.999999975
11.344575 0.013060341 0.012935532 0.006739083 0.000124986 -0.000086119 0.000069085 0.999999986
11.444630 0.013385300 0.012019475 0.006932037 0.000213677 -0.000171174 0.000001408 0.999999963
11.546720 0.013746152 0.012272277 0.006284865 0.000116069 -0.000053234 0.000046375 0.999999991
11.644700 0.014676041 0.011785685 0.006563797 0.000133824 -0.000132251 0.000085708 0.999999979
11.746746 0.017246881 0.013786937 0.007877118 0.000242790 -0.000083559 -0.000111623 0.999999961
11.846769 0.014376288 0.012214074 0.008101435 0.000340905 -0.000121194 0.000046451 0.999999933
11.944578 0.015092692 0.010901891 0.008730875 0.000252739 -0.000106027 0.000046627 0.999999961
12.046848 0.015399182 0.010538325 0.008975972 0.000296780 -0.000104404 0.000025260 0.999999950
12.144477 0.013304358 0.010620595 0.007786267 0.000199300 -0.000121353 0.000002112 0.999999973
12.240914 0.014366151 0.011287461 0.007396462 0.000250435 -0.000099691 -0.000016349 0.999999964
12.346746 0.013118004 0.011957413 0.008596293 0.000237825 -0.000000058 -0.000004848 0.999999972
12.446872 0.012846073 0.013797868 0.009268012 0.000207963 -0.000018250 -0.000026536 0.999999978
12.544678 0.014591546 0.014014779 0.007577636 0.000194609 -0.000074611 0.000037759 0.999999978
12.646873 0.013290349 0.013805555 0.009341261 0.000258401 -0.000046687 -0.000031244 0.999999965
12.700674 0.012236676 0.012784183 0.009550047 0.000268562 -0.000053105 -0.000004065 0.999999963
12.900247 0.015930440 0.014085902 0.009349306 0.000122106 -0.000093862 0.000064114 0.999999986
13.000323 0.012523917 0.010568334 0.009032862 0.000263668 -0.000073808 0.000000653 0.999999963
13.100320 0.010631125 0.011873291 0.010381265 0.000274476 -0.000076204 0.000139299 0.999999950
13.140146 0.012517383 0.013095030 0.009657309 0.000219701 -0.000034096 0.000053832 0.999999974
13.240041 0.012858887 0.013322981 0.008871672 0.000211803 -0.000074670 0.000016579 0.999999975
13.340139 0.012296044 0.012993693 0.007867465 0.000114217 -0.000089616 -0.000012429 0.999999989
13.438739 0.009615936 0.009880203 0.006952871 0.000164318 -0.000159669 0.000105834 0.999999968
13.538739 0.011061569 0.011671777 0.009695090 0.000225211 -0.000064017 0.000046664 0.999999972
13.639334 0.011970644 0.011784630 0.009214828 0.000170032 -0.000061948 -0.000002424 0.999999984
13.739457 0.012637994 0.011221681 0.008807237 0.000149706 -0.000078557 0.000026631 0.999999985
13.839530 0.012397706 0.010217224 0.009300436 0.000287691 -0.000122419 0.000078674 0.999999948
13.939476 0.009587717 0.012738176 0.008895243 0.000326350 -0.000023828 0.000073368 0.999999944
14.040124 0.010824710 0.012548369 0.008820586 0.000174325 -0.000115997 0.000076776 0.999999975
14.140146 0.013376592 0.013722254 0.010060723 0.000239806 -0.000032559 0.000059280 0.999999969
14.239993 0.014566386 0.012093785 0.008729192 0.000265060 -0.000145832 0.000091548 0.999999950
