1.400246 0.360818 -0.048010 -0.009881 -0.000220 0.001206 0.000175 0.999999
1.412142 0.593738 -0.133932 -0.002010 -0.000534 0.000664 0.002150 0.999997
1.512138 1.715395 -0.120458 -0.041091 -0.000874 0.001853 0.002728 0.999994
1.612191 2.959522 -0.182526 0.012137 -0.000770 0.002522 0.004962 0.999984
1.712143 4.249924 -0.185456 -0.000157 -0.001704 0.003433 0.006684 0.999970
1.801789 5.432809 -0.177710 0.013470 -0.002291 0.003978 0.008472 0.999954
1.912116 6.975252 -0.153241 0.000720 -0.002117 0.003187 0.009709 0.999946
2.012166 8.305237 -0.114850 0.008810 -0.001723 0.002748 0.011499 0.999929
2.112019 9.653950 -0.080625 0.008799 -0.000982 0.002559 0.013396 0.999907
2.212116 11.033681 -0.042176 0.016618 0.000201 0.002283 0.015708 0.999874
2.312068 12.388085 0.005392 0.022210 0.000489 0.002187 0.017984 0.999836
2.412066 13.768851 0.065185 0.036004 0.000993 0.002093 0.020260 0.999792
2.512094 15.148309 0.130603 0.044968 0.000626 0.002111 0.022537 0.999744
2.612115 16.538239 0.208003 0.053260 -0.000008 0.002841 0.024593 0.999694
2.712067 17.920208 0.294537 0.060859 -0.000868 0.003725 0.026578 0.999639
2.812068 19.313494 0.374067 0.067698 -0.001738 0.004328 0.029146 0.999564
2.965096 21.421659 0.515225 0.071016 -0.002329 0.005066 0.031222 0.999497
3.012089 21.867496 0.563630 0.072944 -0.002272 0.004836 0.032925 0.999444
3.178634 24.157528 0.735486 0.077042 -0.005227 0.005359 0.035926 0.999326
3.265095 25.235693 0.837451 0.079883 -0.005968 0.005256 0.038068 0.999243
3.365174 26.498287 0.941627 0.079347 -0.008754 0.004051 0.040088 0.999150
3.465821 27.769134 1.054429 0.075223 -0.010477 0.002995 0.041942 0.999061
3.565597 29.042044 1.171525 0.081489 -0.010242 0.002482 0.043522 0.998997
3.665170 30.335173 1.287636 0.083243 -0.009018 0.002320 0.045318 0.998929
3.766046 31.661696 1.408689 0.087977 -0.007082 0.003009 0.046801 0.998875
3.865222 32.985045 1.538586 0.095675 -0.005452 0.003900 0.048330 0.998809
3.912068 33.634463 1.602251 0.101785 -0.004743 0.004284 0.050301 0.998714
4.012066 35.225121 1.769805 0.105922 -0.003047 0.004122 0.051491 0.998660
4.169037 37.537275 2.014992 0.112234 -0.002251 0.003958 0.051127 0.998682
4.211993 38.083643 2.075334 0.112534 -0.002712 0.003576 0.053108 0.998579
4.312068 39.545597 2.234037 0.113256 -0.002247 0.003546 0.053329 0.998568
4.412139 41.009875 2.396220 0.120059 -0.001736 0.003485 0.053973 0.998535
4.512069 42.451850 2.562374 0.127813 -0.001683 0.003129 0.054534 0.998506
4.612019 43.860462 2.724039 0.128536 -0.001846 0.002061 0.054806 0.998493
4.775697 46.178141 2.996575 0.138726 -0.002667 0.002001 0.053255 0.998575
4.866597 47.347050 3.125261 0.139834 -0.003365 0.001852 0.054487 0.998507
4.969040 48.723617 3.284084 0.145396 -0.003558 0.002915 0.054070 0.998527
5.087537 50.316204 3.462797 0.145367 -0.002529 0.003196 0.053928 0.998537
5.112046 50.611772 3.494198 0.141576 -0.002813 0.002397 0.055871 0.998431
5.212091 52.043479 3.651826 0.143830 0.000303 0.001941 0.054596 0.998507
5.312095 53.473434 3.813763 0.148116 0.002116 0.002199 0.053979 0.998537
5.412142 54.894059 3.968444 0.153296 0.003908 0.003096 0.053677 0.998546
5.512144 56.308734 4.126202 0.162649 0.005174 0.003652 0.053222 0.998563
5.612093 57.750409 4.284540 0.166798 0.005914 0.004392 0.052831 0.998576
5.712141 59.184848 4.441641 0.172895 0.005738 0.005827 0.052290 0.998598
5.812019 60.616818 4.601913 0.173335 0.005743 0.006590 0.051504 0.998635
5.912067 62.047816 4.757753 0.176888 0.005402 0.005386 0.051020 0.998669
6.075272 64.383813 5.009414 0.184695 0.003315 0.002166 0.048768 0.998802
6.125085 65.049137 5.088073 0.175195 0.001710 0.000267 0.051041 0.998695
6.233635 66.559843 5.243836 0.181153 -0.000901 0.000478 0.048805 0.998808
6.331562 67.917220 5.373172 0.183716 -0.002117 0.004745 0.048623 0.998804
6.444776 69.508813 5.525024 0.165369 0.001441 0.009252 0.048344 0.998787
6.537846 70.773876 5.642121 0.157446 0.007104 0.010107 0.048928 0.998726
6.634156 72.131106 5.772258 0.148812 0.011562 0.006879 0.049461 0.998685
6.733409 73.551394 5.909441 0.153378 0.013368 0.004010 0.049290 0.998687
6.833413 74.993963 6.059634 0.167119 0.012545 0.003878 0.049380 0.998694
6.933136 76.431849 6.214893 0.168605 0.012108 0.005049 0.049621 0.998682
7.033910 77.891690 6.368098 0.177366 0.011027 0.006258 0.050145 0.998661
7.112168 79.031137 6.489149 0.170889 0.009724 0.007091 0.050676 0.998643
7.212142 80.560521 6.649266 0.156954 0.009745 0.007708 0.050954 0.998624
7.339792 82.492908 6.851394 0.137877 0.011327 0.006925 0.050621 0.998630
7.434159 83.850233 6.982112 0.129034 0.012997 0.006682 0.051507 0.998566
7.529947 85.232246 7.125819 0.126808 0.015849 0.007340 0.052149 0.998487
7.628548 86.666640 7.270983 0.129457 0.017723 0.007146 0.052507 0.998438
7.729048 88.131154 7.431279 0.129918 0.017769 0.007251 0.052444 0.998439
7.830315 89.610694 7.592938 0.128562 0.017414 0.008109 0.052429 0.998440
7.930819 91.065415 7.750748 0.118508 0.018341 0.006827 0.052960 0.998405
8.026078 92.445822 7.894357 0.111243 0.020243 0.002731 0.053081 0.998381
8.124462 93.895557 8.047888 0.111842 0.021400 0.002060 0.053610 0.998330
8.224137 95.372321 8.213043 0.132490 0.021929 0.003343 0.054130 0.998287
8.324960 96.853253 8.368654 0.134559 0.020867 0.003910 0.054254 0.998301
8.426233 98.341953 8.544910 0.142982 0.019511 0.004482 0.054371 0.998320
8.528597 99.833268 8.714071 0.140469 0.018127 0.006385 0.054342 0.998337
8.630074 101.305840 8.883734 0.138750 0.017975 0.007970 0.054310 0.998331
8.730495 102.766146 9.054683 0.132752 0.018455 0.008242 0.054626 0.998302
8.831212 104.245633 9.220429 0.123351 0.019090 0.007521 0.054758 0.998289
8.930842 105.705559 9.381203 0.112531 0.019176 0.006916 0.054626 0.998299
9.030421 107.175085 9.542564 0.104238 0.019686 0.007072 0.054449 0.998297
9.138948 108.788434 9.731760 0.103424 0.020458 0.007605 0.054492 0.998276
9.228724 110.089784 9.869945 0.093216 0.020915 0.007692 0.054286 0.998277
9.327154 111.579242 10.041521 0.080230 0.022707 0.008783 0.054544 0.998215
9.425908 113.084828 10.207453 0.070178 0.024046 0.009281 0.054554 0.998178
9.525486 114.621534 10.377275 0.055300 0.025768 0.008965 0.053816 0.998178
9.624588 116.151602 10.531668 0.044502 0.027597 0.008204 0.053742 0.998140
9.724037 117.691352 10.698004 0.037482 0.028682 0.007773 0.053410 0.998130
9.823691 119.231613 10.865027 0.024072 0.030102 0.008048 0.053136 0.998101
9.923315 120.768967 11.029327 0.018875 0.031140 0.009041 0.052773 0.998080
10.022988 122.312176 11.194660 0.007544 0.032465 0.009930 0.052199 0.998059
10.122767 123.862296 11.362596 -0.002696 0.033655 0.010029 0.052090 0.998025
10.222291 125.418200 11.525298 -0.013809 0.034202 0.008737 0.051713 0.998038
10.322069 126.978872 11.688273 -0.026306 0.034236 0.007307 0.051763 0.998046
10.422265 128.545938 11.856134 -0.027418 0.033845 0.007647 0.051873 0.998051
10.522392 130.113878 12.031494 -0.037864 0.032709 0.007844 0.052112 0.998075
10.622789 131.674134 12.199753 -0.030687 0.032538 0.009140 0.052416 0.998053
10.723739 133.257648 12.363831 -0.035294 0.031433 0.009440 0.052845 0.998063
10.824384 134.817971 12.541854 -0.047388 0.030290 0.009327 0.053578 0.998061
10.924885 136.361788 12.719690 -0.053461 0.029610 0.009697 0.053854 0.998063
11.025431 137.918455 12.899987 -0.070506 0.028690 0.009167 0.054444 0.998062
11.125157 139.456674 13.072692 -0.078156 0.028988 0.009325 0.054946 0.998025
11.225209 141.003526 13.244716 -0.078214 0.030138 0.010388 0.055581 0.997945
11.324510 142.533195 13.414768 -0.084306 0.030472 0.010204 0.056038 0.997911
11.424434 144.068580 13.598921 -0.089179 0.029732 0.009106 0.056407 0.997924
11.525333 145.624902 13.780150 -0.097194 0.028149 0.008161 0.056680 0.997962
11.625908 147.165757 13.963197 -0.104144 0.027405 0.009706 0.057285 0.997934
11.725208 148.682022 14.140347 -0.115677 0.028196 0.011710 0.057471 0.997880
11.824132 150.184611 14.310103 -0.124391 0.030713 0.012597 0.058065 0.997761
11.922936 151.682615 14.491274 -0.131221 0.033329 0.012177 0.058649 0.997648
12.023513 153.218306 14.675227 -0.139068 0.031250 0.009072 0.059235 0.997714
12.123813 154.738643 14.857369 -0.142403 0.028932 0.007265 0.059046 0.997809
12.226133 156.286728 15.059717 -0.144691 0.025927 0.010498 0.058756 0.997880
12.328400 157.821744 15.247517 -0.170713 0.024759 0.012733 0.059189 0.997858
12.426005 159.275076 15.417814 -0.199743 0.027185 0.013442 0.059537 0.997765
12.524760 160.760600 15.594746 -0.213136 0.030792 0.014219 0.059794 0.997634
12.623115 162.242652 15.763120 -0.224235 0.033183 0.013631 0.060033 0.997552
12.722790 163.749839 15.945139 -0.238287 0.034408 0.011556 0.060152 0.997529
12.822937 165.264493 16.136259 -0.249486 0.033407 0.009926 0.060083 0.997585
12.922938 166.766454 16.322930 -0.253903 0.032539 0.009505 0.059733 0.997639
13.023115 168.266536 16.506009 -0.269254 0.031806 0.009862 0.059653 0.997664
13.123065 169.767332 16.685838 -0.281993 0.032287 0.011224 0.059503 0.997643
13.222542 171.250609 16.862975 -0.292844 0.033002 0.012329 0.059419 0.997611
13.322315 172.739938 17.041877 -0.308365 0.034196 0.011982 0.059167 0.997590
13.421816 174.227026 17.214774 -0.314346 0.035377 0.011366 0.059247 0.997552
13.521290 175.712176 17.391914 -0.320128 0.035253 0.010178 0.059076 0.997579
13.620371 177.188492 17.580745 -0.322321 0.034658 0.008626 0.058723 0.997635
13.721019 178.688573 17.767702 -0.323384 0.032903 0.007639 0.058573 0.997711
13.821492 180.170117 17.945058 -0.321824 0.030805 0.008572 0.058894 0.997752
13.922517 181.653912 18.131799 -0.333554 0.029002 0.009825 0.059198 0.997776
14.023664 183.129227 18.317779 -0.348092 0.027982 0.011515 0.059580 0.997765
14.123437 184.575628 18.491686 -0.370253 0.027977 0.012702 0.059749 0.997740
14.222441 186.018518 18.666337 -0.381985 0.029702 0.013689 0.060496 0.997633
14.321094 187.459386 18.846872 -0.402082 0.032053 0.012698 0.060901 0.997548
14.420121 188.908482 19.014695 -0.404669 0.033705 0.011969 0.061589 0.997461
14.520747 190.378242 19.195906 -0.415876 0.033745 0.011516 0.062264 0.997423
14.621167 191.838407 19.377233 -0.420501 0.032955 0.011216 0.062967 0.997408
14.720921 193.281774 19.568267 -0.430844 0.031938 0.011146 0.063325 0.997420
14.821691 194.737881 19.763639 -0.438863 0.030675 0.010976 0.063307 0.997462
14.922187 196.172438 19.957997 -0.448579 0.030482 0.011354 0.063171 0.997472
15.022891 197.609611 20.144114 -0.447229 0.029305 0.011348 0.063063 0.997515
15.123738 199.039155 20.338179 -0.472634 0.026506 0.008907 0.063163 0.997611
15.223167 200.456174 20.515999 -0.479815 0.027321 0.009100 0.062945 0.997601
15.323639 201.901312 20.710242 -0.495992 0.026977 0.012568 0.063003 0.997570
15.422515 203.303751 20.889348 -0.514265 0.028826 0.014147 0.063170 0.997486
15.521467 204.715688 21.065491 -0.531574 0.032001 0.013264 0.063404 0.997387
15.620894 206.140041 21.237459 -0.541584 0.033685 0.012122 0.063293 0.997353
15.720623 207.561442 21.422255 -0.549550 0.033709 0.011566 0.063315 0.997357
15.821469 208.999344 21.606060 -0.558257 0.032697 0.011642 0.063068 0.997406
15.921345 210.402942 21.785495 -0.572918 0.032459 0.012176 0.062906 0.997417
16.021594 211.828117 21.971059 -0.585515 0.032523 0.013221 0.062641 0.997418
16.121245 213.232172 22.142796 -0.601143 0.033149 0.013256 0.062627 0.997398
16.221120 214.641551 22.321277 -0.614431 0.033526 0.012511 0.062575 0.997399
16.317553 215.997098 22.498696 -0.625748 0.033602 0.012016 0.062269 0.997421
16.417683 217.428159 22.683608 -0.642106 0.033004 0.012562 0.061418 0.997487
16.521247 218.891634 22.868042 -0.654831 0.033299 0.013011 0.060580 0.997523
16.620149 220.255117 23.038480 -0.671475 0.033661 0.012261 0.060085 0.997550
16.719923 221.646992 23.203091 -0.688422 0.033791 0.011246 0.059018 0.997621
16.819775 223.056657 23.367740 -0.702310 0.033603 0.011213 0.057988 0.997689
16.920297 224.467210 23.536587 -0.716585 0.033817 0.012233 0.056717 0.997742
17.020200 225.881192 23.694822 -0.733187 0.034486 0.012796 0.055703 0.997770
17.119850 227.288342 23.851318 -0.753172 0.035762 0.012731 0.054786 0.997776
17.217703 228.682954 23.999422 -0.766413 0.036506 0.012259 0.054155 0.997790
17.317656 230.121930 24.151680 -0.780828 0.037063 0.011952 0.053418 0.997813
17.417607 231.550093 24.305892 -0.790031 0.036716 0.012277 0.052738 0.997858
17.519549 232.996274 24.467165 -0.808916 0.035799 0.012585 0.051677 0.997943
17.617654 234.391012 24.606194 -0.824796 0.035083 0.013012 0.051184 0.997988
17.720967 235.873129 24.766004 -0.841532 0.033536 0.013786 0.050086 0.998087
17.821143 237.290486 24.914468 -0.862464 0.032387 0.014262 0.049433 0.998150
17.922519 238.736211 25.061000 -0.882999 0.031311 0.015101 0.048570 0.998215
18.023589 240.169538 25.202967 -0.908193 0.030658 0.015634 0.047656 0.998271
18.123812 241.585774 25.343560 -0.932914 0.030024 0.015509 0.046736 0.998336
18.224186 242.996207 25.483283 -0.960133 0.029945 0.015124 0.045795 0.998387
18.323961 244.411240 25.613422 -0.985400 0.029684 0.015692 0.044969 0.998424
18.424811 245.844938 25.748309 -1.011955 0.029603 0.016884 0.044353 0.998434
18.525806 247.272333 25.874040 -1.033346 0.029670 0.018400 0.043651 0.998437
18.627599 248.701422 26.003878 -1.058761 0.028979 0.019292 0.042916 0.998472
18.730291 250.124194 26.135199 -1.089056 0.027493 0.019221 0.042196 0.998546
18.832711 251.540599 26.260711 -1.126795 0.026213 0.018949 0.041159 0.998629
18.933762 252.917761 26.374249 -1.157405 0.025852 0.018855 0.040412 0.998671
19.034284 254.300195 26.493045 -1.190565 0.025861 0.018599 0.040013 0.998691
19.134430 255.678987 26.606279 -1.217867 0.026010 0.018423 0.039109 0.998726
19.238995 257.119673 26.724970 -1.247785 0.025911 0.017796 0.038720 0.998756
19.369383 258.882115 26.873061 -1.278521 0.025450 0.016541 0.037559 0.998833
19.468990 260.051776 26.971118 -1.305708 0.024403 0.015587 0.037343 0.998883
19.568989 261.313556 27.065594 -1.329951 0.023924 0.015635 0.036817 0.998913
19.673425 262.660398 27.165814 -1.353674 0.023820 0.015768 0.035744 0.998953
19.711968 263.162997 27.201959 -1.362465 0.024115 0.015724 0.036626 0.998914
19.848320 265.085395 27.358886 -1.400596 0.025034 0.015734 0.034913 0.998953
19.912093 265.996307 27.417720 -1.418747 0.025036 0.015185 0.034921 0.998961
20.046722 267.907276 27.557379 -1.448372 0.023685 0.016657 0.033323 0.999025
20.148369 269.299616 27.645210 -1.475409 0.023887 0.017063 0.032681 0.999035
20.265048 270.898585 27.760372 -1.503924 0.022647 0.016681 0.031904 0.999095
20.372378 272.271252 27.850961 -1.532714 0.022573 0.016225 0.031133 0.999129
20.412044 272.755425 27.882441 -1.548506 0.021395 0.015763 0.031755 0.999142
20.512092 274.146857 27.990497 -1.581472 0.021848 0.015422 0.030030 0.999191
20.612193 275.524369 28.073912 -1.609875 0.022236 0.015078 0.029127 0.999215
20.712118 276.916929 28.141858 -1.640805 0.023507 0.014786 0.028119 0.999219
20.812142 278.312992 28.224137 -1.665775 0.023937 0.015005 0.027066 0.999234
20.912092 279.719642 28.300068 -1.685046 0.024661 0.015450 0.025909 0.999241
21.012093 281.118799 28.370442 -1.714890 0.025163 0.015339 0.024512 0.999265
21.112042 282.506822 28.447459 -1.737247 0.025137 0.014760 0.022839 0.999314
21.212019 283.887086 28.508539 -1.771027 0.024527 0.015040 0.020988 0.999366
21.311942 285.278314 28.568227 -1.793001 0.024244 0.015453 0.018949 0.999407
21.412093 286.658804 28.626243 -1.824395 0.024272 0.015536 0.017103 0.999438
21.512044 288.036324 28.677971 -1.848790 0.023790 0.015075 0.014994 0.999491
21.611995 289.422279 28.725553 -1.880716 0.023322 0.014873 0.013189 0.999530
21.712042 290.813660 28.765441 -1.907361 0.022649 0.015464 0.011346 0.999559
21.812143 292.201191 28.795323 -1.938166 0.022664 0.015971 0.009737 0.999568
21.912143 293.585105 28.827408 -1.962656 0.022861 0.016122 0.008259 0.999575
22.012018 294.943295 28.851367 -1.993212 0.023051 0.015941 0.006520 0.999586
22.112018 296.301584 28.857298 -2.021672 0.023131 0.015635 0.005387 0.999596
22.212143 297.665612 28.870514 -2.047305 0.023371 0.015833 0.004257 0.999592
22.312140 299.026029 28.884010 -2.073656 0.024035 0.015923 0.002898 0.999580
22.412016 300.391263 28.890859 -2.101747 0.023519 0.015673 0.002016 0.999599
22.512066 301.775786 28.886047 -2.131164 0.023080 0.015283 0.000790 0.999616
22.668891 303.919259 28.892692 -2.177489 0.022344 0.015569 -0.002000 0.999627
22.712139 304.419877 28.911550 -2.186638 0.022301 0.015366 -0.000969 0.999633
22.812193 305.783396 28.911919 -2.215768 0.022762 0.016127 -0.004020 0.999603
22.912166 307.161705 28.904665 -2.247357 0.022905 0.015465 -0.006010 0.999600
23.012088 308.530320 28.887293 -2.281215 0.022753 0.014839 -0.007545 0.999603
23.112167 309.905568 28.870395 -2.310715 0.022779 0.015025 -0.009097 0.999586
23.212069 311.272179 28.847950 -2.335253 0.022729 0.015234 -0.011219 0.999563
23.312142 312.633713 28.816040 -2.367541 0.021761 0.015437 -0.013095 0.999558
23.412068 313.997359 28.774926 -2.398822 0.021562 0.016039 -0.014744 0.999530
23.512165 315.394049 28.739698 -2.432218 0.021533 0.016655 -0.016480 0.999494
23.612142 316.788791 28.694383 -2.466367 0.021023 0.016739 -0.018433 0.999469
23.712042 318.160180 28.648816 -2.502200 0.020770 0.016681 -0.019978 0.999445
23.812141 319.552608 28.591738 -2.538652 0.020879 0.016912 -0.021645 0.999405
23.912019 320.929775 28.532165 -2.572698 0.020240 0.017225 -0.023103 0.999380
24.012169 322.334831 28.467446 -2.610177 0.019587 0.017674 -0.024806 0.999344
24.112114 323.727643 28.405685 -2.647650 0.019481 0.018173 -0.026075 0.999305
24.212167 325.132601 28.332903 -2.685345 0.019168 0.018225 -0.027797 0.999264
24.312092 326.537516 28.258859 -2.723482 0.018382 0.017743 -0.029150 0.999249
24.412017 327.944063 28.184867 -2.767486 0.017969 0.017673 -0.030854 0.999206
24.512092 329.353922 28.113893 -2.804832 0.018307 0.018484 -0.032200 0.999143
24.612094 330.770062 28.032560 -2.846290 0.018814 0.018912 -0.033915 0.999069
24.712165 332.179102 27.932752 -2.890518 0.019369 0.018852 -0.035526 0.999003
24.812092 333.599298 27.841228 -2.933204 0.019509 0.018877 -0.037104 0.998943
24.912140 335.023333 27.734819 -2.978224 0.020227 0.018761 -0.038556 0.998876
25.012092 336.441431 27.628744 -3.019169 0.020404 0.018627 -0.040391 0.998802
25.112043 337.871928 27.515377 -3.066737 0.020844 0.018588 -0.041683 0.998741
25.212067 339.305109 27.393361 -3.109524 0.021341 0.018450 -0.043207 0.998668
25.312019 340.733009 27.265163 -3.155759 0.021988 0.018479 -0.044580 0.998593
25.412041 342.172449 27.138263 -3.192138 0.022209 0.018361 -0.046068 0.998523
25.500673 342.170729 27.138242 -3.190714 0.022250 0.018388 -0.046072 0.998521
25.700296 346.438067 26.740778 -3.312435 0.022475 0.017509 -0.051354 0.998274
25.712064 346.554365 26.742777 -3.320601 0.022158 0.016668 -0.049502 0.998389
25.812017 347.983498 26.590947 -3.356584 0.022183 0.017494 -0.051808 0.998257
25.979682 350.406942 26.338422 -3.424172 0.021895 0.017999 -0.054559 0.998108
26.012017 350.918911 26.292856 -3.443279 0.021860 0.017672 -0.053168 0.998190
26.112113 352.364591 26.136602 -3.482369 0.021324 0.017743 -0.055746 0.998060
26.212166 353.809126 25.974801 -3.525381 0.020795 0.017954 -0.057035 0.997994
26.312018 355.253914 25.814246 -3.569763 0.020522 0.018550 -0.058107 0.997927
26.412115 356.703796 25.644111 -3.612561 0.020568 0.018652 -0.059359 0.997850
26.512166 358.162340 25.471493 -3.662836 0.020356 0.018278 -0.060709 0.997781
26.612167 359.634562 25.293429 -3.704954 0.020566 0.018100 -0.061999 0.997700
26.712143 361.092523 25.111887 -3.750373 0.020628 0.018328 -0.063143 0.997623
26.812163 362.554073 24.926079 -3.791829 0.020612 0.018675 -0.064340 0.997540
26.912117 364.022491 24.737499 -3.837806 0.020482 0.018776 -0.065509 0.997465
27.012166 365.501111 24.545142 -3.881726 0.020646 0.018640 -0.066809 0.997378
27.112069 366.970062 24.355008 -3.929311 0.020199 0.018740 -0.068131 0.997296
27.212113 368.451346 24.154828 -3.977731 0.019966 0.019002 -0.069559 0.997197
27.379407 370.903999 23.819253 -4.055096 0.019858 0.019358 -0.072328 0.996995
27.412041 371.339445 23.756829 -4.070910 0.019570 0.018773 -0.071940 0.997040
27.512067 372.830015 23.541393 -4.117527 0.019507 0.019247 -0.073172 0.996943
27.612167 374.316213 23.326166 -4.165561 0.019425 0.019737 -0.074455 0.996840
27.711970 375.789566 23.106608 -4.211719 0.019867 0.020551 -0.075597 0.996729
27.812021 377.255608 22.885483 -4.260529 0.020269 0.021321 -0.076630 0.996626
27.912118 378.727510 22.661292 -4.308747 0.020364 0.021387 -0.077859 0.996527
28.030391 380.465923 22.385727 -4.371516 0.020417 0.021264 -0.079702 0.996383
28.112115 381.549136 22.220947 -4.410837 0.020064 0.021317 -0.080238 0.996346
28.212116 383.059394 21.976457 -4.466055 0.020397 0.021279 -0.081665 0.996224
28.311992 384.543532 21.733613 -4.518046 0.020257 0.020912 -0.082937 0.996129
28.412068 386.013975 21.489268 -4.572266 0.020187 0.021044 -0.084349 0.996009
28.511994 387.473793 21.237690 -4.624824 0.020389 0.020981 -0.085591 0.995901
28.612067 388.925884 20.992150 -4.671848 0.020617 0.021096 -0.086871 0.995783
28.712093 390.381633 20.734944 -4.720795 0.020979 0.021468 -0.088066 0.995662
28.812068 391.824827 20.482825 -4.769738 0.021095 0.021564 -0.089248 0.995553
28.912117 393.265351 20.231149 -4.820634 0.021136 0.021656 -0.090407 0.995445
29.081653 395.695779 19.792567 -4.901932 0.020778 0.022143 -0.093787 0.995129
29.176442 396.848832 19.597636 -4.945478 0.020715 0.021753 -0.094746 0.995048
