1.400246 0.360818201 -0.048009665 -0.009880809 -0.000219770 0.001205809 0.000174980 0.999999234
1.412142 0.593738410 -0.133932493 -0.002010446 -0.000533561 0.000663817 0.002149637 0.999997327
1.512138 1.715395491 -0.120458412 -0.041090675 -0.000873514 0.001853393 0.002728158 0.999994180
1.612191 2.959522080 -0.182526134 0.012136587 -0.000770379 0.002522376 0.004961565 0.999984213
1.712143 4.249923665 -0.185455616 -0.000157445 -0.001704004 0.003433290 0.006684079 0.999970316
1.801789 5.432809348 -0.177709791 0.013470028 -0.002290901 0.003978016 0.008472055 0.999953575
1.912116 6.975251777 -0.153241255 0.000719739 -0.002116817 0.003186844 0.009708532 0.999945552
2.012166 8.305236575 -0.114850433 0.008810012 -0.001723037 0.002748135 0.011499400 0.999928619
2.112019 9.542792568 -0.157326224 0.008799067 -0.000993731 0.002554629 0.018127917 0.999831918
2.212116 10.861160794 -0.127518772 0.016618107 0.000191088 0.002284115 0.020097644 0.999795395
2.312068 12.295302842 -0.122194108 0.022210378 0.000479292 0.002189030 0.022252327 0.999749875
2.412066 13.683616786 -0.052889047 0.036004156 0.000985056 0.002096545 0.024251895 0.999703196
2.512094 15.069711735 0.022259802 0.044967572 0.000618135 0.002113475 0.026289243 0.999651953
2.612115 16.479829047 0.185192566 0.053260480 -0.000009725 0.002840941 0.025144922 0.999679780
2.712067 17.883337244 0.120836965 0.060858911 -0.000887206 0.003720229 0.031617866 0.999492713
2.812068 19.287835464 0.203402847 0.067698342 -0.001759757 0.004319580 0.034081764 0.999408164
2.965096 21.386153072 0.478978672 0.071015630 -0.002333952 0.005063553 0.032125634 0.999468287
3.012089 21.837581466 0.532366253 0.072944144 -0.002275826 0.004833710 0.033716199 0.999417167
3.178634 24.117288012 0.796709981 0.077042415 -0.005216965 0.005369229 0.034033780 0.999392644
3.265095 25.196526791 0.907962391 0.079883411 -0.005955198 0.005270679 0.035661098 0.999332298
3.365174 26.464516370 1.018645708 0.079347068 -0.008743088 0.004073765 0.037440480 0.999252307
3.465821 27.735362828 1.131447784 0.075223276 -0.010468874 0.003022630 0.039294486 0.999168259
3.565597 29.001767251 1.241017823 0.081489107 -0.010236047 0.002506288 0.041145439 0.999097590
3.665170 30.291262002 1.357725721 0.083242800 -0.009012538 0.002342001 0.042908506 0.999035610
3.766046 31.620087644 1.486944492 0.087977002 -0.007073970 0.003026408 0.044307711 0.998988302
3.865222 32.967323498 1.533932014 0.095675041 -0.005451134 0.003901816 0.048045055 0.998822674
3.912068 33.601848549 1.626109374 0.101784953 -0.004738267 0.004288935 0.049223977 0.998767317
4.012066 35.198351460 1.737721083 0.105922060 -0.003049022 0.004119988 0.052021383 0.998632818
4.169037 37.510715142 1.967562436 0.112233768 -0.002254769 0.003955459 0.052071725 0.998632969
4.211993 38.062691329 1.998314153 0.112533823 -0.002719273 0.003570193 0.055106996 0.998470369
4.312068 39.520067376 2.172686802 0.113256332 -0.002251933 0.003542846 0.054836029 0.998486548
4.412139 40.985251023 2.350424771 0.120059254 -0.001739622 0.003482680 0.055109052 0.998472752
4.512069 42.426739278 2.532736091 0.127812986 -0.001685175 0.003127620 0.055239401 0.998466818
4.612019 43.837384762 2.705948432 0.128535971 -0.001846915 0.002060494 0.055239286 0.998469311
4.775697 46.160739362 2.958503281 0.138725526 -0.002668463 0.001998221 0.054138373 0.998527878
4.866597 47.339630353 3.097454484 0.139833845 -0.003366915 0.001848765 0.055403881 0.998456637
4.969040 48.716116735 3.324451338 0.145396140 -0.003554167 0.002919265 0.052857407 0.998591478
5.087537 50.318723791 3.431117672 0.145367181 -0.002531136 0.003193854 0.054634609 0.998498098
5.112046 50.604487603 3.482648471 0.141576152 -0.002813778 0.002396372 0.056042264 0.998421557
5.212091 52.021873582 3.652697664 0.143830359 0.000303189 0.001940680 0.054283101 0.998523654
5.312095 53.456193941 3.787728303 0.148115773 0.002114513 0.002199952 0.054436108 0.998512593
5.412142 54.882114953 3.909087455 0.153296033 0.003903847 0.003101164 0.055049201 0.998471195
5.512144 56.297655041 4.039988668 0.162648561 0.005166704 0.003662658 0.055349081 0.998446979
5.612093 57.751365967 4.171155311 0.166797507 0.005900760 0.004409387 0.055728705 0.998418775
5.712141 59.185170129 4.356241281 0.172895378 0.005724808 0.005840553 0.054630842 0.998473127
5.812019 60.617959473 4.547239945 0.173335365 0.005731681 0.006599456 0.053169531 0.998547243
5.912067 62.057098273 4.667872379 0.176888379 0.005387492 0.005400331 0.053621027 0.998532221
6.075272 64.376038501 5.013111856 0.184695387 0.003314789 0.002167050 0.049093826 0.998786320
6.125085 65.053815386 5.035743624 0.175194668 0.001709323 0.000270632 0.053140978 0.998585520
6.233635 66.547401777 5.274765753 0.181153053 -0.000900924 0.000478897 0.048332885 0.998830762
6.331562 67.913461211 5.383491743 0.183715817 -0.002117614 0.004744303 0.048783490 0.998795864
6.444776 69.509014448 5.529580295 0.165368902 0.001438245 0.009252070 0.048642687 0.998772356
6.537846 70.774620251 5.653894341 0.157445553 0.007103385 0.010107884 0.048995134 0.998722609
6.634156 72.134700418 5.787227126 0.148811945 0.011561979 0.006878412 0.049441679 0.998686401
6.733409 73.559240433 5.896647729 0.153377809 0.013365727 0.004019353 0.049966465 0.998653371
6.833413 75.006969925 6.021928003 0.167118689 0.012539613 0.003896356 0.050808089 0.998622108
6.933136 76.458865062 6.110596733 0.168604925 0.012092885 0.005085739 0.052682269 0.998525150
7.033910 77.901965707 6.352832961 0.177366430 0.011020528 0.006269157 0.051198301 0.998608021
7.112168 79.040362688 6.453684008 0.170889412 0.009713245 0.007105449 0.052193095 0.998564493
7.212142 80.561325951 6.625505843 0.156954382 0.009735827 0.007720249 0.052163723 0.998561244
7.339792 82.483037806 6.798495210 0.137877079 0.011314296 0.006946679 0.052497954 0.998532771
7.434159 83.830836907 6.776974788 0.129034281 0.012959915 0.006753385 0.057005463 0.998266903
7.529947 85.212849587 6.920682015 0.126807631 0.015807872 0.007427066 0.057646661 0.998184258
7.628548 86.632914995 6.950363888 0.129457262 0.017666753 0.007283680 0.060275797 0.997998829
7.729048 88.070239429 7.008528059 0.129918027 0.017699228 0.007418455 0.061893902 0.997898216
7.830315 89.519730214 7.063291108 0.128562131 0.017322246 0.008303468 0.063620600 0.997789262
7.930819 90.902045293 7.037169233 0.118507768 0.018240939 0.007089522 0.067282934 0.997541986
8.026078 92.282451592 7.180778088 0.111243116 0.020201491 0.003021203 0.067403337 0.997516698
8.124462 93.642820195 7.417587844 0.111841664 0.021372323 0.002330674 0.066246784 0.997571629
8.224137 95.114163466 7.513877314 0.132490495 0.021878183 0.003659864 0.068556455 0.997400603
8.324960 96.472432087 7.945504729 0.134558588 0.020827771 0.004112115 0.063910875 0.997729770
8.426233 97.961132562 8.121760869 0.142982382 0.019466412 0.004670161 0.064027554 0.997747323
8.528597 99.442878691 8.314161408 0.140468999 0.018063492 0.006563628 0.064192293 0.997752464
8.630074 100.842408005 8.633638780 0.138749775 0.017914870 0.008102971 0.061721453 0.997899725
8.730495 102.302714212 8.804587785 0.132751725 0.018392870 0.008378359 0.062037255 0.997869172
8.831212 103.758570605 9.033358292 0.123351167 0.019043342 0.007639461 0.060963241 0.997929092
8.930842 105.203425640 9.230297877 0.112530996 0.019136252 0.007025114 0.060319238 0.997970962
9.030421 106.657888265 9.425792683 0.104237642 0.019651380 0.007169260 0.059369959 0.998016850
9.138948 108.260061426 9.644977552 0.103424143 0.020426400 0.007689423 0.058595044 0.998043213
9.228724 109.567310213 9.796614139 0.093216314 0.020886079 0.007771684 0.058072124 0.998063626
9.327154 111.059317807 9.991819988 0.080230216 0.022683092 0.008843984 0.057226847 0.998064301
9.425908 112.627651762 10.177940896 0.070177539 0.024028178 0.009327491 0.056484650 0.998070703
9.525486 114.164358458 10.347762321 0.055299837 0.025750288 0.009015166 0.055747009 0.998072102
9.624588 115.854494882 10.559299933 0.044502435 0.027597509 0.008200977 0.053637334 0.998145359
9.724037 117.486823289 10.765454278 0.037482102 0.028689874 0.007742570 0.052365495 0.998185754
9.823691 119.148898615 11.047990021 0.024071587 0.030131841 0.007936483 0.049436298 0.998291108
9.923315 120.684213056 11.205710501 0.018875103 0.031171374 0.008932288 0.049299337 0.998257549
10.022988 122.244906807 11.360951052 0.007543549 0.032492837 0.009839796 0.049424106 0.998200707
10.122767 123.799534637 11.510279073 -0.002695551 0.033674865 0.009960948 0.050061135 0.998128582
10.222291 125.385741988 11.538296215 -0.013809205 0.034188214 0.008791856 0.053308734 0.997953931
10.322069 126.947450521 11.716178454 -0.026305954 0.034226104 0.007353915 0.053136966 0.997973425
10.422265 128.513259338 11.888099114 -0.027417724 0.033834473 0.007691519 0.053197612 0.997981003
10.522392 130.082016758 12.064126145 -0.037863532 0.032697850 0.007888878 0.053489211 0.998001764
10.622789 131.636600456 12.270286686 -0.030686609 0.032534358 0.009153384 0.052827387 0.998031562
10.723739 133.215166867 12.456281794 -0.035294267 0.031434804 0.009434443 0.052682669 0.998071831
10.824384 134.769138967 12.655436645 -0.047388235 0.030296148 0.009305636 0.052871275 0.998098280
10.924885 136.311116400 12.847707734 -0.053460961 0.029621001 0.009662544 0.052691674 0.998124651
11.025431 137.868370014 13.033810848 -0.070506199 0.028702828 0.009126140 0.053023103 0.998138974
11.125157 139.407041035 13.183916665 -0.078156202 0.028996508 0.009296665 0.053984200 0.998077392
11.225209 140.952176845 13.301643275 -0.078214475 0.030135452 0.010395908 0.055842539 0.997930554
11.324510 142.462193941 13.421050778 -0.084305764 0.030459262 0.010243690 0.057325132 0.997838228
11.424434 143.962394111 13.566455701 -0.089179390 0.029713913 0.009164477 0.058366053 0.997810854
11.525333 145.485318120 13.700837523 -0.097194080 0.028126204 0.008237574 0.059409120 0.997803395
11.625908 146.974010000 13.869437677 -0.104143840 0.027378477 0.009780727 0.060004892 0.997774608
11.725208 148.436044268 14.008017803 -0.115677391 0.028158883 0.011799076 0.060630477 0.997693242
11.824132 149.902248763 14.128502297 -0.124390799 0.030662559 0.012719399 0.062043766 0.997521226
11.922936 151.363597403 14.286682133 -0.131220949 0.033275361 0.012321678 0.062980588 0.997383764
12.023513 152.873838506 14.444376390 -0.139067875 0.031204879 0.009226474 0.064171723 0.997408200
12.123813 154.380864315 14.589396829 -0.142402929 0.028888697 0.007435709 0.064949020 0.997442619
12.226133 155.928948948 14.791744408 -0.144690626 0.025864734 0.010651423 0.064659700 0.997515256
12.328400 157.421721291 14.998952132 -0.170713061 0.024682733 0.012879561 0.065101171 0.997490209
12.426005 158.850665149 15.181169992 -0.199742916 0.027107427 0.013598430 0.065294196 0.997405102
12.524760 160.322301159 15.381019787 -0.213136268 0.030712961 0.014387970 0.065273550 0.997290862
12.623115 161.790217584 15.570546214 -0.224235225 0.033111944 0.013803392 0.065208312 0.997226625
12.722790 163.288369167 15.784776228 -0.238286745 0.034353807 0.011716040 0.064799242 0.997237990
12.822937 164.803023219 15.975895908 -0.249485979 0.033360398 0.010081789 0.064730599 0.997294034
12.922938 166.300268969 16.201379588 -0.253903499 0.032500466 0.009635692 0.063744497 0.997390351
13.023115 167.800350562 16.384459460 -0.269253717 0.031766028 0.009989617 0.063665063 0.997415604
13.123065 169.302204099 16.581278364 -0.281992559 0.032245504 0.011342470 0.063165778 0.997417496
13.222542 170.813263615 16.797944870 -0.292844027 0.032963464 0.012430367 0.062494940 0.997423320
13.322315 172.318866486 17.011378412 -0.308365313 0.034169242 0.012058945 0.061414305 0.997454424
13.421816 173.805955164 17.184275989 -0.314346234 0.035351000 0.011445647 0.061493642 0.997415578
13.521290 175.325565782 17.396263255 -0.320127719 0.035237374 0.010232308 0.060599818 0.997487488
13.620371 176.817677394 17.591416390 -0.322320919 0.034644820 0.008677895 0.060226272 0.997545601
13.721019 178.322519471 17.787642476 -0.323383520 0.032892588 0.007683983 0.059943449 0.997630100
13.821492 179.810827454 17.973596708 -0.321824008 0.030794388 0.008609710 0.060124125 0.997678640
13.922517 181.312185383 18.177666952 -0.333554204 0.028995987 0.009841648 0.059783923 0.997741578
14.023664 182.809411902 18.370637288 -0.348091879 0.027977985 0.011525068 0.059952418 0.997742508
14.123437 184.279702977 18.550644115 -0.370253082 0.027975427 0.012706699 0.059911374 0.997730696
14.222441 185.754482366 18.738232227 -0.381985314 0.029709064 0.013674419 0.059990041 0.997663058
14.321094 187.225058456 18.922363435 -0.402081771 0.032062823 0.012674124 0.060145151 0.997594057
14.420121 188.705411861 19.102320116 -0.404668757 0.033718474 0.011930097 0.060431381 0.997531346
14.520747 190.204727749 19.294693544 -0.415875790 0.033758649 0.011475686 0.061060046 0.997497034
14.621167 191.691389964 19.511295287 -0.420501373 0.032974324 0.011159234 0.061251414 0.997515128
14.720921 193.119794038 19.721803093 -0.430843872 0.031959665 0.011083189 0.061375963 0.997541344
14.821691 194.555954634 19.940991781 -0.438862736 0.030699946 0.010904623 0.061000324 0.997605916
14.922187 195.979220313 20.145298752 -0.448579313 0.030510169 0.011279352 0.060730267 0.997624048
15.022891 197.406672016 20.343738509 -0.447229159 0.029334450 0.011271212 0.060449160 0.997676475
15.123738 198.830094166 20.554823504 -0.472634291 0.026530896 0.008831652 0.060338737 0.997786225
15.223167 200.244705734 20.743208692 -0.479815211 0.027348474 0.009016061 0.059887834 0.997789667
15.323639 201.689077922 20.941559063 -0.495991505 0.027017377 0.012481465 0.059799611 0.997766647
15.422515 203.088297317 21.125045457 -0.514264526 0.028873919 0.014048324 0.059757649 0.997696329
15.521467 204.501454926 21.305321159 -0.531573711 0.032048773 0.013148758 0.059807414 0.997608671
15.620894 205.926218978 21.473613616 -0.541584464 0.033729131 0.011998199 0.059636945 0.997577979
15.720623 207.344177580 21.650640885 -0.549552986 0.033750263 0.011445137 0.059741207 0.997577524
15.821469 208.783901170 21.834140704 -0.558223892 0.032737289 0.011522442 0.059421817 0.997629466
15.921345 210.190651192 22.009658412 -0.572906311 0.032502149 0.012054837 0.059197475 0.997644200
16.021594 211.619076922 22.193899747 -0.585527053 0.032571270 0.013099944 0.058833970 0.997650273
16.121245 213.023514840 22.365448332 -0.601084364 0.033199371 0.013140852 0.058817989 0.997629973
16.221120 214.437587977 22.550676884 -0.614472368 0.033578846 0.012373476 0.058473956 0.997647310
16.317553 215.799903357 22.725017826 -0.625755538 0.033651861 0.011871871 0.058048666 0.997675781
16.417683 217.239139668 22.903666282 -0.642122941 0.033062097 0.012425388 0.057278758 0.997733257
16.521247 218.702947275 23.087487898 -0.654659808 0.033352076 0.012866348 0.056426553 0.997766576
16.620149 220.077607837 23.255655344 -0.671365560 0.033711143 0.012102942 0.055659160 0.997807164
16.719923 221.471731053 23.411121516 -0.688444308 0.033842993 0.011092003 0.054652491 0.997870094
16.819775 222.880879839 23.575776028 -0.702312418 0.033651522 0.011064740 0.053619605 0.997932906
16.920297 224.292421734 23.736342444 -0.716319124 0.033867171 0.012084662 0.052462488 0.997975282
17.020200 225.707560739 23.871149102 -0.733254281 0.034533655 0.012664352 0.051896338 0.997974855
17.119850 227.115379060 24.019061597 -0.753186524 0.035822888 0.012605383 0.051145642 0.997968912
17.217703 228.511079065 24.164045773 -0.766447413 0.036532472 0.012125734 0.050451785 0.997984450
17.317656 229.950079381 24.308995636 -0.780818350 0.037107933 0.011808028 0.049680169 0.998005738
17.417607 231.388872789 24.461127387 -0.790053234 0.036755081 0.012144701 0.049132923 0.998041846
17.519549 232.835525842 24.622791234 -0.808968193 0.035858133 0.012451610 0.048071096 0.998122398
17.617654 234.240110837 24.753811279 -0.824633925 0.035146648 0.012888453 0.047611174 0.998164203
17.720967 235.729734261 24.913299045 -0.841501330 0.033571818 0.013652420 0.046513239 0.998260018
17.821143 237.154305299 25.062027284 -0.862084315 0.032427663 0.014135083 0.045744465 0.998326645
17.922519 238.610132980 25.211099071 -0.882584296 0.031346344 0.014957970 0.044703524 0.998396345
18.023589 240.040605943 25.348428769 -0.907842267 0.030720061 0.015505134 0.043930359 0.998441782
18.123812 241.456874237 25.484094793 -0.932676888 0.030093292 0.015380045 0.042919050 0.998506787
18.224186 242.869876594 25.629632113 -0.959953377 0.029999115 0.015015406 0.042203437 0.998545673
18.323961 244.290427862 25.764825262 -0.985072996 0.029753074 0.015568772 0.041375950 0.998579190
18.424811 245.731719647 25.905050464 -1.011653146 0.029704105 0.016758165 0.040722828 0.998588244
18.525806 247.160873252 26.032301599 -1.032813070 0.029752263 0.018278931 0.040090392 0.998585722
18.627599 248.598102843 26.160464256 -1.058707290 0.029078144 0.019180524 0.039527002 0.998611128
18.730291 250.030394099 26.292464211 -1.088503854 0.027541866 0.019130366 0.039075990 0.998673391
18.832711 251.468969869 26.340341789 -1.126713920 0.026250657 0.018923489 0.040936943 0.998637558
18.933762 252.845259419 26.444198476 -1.157709195 0.025839245 0.018896000 0.040497769 0.998666714
19.034284 254.228898391 26.559389822 -1.190683573 0.025862551 0.018591290 0.040107582 0.998687576
19.134430 255.606027343 26.671261761 -1.217714867 0.026036426 0.018405162 0.039240483 0.998720952
19.238995 257.046340483 26.790033459 -1.247510258 0.025932511 0.017784472 0.038833986 0.998750789
19.369383 258.810070339 26.930109791 -1.277553849 0.025443585 0.016539988 0.037843980 0.998822750
19.468990 259.978664406 27.026420970 -1.305319875 0.024409795 0.015587407 0.037690027 0.998869689
19.568989 261.254034298 27.129510571 -1.329830975 0.023994906 0.015615801 0.036830394 0.998911364
19.673425 262.596068097 27.222421446 -1.352925581 0.023872090 0.015755587 0.035979150 0.998943134
19.711968 263.099210981 27.235846498 -1.362061799 0.024061238 0.015760968 0.037639357 0.998877334
19.848320 265.020546098 27.384077676 -1.399654124 0.024979098 0.015752519 0.036019974 0.998914643
19.912093 265.921489746 27.420305537 -1.418222868 0.024978733 0.015223419 0.036901758 0.998890670
20.046722 267.830092125 27.563828635 -1.447542324 0.023693536 0.016686577 0.035260259 0.998957901
20.148369 269.224011353 27.654714662 -1.474965690 0.023958097 0.017084848 0.034704962 0.998964305
20.265048 270.831111281 27.763309590 -1.503192861 0.022691547 0.016707034 0.034044460 0.999022994
20.372378 272.163651854 27.776622389 -1.532022871 0.022600772 0.016274731 0.035411663 0.998984661
20.412044 272.682714671 27.893259562 -1.547756484 0.021360204 0.015798428 0.033346152 0.999090679
20.512092 274.090497224 28.146195447 -1.580986374 0.021892632 0.015351049 0.027091964 0.999275279
20.612193 275.464772362 28.167962210 -1.609234866 0.022300525 0.015011226 0.028033657 0.999245447
20.712118 276.865293121 28.185683380 -1.639287490 0.023503876 0.014768878 0.028497457 0.999208358
20.812142 278.260461919 28.215684361 -1.664950526 0.024008606 0.015022813 0.028901397 0.999180970
20.912092 279.663432731 28.305530310 -1.683510402 0.024757458 0.015445799 0.027392190 0.999198761
21.012093 281.068256582 28.368370603 -1.714569252 0.025202222 0.015333657 0.026146919 0.999222731
21.112042 282.454388822 28.404178609 -1.736647931 0.025136586 0.014826410 0.025846852 0.999239846
21.212019 283.842734130 28.413063428 -1.769968684 0.024519411 0.015140940 0.025496215 0.999259473
21.311942 285.231046751 28.470021049 -1.792061152 0.024227451 0.015539720 0.023470878 0.999310095
21.412093 286.617007947 28.484364819 -1.822778430 0.024261611 0.015648407 0.022951955 0.999319623
21.512044 288.000105338 28.519827048 -1.847200906 0.023744989 0.015227726 0.021607544 0.999368504
21.611995 289.381611708 28.631000132 -1.878898522 0.023356017 0.015013178 0.018156248 0.999449574
21.712042 290.774838900 28.649220231 -1.904982138 0.022635280 0.015613769 0.016890836 0.999479141
21.812143 292.193171887 28.587022446 -1.937311423 0.022550696 0.016161461 0.018288192 0.999447755
21.912143 293.586092833 28.616696194 -1.961905730 0.022766074 0.016346694 0.016978537 0.999462966
22.012018 294.966507774 28.603033172 -1.992425188 0.022918035 0.016174016 0.016853029 0.999464427
22.112018 296.312130797 28.672197288 -2.020684037 0.023228579 0.015849248 0.014154724 0.999504316
22.212143 297.680940613 28.699469539 -2.047030289 0.023200719 0.015967893 0.012724603 0.999522305
22.312140 299.045705173 28.740766095 -2.074068264 0.024020834 0.016112020 0.010589729 0.999525517
22.412016 300.422975033 28.716483728 -2.100450094 0.023547034 0.015815368 0.010963262 0.999537502
22.512066 301.778263585 28.755601487 -2.129448815 0.023103797 0.015428206 0.008166661 0.999580657
22.668891 303.914412558 28.805030229 -2.176302163 0.022487145 0.015648312 0.003539915 0.999618391
22.712139 304.414066163 28.826869140 -2.186078782 0.022379042 0.015462338 0.004766150 0.999618616
22.812193 305.751483884 28.793416420 -2.214216260 0.022654945 0.016271715 0.003132341 0.999606009
22.912166 307.123735053 28.878235645 -2.245085551 0.022897117 0.015476621 -0.002641759 0.999614534
23.012088 308.496162788 28.864021237 -2.278389926 0.022652710 0.014909308 -0.004318392 0.999622888
23.112167 309.860858416 28.892241706 -2.305686507 0.022647840 0.015016409 -0.007414682 0.999603224
23.212069 311.218681744 28.872881186 -2.332685916 0.022515801 0.015285632 -0.009568753 0.999583827
23.312142 312.597869433 28.847411553 -2.365082852 0.021911311 0.015358395 -0.011682736 0.999573673
23.412068 313.979002353 28.891421064 -2.396481584 0.021712948 0.015928965 -0.015860088 0.999511517
23.512165 315.389933984 28.816022983 -2.428855132 0.021529790 0.016627604 -0.016648598 0.999491278
23.612142 316.778957752 28.774014971 -2.464255431 0.020908551 0.016725356 -0.018459355 0.999471034
23.712042 318.147392973 28.758968571 -2.500921565 0.020995126 0.016622918 -0.021043929 0.999419850
23.812141 319.541896526 28.699092154 -2.535442424 0.020872402 0.016905043 -0.022579338 0.999384178
23.912019 320.924365466 28.643801524 -2.569780028 0.020051300 0.017128458 -0.023990878 0.999364297
24.012169 322.322156067 28.583773159 -2.605944622 0.019596054 0.017675559 -0.025934759 0.999315244
24.112114 323.708525400 28.522358030 -2.643901566 0.019356276 0.018103076 -0.027162427 0.999279648
24.212167 325.104535126 28.434840668 -2.680817518 0.019175942 0.018155381 -0.028525855 0.999244185
24.312092 326.504956433 28.374769525 -2.719797586 0.018362934 0.017686354 -0.030430487 0.999211680
24.412017 327.907240656 28.297017737 -2.763827540 0.018024987 0.017648831 -0.032040532 0.999168165
24.512092 329.311381503 28.220414371 -2.799801315 0.018248263 0.018425026 -0.033236142 0.999111044
24.612094 330.722190475 28.127271604 -2.842061369 0.018789046 0.018850036 -0.034646857 0.999045166
24.712165 332.129329761 28.028262396 -2.884899455 0.019401642 0.018810881 -0.036301597 0.998975436
24.812092 333.550309291 27.931846276 -2.928685496 0.019532242 0.018752905 -0.037675360 0.998923114
24.912140 334.976045935 27.819469505 -2.972641237 0.020253129 0.018728857 -0.039131699 0.998853218
25.012092 336.393603512 27.710550964 -3.014220508 0.020432979 0.018618809 -0.040843868 0.998783065
25.112043 337.826315000 27.595951188 -3.062101438 0.020858958 0.018515349 -0.042051515 0.998726066
25.212067 339.264164047 27.468082405 -3.104588199 0.021271520 0.018395088 -0.043484685 0.998658212
25.312019 340.695022642 27.332712958 -3.149896821 0.022040862 0.018423736 -0.044701776 0.998587261
25.412041 342.124299028 27.206950436 -3.186678034 0.022246238 0.018306359 -0.046192307 0.998517027
25.500673 342.122925805 27.208149224 -3.185326960 0.022293324 0.018334939 -0.046155167 0.998517170
25.700296 346.551941232 26.793814217 -3.307016365 0.022498285 0.017443234 -0.051427157 0.998270909
25.712064 346.497488996 26.833195738 -3.314963364 0.022227709 0.016696892 -0.050028174 0.998360819
25.812017 347.928601716 26.685678157 -3.350671860 0.022205670 0.017448121 -0.052373912 0.998228153
25.979682 350.362702379 26.420061038 -3.417996910 0.021894559 0.017976181 -0.054744337 0.998098463
26.012017 350.878113885 26.380234104 -3.436689944 0.021831931 0.017593457 -0.053518216 0.998173150
26.112113 352.309125665 26.219562156 -3.475610191 0.021325474 0.017685767 -0.055591084 0.998069171
26.212166 353.754368030 26.056239865 -3.519192612 0.020758192 0.017931786 -0.057095344 0.997991819
26.312018 355.208643565 25.921256992 -3.564154362 0.020446514 0.018510730 -0.058571800 0.997902118
26.412115 356.669939082 25.813656172 -3.606085908 0.020643181 0.018599749 -0.061427339 0.997724707
26.512166 358.129336659 25.624867885 -3.656347250 0.020380309 0.018224857 -0.062548867 0.997667348
26.612167 359.596782314 25.429851738 -3.699552029 0.020543932 0.017992916 -0.063546129 0.997605178
26.712143 361.053433157 25.263521255 -3.743376509 0.020668975 0.018255387 -0.064985033 0.997505128
26.812163 362.503442483 25.003323537 -3.785595594 0.020588838 0.018653420 -0.064511685 0.997530146
26.912117 363.982711614 24.851939412 -3.830547281 0.020512816 0.018719298 -0.066625666 0.997391514
27.012166 365.459575907 24.650504366 -3.875822930 0.020607181 0.018579196 -0.067654382 0.997322938
27.112069 366.917758087 24.452570720 -3.921653170 0.020200151 0.018701838 -0.068657090 0.997260447
27.212113 368.396049093 24.250838716 -3.969130595 0.020015252 0.018953913 -0.069993124 0.997166536
27.379407 370.853337770 23.917188652 -4.046326331 0.019808662 0.019326806 -0.072841280 0.996959497
27.412041 371.283685353 23.858166285 -4.062897656 0.019529205 0.018694309 -0.072338706 0.997013663
27.512067 372.780954760 23.637427080 -4.108579069 0.019509453 0.019187219 -0.073598402 0.996912487
27.612167 374.243052082 23.396516087 -4.157262689 0.019397083 0.019677967 -0.074062639 0.996870732
27.711970 375.684336458 23.178660878 -4.203416501 0.019858854 0.020552266 -0.075137818 0.996763532
27.812021 377.126132489 22.946288915 -4.252326457 0.020260540 0.021330767 -0.075912866 0.996680363
27.912118 378.567376600 22.765502297 -4.300332233 0.020415754 0.021343615 -0.077818148 0.996529971
28.030391 380.278942566 22.517355514 -4.362652415 0.020525739 0.021235605 -0.079986149 0.996358349
28.112115 381.361395440 22.355177193 -4.401642914 0.020108599 0.021235459 -0.080652735 0.996313121
28.212116 382.758186105 22.095739437 -4.456410103 0.020451174 0.021273252 -0.081330181 0.996250270
28.311992 384.240289052 21.851348602 -4.508693908 0.020265803 0.020880636 -0.082649541 0.996153778
28.412068 385.702023409 21.624285014 -4.562318912 0.020170988 0.020987681 -0.084292286 0.996015793
28.511994 387.162495406 21.389255916 -4.612424769 0.020519466 0.020943000 -0.085906867 0.995871655
28.612067 388.618843916 21.143006614 -4.661864075 0.020615518 0.020998180 -0.087265712 0.995750356
28.712093 390.067529707 20.887940851 -4.708948894 0.021023223 0.021398808 -0.088447398 0.995629034
28.812068 391.508436159 20.634996384 -4.757313661 0.021199301 0.021459646 -0.089745205 0.995507846
28.912117 392.950215711 20.380076818 -4.809244422 0.021179701 0.021625569 -0.090990118 0.995391658
29.081653 395.432976178 19.934283733 -4.891254387 0.020831776 0.022084099 -0.094701674 0.995042674
29.176442 396.597701424 19.734564539 -4.934479296 0.020797458 0.021681710 -0.095240515 0.995000811
