1.400246 0.497073 -0.050646 -0.008249 -0.000181 0.001225 0.000529 0.999999
1.412142 0.913335 -0.131490 0.003524 -0.000401 0.000585 0.002781 0.999996
1.512138 3.823964 -0.389453 -0.052182 -0.000917 0.001972 0.004391 0.999988
1.612191 6.372909 -0.454955 0.050292 -0.000827 0.002944 0.006806 0.999972
1.712143 8.664401 -0.408929 -0.023717 -0.001701 0.004157 0.009701 0.999943
1.801789 10.469447 -0.349171 0.085940 -0.002000 0.004553 0.011171 0.999925
1.912116 12.562593 -0.280063 -0.017914 -0.002307 0.003691 0.012671 0.999910
2.012166 14.064978 -0.216848 0.081004 -0.001467 0.003377 0.014233 0.999892
2.112019 15.575615 -0.161736 -0.020749 -0.001218 0.002976 0.016228 0.999863
2.212116 16.989398 -0.107585 0.097785 0.000448 0.002817 0.018200 0.999830
2.312068 18.382739 -0.036866 -0.010410 0.000116 0.002591 0.020580 0.999785
2.412066 19.746358 0.024855 0.120207 0.001405 0.002430 0.022829 0.999735
2.512094 21.104713 0.100240 0.005625 0.000238 0.002488 0.025153 0.999680
2.612115 22.479244 0.185889 0.144440 0.000396 0.003330 0.027371 0.999620
2.712067 23.841256 0.274596 0.018428 -0.001179 0.004052 0.029408 0.999559
2.812068 25.224830 0.374061 0.163386 -0.001315 0.004685 0.031612 0.999488
2.965096 27.299351 0.541174 0.101979 -0.002367 0.005267 0.033645 0.999417
3.012089 27.620771 0.558871 0.170000 -0.001792 0.005080 0.035627 0.999351
3.178634 29.457624 0.714343 0.129411 -0.004701 0.005573 0.038245 0.999242
3.265095 30.403833 0.794057 0.152717 -0.005996 0.005719 0.040617 0.999140
3.365174 31.511731 0.904692 0.098301 -0.008155 0.004428 0.042442 0.999056
3.465821 32.745501 1.015862 0.122077 -0.010027 0.003258 0.044300 0.998963
3.565597 34.035238 1.142426 0.100807 -0.009835 0.002832 0.045902 0.998894
3.665170 35.356772 1.268803 0.119447 -0.008770 0.002604 0.047847 0.998813
3.766046 36.712622 1.398170 0.107039 -0.006751 0.003092 0.049314 0.998756
3.865222 38.057137 1.535281 0.126929 -0.005228 0.003982 0.050761 0.998689
3.912068 38.694984 1.599172 0.112672 -0.004513 0.004194 0.052938 0.998579
4.012066 40.303964 1.786784 0.141334 -0.002608 0.004316 0.053421 0.998559
4.169037 42.698430 2.060754 0.135275 -0.001941 0.004291 0.053399 0.998562
4.211993 43.248441 2.112116 0.142249 -0.002542 0.003564 0.055488 0.998450
4.312068 44.680666 2.283030 0.126892 -0.002008 0.003707 0.055756 0.998436
4.412139 46.108262 2.444356 0.146188 -0.001417 0.003770 0.056056 0.998420
4.512069 47.476613 2.612928 0.134577 -0.001444 0.003268 0.056798 0.998379
4.612019 48.857179 2.778047 0.151836 -0.001513 0.002294 0.057093 0.998365
4.775697 51.097363 3.057415 0.154502 -0.002435 0.002379 0.055877 0.998432
4.866597 52.181860 3.191279 0.153525 -0.003097 0.002034 0.056593 0.998390
4.969040 53.395905 3.331550 0.156254 -0.003088 0.003121 0.056365 0.998401
5.087537 54.832510 3.500277 0.154868 -0.002277 0.003354 0.056151 0.998414
5.112046 55.112623 3.525138 0.150165 -0.002607 0.002287 0.058295 0.998293
5.212091 56.522529 3.705841 0.157516 0.000725 0.002162 0.056755 0.998386
5.312095 57.934430 3.867802 0.149625 0.002452 0.002260 0.055990 0.998426
5.412142 59.351477 4.019002 0.162724 0.004189 0.003176 0.055541 0.998443
5.512144 60.778579 4.179386 0.162255 0.005356 0.003703 0.055298 0.998449
5.612093 62.210518 4.339063 0.171003 0.006152 0.004442 0.054750 0.998471
5.712141 63.636123 4.505260 0.169290 0.005950 0.005830 0.054059 0.998503
5.812019 65.065571 4.664299 0.176245 0.005903 0.006676 0.053471 0.998530
5.912067 66.472621 4.828340 0.175625 0.005646 0.005496 0.052941 0.998567
6.075272 68.783281 5.089572 0.186467 0.003646 0.002586 0.050665 0.998706
6.125085 69.395648 5.170276 0.163865 0.002006 0.000175 0.052977 0.998594
6.233635 70.911393 5.327561 0.192641 -0.000412 0.000368 0.050988 0.998699
6.331562 72.258746 5.470927 0.159147 -0.001711 0.004579 0.050777 0.998698
6.444776 73.864865 5.627068 0.167045 0.001822 0.009532 0.050226 0.998691
6.537846 75.108052 5.748310 0.141127 0.007096 0.010140 0.050919 0.998626
6.634156 76.497396 5.886970 0.148963 0.011831 0.007261 0.051543 0.998574
6.733409 77.952541 6.033730 0.140065 0.013468 0.004129 0.051310 0.998583
6.833413 79.406680 6.192060 0.163605 0.012853 0.003864 0.051432 0.998586
6.933136 80.854201 6.353631 0.150238 0.012318 0.005023 0.051708 0.998574
7.033910 82.312678 6.514435 0.175297 0.011385 0.006376 0.052137 0.998555
7.112168 83.445509 6.640201 0.144195 0.009971 0.006922 0.052672 0.998538
7.212142 85.053246 6.808631 0.154410 0.010077 0.007804 0.052756 0.998526
7.339792 87.014643 7.034178 0.119679 0.011345 0.007096 0.052646 0.998524
7.434159 88.310690 7.155583 0.125196 0.013620 0.006641 0.053573 0.998449
7.529947 89.614166 7.306473 0.109142 0.016321 0.007220 0.054186 0.998371
7.628548 90.996097 7.462488 0.124007 0.017890 0.007136 0.054514 0.998327
7.729048 92.426649 7.619179 0.109445 0.017791 0.007227 0.054521 0.998328
7.830315 93.885093 7.782857 0.120221 0.017667 0.008185 0.054603 0.998318
7.930819 95.326643 7.939350 0.098826 0.018273 0.006935 0.055108 0.998289
8.026078 96.707403 8.090705 0.106578 0.020694 0.002859 0.055413 0.998245
8.124462 98.168260 8.258185 0.092618 0.021441 0.001762 0.055499 0.998227
8.224137 99.656036 8.411056 0.125230 0.022216 0.003350 0.055986 0.998179
8.324960 101.127684 8.585622 0.114780 0.021297 0.003744 0.056523 0.998167
8.426233 102.604988 8.762384 0.136399 0.019883 0.004374 0.056606 0.998189
8.528597 104.108459 8.950686 0.118827 0.018481 0.006239 0.056631 0.998205
8.630074 105.583340 9.130994 0.129794 0.018290 0.007907 0.056462 0.998206
8.730495 107.035186 9.307641 0.112898 0.018596 0.008139 0.056943 0.998171
8.831212 108.502758 9.478604 0.112111 0.019321 0.007482 0.056990 0.998160
8.930842 109.962640 9.649282 0.091083 0.019460 0.006838 0.057101 0.998155
9.030421 111.444924 9.831551 0.092836 0.020051 0.007028 0.056741 0.998163
9.138948 113.067555 10.022629 0.083527 0.020697 0.007581 0.056777 0.998144
9.228724 114.347487 10.163962 0.074263 0.021051 0.007734 0.056733 0.998137
9.327154 115.863186 10.343760 0.061255 0.023015 0.008676 0.056870 0.998079
9.425908 117.398215 10.518011 0.053585 0.024385 0.009326 0.056834 0.998042
9.525486 118.936491 10.693540 0.031134 0.025894 0.008894 0.056420 0.998032
9.624588 120.453030 10.856692 0.027793 0.027735 0.008254 0.056089 0.998006
9.724037 121.977507 11.038108 0.013280 0.028963 0.007818 0.055782 0.997992
9.823691 123.514127 11.203982 0.005563 0.030336 0.008077 0.055641 0.997957
9.923315 125.051619 11.375255 -0.004710 0.031217 0.009007 0.055244 0.997944
10.022988 126.600789 11.542034 -0.015126 0.032513 0.009968 0.054606 0.997929
10.122767 128.131907 11.712786 -0.023153 0.033789 0.010099 0.054406 0.997896
10.222291 129.661112 11.870644 -0.037406 0.034344 0.008765 0.053827 0.997921
10.322069 131.219882 12.055220 -0.044815 0.034458 0.007535 0.053948 0.997921
10.422265 132.792558 12.231360 -0.049456 0.033912 0.007610 0.054169 0.997927
10.522392 134.368858 12.404145 -0.049411 0.033176 0.008435 0.054516 0.997926
10.622789 135.921468 12.578942 -0.055595 0.032482 0.009192 0.054847 0.997924
10.723739 137.495111 12.762397 -0.056544 0.031532 0.009508 0.055252 0.997929
10.824384 139.048181 12.946326 -0.069898 0.030443 0.009666 0.055783 0.997932
10.924885 140.596766 13.127357 -0.074559 0.029739 0.009717 0.056224 0.997928
11.025431 142.144034 13.322920 -0.092223 0.029254 0.009846 0.056886 0.997903
11.125157 143.669822 13.499653 -0.096815 0.029519 0.010151 0.057305 0.997869
11.225209 145.214150 13.673640 -0.107715 0.030358 0.010565 0.057888 0.997805
11.324510 146.741515 13.849355 -0.109017 0.030823 0.010771 0.058541 0.997751
11.424434 148.279421 14.043787 -0.119277 0.029892 0.009600 0.058916 0.997769
11.525333 149.843056 14.233513 -0.124997 0.028496 0.008845 0.059079 0.997807
11.625908 151.372915 14.427010 -0.141239 0.027416 0.010095 0.059783 0.997784
11.725208 152.877421 14.605734 -0.149296 0.028315 0.012078 0.060123 0.997716
11.824132 154.389726 14.787445 -0.163168 0.030900 0.012902 0.060844 0.997585
11.922936 155.903310 14.973635 -0.164212 0.033356 0.012321 0.061457 0.997476
12.023513 157.424943 15.168440 -0.180008 0.031362 0.009308 0.061788 0.997553
12.123813 158.930464 15.365399 -0.176874 0.029197 0.007693 0.061631 0.997642
12.226133 160.483589 15.561012 -0.191291 0.025906 0.010775 0.061365 0.997721
12.328400 162.015354 15.768208 -0.211043 0.024963 0.013039 0.061727 0.997696
12.426005 163.455484 15.934423 -0.241831 0.027328 0.013831 0.062071 0.997602
12.524760 164.953222 16.126817 -0.253482 0.030857 0.014687 0.062233 0.997476
12.623115 166.426559 16.300273 -0.271271 0.033340 0.013967 0.062472 0.997392
12.722790 167.933895 16.494791 -0.284387 0.034371 0.011919 0.062619 0.997374
12.822937 169.434529 16.697314 -0.295839 0.033377 0.010102 0.062609 0.997429
12.922938 170.934139 16.891003 -0.303792 0.032482 0.009771 0.062247 0.997484
13.023115 172.443879 17.079739 -0.321646 0.031933 0.010091 0.062109 0.997507
13.123065 173.934105 17.266891 -0.331122 0.032313 0.011419 0.062090 0.997482
13.222542 175.425572 17.449590 -0.348662 0.033041 0.012609 0.061901 0.997456
13.322315 176.911426 17.632035 -0.360489 0.034205 0.012333 0.061857 0.997422
13.421816 178.396432 17.817563 -0.368128 0.035283 0.011706 0.061548 0.997412
13.521290 179.870255 17.998711 -0.375523 0.035254 0.010494 0.061502 0.997429
13.620371 181.356949 18.193757 -0.378431 0.034495 0.008863 0.061308 0.997483
13.721019 182.848185 18.385437 -0.383269 0.032815 0.007966 0.061181 0.997555
13.821492 184.332036 18.574038 -0.381959 0.030743 0.008816 0.061389 0.997601
13.922517 185.807343 18.765136 -0.393973 0.028928 0.010091 0.061626 0.997629
14.023664 187.281770 18.955813 -0.408332 0.027989 0.011739 0.061873 0.997622
14.123437 188.729341 19.135323 -0.427936 0.028178 0.013279 0.062255 0.997574
14.222441 190.174673 19.317745 -0.442384 0.029514 0.014059 0.062965 0.997480
14.321094 191.608045 19.493983 -0.464254 0.032379 0.013398 0.063641 0.997357
14.420121 193.067597 19.686803 -0.463051 0.034040 0.012498 0.064296 0.997272
14.520747 194.528473 19.876145 -0.485121 0.033824 0.012032 0.064810 0.997252
14.621167 195.987987 20.077272 -0.480164 0.033282 0.011694 0.065317 0.997241
14.720921 197.423711 20.273551 -0.503619 0.031905 0.011550 0.065794 0.997256
14.821691 198.877730 20.463720 -0.500298 0.030845 0.011493 0.065717 0.997295
14.922187 200.296822 20.664234 -0.524880 0.030456 0.011747 0.065763 0.997301
15.022891 201.743137 20.860307 -0.506671 0.029492 0.011878 0.065711 0.997332
15.123738 203.170472 21.069013 -0.555401 0.026699 0.009581 0.065885 0.997424
15.223167 204.590515 21.250082 -0.537481 0.027755 0.009537 0.065502 0.997421
15.323639 206.031854 21.455226 -0.588694 0.027013 0.012894 0.065578 0.997398
15.422515 207.433018 21.630040 -0.571153 0.029122 0.014715 0.065887 0.997293
15.521467 208.847232 21.824194 -0.629052 0.031923 0.013680 0.066039 0.997212
15.620894 210.266731 21.994355 -0.598513 0.033871 0.012648 0.065936 0.997169
15.720623 211.689415 22.192450 -0.653707 0.033440 0.011922 0.065918 0.997193
15.821469 213.116685 22.385953 -0.617967 0.033045 0.012196 0.065744 0.997215
15.921345 214.515402 22.575675 -0.681501 0.032243 0.012598 0.065459 0.997255
16.021594 215.948188 22.766875 -0.643067 0.032887 0.013744 0.065136 0.997240
16.121245 217.335653 22.949007 -0.714237 0.032843 0.013562 0.065181 0.997241
16.221120 218.753795 23.135687 -0.672269 0.033846 0.013065 0.065142 0.997216
16.317553 220.095309 23.312152 -0.745896 0.033302 0.012326 0.064891 0.997260
16.417683 221.544930 23.506224 -0.700212 0.033342 0.013054 0.064179 0.997296
16.521247 222.991268 23.688974 -0.775995 0.032899 0.013311 0.063398 0.997357
16.620149 224.342228 23.866952 -0.731468 0.033887 0.012737 0.062536 0.997386
16.719923 225.747273 24.047189 -0.811355 0.033356 0.011504 0.061602 0.997477
16.819775 227.152614 24.217751 -0.762005 0.034128 0.011709 0.060647 0.997507
16.920297 228.564191 24.396753 -0.842492 0.033379 0.012578 0.059462 0.997593
17.020200 229.976671 24.554000 -0.797720 0.034799 0.013334 0.058168 0.997611
17.119850 231.379994 24.725622 -0.881040 0.035178 0.012983 0.057417 0.997646
17.217703 232.784336 24.881726 -0.829713 0.036930 0.012777 0.056765 0.997623
17.317656 234.224564 25.039156 -0.912135 0.036474 0.012279 0.056206 0.997677
17.417607 235.652348 25.205498 -0.859222 0.037067 0.012695 0.055400 0.997695
17.519549 237.092426 25.372512 -0.941337 0.035146 0.012850 0.054407 0.997817
17.617654 238.485747 25.530359 -0.894432 0.035316 0.013449 0.053812 0.997836
17.720967 239.978266 25.697246 -0.973858 0.033076 0.014008 0.052755 0.997961
17.821143 241.385298 25.847111 -0.939392 0.032831 0.014779 0.052105 0.997992
17.922519 242.823933 26.011849 -1.012654 0.030923 0.015281 0.051135 0.998096
18.023589 244.250135 26.156784 -0.992333 0.031033 0.016101 0.050188 0.998128
18.123812 245.663328 26.309798 -1.059836 0.029620 0.015772 0.049202 0.998225
18.224186 247.088942 26.443293 -1.047963 0.030024 0.015625 0.048416 0.998254
18.323961 248.510397 26.590955 -1.115374 0.029263 0.015949 0.047621 0.998309
18.424811 249.958081 26.725582 -1.103971 0.029824 0.017325 0.046935 0.998302
18.525806 251.368148 26.854965 -1.163331 0.029217 0.018665 0.046263 0.998327
18.627599 252.789469 26.990474 -1.153743 0.029171 0.019716 0.045458 0.998346
18.730291 254.212389 27.131843 -1.219085 0.027197 0.019443 0.044704 0.998441
18.832711 255.626538 27.265135 -1.227746 0.026475 0.019448 0.043917 0.998495
18.933762 256.998719 27.382755 -1.289706 0.025643 0.019133 0.043030 0.998561
19.034284 258.383162 27.512261 -1.296635 0.026015 0.019037 0.042601 0.998572
19.134430 259.764033 27.629709 -1.351348 0.025840 0.018660 0.041890 0.998614
19.238995 261.195171 27.765377 -1.358945 0.026168 0.018232 0.041409 0.998633
19.369383 262.944945 27.911059 -1.402785 0.025318 0.016830 0.040130 0.998732
19.468990 264.032670 28.007601 -1.421648 0.024429 0.016025 0.040125 0.998767
19.568989 265.334452 28.119599 -1.453128 0.023835 0.016020 0.039305 0.998814
19.673425 266.705241 28.225753 -1.475817 0.023889 0.015979 0.038463 0.998847
19.711968 267.208513 28.264900 -1.489104 0.024068 0.015881 0.039290 0.998812
19.848320 269.371142 28.442699 -1.526081 0.024761 0.016090 0.037338 0.998866
19.912093 270.202443 28.505348 -1.555290 0.025029 0.015002 0.037808 0.998859
20.046722 272.233705 28.663432 -1.577405 0.023799 0.016859 0.035849 0.998932
20.148369 273.545758 28.749833 -1.615196 0.023769 0.017100 0.035318 0.998947
20.265048 275.066312 28.870889 -1.632246 0.022618 0.016782 0.034521 0.999007
20.372378 276.347791 28.967923 -1.668353 0.022440 0.016237 0.033816 0.999044
20.412044 276.832118 29.007806 -1.677124 0.021297 0.015404 0.034541 0.999058
20.512092 278.290992 29.121426 -1.716812 0.021981 0.015473 0.033129 0.999090
20.612193 279.742519 29.216484 -1.745012 0.022388 0.015002 0.031618 0.999137
20.712118 281.199725 29.299768 -1.784421 0.023523 0.014760 0.030701 0.999143
20.812142 282.645568 29.388961 -1.806048 0.024054 0.014873 0.029339 0.999169
20.912092 284.064336 29.475982 -1.832815 0.024684 0.015227 0.028200 0.999181
21.012093 285.450914 29.567335 -1.859053 0.025235 0.015146 0.027031 0.999201
21.112042 286.823624 29.640533 -1.883888 0.024920 0.014695 0.025491 0.999256
21.212019 288.189275 29.708714 -1.920545 0.024499 0.014818 0.023707 0.999309
21.311942 289.569362 29.773948 -1.933397 0.024277 0.015227 0.021632 0.999355
21.412093 290.942805 29.842532 -1.977263 0.024145 0.015309 0.019905 0.999393
21.512044 292.298343 29.892806 -1.987414 0.023802 0.014964 0.017876 0.999445
21.611995 293.665144 29.946954 -2.036900 0.023143 0.014723 0.016282 0.999491
21.712042 295.026324 29.985693 -2.042542 0.022719 0.015274 0.014374 0.999522
21.812143 296.408685 30.033509 -2.095262 0.022310 0.015785 0.012746 0.999545
21.912143 297.774423 30.068623 -2.097252 0.022895 0.015922 0.011132 0.999549
22.012018 299.139199 30.091669 -2.151897 0.022475 0.015709 0.009655 0.999577
22.112018 300.472824 30.117698 -2.155185 0.023105 0.015420 0.008342 0.999579
22.212143 301.812861 30.141041 -2.206204 0.022601 0.015613 0.007055 0.999598
22.312140 303.187255 30.160161 -2.214345 0.024106 0.015712 0.005820 0.999569
22.412016 304.554737 30.178705 -2.259441 0.022882 0.015533 0.004744 0.999606
22.512066 305.944690 30.185600 -2.273674 0.023027 0.015082 0.003680 0.999614
22.668891 308.071880 30.217916 -2.322013 0.021518 0.015730 0.000759 0.999644
22.712139 308.490055 30.230606 -2.329657 0.021683 0.014837 0.001780 0.999653
22.812193 309.818735 30.230576 -2.363257 0.021913 0.015915 -0.001003 0.999633
22.912166 311.200933 30.227580 -2.393312 0.021846 0.015283 -0.002852 0.999640
23.012088 312.584045 30.215771 -2.432745 0.021989 0.014674 -0.004500 0.999640
23.112167 313.976535 30.215940 -2.453744 0.021642 0.014790 -0.006250 0.999637
23.212069 315.346072 30.193268 -2.489766 0.021524 0.015026 -0.008289 0.999621
23.312142 316.735411 30.181055 -2.515913 0.021107 0.015122 -0.010156 0.999611
23.412068 318.134422 30.147205 -2.550792 0.020148 0.015838 -0.012029 0.999599
23.512165 319.529464 30.118131 -2.583363 0.020450 0.016392 -0.013767 0.999562
23.612142 320.918960 30.086561 -2.619217 0.020001 0.016471 -0.015523 0.999544
23.712042 322.306991 30.041094 -2.657060 0.019910 0.016477 -0.017042 0.999521
23.812141 323.690829 29.997552 -2.690050 0.019670 0.016727 -0.018742 0.999491
23.912019 325.072511 29.951555 -2.726133 0.019133 0.017008 -0.020268 0.999467
24.012169 326.462401 29.893712 -2.762704 0.018593 0.017345 -0.021856 0.999438
24.112114 327.830951 29.836255 -2.799367 0.018129 0.017955 -0.023264 0.999404
24.212167 329.242371 29.780720 -2.835739 0.017781 0.018041 -0.024964 0.999367
24.312092 330.632492 29.715317 -2.875475 0.017248 0.017499 -0.026557 0.999345
24.412017 332.051555 29.641530 -2.920374 0.016902 0.017494 -0.027970 0.999313
24.512092 333.472289 29.585593 -2.960533 0.017386 0.018247 -0.029633 0.999243
24.612094 334.896575 29.492104 -3.003127 0.017789 0.018708 -0.030995 0.999186
24.712165 336.270602 29.401573 -3.045935 0.018235 0.018596 -0.032398 0.999136
24.812092 337.695855 29.322843 -3.091012 0.018519 0.018564 -0.033965 0.999079
24.912140 339.097049 29.215945 -3.133224 0.019265 0.018435 -0.035418 0.999017
25.012092 340.517053 29.129526 -3.176916 0.019400 0.018332 -0.037166 0.998953
25.112043 341.955752 29.012346 -3.224399 0.019732 0.018248 -0.038442 0.998899
25.212067 343.389128 28.909123 -3.265377 0.020252 0.018180 -0.040099 0.998825
25.312019 344.830943 28.784137 -3.315103 0.020876 0.018194 -0.041553 0.998752
25.412041 346.269455 28.666164 -3.346566 0.021262 0.018025 -0.042904 0.998690
25.500673 346.265014 28.665581 -3.345726 0.021275 0.018049 -0.042878 0.998691
25.700296 350.544099 28.295199 -3.464630 0.021388 0.017784 -0.048342 0.998443
25.712064 350.637194 28.290316 -3.477409 0.020889 0.015871 -0.046121 0.998591
25.812017 352.051906 28.147929 -3.493432 0.021343 0.017235 -0.048336 0.998454
25.979682 354.457095 27.920320 -3.576590 0.020493 0.018006 -0.051186 0.998316
26.012017 354.979128 27.876553 -3.585053 0.020797 0.016963 -0.050011 0.998388
26.112113 356.409137 27.732287 -3.641227 0.020029 0.017396 -0.052343 0.998277
26.212166 357.864201 27.574844 -3.671794 0.019688 0.017656 -0.053563 0.998214
26.312018 359.316037 27.426528 -3.731546 0.019045 0.018184 -0.054684 0.998156
26.412115 360.776560 27.271540 -3.758270 0.019395 0.018335 -0.056013 0.998073
26.512166 362.236350 27.105428 -3.824444 0.018903 0.017879 -0.057360 0.998014
26.612167 363.712429 26.938389 -3.848133 0.019411 0.017724 -0.058662 0.997932
26.712143 365.177447 26.769733 -3.912404 0.019074 0.017952 -0.059908 0.997860
26.812163 366.641529 26.591467 -3.934282 0.019302 0.018280 -0.061058 0.997780
26.912117 368.116459 26.417152 -4.000652 0.018869 0.018377 -0.062318 0.997709
27.012166 369.586512 26.228120 -4.022412 0.019266 0.018275 -0.063532 0.997626
27.112069 371.053704 26.055721 -4.091628 0.018435 0.018394 -0.064752 0.997562
27.212113 372.540595 25.858716 -4.114634 0.018741 0.018657 -0.066219 0.997455
27.379407 374.990961 25.535086 -4.198155 0.018109 0.019427 -0.068916 0.997269
27.412041 375.366034 25.483113 -4.210737 0.017991 0.017956 -0.068343 0.997338
27.512067 376.925976 25.266336 -4.261991 0.017990 0.018859 -0.069971 0.997208
27.612167 378.396609 25.062430 -4.311782 0.017894 0.019313 -0.070975 0.997131
27.711970 379.874216 24.858909 -4.357217 0.018232 0.020147 -0.072259 0.997016
27.812021 381.339643 24.645451 -4.406868 0.018528 0.020894 -0.073253 0.996922
27.912118 382.814342 24.430995 -4.450055 0.018815 0.020928 -0.074421 0.996830
28.030391 384.551569 24.175362 -4.517177 0.018685 0.020955 -0.076265 0.996692
28.112115 385.581069 24.025395 -4.546406 0.018462 0.020691 -0.076696 0.996669
28.212116 387.167254 23.770192 -4.611424 0.018561 0.020686 -0.078254 0.996546
28.311992 388.644134 23.546071 -4.652542 0.018583 0.020557 -0.079573 0.996444
28.412068 390.107725 23.316134 -4.715913 0.018464 0.020508 -0.080831 0.996346
28.511994 391.559297 23.072925 -4.753048 0.018717 0.020521 -0.082248 0.996225
28.612067 393.022397 22.840164 -4.812507 0.018783 0.020575 -0.083554 0.996114
28.712093 394.459866 22.595525 -4.847671 0.019240 0.020948 -0.084580 0.996011
28.812068 395.905828 22.353105 -4.906715 0.019239 0.021077 -0.085838 0.995900
28.912117 397.352331 22.104422 -4.945835 0.019354 0.021174 -0.087036 0.995792
29.081653 399.782191 21.684971 -5.028792 0.018756 0.021927 -0.090422 0.995485
29.176442 400.776266 21.518450 -5.067228 0.018467 0.021316 -0.091488 0.995407
