1.412142 0.623088 -0.062701 0.012699 0.002477 0.001269 -0.000283 0.999996
1.512090 1.346421 -0.115501 0.025965 0.003991 0.002588 -0.001067 0.999988
1.667440 2.738679 -0.091230 0.034318 0.004354 0.004309 -0.002096 0.999979
1.712118 3.135973 -0.077229 0.035020 0.004823 0.004436 -0.003831 0.999971
1.812094 4.282352 -0.106850 0.042415 0.005084 0.003952 -0.005100 0.999966
1.912039 5.362467 -0.127008 0.038254 0.004500 0.003593 -0.007372 0.999956
2.065194 7.109002 -0.159534 0.036444 0.005402 0.004904 -0.009412 0.999929
2.165794 8.193387 -0.153265 0.045384 0.005472 0.005605 -0.011600 0.999902
2.265268 9.292649 -0.175863 0.039789 0.005582 0.005978 -0.013151 0.999880
2.312090 9.852046 -0.187400 0.044482 0.005790 0.005427 -0.014962 0.999857
2.412092 11.233584 -0.239881 0.039004 0.006135 0.004533 -0.015635 0.999849
2.512043 12.513087 -0.268457 0.049586 0.006275 0.004399 -0.016206 0.999839
2.612195 13.800448 -0.299563 0.050494 0.005308 0.003740 -0.016633 0.999841
2.745829 15.502094 -0.345318 0.056228 0.004437 0.001846 -0.016792 0.999847
2.817376 16.335855 -0.362224 0.045436 0.005080 0.000633 -0.019116 0.999804
2.965273 18.220230 -0.416495 0.059435 0.005439 0.003812 -0.018275 0.999811
3.046849 19.133380 -0.437870 0.058836 0.005692 0.004450 -0.020069 0.999772
3.146971 20.367130 -0.487107 0.067063 0.007508 0.005796 -0.019936 0.999756
3.203350 21.032696 -0.512891 0.074088 0.007995 0.006140 -0.020967 0.999729
3.303198 22.365870 -0.558783 0.071236 0.006407 0.006811 -0.020470 0.999747
3.403150 23.654830 -0.601718 0.071582 0.006062 0.006317 -0.021033 0.999740
3.503250 24.942920 -0.640588 0.066185 0.005570 0.005494 -0.021574 0.999737
3.603251 26.214021 -0.689796 0.069207 0.005233 0.005759 -0.022636 0.999713
3.703324 27.466299 -0.743698 0.070300 0.004268 0.006916 -0.023656 0.999687
3.803301 28.703212 -0.798369 0.066166 0.004105 0.007488 -0.025145 0.999647
3.903276 29.911643 -0.849778 0.063302 0.003918 0.006991 -0.026649 0.999613
4.003324 31.120912 -0.906217 0.056954 0.003830 0.006632 -0.028274 0.999571
4.103247 32.324983 -0.966720 0.058497 0.003385 0.006990 -0.029800 0.999526
4.203276 33.511213 -1.030938 0.053807 0.003271 0.007234 -0.031449 0.999474
4.303298 34.707160 -1.098487 0.052908 0.002710 0.006980 -0.033416 0.999413
4.403250 35.892467 -1.161549 0.044276 0.002496 0.006778 -0.034862 0.999366
4.503274 37.069768 -1.245098 0.043673 0.002800 0.006710 -0.036424 0.999310
4.603225 38.244643 -1.326536 0.043957 0.003081 0.006307 -0.038239 0.999244
4.703199 39.413250 -1.416516 0.043256 0.003136 0.005174 -0.039950 0.999183
4.803149 40.577411 -1.498666 0.043076 0.003079 0.004537 -0.041517 0.999123
4.903198 41.739573 -1.591960 0.049307 0.002485 0.005177 -0.043147 0.999052
5.066068 43.625134 -1.745279 0.044296 0.002307 0.005128 -0.045429 0.998952
5.165345 44.365423 -1.806375 0.039338 0.002580 0.005089 -0.047245 0.998867
5.265247 45.350246 -1.888269 0.039374 0.001717 0.006333 -0.049208 0.998767
5.400296 46.728956 -2.018209 0.046958 0.002475 0.006660 -0.051700 0.998637
5.500197 47.683003 -2.107624 0.036842 0.001652 0.006296 -0.054222 0.998508
5.500673 47.670960 -2.105730 0.036647 0.001628 0.006282 -0.054195 0.998509
5.665745 49.577780 -2.331531 0.033556 0.002500 0.007149 -0.057613 0.998310
5.766170 50.704183 -2.460329 0.033678 0.002635 0.006949 -0.061522 0.998078
5.866019 51.836954 -2.596482 0.031581 0.002312 0.007139 -0.064205 0.997909
5.966269 52.988337 -2.744745 0.034083 0.003218 0.006522 -0.067180 0.997714
6.066168 54.120669 -2.890586 0.034803 0.002469 0.005890 -0.070230 0.997510
6.165571 55.245613 -3.046305 0.022773 0.001732 0.006331 -0.073362 0.997284
6.265372 56.335358 -3.203692 0.032162 0.001588 0.007266 -0.076100 0.997072
6.365298 57.430328 -3.367656 0.021604 0.000964 0.008283 -0.078996 0.996840
6.465197 58.501409 -3.535771 0.019750 0.001151 0.009055 -0.081460 0.996635
6.565171 59.573779 -3.712271 0.018659 0.001862 0.009147 -0.084022 0.996420
6.666068 60.649213 -3.889570 0.014017 0.002552 0.008230 -0.085628 0.996290
6.712089 61.119266 -3.970730 0.010836 0.003149 0.007082 -0.087574 0.996128
6.865968 62.894669 -4.290540 0.008792 0.004390 0.008040 -0.089102 0.995980
6.965321 63.865721 -4.458345 0.008186 0.004860 0.008623 -0.090593 0.995839
7.100222 65.222435 -4.706340 0.007078 0.005064 0.009881 -0.091913 0.995705
7.200072 66.071336 -4.857659 0.010889 0.005550 0.009832 -0.093257 0.995578
7.299848 66.962323 -5.023510 0.007180 0.005922 0.009535 -0.094321 0.995479
7.399848 67.844052 -5.185924 0.006846 0.006083 0.008802 -0.095359 0.995385
7.499748 68.721182 -5.344715 0.003033 0.006437 0.007698 -0.095774 0.995353
7.599548 69.581531 -5.513813 -0.000196 0.006918 0.006478 -0.096552 0.995283
7.699623 70.450046 -5.686043 -0.001507 0.007763 0.005637 -0.097254 0.995213
7.799524 71.314368 -5.854457 0.001917 0.008002 0.006467 -0.098167 0.995117
7.897207 72.175359 -6.012725 0.005055 0.007265 0.008297 -0.098620 0.995064
7.997356 73.040651 -6.180138 0.006262 0.006637 0.009413 -0.099679 0.994953
8.097132 73.886008 -6.349151 0.005562 0.005522 0.009441 -0.100809 0.994846
8.197032 74.732617 -6.509469 -0.002837 0.004682 0.008658 -0.101907 0.994745
8.296858 75.557549 -6.677727 -0.007872 0.004290 0.008051 -0.102566 0.994684
8.396759 76.364824 -6.841688 -0.010176 0.004009 0.007922 -0.103757 0.994563
8.496709 77.162780 -7.005262 -0.011088 0.003754 0.007848 -0.104445 0.994493
8.596759 77.936602 -7.164174 -0.014923 0.004537 0.007665 -0.105157 0.994416
8.696983 78.688247 -7.327062 -0.014214 0.004592 0.007786 -0.105954 0.994330
8.799101 79.436907 -7.482009 -0.015112 0.004552 0.007970 -0.106842 0.994234
8.899202 80.142050 -7.629208 -0.014968 0.004734 0.008070 -0.107502 0.994161
9.000347 80.828461 -7.779879 -0.016445 0.004965 0.008043 -0.108407 0.994062
9.046848 81.139355 -7.850796 -0.013009 0.004894 0.008396 -0.109690 0.993918
9.146896 81.907229 -8.018859 -0.013601 0.005324 0.008807 -0.110143 0.993862
9.244627 82.620885 -8.169883 -0.010045 0.005443 0.008781 -0.110679 0.993802
9.348519 83.349523 -8.324329 -0.013862 0.005269 0.008795 -0.111388 0.993724
9.446849 83.979186 -8.465715 -0.012698 0.005189 0.008779 -0.112636 0.993584
9.565246 84.706290 -8.626736 -0.016741 0.004955 0.009127 -0.113084 0.993531
9.666117 85.251221 -8.747061 -0.018393 0.004924 0.008926 -0.114601 0.993359
9.765320 85.777464 -8.869361 -0.019414 0.004806 0.008908 -0.115465 0.993260
9.846920 86.188001 -8.967368 -0.022085 0.004797 0.009065 -0.116309 0.993160
9.946771 86.709329 -9.092420 -0.022900 0.004836 0.009194 -0.117063 0.993070
10.065244 87.308614 -9.236924 -0.023974 0.004629 0.009216 -0.117961 0.992965
10.165817 87.757524 -9.340129 -0.023637 0.004311 0.008857 -0.118874 0.992860
10.265767 88.210604 -9.434126 -0.023752 0.003799 0.008699 -0.119358 0.992806
10.366168 88.636892 -9.541914 -0.026092 0.003548 0.008800 -0.120290 0.992694
10.466121 89.048310 -9.643953 -0.029377 0.003485 0.008909 -0.120886 0.992620
10.566444 89.450857 -9.738158 -0.031986 0.003674 0.008909 -0.121675 0.992523
10.666265 89.831261 -9.834082 -0.032975 0.003634 0.009099 -0.122343 0.992440
10.765195 90.205695 -9.926810 -0.033398 0.003838 0.009343 -0.122576 0.992408
10.866144 90.573599 -10.020262 -0.034603 0.003775 0.009460 -0.122894 0.992367
10.965174 90.917625 -10.099062 -0.031371 0.003474 0.009879 -0.122843 0.992371
11.066690 91.265214 -10.175471 -0.031201 0.003097 0.009803 -0.122842 0.992373
11.166417 91.578933 -10.251787 -0.035782 0.002734 0.009651 -0.122748 0.992387
11.266146 91.893859 -10.328641 -0.037523 0.002824 0.009719 -0.122935 0.992363
11.311992 92.032809 -10.365655 -0.041677 0.002685 0.009369 -0.123701 0.992272
11.412193 92.374004 -10.455945 -0.043296 0.003143 0.009327 -0.122976 0.992361
11.511992 92.685785 -10.532584 -0.043870 0.003391 0.009355 -0.122936 0.992365
11.612117 92.977462 -10.609331 -0.044509 0.003433 0.009370 -0.122944 0.992363
11.766218 93.381894 -10.703650 -0.047413 0.003573 0.009544 -0.122173 0.992456
11.811991 93.425313 -10.707524 -0.046627 0.003547 0.009286 -0.123221 0.992329
11.912042 93.664222 -10.768544 -0.045582 0.003421 0.009623 -0.123183 0.992331
12.067266 93.990089 -10.850765 -0.047158 0.003069 0.009935 -0.122459 0.992419
12.167288 94.142906 -10.876606 -0.048737 0.003083 0.009946 -0.123058 0.992345
12.212039 94.204718 -10.893079 -0.051083 0.002974 0.009770 -0.123761 0.992260
12.378335 94.515339 -10.980730 -0.055865 0.003839 0.010091 -0.122557 0.992403
12.477487 94.647433 -11.001513 -0.055396 0.003870 0.009876 -0.123166 0.992329
12.512017 94.684980 -11.014685 -0.056493 0.003897 0.009444 -0.123970 0.992233
12.676118 94.936968 -11.087524 -0.058877 0.004363 0.009863 -0.122543 0.992405
12.767237 95.037439 -11.107665 -0.058519 0.004145 0.009961 -0.123370 0.992302
12.812115 95.089700 -11.117787 -0.057407 0.004230 0.009710 -0.123973 0.992229
12.912043 95.225243 -11.151593 -0.059496 0.004462 0.009808 -0.123282 0.992313
13.012041 95.359773 -11.187692 -0.058152 0.004520 0.009871 -0.123201 0.992322
13.167218 95.534272 -11.234332 -0.058718 0.004412 0.009864 -0.122660 0.992390
13.212066 95.554962 -11.241991 -0.059850 0.004172 0.009743 -0.123987 0.992227
13.312065 95.666881 -11.271267 -0.064749 0.004109 0.009207 -0.123294 0.992319
13.412045 95.767056 -11.297634 -0.062294 0.004319 0.009517 -0.123359 0.992307
13.512120 95.867733 -11.316935 -0.061607 0.004443 0.009643 -0.123151 0.992331
13.667365 96.025063 -11.348662 -0.061738 0.004420 0.009652 -0.122413 0.992422
13.712140 96.046999 -11.359180 -0.059806 0.004268 0.009332 -0.123861 0.992246
13.811992 96.131357 -11.381084 -0.062329 0.003768 0.008650 -0.123060 0.992354
13.912116 96.220839 -11.404188 -0.063804 0.003799 0.008552 -0.123258 0.992331
14.012144 96.316228 -11.431102 -0.064690 0.003716 0.008719 -0.123743 0.992269
14.111994 96.416842 -11.457886 -0.065385 0.003636 0.008540 -0.123994 0.992240
14.212068 96.510433 -11.475259 -0.066169 0.003581 0.008395 -0.123841 0.992260
14.312017 96.606359 -11.498428 -0.072014 0.003595 0.008446 -0.124139 0.992222
14.412192 96.695404 -11.518977 -0.068422 0.003731 0.008431 -0.124235 0.992210
14.511991 96.785733 -11.537959 -0.068922 0.003708 0.008653 -0.124419 0.992185
14.612140 96.867417 -11.563943 -0.070967 0.003792 0.008756 -0.124592 0.992162
14.712093 96.953510 -11.589812 -0.070277 0.003922 0.008649 -0.125002 0.992111
14.812141 97.028630 -11.607582 -0.071429 0.004032 0.008757 -0.124957 0.992115
14.912168 97.100132 -11.628613 -0.073008 0.004096 0.008672 -0.125061 0.992103
15.012093 97.170328 -11.645519 -0.071985 0.004264 0.008499 -0.125394 0.992061
15.112043 97.230497 -11.662992 -0.073514 0.004359 0.008611 -0.125371 0.992063
15.212041 97.273842 -11.675986 -0.074205 0.004341 0.008609 -0.125381 0.992062
15.312091 97.330074 -11.691963 -0.073774 0.004339 0.008417 -0.125684 0.992025
15.412091 97.391672 -11.714738 -0.078055 0.004358 0.008380 -0.125851 0.992004
15.512169 97.442146 -11.723143 -0.075639 0.004428 0.008446 -0.125644 0.992030
15.612194 97.493712 -11.743668 -0.075013 0.004496 0.008524 -0.126078 0.991973
15.712092 97.554207 -11.754078 -0.077185 0.004471 0.008643 -0.126076 0.991973
15.812092 97.606029 -11.772095 -0.083568 0.004423 0.008146 -0.126261 0.991954
15.983385 97.667690 -11.788113 -0.084604 0.004733 0.008223 -0.125482 0.992050
16.083387 97.689526 -11.792270 -0.080841 0.004655 0.008246 -0.126382 0.991936
16.183112 97.712510 -11.794806 -0.079502 0.004741 0.008314 -0.126311 0.991944
16.283136 97.730822 -11.797605 -0.078939 0.004860 0.008323 -0.126449 0.991926
16.382961 97.761767 -11.816494 -0.078176 0.004933 0.008314 -0.126764 0.991886
16.482889 97.776529 -11.822133 -0.079516 0.004875 0.008245 -0.126818 0.991880
16.582834 97.797534 -11.823670 -0.079107 0.004864 0.008257 -0.126566 0.991912
16.682789 97.822560 -11.829140 -0.082250 0.004770 0.008131 -0.126709 0.991895
16.782738 97.836005 -11.829340 -0.084363 0.004794 0.007993 -0.126703 0.991897
16.882738 97.831860 -11.827500 -0.082062 0.004836 0.008182 -0.126853 0.991876
16.982589 97.844936 -11.829467 -0.080812 0.004825 0.008329 -0.126725 0.991891
17.082736 97.854471 -11.829501 -0.079495 0.004828 0.008330 -0.126807 0.991881
17.182738 97.857170 -11.832133 -0.079173 0.004829 0.008155 -0.126625 0.991905
17.282737 97.855670 -11.826334 -0.078876 0.004882 0.008010 -0.126697 0.991897
17.382790 97.856653 -11.831434 -0.079899 0.004888 0.008195 -0.126797 0.991883
17.482763 97.848081 -11.826680 -0.078268 0.004941 0.008210 -0.126819 0.991880
17.582689 97.845626 -11.827204 -0.077633 0.004904 0.008042 -0.126762 0.991888
17.682736 97.856073 -11.834650 -0.078652 0.004900 0.008159 -0.126679 0.991898
17.782736 97.851607 -11.833868 -0.078605 0.004888 0.008183 -0.126643 0.991903
17.882640 97.852593 -11.829571 -0.078609 0.004874 0.008156 -0.126756 0.991888
17.982761 97.849445 -11.831107 -0.078890 0.004871 0.008108 -0.126758 0.991889
18.082736 97.846403 -11.835564 -0.079351 0.004881 0.008193 -0.126852 0.991876
18.182640 97.860271 -11.833447 -0.079093 0.004861 0.008241 -0.126780 0.991885
18.282737 97.862984 -11.834494 -0.079418 0.004843 0.008139 -0.126764 0.991888
18.382739 97.864011 -11.834736 -0.079410 0.004855 0.008149 -0.126744 0.991890
18.482736 97.856144 -11.829732 -0.079094 0.004928 0.008142 -0.126766 0.991887
18.582687 97.865859 -11.831681 -0.080357 0.004870 0.008176 -0.126847 0.991877
18.682590 97.860553 -11.831832 -0.079443 0.004888 0.008104 -0.126807 0.991882
18.782737 97.860528 -11.830096 -0.079175 0.004890 0.008190 -0.126758 0.991888
18.882687 97.863222 -11.828997 -0.079601 0.004903 0.008157 -0.126669 0.991899
18.982737 97.863209 -11.827285 -0.078792 0.004881 0.008117 -0.126497 0.991922
19.082788 97.852685 -11.830030 -0.078997 0.004906 0.008185 -0.126721 0.991892
19.182764 97.853421 -11.825478 -0.079418 0.004917 0.008166 -0.126698 0.991896
19.282713 97.850301 -11.826754 -0.078958 0.004907 0.008183 -0.126744 0.991890
19.382640 97.854432 -11.825892 -0.078791 0.004917 0.008182 -0.126704 0.991895
19.482589 97.849004 -11.823010 -0.078825 0.004877 0.008209 -0.126650 0.991902
19.582738 97.845172 -11.816861 -0.079678 0.004882 0.008209 -0.126478 0.991923
19.682636 97.853630 -11.817894 -0.078449 0.004953 0.008161 -0.126513 0.991919
19.782638 97.848020 -11.823384 -0.079048 0.004897 0.008212 -0.126742 0.991890
19.882737 97.841684 -11.821169 -0.079458 0.004858 0.008236 -0.126523 0.991918
19.982736 97.832060 -11.828388 -0.079933 0.004875 0.008142 -0.126573 0.991912
20.082765 97.836941 -11.836698 -0.080017 0.004839 0.008192 -0.126807 0.991882
20.182788 97.836458 -11.835411 -0.079079 0.004898 0.008196 -0.126769 0.991886
20.282638 97.838074 -11.829530 -0.079692 0.004882 0.008239 -0.126597 0.991908
20.382738 97.839196 -11.833565 -0.080192 0.004865 0.008198 -0.126846 0.991877
20.482662 97.840011 -11.835702 -0.080628 0.004867 0.008206 -0.126851 0.991876
20.582790 97.833777 -11.828032 -0.078208 0.004915 0.008193 -0.126687 0.991897
20.682686 97.839372 -11.832420 -0.077686 0.004919 0.008211 -0.126716 0.991893
20.782689 97.828463 -11.829242 -0.078279 0.004947 0.008201 -0.126791 0.991883
20.882685 97.814247 -11.821063 -0.079184 0.004948 0.008259 -0.126656 0.991900
20.982764 97.812309 -11.821977 -0.077474 0.004915 0.008208 -0.126665 0.991899
21.082687 97.798691 -11.821507 -0.078737 0.004902 0.008214 -0.126640 0.991903
21.182639 97.798972 -11.825467 -0.080068 0.004930 0.007963 -0.126704 0.991896
21.282687 97.807394 -11.827413 -0.078387 0.004936 0.008220 -0.126727 0.991891
21.382640 97.812246 -11.833309 -0.078668 0.004915 0.008200 -0.126791 0.991883
21.482687 97.823399 -11.830205 -0.077582 0.004945 0.008204 -0.126635 0.991903
21.582687 97.835630 -11.830466 -0.077302 0.004905 0.008203 -0.126616 0.991906
21.682637 97.838372 -11.831208 -0.078697 0.004932 0.008173 -0.126632 0.991904
21.782714 97.838432 -11.823298 -0.077957 0.004917 0.008184 -0.126442 0.991928
21.882640 97.839532 -11.829359 -0.077668 0.004893 0.008204 -0.126706 0.991894
21.982764 97.839237 -11.825617 -0.077714 0.004923 0.008152 -0.126664 0.991900
22.082788 97.837385 -11.825714 -0.078709 0.004876 0.008173 -0.126474 0.991924
22.182641 97.831473 -11.829342 -0.076928 0.004974 0.008195 -0.126850 0.991876
22.282762 97.828811 -11.831614 -0.077526 0.004929 0.008171 -0.126714 0.991893
22.382787 97.825980 -11.831237 -0.077976 0.004919 0.008211 -0.126789 0.991883
22.482737 97.824371 -11.828834 -0.077774 0.004940 0.008210 -0.126779 0.991885
22.582641 97.826342 -11.826279 -0.077988 0.004949 0.008182 -0.126618 0.991905
22.682735 97.823902 -11.824019 -0.077514 0.004936 0.008167 -0.126620 0.991905
22.782762 97.822951 -11.823148 -0.079125 0.004875 0.008229 -0.126561 0.991913
22.882688 97.832421 -11.825184 -0.077729 0.004924 0.008215 -0.126670 0.991899
22.982689 97.838548 -11.824700 -0.078214 0.004918 0.008201 -0.126735 0.991890
23.082686 97.841201 -11.825022 -0.078302 0.004932 0.008188 -0.126734 0.991891
