1.412142 0.623088035 -0.062700657 0.012699010 0.002476677 0.001268637 -0.000282670 0.999996088
1.512090 1.346421468 -0.115500698 0.025964935 0.003990514 0.002588029 -0.001067454 0.999988119
1.667440 2.738679086 -0.091230008 0.034318444 0.004353646 0.004309098 -0.002096045 0.999979042
1.712118 3.135972735 -0.077229247 0.035019785 0.004822828 0.004436450 -0.003831440 0.999971189
1.812094 4.282351781 -0.106849762 0.042414917 0.005084453 0.003952456 -0.005100093 0.999966257
1.912039 5.362466736 -0.127008339 0.038253963 0.004500413 0.003593271 -0.007372280 0.999956241
2.065194 7.109001976 -0.159534174 0.036443816 0.005401868 0.004904422 -0.009411514 0.999929092
2.165794 8.193386701 -0.153264756 0.045384267 0.005472378 0.005604549 -0.011599972 0.999902037
2.265268 9.292649289 -0.175862916 0.039788547 0.005581709 0.005977586 -0.013150973 0.999880075
2.312090 7.174884426 0.355243252 0.044482190 0.006182759 0.004974377 -0.090372057 0.995876458
2.412092 9.089420547 0.063813103 0.039004406 0.006403461 0.004145425 -0.077319218 0.996977206
2.512043 7.955414228 0.706559913 0.049586332 0.006824683 0.003486457 -0.154671087 0.987936295
2.612195 11.479630220 -0.133120605 0.050494171 0.005549721 0.003370691 -0.084508882 0.996401570
2.745829 13.112345122 -0.313979035 0.056227747 0.004557681 0.001523176 -0.088353189 0.996077618
2.817376 14.955778115 -0.477142081 0.045435677 0.005103241 0.000402944 -0.064334341 0.997915271
2.965273 16.521350059 -0.687169735 0.059435361 0.005654988 0.003483124 -0.077399412 0.996978044
3.046849 16.400586342 -0.878168219 0.058835594 0.006052770 0.003945022 -0.105840720 0.994356849
3.146971 18.384105501 -1.033204842 0.067062752 0.007839872 0.005338413 -0.079424324 0.996795774
3.203350 20.021796998 -0.795411080 0.074088410 0.008152117 0.005929390 -0.047009774 0.998843565
3.303198 22.365870434 -0.558783418 0.071235915 0.006406911 0.006810668 -0.020470200 0.999746737
3.403150 23.654829502 -0.601717577 0.071582208 0.006062026 0.006317399 -0.021033151 0.999740441
3.503250 24.942920002 -0.640588031 0.066185143 0.005570041 0.005494439 -0.021574453 0.999736630
3.603251 26.214020871 -0.689795951 0.069207070 0.005233249 0.005758580 -0.022636149 0.999713487
3.703324 27.466298626 -0.743697694 0.070299849 0.004268430 0.006915669 -0.023656261 0.999687119
3.803301 28.703211749 -0.798369163 0.066166089 0.004104821 0.007487858 -0.025144783 0.999647349
3.903276 29.911642991 -0.849778276 0.063301761 0.003917546 0.006991405 -0.026649064 0.999612725
4.003324 31.120911780 -0.906216643 0.056954454 0.003829924 0.006631825 -0.028273677 0.999570883
4.103247 32.324983370 -0.966720159 0.058496890 0.003384915 0.006989969 -0.029800026 0.999525708
4.203276 33.511213165 -1.030937690 0.053807400 0.003271140 0.007233847 -0.031449202 0.999473821
4.303298 34.707159691 -1.098486914 0.052908309 0.002709860 0.006980286 -0.033416155 0.999413474
4.403250 35.892466605 -1.161549409 0.044275836 0.002496146 0.006777719 -0.034862211 0.999366028
4.503274 37.069767543 -1.245098091 0.043672514 0.002800263 0.006709595 -0.036424398 0.999309963
4.603225 38.189281495 -0.730783979 0.043957278 0.003111277 0.006292511 -0.043041935 0.999048605
4.703199 39.364415227 -1.785365633 0.043256101 0.003119387 0.005183652 -0.036759017 0.999305846
4.803149 40.532129059 -2.092357556 0.043076325 0.003055391 0.004553528 -0.036244226 0.999327917
4.903198 41.724356011 -3.136567349 0.049306720 0.002412040 0.005211309 -0.029164711 0.999558124
5.066068 43.604907823 -2.751952030 0.044295707 0.002258311 0.005150008 -0.036011569 0.999335551
5.165345 43.938305435 -0.956229955 0.039338137 0.002617401 0.005069551 -0.054599406 0.998492040
5.265247 45.230393708 -2.069101464 0.039374124 0.001702112 0.006336603 -0.046935070 0.998876393
5.400296 46.699981377 -2.126666459 0.046958144 0.002466460 0.006663157 -0.050465324 0.998700541
5.500197 47.654028614 -2.216081966 0.036842493 0.001644149 0.006298007 -0.052987291 0.998573973
5.500673 47.704827085 -1.487722799 0.036646588 0.001671447 0.006271128 -0.061057437 0.998113154
5.665745 49.379520199 -2.165910526 0.033555812 0.002507387 0.007146579 -0.058604602 0.998252543
5.766170 50.756082867 -2.076881392 0.033678164 0.002669436 0.006935898 -0.066465332 0.997761057
5.866019 51.986447786 -2.029681771 0.031581043 0.002367126 0.007121219 -0.071953892 0.997379728
5.966269 53.152336732 -2.143380407 0.034083239 0.003274937 0.006493267 -0.075866316 0.997091477
6.066168 54.293703679 -2.325246192 0.034802873 0.002520252 0.005867715 -0.078955512 0.996857686
6.165571 55.398879624 -2.477637400 0.022773405 0.001789737 0.006314945 -0.082469920 0.996571939
6.265372 56.556890147 -2.652547565 0.032162262 0.001657022 0.007250977 -0.085570326 0.996304370
6.365298 57.727973493 -2.866146041 0.021603672 0.001043256 0.008273294 -0.088506429 0.996040700
6.465197 58.862662103 -3.048032764 0.019750472 0.001241850 0.009043158 -0.091438669 0.995768873
6.565171 59.931716063 -3.309449197 0.018659191 0.001943988 0.009130102 -0.092963786 0.995625731
6.666068 60.994062475 -3.544592345 0.014016970 0.002619955 0.008208806 -0.093845923 0.995549443
6.712089 61.457312536 -3.685574142 0.010835562 0.003201456 0.007058679 -0.094950439 0.995451827
6.865968 63.319244655 -4.046359034 0.008791749 0.004448008 0.008007656 -0.096355421 0.995304840
6.965321 64.098201349 -4.278553101 0.008185951 0.004907666 0.008596148 -0.096047953 0.995327490
7.100222 65.447330312 -4.547507675 0.007078471 0.005112981 0.009855871 -0.096806488 0.995241289
7.200072 66.296231227 -4.698826221 0.010888545 0.005598438 0.009804961 -0.098150246 0.995107557
7.299848 67.074995378 -4.897047398 0.007179602 0.005956631 0.009513188 -0.097929429 0.995130064
7.399848 67.956723796 -5.059461012 0.006846329 0.006115327 0.008779530 -0.098967017 0.995033191
7.499748 68.685586926 -5.318969513 0.003033267 0.006436931 0.007697522 -0.095820608 0.995348042
7.599548 69.501421363 -5.493030379 -0.000196093 0.006917041 0.006479128 -0.096454638 0.995292258
7.699623 70.383875157 -5.657406342 -0.001507099 0.007760802 0.005640345 -0.096870949 0.995250710
7.799524 71.288314420 -5.788989552 0.001916639 0.008008269 0.006458278 -0.099204849 0.995013847
7.897207 72.072946661 -5.958452152 0.005054517 0.007264151 0.008297217 -0.098577303 0.995068291
7.997356 72.916825675 -6.165775400 0.006262309 0.006629181 0.009418480 -0.098865755 0.995034124
8.097132 73.774645252 -6.333005889 0.005561628 0.005518495 0.009443106 -0.100404820 0.994886549
8.197032 74.621253719 -6.493323488 -0.002837092 0.004678590 0.008659707 -0.101502921 0.994786549
8.296858 75.412823388 -6.655997674 -0.007871655 0.004284481 0.008054123 -0.101877734 0.994755096
8.396759 76.235941434 -6.813861948 -0.010175608 0.004003988 0.007925082 -0.103095858 0.994631794
8.496709 77.040154523 -6.970171475 -0.011087970 0.003750775 0.007850095 -0.104013880 0.994537792
8.596759 77.827610139 -7.149786593 -0.014922511 0.004531450 0.007668688 -0.104440919 0.994491202
8.696983 78.594043818 -7.291495197 -0.014213711 0.004590388 0.007786954 -0.105701145 0.994356857
8.799101 79.357455462 -7.456504086 -0.015111603 0.004550402 0.007970806 -0.106624476 0.994257000
8.899202 80.041697508 -7.617616201 -0.014968364 0.004728013 0.008073138 -0.106741110 0.994242830
9.000347 80.728109014 -7.768286620 -0.016445482 0.004959086 0.008046617 -0.107646276 0.994144325
9.046848 81.014387877 -7.858050156 -0.013009016 0.004885189 0.008401851 -0.108594414 0.994038630
9.146896 81.854641856 -7.995702536 -0.013601370 0.005322405 0.008807687 -0.109924711 0.993886641
9.244627 82.500239087 -8.143211403 -0.010044806 0.005437054 0.008785009 -0.110036008 0.993873905
9.348519 83.228877500 -8.297657381 -0.013862072 0.005262978 0.008797927 -0.110745024 0.993795974
9.446849 83.813047935 -8.434377050 -0.012698167 0.005180778 0.008783439 -0.111698694 0.993689797
9.565246 84.495332041 -8.589238753 -0.016741034 0.004944108 0.009132536 -0.111891399 0.993666175
9.666117 85.005764848 -8.705869256 -0.018393109 0.004910326 0.008933445 -0.113083986 0.993533137
9.765320 85.487038548 -8.820555718 -0.019414403 0.004789170 0.008917158 -0.113630605 0.993471506
9.846920 85.915632194 -8.938140950 -0.022085227 0.004778867 0.009074515 -0.114363176 0.993386068
9.946771 86.440291245 -9.077674192 -0.022900255 0.004817341 0.009204013 -0.114996303 0.993311598
10.065244 87.103556560 -9.238253557 -0.023974195 0.004614189 0.009223843 -0.116346372 0.993155150
10.165817 87.572379842 -9.345676710 -0.023636555 0.004295586 0.008864232 -0.117113998 0.993069627
10.265767 88.023143355 -9.437628845 -0.023752355 0.003781036 0.008707047 -0.117338721 0.993046583
10.366168 88.530902729 -9.559419286 -0.026091663 0.003535171 0.008805439 -0.118809954 0.992871674
10.466121 89.017990008 -9.656475103 -0.029376652 0.003480601 0.008911119 -0.120400370 0.992679318
10.566444 89.427153914 -9.747915939 -0.031986020 0.003669570 0.008910464 -0.121235556 0.992576988
10.666265 89.818693408 -9.846850190 -0.032975393 0.003632344 0.009099763 -0.122130719 0.992465661
10.765195 90.247986624 -9.950969612 -0.033397992 0.003838449 0.009342609 -0.122588563 0.992406180
10.866144 90.666863319 -10.051730571 -0.034603098 0.003779546 0.009457869 -0.123397960 0.992304997
10.965174 91.010889209 -10.130531175 -0.031370804 0.003478514 0.009877423 -0.123346469 0.992308412
11.066690 91.358556289 -10.201033092 -0.031201466 0.003101313 0.009801832 -0.123293751 0.992316964
11.166417 91.674724424 -10.271923565 -0.035782274 0.002738050 0.009649515 -0.123202154 0.992330902
11.266146 91.983497426 -10.352233598 -0.037523089 0.002827622 0.009717549 -0.123339792 0.992312889
11.311992 92.122035313 -10.388512453 -0.041677011 0.002689909 0.009367168 -0.124217503 0.992207152
11.412193 92.461264626 -10.478057129 -0.043295622 0.003149474 0.009325366 -0.123643689 0.992277863
11.511992 92.814911145 -10.551722319 -0.043869701 0.003403228 0.009350032 -0.124251538 0.992200862
11.612117 93.073384160 -10.633534521 -0.044508682 0.003441333 0.009366876 -0.123861459 0.992249343
11.766218 93.447062888 -10.727213861 -0.047412851 0.003578636 0.009541975 -0.122792032 0.992380099
11.811991 93.459755035 -10.726557629 -0.046627070 0.003548968 0.009285501 -0.123434055 0.992302987
11.912042 93.641208012 -10.773247116 -0.045581504 0.003419891 0.009623628 -0.123073730 0.992344974
12.067266 93.993583130 -10.851504212 -0.047157886 0.003070792 0.009933901 -0.122660855 0.992394177
12.167288 94.119044326 -10.864949934 -0.048736971 0.003084467 0.009945727 -0.123176226 0.992330180
12.212039 94.149544695 -10.874102631 -0.051082560 0.002973439 0.009770430 -0.123668911 0.992270980
12.378335 94.513567736 -10.963042183 -0.055865052 0.003844286 0.010089544 -0.123044133 0.992342463
12.477487 94.609565814 -10.978796689 -0.055396079 0.003871679 0.009875021 -0.123301944 0.992312514
12.512017 94.647113644 -10.991968244 -0.056492838 0.003898539 0.009443165 -0.124105224 0.992216469
12.676118 94.940010791 -11.058054690 -0.058877145 0.004368576 0.009860160 -0.123092862 0.992336556
12.767237 95.023574900 -11.095501149 -0.058518896 0.004144983 0.009961193 -0.123388382 0.992299804
12.812115 95.075835090 -11.105624044 -0.057407496 0.004229896 0.009709748 -0.123991173 0.992226798
12.912043 95.232898151 -11.147076304 -0.059495911 0.004463905 0.009806820 -0.123470546 0.992289738
13.012041 95.378929738 -11.201635198 -0.058152491 0.004521986 0.009869608 -0.123446615 0.992291830
13.167218 95.525280755 -11.264228437 -0.058718238 0.004406599 0.009866684 -0.122113024 0.992457374
13.212066 95.545970240 -11.271887176 -0.059850307 0.004166802 0.009745652 -0.123440014 0.992295431
13.312065 95.649464651 -11.303221608 -0.064749077 0.004100963 0.009210882 -0.122465310 0.992421579
13.412045 95.749639440 -11.329588311 -0.062293604 0.004311075 0.009520942 -0.122530434 0.992409723
13.512120 95.849877795 -11.350567787 -0.061606709 0.004435031 0.009646650 -0.122365403 0.992428325
13.667365 95.995958708 -11.376387836 -0.061738175 0.004411608 0.009655538 -0.121511915 0.992533205
13.712140 95.994474829 -11.357922026 -0.059806434 0.004263279 0.009334152 -0.123360660 0.992308846
13.811992 96.104000055 -11.375780381 -0.062328941 0.003767963 0.008650596 -0.123017737 0.992359615
13.912116 96.194200123 -11.401976486 -0.063803859 0.003798256 0.008551961 -0.123175059 0.992340840
14.012144 96.289589141 -11.428890276 -0.064689581 0.003715470 0.008718852 -0.123660593 0.992279313
14.111994 96.372992197 -11.436115019 -0.065385031 0.003635483 0.008540419 -0.123965148 0.992243159
14.212068 96.464315245 -11.450785147 -0.066169261 0.003581235 0.008395495 -0.123831665 0.992261261
14.312017 96.557356675 -11.472231351 -0.072014155 0.003595776 0.008445390 -0.124189358 0.992216080
14.412192 96.644874049 -11.496758403 -0.068422121 0.003729886 0.008431177 -0.124087293 0.992228475
14.511991 96.735202849 -11.515740610 -0.068921997 0.003706598 0.008653386 -0.124271016 0.992203656
14.612140 96.799601935 -11.548619246 -0.070966865 0.003785740 0.008758869 -0.123827794 0.992257843
14.712093 96.884572104 -11.574289426 -0.070276619 0.003914675 0.008652219 -0.124187175 0.992213364
14.812141 96.960558287 -11.592945748 -0.071429477 0.004024737 0.008760530 -0.124143989 0.992217378
14.912168 97.035022900 -11.614750851 -0.073008484 0.004089388 0.008675208 -0.124287899 0.992199847
15.012093 97.105218687 -11.631656854 -0.071985164 0.004257737 0.008502492 -0.124621817 0.992158748
15.112043 97.170107272 -11.660764835 -0.073514426 0.004348777 0.008615559 -0.124233444 0.992206083
15.212041 97.220166590 -11.680252067 -0.074205300 0.004330375 0.008614215 -0.124148463 0.992216812
15.312091 97.278223165 -11.692816903 -0.073773798 0.004329247 0.008422366 -0.124482474 0.992176615
15.412091 97.338684925 -11.713979524 -0.078055394 0.004347599 0.008385166 -0.124658890 0.992154700
15.512169 97.391148954 -11.727076607 -0.075638981 0.004416005 0.008451843 -0.124271513 0.992202427
15.612194 97.441876324 -11.761852445 -0.075012659 0.004478871 0.008533269 -0.124040451 0.992230361
15.712092 97.502229798 -11.766023334 -0.077184865 0.004454944 0.008651497 -0.124268690 0.992200886
15.812092 97.554052178 -11.784039540 -0.083567944 0.004407695 0.008153730 -0.124453450 0.992182154
15.983385 97.618014395 -11.790473409 -0.084604483 0.004721578 0.008229539 -0.124116117 0.992222339
16.083387 97.597972089 -11.786241588 -0.080841039 0.004640212 0.008254590 -0.124557854 0.992167159
16.183112 97.645535193 -11.795192747 -0.079502399 0.004724671 0.008323391 -0.124350867 0.992192149
16.283136 97.677225575 -11.785396892 -0.078939042 0.004851371 0.008328289 -0.125407585 0.992058487
16.382961 97.702255438 -11.807306743 -0.078175918 0.004925715 0.008318152 -0.125873517 0.991999195
16.482889 97.723571783 -11.815001614 -0.079516215 0.004866180 0.008249899 -0.125792697 0.992010311
16.582834 97.771355139 -11.844780842 -0.079107079 0.004851929 0.008263539 -0.125159024 0.992090415
16.682789 97.800320905 -11.848338711 -0.082249531 0.004760063 0.008137051 -0.125528190 0.992045263
16.782738 97.842116943 -11.868820428 -0.084362821 0.004781301 0.008000170 -0.125155139 0.992093407
16.882738 97.837972215 -11.866980571 -0.082061551 0.004823452 0.008189094 -0.125305007 0.992072743
16.982589 97.854595801 -11.883191732 -0.080812009 0.004800899 0.008342953 -0.123876576 0.992250946
17.082736 97.864130770 -11.883226222 -0.079494657 0.004804042 0.008343754 -0.123958763 0.992240660
17.182738 97.905096778 -11.895660417 -0.079173465 0.004811484 0.008164684 -0.124536478 0.992169770
17.282737 97.869394015 -11.878048798 -0.078876394 0.004862965 0.008021892 -0.124370353 0.992191522
17.382790 97.884223147 -11.872101436 -0.079898984 0.004874538 0.008202504 -0.125212421 0.992084073
17.482763 97.863553852 -11.844520338 -0.078267563 0.004936574 0.008213205 -0.126225915 0.991955237
17.582689 97.851675171 -11.836773392 -0.077632870 0.004902030 0.008043583 -0.126475450 0.991925013
17.682736 97.850020278 -11.832027960 -0.078652117 0.004894700 0.008161915 -0.126028895 0.991980919
17.782736 97.847289762 -11.830199839 -0.078604605 0.004883503 0.008186292 -0.126039811 0.991979386
17.882640 97.846045137 -11.826887507 -0.078608891 0.004870324 0.008157715 -0.126339272 0.991941591
17.982761 97.843119439 -11.832613134 -0.078889625 0.004866758 0.008110749 -0.126205936 0.991958967
18.082736 97.833747438 -11.845500377 -0.079350935 0.004872984 0.008198235 -0.125831636 0.992005767
18.182640 97.847377709 -11.843092452 -0.079093075 0.004852565 0.008245907 -0.125758144 0.992014792
18.282737 97.851674572 -11.849369381 -0.079417506 0.004834393 0.008144243 -0.125671497 0.992026701
18.382739 97.853477851 -11.849264225 -0.079410099 0.004845650 0.008154742 -0.125596028 0.992036117
18.482736 97.834228667 -11.836759430 -0.079094476 0.004921039 0.008146159 -0.125870532 0.992001024
18.582687 97.840737836 -11.838451453 -0.080357399 0.004862207 0.008180483 -0.125871388 0.992000924
18.682590 97.831436126 -11.835335561 -0.079443096 0.004879443 0.008109316 -0.125818502 0.992008132
18.782737 97.833342064 -11.828808226 -0.079175481 0.004884094 0.008194164 -0.125988846 0.991985792
18.882687 97.839163249 -11.821454400 -0.079600598 0.004899536 0.008158339 -0.126303327 0.991946020
18.982737 97.839129978 -11.823434314 -0.078792477 0.004876326 0.008119296 -0.125979804 0.991987594
19.082788 97.828146859 -11.827237666 -0.078996778 0.004901363 0.008187855 -0.126183825 0.991960976
19.182764 97.825854627 -11.820477214 -0.079417764 0.004912004 0.008169180 -0.126115294 0.991969793
19.282713 97.821095149 -11.822475336 -0.078958238 0.004901798 0.008186309 -0.126157733 0.991964305
19.382640 97.827442990 -11.822373560 -0.078790761 0.004911951 0.008185682 -0.126048000 0.991978210
19.482589 97.821370573 -11.823336656 -0.078824685 0.004871399 0.008212478 -0.125934295 0.991992630
19.582738 97.816736649 -11.818771493 -0.079677682 0.004876415 0.008212789 -0.125755605 0.992015271
19.682636 97.830110817 -11.812650475 -0.078448976 0.004948734 0.008164071 -0.125937512 0.991992238
19.782638 97.819428433 -11.815694183 -0.079048176 0.004892330 0.008214973 -0.126136544 0.991966810
19.882737 97.816626061 -11.816589247 -0.079457545 0.004852739 0.008238802 -0.125917582 0.991994625
19.982736 97.809680734 -11.815507719 -0.079932728 0.004873334 0.008142751 -0.126360548 0.991938989
20.082765 97.809094222 -11.833139942 -0.080017259 0.004835195 0.008194055 -0.126383779 0.991935794
20.182788 97.816714848 -11.816456733 -0.079078918 0.004898614 0.008194950 -0.126899507 0.991869629
20.282638 97.814050755 -11.818778277 -0.079691510 0.004882316 0.008238585 -0.126627049 0.991904168
20.382738 97.813976559 -11.825287430 -0.080192130 0.004864579 0.008198157 -0.126791382 0.991883598
20.482662 97.816917120 -11.823888897 -0.080628243 0.004866403 0.008206018 -0.126826967 0.991878974
20.582790 97.815932803 -11.809206058 -0.078207683 0.004917361 0.008192341 -0.126913350 0.991867787
20.682686 97.817348091 -11.817915354 -0.077685656 0.004919659 0.008210628 -0.126752947 0.991888135
20.782689 97.806178115 -11.814272719 -0.078278611 0.004947289 0.008200522 -0.126867608 0.991873422
20.882685 97.783746657 -11.818222560 -0.079183945 0.004944813 0.008260801 -0.126328063 0.991941797
20.982764 97.787563686 -11.812922758 -0.077474084 0.004914217 0.008208882 -0.126584314 0.991909712
21.082687 97.774430107 -11.810049772 -0.078737149 0.004901533 0.008214622 -0.126591625 0.991908794
21.182639 97.772592076 -11.815838771 -0.080068164 0.004928709 0.007964062 -0.126548712 0.991916178
21.282687 97.773909436 -11.823421893 -0.078387207 0.004933341 0.008221928 -0.126365765 0.991937375
21.382640 97.778762088 -11.829318753 -0.078667773 0.004912263 0.008201441 -0.126429625 0.991929512
21.482687 97.803056356 -11.812177672 -0.077581527 0.004945816 0.008203805 -0.126721149 0.991892125
21.582687 97.806408134 -11.822789905 -0.077301931 0.004903594 0.008203806 -0.126428054 0.991929735
21.682637 97.804969924 -11.827197392 -0.078696818 0.004929148 0.008175224 -0.126282217 0.991948421
21.782714 97.810299112 -11.815785589 -0.077956731 0.004914697 0.008185541 -0.126220655 0.991956243
21.882640 97.810879094 -11.822395382 -0.077667894 0.004891310 0.008205011 -0.126471066 0.991924303
21.982764 97.812022043 -11.816369869 -0.077713658 0.004920721 0.008153606 -0.126427997 0.991930072
22.082788 97.808263606 -11.818762113 -0.078708558 0.004873445 0.008174003 -0.126210613 0.991957820
22.182641 97.807100390 -11.817409813 -0.076928465 0.004973208 0.008195452 -0.126763216 0.991886681
22.282762 97.793481164 -11.831299780 -0.077526314 0.004924922 0.008173710 -0.126180572 0.991961390
22.382787 97.794953988 -11.826535200 -0.077975619 0.004916277 0.008212370 -0.126461887 0.991925289
22.482737 97.796131594 -11.820327675 -0.077774276 0.004938275 0.008211085 -0.126544513 0.991914652
22.582641 97.798103226 -11.817772270 -0.077988237 0.004947290 0.008183541 -0.126383726 0.991935334
22.682735 97.794240475 -11.823101494 -0.077513618 0.004932363 0.008168852 -0.126195522 0.991959491
22.782762 97.789146722 -11.828094323 -0.079125091 0.004869493 0.008231715 -0.125952047 0.991990226
22.882688 97.796216602 -11.835172932 -0.077728869 0.004917642 0.008218796 -0.125934461 0.991992328
22.982689 97.798210606 -11.834378199 -0.078214398 0.004911180 0.008204978 -0.125933053 0.991992654
23.082686 97.804130017 -11.835388921 -0.078301951 0.004925992 0.008191797 -0.125971921 0.991987754
