1.312093 0.568660 -0.058771 0.011786 0.003011 -0.001079 -0.000349 0.999995
1.412142 1.197717 -0.125395 0.026683 0.003948 -0.000639 -0.000882 0.999992
1.512090 2.180737 -0.088589 0.039266 0.005634 0.000475 -0.002361 0.999981
1.667440 3.714064 -0.119446 0.058791 0.006295 0.002352 -0.003223 0.999972
1.712118 4.060970 -0.094958 0.056304 0.006448 0.002387 -0.005310 0.999962
1.812094 5.455338 -0.154281 0.075620 0.006903 0.001892 -0.006839 0.999951
1.912039 6.745781 -0.117962 0.069084 0.006303 0.001539 -0.009206 0.999937
2.065194 8.689249 -0.163942 0.079723 0.007386 0.002812 -0.011193 0.999906
2.165794 9.710287 -0.156550 0.088783 0.007341 0.003566 -0.013571 0.999875
2.265268 10.768913 -0.203694 0.090396 0.007611 0.004017 -0.015055 0.999850
2.312090 11.304954 -0.207255 0.098684 0.007565 0.003419 -0.016937 0.999822
2.412092 12.753742 -0.285728 0.092660 0.008019 0.002511 -0.017371 0.999814
2.512043 14.089622 -0.286962 0.121357 0.008389 0.002367 -0.018200 0.999796
2.612195 15.384322 -0.342837 0.109748 0.007066 0.001804 -0.018669 0.999799
2.745829 17.088793 -0.388358 0.134689 0.006461 -0.000115 -0.018937 0.999800
2.817376 17.807354 -0.404908 0.106316 0.007005 -0.001417 -0.020691 0.999760
2.965273 19.657186 -0.486710 0.146441 0.007864 0.001992 -0.019961 0.999768
3.046849 20.477023 -0.491626 0.123076 0.007373 0.002557 -0.021571 0.999737
3.146971 21.649026 -0.568033 0.172279 0.009684 0.003910 -0.021403 0.999716
3.203350 22.318684 -0.579003 0.138217 0.009490 0.004139 -0.022514 0.999693
3.303198 23.786092 -0.642201 0.188698 0.008778 0.004879 -0.022360 0.999700
3.403150 25.133824 -0.683924 0.156644 0.007790 0.004381 -0.023047 0.999694
3.503250 26.383082 -0.738691 0.187640 0.007748 0.003676 -0.023817 0.999680
3.603251 27.617934 -0.781803 0.165835 0.007088 0.003779 -0.024522 0.999667
3.703324 28.841176 -0.845217 0.196142 0.006402 0.005073 -0.025582 0.999639
3.803301 30.034037 -0.890189 0.171974 0.006078 0.005583 -0.026912 0.999604
3.903276 31.235713 -0.954157 0.197310 0.005961 0.005025 -0.028516 0.999563
4.003324 32.418294 -1.013273 0.171496 0.005816 0.004736 -0.030114 0.999518
4.103247 33.599913 -1.077863 0.200561 0.005567 0.005111 -0.031616 0.999472
4.203276 34.779368 -1.147441 0.175095 0.005217 0.005371 -0.033226 0.999420
4.303298 35.950828 -1.220293 0.203309 0.004949 0.005169 -0.034946 0.999364
4.403250 37.131823 -1.286832 0.172274 0.004431 0.004925 -0.036610 0.999308
4.503274 38.307739 -1.377705 0.202162 0.005017 0.005045 -0.038243 0.999243
4.603225 39.495422 -1.457642 0.180677 0.004758 0.004562 -0.039872 0.999183
4.703199 40.635030 -1.554907 0.203518 0.005288 0.003389 -0.041476 0.999120
4.803149 41.801809 -1.635760 0.190163 0.005075 0.002761 -0.043155 0.999052
4.903198 42.949270 -1.736480 0.215304 0.004600 0.003425 -0.044824 0.998978
5.066068 44.827348 -1.891267 0.213630 0.004308 0.003680 -0.046923 0.998882
5.165345 45.474029 -1.949596 0.208550 0.004570 0.003609 -0.049115 0.998776
5.265247 46.453330 -2.019281 0.211420 0.003833 0.004591 -0.050541 0.998704
5.400296 47.862722 -2.166720 0.222065 0.004559 0.005022 -0.053301 0.998555
5.500197 48.791554 -2.258192 0.209275 0.003647 0.004565 -0.055830 0.998423
5.500673 48.779190 -2.255129 0.209557 0.003654 0.004604 -0.055830 0.998423
5.665745 50.853678 -2.515529 0.211782 0.004491 0.005655 -0.059082 0.998227
5.766170 52.032757 -2.636838 0.212765 0.004661 0.005293 -0.063780 0.997939
5.866019 53.189207 -2.791866 0.213827 0.004303 0.005388 -0.066437 0.997767
5.966269 54.329836 -2.928942 0.220237 0.005332 0.004713 -0.069361 0.997566
6.066168 55.446046 -3.090532 0.223469 0.004480 0.004187 -0.072209 0.997371
6.165571 56.545645 -3.240452 0.213303 0.003766 0.004638 -0.075165 0.997153
6.265372 57.629528 -3.405018 0.232669 0.003679 0.005637 -0.077924 0.996937
6.365298 58.708293 -3.562672 0.209975 0.002923 0.006561 -0.080842 0.996701
6.465197 59.785256 -3.737430 0.230206 0.003355 0.007389 -0.083469 0.996477
6.565171 60.837973 -3.912779 0.213567 0.003766 0.007413 -0.085906 0.996269
6.666068 61.901741 -4.099041 0.223610 0.004523 0.006543 -0.087677 0.996117
6.712089 62.365628 -4.180343 0.207298 0.004990 0.005201 -0.089343 0.995975
6.865968 64.255832 -4.532336 0.217883 0.006649 0.006565 -0.090727 0.995832
6.965321 65.065881 -4.661950 0.208508 0.006762 0.006862 -0.092305 0.995684
7.100222 66.288595 -4.890682 0.223535 0.007110 0.008424 -0.093558 0.995553
7.200072 67.042499 -5.026067 0.222350 0.007485 0.008145 -0.095063 0.995410
7.299848 67.874028 -5.185236 0.230120 0.007821 0.007898 -0.095929 0.995326
7.399848 68.744690 -5.348473 0.222359 0.008171 0.007143 -0.096837 0.995241
7.499748 69.638393 -5.522121 0.227031 0.008402 0.005990 -0.097428 0.995189
7.599548 70.551061 -5.701868 0.220569 0.008807 0.004949 -0.098301 0.995105
7.699623 71.455463 -5.883998 0.224276 0.009777 0.004117 -0.098896 0.995041
7.799524 72.340111 -6.062743 0.226693 0.009871 0.004887 -0.099693 0.994957
7.897207 73.195413 -6.223431 0.229143 0.009110 0.006536 -0.100576 0.994866
7.997356 74.049964 -6.396808 0.234602 0.008579 0.007970 -0.101451 0.994772
8.097132 74.904464 -6.560662 0.235568 0.007577 0.007963 -0.102439 0.994679
8.197032 75.747179 -6.720512 0.225664 0.006521 0.007031 -0.103488 0.994584
8.296858 76.561725 -6.895028 0.225521 0.006296 0.006503 -0.104448 0.994489
8.396759 77.355847 -7.053128 0.220609 0.005967 0.006336 -0.105295 0.994403
8.496709 78.142692 -7.220712 0.224705 0.005728 0.006276 -0.105986 0.994331
8.596759 78.915044 -7.375425 0.219597 0.006511 0.006045 -0.106795 0.994241
8.696983 79.671759 -7.544886 0.227259 0.006604 0.006258 -0.107613 0.994151
8.799101 80.405497 -7.689232 0.220171 0.006491 0.006336 -0.108378 0.994068
8.899202 81.110922 -7.855400 0.230766 0.006743 0.006584 -0.109137 0.993982
9.000347 81.802601 -8.002129 0.222348 0.006822 0.006670 -0.110103 0.993874
9.046848 82.111629 -8.076951 0.236828 0.006838 0.006540 -0.111236 0.993749
9.146896 82.975901 -8.271850 0.219201 0.007179 0.007130 -0.111303 0.993735
9.244627 83.687152 -8.421008 0.241345 0.007406 0.007136 -0.112319 0.993619
9.348519 84.370139 -8.575159 0.221222 0.007127 0.007114 -0.113293 0.993511
9.446849 84.953404 -8.705421 0.243155 0.007167 0.007231 -0.114097 0.993417
9.565246 85.637038 -8.860588 0.223769 0.006840 0.007507 -0.115018 0.993312
9.666117 86.124463 -8.966658 0.237890 0.006981 0.007450 -0.116364 0.993154
9.765320 86.615798 -9.090094 0.225592 0.006727 0.007339 -0.117045 0.993077
9.846920 87.035365 -9.183645 0.235044 0.006868 0.007324 -0.117737 0.992994
9.946771 87.563819 -9.317304 0.229643 0.006810 0.007571 -0.118386 0.992915
10.065244 88.166891 -9.461516 0.232904 0.006604 0.007737 -0.119252 0.992812
10.165817 88.591656 -9.562888 0.232016 0.006383 0.007339 -0.120281 0.992692
10.265767 89.017870 -9.663005 0.233222 0.005731 0.007301 -0.120772 0.992637
10.366168 89.435515 -9.764461 0.229505 0.005522 0.007289 -0.121596 0.992538
10.466121 89.855386 -9.871819 0.231381 0.005447 0.007448 -0.122449 0.992432
10.566444 90.271334 -9.970802 0.226406 0.005617 0.007479 -0.122971 0.992366
10.666265 90.673134 -10.068195 0.228527 0.005666 0.007526 -0.123533 0.992296
10.765195 91.056547 -10.161232 0.223794 0.005808 0.007724 -0.124121 0.992220
10.866144 91.418413 -10.246784 0.229710 0.005749 0.007977 -0.124247 0.992203
10.965174 91.762173 -10.323634 0.226712 0.005340 0.008201 -0.124166 0.992213
11.066690 92.092458 -10.407970 0.230105 0.005022 0.008120 -0.124093 0.992225
11.166417 92.412043 -10.483832 0.224832 0.004647 0.008026 -0.124015 0.992237
11.266146 92.718834 -10.562152 0.226468 0.004686 0.008060 -0.124095 0.992227
11.311992 92.855116 -10.594736 0.222118 0.004625 0.007634 -0.124754 0.992148
11.412193 93.228860 -10.697452 0.225525 0.005106 0.007862 -0.124044 0.992232
11.511992 93.533306 -10.764702 0.218984 0.005327 0.007844 -0.124284 0.992201
11.612117 93.787252 -10.836170 0.224338 0.005343 0.007800 -0.124291 0.992201
11.766218 94.169618 -10.927847 0.219736 0.005606 0.008186 -0.123472 0.992298
11.811991 94.203406 -10.939378 0.222953 0.005431 0.007377 -0.125115 0.992100
11.912042 94.466170 -10.998006 0.219521 0.005384 0.007918 -0.124406 0.992185
12.067266 94.782271 -11.078219 0.219277 0.005095 0.008543 -0.123590 0.992283
12.167288 94.899871 -11.105427 0.217044 0.004993 0.008259 -0.124517 0.992171
12.212039 94.979229 -11.131116 0.216245 0.004826 0.007869 -0.125269 0.992080
12.378335 95.283215 -11.206904 0.213312 0.005908 0.008710 -0.123486 0.992290
12.477487 95.396535 -11.231269 0.213045 0.005767 0.008207 -0.124557 0.992162
12.512017 95.445179 -11.248957 0.212578 0.005743 0.007485 -0.125350 0.992068
12.676118 95.716470 -11.322782 0.213479 0.006462 0.008633 -0.123802 0.992248
12.767237 95.799668 -11.336721 0.210586 0.006105 0.008222 -0.124699 0.992142
12.812115 95.849540 -11.357409 0.213845 0.006088 0.007766 -0.125453 0.992050
12.912043 95.997648 -11.391525 0.209336 0.006398 0.008096 -0.124530 0.992162
13.012041 96.124765 -11.420521 0.212735 0.006481 0.008122 -0.124614 0.992151
13.167218 96.316159 -11.465682 0.211285 0.006402 0.008444 -0.123811 0.992249
13.212066 96.321135 -11.468927 0.212800 0.006105 0.007713 -0.125366 0.992062
13.312065 96.444538 -11.497808 0.208508 0.006137 0.007894 -0.124587 0.992158
13.412045 96.537831 -11.522785 0.210060 0.006313 0.007844 -0.124541 0.992163
13.512120 96.647615 -11.558802 0.208079 0.006425 0.007960 -0.124672 0.992145
13.667365 96.808242 -11.597403 0.208498 0.006474 0.008246 -0.123928 0.992236
13.712140 96.811218 -11.593911 0.211284 0.006112 0.007332 -0.125362 0.992065
13.811992 96.913481 -11.622095 0.207250 0.005721 0.006896 -0.124717 0.992152
13.912116 97.011807 -11.649720 0.211054 0.005777 0.006802 -0.124771 0.992145
14.012144 97.102667 -11.675064 0.205603 0.005627 0.007016 -0.125224 0.992088
14.111994 97.188143 -11.688622 0.209012 0.005572 0.006819 -0.125167 0.992097
14.212068 97.284312 -11.719924 0.203870 0.005488 0.006699 -0.125361 0.992073
14.312017 97.374362 -11.735660 0.205439 0.005644 0.006758 -0.125482 0.992057
14.412192 97.463666 -11.767193 0.204795 0.005679 0.006726 -0.125717 0.992027
14.511991 97.543958 -11.778153 0.205259 0.005674 0.006924 -0.125871 0.992006
14.612140 97.628036 -11.802899 0.202386 0.005797 0.007028 -0.126032 0.991984
14.712093 97.708912 -11.827348 0.203455 0.005856 0.006941 -0.126168 0.991967
14.812141 97.785243 -11.844508 0.201266 0.006030 0.006999 -0.126454 0.991929
14.912168 97.843211 -11.865795 0.200139 0.006058 0.006904 -0.126632 0.991907
15.012093 97.907456 -11.882700 0.199788 0.006209 0.006756 -0.126747 0.991893
15.112043 97.978688 -11.907362 0.199622 0.006302 0.006876 -0.126975 0.991862
15.212041 98.036671 -11.915333 0.197429 0.006196 0.006890 -0.126886 0.991874
15.312091 98.085320 -11.928238 0.199175 0.006279 0.006700 -0.126999 0.991860
15.412091 98.144864 -11.946441 0.195956 0.006355 0.006744 -0.127121 0.991844
15.512169 98.195947 -11.953580 0.198416 0.006446 0.006787 -0.127299 0.991820
15.612194 98.244262 -11.973781 0.196758 0.006450 0.006858 -0.127342 0.991814
15.712092 98.290565 -11.986341 0.195863 0.006485 0.006900 -0.127626 0.991777
15.812092 98.339195 -12.001058 0.195757 0.006556 0.006635 -0.127684 0.991771
15.983385 98.421471 -12.017185 0.194870 0.006853 0.007030 -0.126838 0.991875
16.083387 98.437002 -12.023713 0.194711 0.006687 0.006558 -0.127895 0.991743
16.183112 98.463115 -12.031558 0.195445 0.006762 0.006564 -0.127815 0.991753
16.283136 98.487936 -12.041050 0.194383 0.006808 0.006537 -0.127865 0.991747
16.382961 98.513327 -12.049861 0.196875 0.006940 0.006531 -0.128140 0.991710
16.482889 98.530689 -12.060608 0.194235 0.006875 0.006506 -0.128325 0.991687
16.582834 98.542872 -12.059301 0.195004 0.006850 0.006514 -0.128202 0.991703
16.682789 98.568177 -12.066265 0.193318 0.006786 0.006520 -0.128170 0.991708
16.782738 98.579257 -12.065313 0.193536 0.006815 0.006493 -0.128191 0.991705
16.882738 98.579275 -12.066497 0.193225 0.006808 0.006484 -0.128200 0.991704
16.982589 98.584825 -12.069528 0.193979 0.006827 0.006569 -0.128343 0.991685
17.082736 98.590317 -12.070169 0.192412 0.006766 0.006563 -0.128208 0.991703
17.182738 98.592738 -12.073487 0.195121 0.006784 0.006441 -0.128230 0.991700
17.282737 98.589698 -12.065190 0.193654 0.006848 0.006318 -0.128159 0.991710
17.382790 98.587346 -12.072675 0.195191 0.006911 0.006498 -0.128367 0.991681
17.482763 98.592536 -12.074372 0.193698 0.006867 0.006454 -0.128265 0.991695
17.582689 98.577716 -12.067491 0.195128 0.006868 0.006292 -0.128268 0.991696
17.682736 98.581784 -12.063048 0.193837 0.006871 0.006399 -0.128148 0.991711
17.782736 98.591621 -12.068530 0.195239 0.006917 0.006399 -0.128191 0.991705
17.882640 98.595282 -12.067283 0.194417 0.006847 0.006373 -0.128307 0.991690
17.982761 98.588770 -12.067332 0.195843 0.006893 0.006342 -0.128234 0.991700
18.082736 98.596332 -12.069491 0.193277 0.006847 0.006413 -0.128227 0.991700
18.182640 98.588623 -12.070072 0.196213 0.006861 0.006414 -0.128280 0.991694
18.282737 98.593663 -12.069955 0.193375 0.006833 0.006341 -0.128266 0.991696
18.382739 98.596686 -12.064399 0.195747 0.006879 0.006409 -0.128269 0.991695
18.482736 98.581606 -12.064271 0.194331 0.006886 0.006409 -0.128274 0.991694
18.582687 98.586778 -12.060210 0.195272 0.006913 0.006372 -0.128157 0.991709
18.682590 98.585324 -12.064328 0.195096 0.006869 0.006401 -0.128206 0.991703
18.782737 98.586472 -12.063647 0.194752 0.006900 0.006402 -0.128332 0.991687
18.882687 98.591516 -12.064816 0.194807 0.006908 0.006383 -0.128312 0.991689
18.982737 98.595610 -12.057304 0.194020 0.006828 0.006404 -0.128047 0.991724
19.082788 98.579040 -12.065714 0.194677 0.006897 0.006422 -0.128218 0.991701
19.182764 98.577836 -12.065559 0.195239 0.006898 0.006415 -0.128240 0.991698
19.282713 98.584695 -12.067892 0.194527 0.006867 0.006430 -0.128274 0.991694
19.382640 98.574858 -12.064634 0.195334 0.006903 0.006422 -0.128247 0.991697
19.482589 98.580742 -12.064897 0.193676 0.006863 0.006465 -0.128139 0.991711
19.582738 98.579365 -12.065249 0.195785 0.006893 0.006415 -0.128145 0.991711
19.682636 98.582391 -12.065019 0.193124 0.006860 0.006404 -0.128150 0.991710
19.782638 98.570268 -12.064720 0.195567 0.006900 0.006453 -0.128205 0.991703
19.882737 98.566425 -12.065491 0.193180 0.006872 0.006402 -0.128204 0.991703
19.982736 98.568319 -12.065638 0.195976 0.006883 0.006442 -0.128255 0.991696
20.082765 98.576201 -12.071655 0.193597 0.006875 0.006451 -0.128351 0.991684
20.182788 98.578067 -12.068156 0.195468 0.006884 0.006432 -0.128211 0.991702
20.282638 98.577006 -12.067360 0.193440 0.006837 0.006444 -0.128195 0.991704
20.382738 98.566348 -12.071881 0.195301 0.006902 0.006450 -0.128262 0.991695
20.482662 98.582823 -12.075219 0.193685 0.006866 0.006417 -0.128413 0.991676
20.582790 98.578281 -12.069140 0.196012 0.006895 0.006465 -0.128249 0.991697
20.682686 98.574133 -12.069125 0.194454 0.006880 0.006450 -0.128221 0.991701
20.782689 98.568545 -12.065799 0.195629 0.006867 0.006509 -0.128162 0.991708
20.882685 98.572345 -12.067651 0.194177 0.006874 0.006479 -0.128274 0.991694
20.982764 98.566119 -12.067347 0.195544 0.006879 0.006467 -0.128148 0.991710
21.082687 98.569168 -12.070518 0.194227 0.006863 0.006502 -0.128181 0.991706
21.182639 98.574631 -12.071211 0.195053 0.006909 0.006419 -0.128281 0.991693
21.282687 98.565297 -12.066069 0.194655 0.006865 0.006480 -0.128169 0.991707
21.382640 98.575707 -12.063410 0.194712 0.006899 0.006455 -0.128110 0.991715
21.482687 98.569187 -12.064897 0.195312 0.006881 0.006488 -0.128127 0.991713
21.582687 98.563648 -12.067965 0.195580 0.006886 0.006508 -0.128147 0.991710
21.682637 98.563535 -12.062624 0.195306 0.006901 0.006463 -0.128048 0.991723
21.782714 98.563431 -12.069181 0.195893 0.006896 0.006498 -0.128151 0.991709
21.882640 98.558056 -12.060179 0.194991 0.006872 0.006501 -0.128078 0.991719
21.982764 98.556761 -12.067539 0.196295 0.006923 0.006466 -0.128102 0.991716
22.082788 98.561815 -12.066389 0.195078 0.006898 0.006464 -0.128162 0.991708
22.182641 98.563950 -12.065310 0.195989 0.006904 0.006450 -0.128087 0.991718
22.282762 98.561645 -12.064191 0.195395 0.006909 0.006456 -0.128142 0.991711
22.382787 98.562578 -12.072023 0.195718 0.006901 0.006470 -0.128169 0.991707
22.482737 98.563439 -12.063506 0.196669 0.006941 0.006488 -0.128139 0.991711
22.582641 98.560769 -12.064039 0.195526 0.006904 0.006470 -0.128070 0.991720
22.682735 98.563149 -12.073569 0.196314 0.006905 0.006456 -0.128082 0.991719
22.782762 98.571401 -12.065874 0.194731 0.006861 0.006482 -0.128097 0.991717
22.882688 98.568337 -12.067039 0.197101 0.006901 0.006505 -0.128001 0.991729
22.982689 98.571589 -12.066140 0.195589 0.006885 0.006513 -0.128128 0.991712
23.082686 98.574292 -12.070172 0.196442 0.006889 0.006486 -0.128244 0.991698
