1.407952 0.402731 0.009926 0.009788 0.000609 -0.000129 -0.000474 1.000000
1.512020 0.833200 0.006876 0.014973 0.000830 -0.001198 -0.000715 0.999999
1.608073 1.066638 0.006945 0.017740 0.000601 -0.002418 -0.000518 0.999997
1.705585 1.503672 0.007704 0.021598 0.000825 -0.003063 -0.000830 0.999995
1.805411 1.888281 0.004962 0.028666 0.001426 -0.003423 -0.000925 0.999993
1.905236 2.301046 0.006705 0.037558 0.001511 -0.003160 -0.001107 0.999993
2.005435 2.690625 0.010012 0.043583 0.001096 -0.003024 -0.001133 0.999994
2.105435 3.100732 0.012208 0.054464 0.000301 -0.003031 -0.001113 0.999995
2.205684 3.487663 0.011855 0.056740 -0.000123 -0.003179 -0.001199 0.999994
2.305660 3.883739 0.015749 0.071342 -0.000090 -0.003250 -0.001235 0.999994
2.405934 4.260343 0.013106 0.072499 -0.000107 -0.003406 -0.001306 0.999993
2.505934 4.648791 0.015223 0.085663 0.000093 -0.003822 -0.001234 0.999992
2.605984 5.020477 0.014340 0.088726 -0.000248 -0.004234 -0.001306 0.999990
2.706308 5.401012 0.018252 0.097995 -0.000605 -0.004270 -0.001413 0.999990
2.806409 5.762747 0.023144 0.103779 -0.001230 -0.004247 -0.001558 0.999989
2.997831 6.468669 0.026697 0.118409 -0.002052 -0.004546 -0.002178 0.999985
3.097856 6.528425 0.021341 0.121458 -0.001862 -0.004257 -0.002046 0.999987
3.200346 6.931915 0.022489 0.130219 -0.002258 -0.004548 -0.002656 0.999984
3.212036 6.945559 0.018878 0.130719 -0.001916 -0.004648 -0.002302 0.999985
3.312142 7.544303 0.022091 0.142230 -0.002241 -0.006174 -0.003247 0.999973
3.412189 7.876611 0.012787 0.146739 -0.001920 -0.006618 -0.003550 0.999970
3.512142 8.294772 0.016323 0.157704 -0.001758 -0.006767 -0.004128 0.999967
3.612069 8.661118 0.013428 0.163519 -0.001571 -0.007116 -0.004369 0.999964
3.712096 9.043665 0.011103 0.173806 -0.001148 -0.007542 -0.004670 0.999960
3.812041 9.410056 0.006494 0.180698 -0.000653 -0.007922 -0.005106 0.999955
3.912143 9.789740 0.004694 0.192960 -0.000386 -0.008267 -0.005501 0.999951
4.012044 10.176650 0.002480 0.201480 -0.000636 -0.008449 -0.005817 0.999947
4.112094 10.567829 -0.001100 0.210291 -0.000632 -0.008470 -0.006042 0.999946
4.212142 10.964442 -0.009322 0.218378 -0.000068 -0.008673 -0.006262 0.999943
4.316483 11.385589 -0.014340 0.229070 0.000711 -0.009065 -0.006581 0.999937
4.412217 11.770713 -0.017034 0.236376 0.001632 -0.009505 -0.006651 0.999931
4.511992 12.213990 -0.025412 0.249196 0.002379 -0.009492 -0.006961 0.999928
4.612092 12.649911 -0.028718 0.259091 0.002133 -0.008968 -0.007085 0.999932
4.712016 13.106638 -0.033475 0.267818 0.001777 -0.008388 -0.007314 0.999936
4.812144 13.589281 -0.041178 0.278170 0.001713 -0.008079 -0.007422 0.999938
4.911995 14.065254 -0.050197 0.286478 0.002378 -0.007813 -0.007575 0.999938
5.012116 14.590047 -0.054374 0.301587 0.002313 -0.007198 -0.007377 0.999944
5.116348 15.124102 -0.059064 0.311121 0.001964 -0.006763 -0.007049 0.999950
5.211994 15.622979 -0.064475 0.322668 0.001755 -0.006973 -0.007027 0.999949
5.312140 16.203889 -0.071818 0.333263 0.001840 -0.007686 -0.006820 0.999946
5.412140 16.763606 -0.076923 0.342982 0.001766 -0.008106 -0.006412 0.999945
5.512066 17.371908 -0.078870 0.348213 0.001169 -0.007503 -0.006122 0.999952
5.614908 17.999797 -0.087298 0.358048 0.000614 -0.006578 -0.005845 0.999961
5.715058 18.619420 -0.087287 0.365303 0.000101 -0.005720 -0.005296 0.999970
5.814758 19.261982 -0.099657 0.383878 0.001239 -0.005033 -0.004974 0.999974
5.998276 20.489351 -0.105167 0.402305 0.000769 -0.005619 -0.004899 0.999972
6.015110 20.282970 -0.103178 0.397019 0.001291 -0.005411 -0.004047 0.999976
6.108643 21.195541 -0.108144 0.391475 0.000397 -0.006074 -0.004809 0.999970
6.208646 21.996753 -0.111478 0.405058 0.002206 -0.005563 -0.004226 0.999973
6.308694 22.750159 -0.123905 0.401210 0.003314 -0.003838 -0.004098 0.999979
6.412140 23.542004 -0.139005 0.418494 0.006394 -0.001971 -0.004059 0.999969
6.508845 24.269954 -0.145754 0.438032 0.007367 -0.001192 -0.003898 0.999965
6.608895 25.090426 -0.141564 0.431220 0.006973 -0.000147 -0.003635 0.999969
6.750670 26.231241 -0.155478 0.435686 0.008563 -0.000666 -0.003437 0.999957
6.811992 26.489288 -0.160586 0.432741 0.010657 -0.001192 -0.002875 0.999938
6.906132 27.406950 -0.172420 0.454734 0.011623 -0.000223 -0.003420 0.999927
7.006282 28.329019 -0.160930 0.460010 0.009896 0.000209 -0.003052 0.999946
7.106530 29.202595 -0.166587 0.462031 0.008508 -0.000138 -0.002880 0.999960
7.206854 30.061039 -0.169038 0.473231 0.008907 -0.002428 -0.002892 0.999953
7.307228 30.914626 -0.167349 0.472686 0.008534 -0.005456 -0.003075 0.999944
7.407527 31.794542 -0.171546 0.495724 0.007062 -0.006817 -0.003387 0.999946
7.600273 33.502412 -0.176615 0.526712 0.005132 -0.005462 -0.003831 0.999965
7.610552 33.267657 -0.167776 0.507667 0.005617 -0.006620 -0.002955 0.999958
7.710953 34.316698 -0.181913 0.549285 0.005785 -0.002940 -0.003689 0.999972
7.812042 35.286628 -0.177370 0.532046 0.006076 -0.001525 -0.003840 0.999973
7.912042 36.221302 -0.184998 0.580193 0.006750 -0.001399 -0.003920 0.999969
8.012140 37.108110 -0.192581 0.555447 0.006177 -0.002928 -0.003817 0.999969
8.112141 38.014601 -0.191999 0.595459 0.006410 -0.004542 -0.003876 0.999962
8.212043 38.909670 -0.198737 0.580298 0.005742 -0.004684 -0.004031 0.999964
8.312042 39.822619 -0.208694 0.623823 0.005367 -0.002881 -0.004295 0.999972
8.412043 40.743834 -0.208390 0.608734 0.004887 -0.001059 -0.004429 0.999978
8.512020 41.658034 -0.216150 0.647783 0.005852 -0.000053 -0.004360 0.999973
8.612091 42.580081 -0.219858 0.621738 0.006234 -0.000428 -0.004170 0.999972
8.711994 43.501909 -0.231039 0.673690 0.007150 -0.000991 -0.003468 0.999968
8.812088 44.429680 -0.232274 0.646469 0.005772 -0.001575 -0.002908 0.999978
8.912064 45.358063 -0.227461 0.705391 0.005025 -0.001242 -0.002422 0.999984
9.011994 46.292996 -0.224303 0.673002 0.002411 -0.000494 -0.002092 0.999995
9.112040 47.241775 -0.212472 0.727347 0.001060 -0.000044 -0.001706 0.999998
9.211992 48.203072 -0.200084 0.678324 -0.002080 -0.000832 -0.001257 0.999997
9.312041 49.167562 -0.203515 0.731135 -0.002406 -0.001975 -0.001052 0.999995
9.412018 50.132886 -0.194027 0.689665 -0.003549 -0.002581 -0.000671 0.999990
9.511992 51.110309 -0.194897 0.747665 -0.003152 -0.002033 -0.000343 0.999993
9.683624 52.806943 -0.184044 0.751307 -0.003401 -0.001756 0.000128 0.999993
9.779508 53.228977 -0.184089 0.755414 -0.002533 -0.001586 0.000596 0.999995
9.812038 53.660767 -0.184342 0.757806 -0.002075 -0.001075 -0.000016 0.999997
9.912041 54.808144 -0.170797 0.772281 -0.003018 -0.002759 0.000842 0.999991
10.012037 55.922336 -0.167641 0.775357 -0.003096 -0.004666 0.001028 0.999984
10.112043 57.011519 -0.159244 0.800384 -0.003226 -0.005871 0.001313 0.999977
10.300222 59.053202 -0.144658 0.837114 -0.004232 -0.004599 0.001445 0.999979
10.400023 59.621343 -0.130240 0.828648 -0.004048 -0.004543 0.002258 0.999979
10.499749 60.368541 -0.126668 0.864374 -0.003349 -0.003741 0.002105 0.999985
10.599799 61.256441 -0.125597 0.860518 -0.003601 -0.003786 0.002093 0.999984
10.699575 62.243444 -0.107456 0.886719 -0.003688 -0.003760 0.002456 0.999983
10.799674 63.279529 -0.104670 0.889853 -0.003869 -0.003449 0.002692 0.999983
10.800698 63.285391 -0.105746 0.889838 -0.003905 -0.003435 0.002694 0.999983
11.000296 65.927376 -0.082995 0.928749 -0.003663 -0.002926 0.002352 0.999986
11.012092 65.862975 -0.075951 0.916189 -0.004646 -0.003913 0.003801 0.999974
11.112064 67.119772 -0.069276 0.949071 -0.003359 -0.002674 0.002832 0.999987
11.212015 68.328755 -0.049855 0.951915 -0.002825 -0.002435 0.003027 0.999988
11.311992 69.509053 -0.043000 0.975271 -0.002041 -0.002653 0.003085 0.999990
11.451175 71.128748 -0.030626 0.995640 -0.002133 -0.002195 0.002902 0.999991
11.550971 72.124119 -0.016675 1.003041 -0.001797 -0.001727 0.003205 0.999992
11.601856 72.627962 -0.011940 1.016263 -0.001128 -0.001304 0.003229 0.999993
11.701880 73.802722 -0.000235 1.025847 -0.002001 -0.001290 0.002873 0.999993
11.812090 75.079315 0.016946 1.041583 -0.002312 -0.000915 0.003001 0.999992
11.912066 76.191259 0.026606 1.054233 -0.002481 -0.000428 0.002908 0.999993
12.012141 77.298875 0.044124 1.063763 -0.002876 -0.000257 0.002844 0.999992
12.112145 78.392543 0.053395 1.080653 -0.002540 -0.000191 0.002609 0.999993
12.212093 79.485934 0.068665 1.085568 -0.003101 -0.000193 0.002567 0.999992
12.312013 80.576388 0.075709 1.104176 -0.003331 -0.000581 0.002546 0.999991
12.412095 81.667177 0.088402 1.108833 -0.003575 -0.000254 0.002233 0.999991
12.512039 82.758828 0.099815 1.129417 -0.003756 0.000224 0.001896 0.999991
12.611991 83.832551 0.106801 1.131719 -0.003639 0.000392 0.001531 0.999992
12.712042 84.904520 0.106756 1.150485 -0.003471 0.000511 0.001302 0.999993
12.811992 85.981818 0.116860 1.150290 -0.003406 0.001309 0.001064 0.999993
12.912066 87.053122 0.117874 1.173150 -0.003015 0.001560 0.000757 0.999994
13.012115 88.110924 0.133746 1.170620 -0.003127 0.001298 0.000468 0.999994
13.112015 89.181111 0.130420 1.190625 -0.003038 0.000734 0.000096 0.999995
13.211992 90.223678 0.142122 1.196926 -0.003343 0.000738 -0.000153 0.999994
13.311991 91.283376 0.137520 1.215338 -0.003349 0.001004 -0.000423 0.999994
13.412142 92.326218 0.149588 1.221588 -0.003763 0.001636 -0.000813 0.999991
13.512091 93.363342 0.150425 1.237546 -0.003797 0.001170 -0.001093 0.999992
13.612091 94.397837 0.152667 1.241880 -0.004346 0.000278 -0.001289 0.999990
13.712094 95.422096 0.156029 1.252619 -0.004311 0.000204 -0.001647 0.999989
13.811991 96.443851 0.152734 1.261744 -0.004575 0.001414 -0.001970 0.999987
13.912090 97.468111 0.156239 1.277299 -0.004365 0.002454 -0.002052 0.999985
14.012142 98.484822 0.152195 1.277037 -0.003840 0.002624 -0.001992 0.999987
14.112141 99.492565 0.154429 1.293738 -0.002968 0.002370 -0.001930 0.999991
14.212118 100.500744 0.153409 1.295244 -0.002876 0.001824 -0.002047 0.999992
14.312040 101.500743 0.156695 1.314914 -0.002468 0.001364 -0.001947 0.999994
14.411988 102.497997 0.154181 1.316975 -0.002742 0.001000 -0.001699 0.999994
14.512040 103.482849 0.158364 1.330555 -0.002759 0.000757 -0.001423 0.999995
14.612116 104.472902 0.162886 1.328813 -0.002824 0.001225 -0.001209 0.999995
14.712165 105.461823 0.159842 1.350865 -0.002663 0.002059 -0.000974 0.999994
14.812042 106.435606 0.173433 1.348415 -0.003217 0.002947 -0.000676 0.999990
14.912095 107.409270 0.168885 1.369844 -0.003401 0.003470 -0.000411 0.999988
15.012091 108.365807 0.174204 1.354771 -0.003146 0.003470 -0.000003 0.999989
15.112042 109.334651 0.178133 1.378823 -0.002155 0.003512 0.000091 0.999992
15.211991 110.281286 0.177936 1.367419 -0.001863 0.003804 0.000328 0.999991
15.312143 111.238507 0.182903 1.403556 -0.001604 0.003661 0.000587 0.999992
15.411994 112.172191 0.189932 1.373500 -0.002256 0.002653 0.000982 0.999993
15.511993 113.122242 0.197207 1.413856 -0.001433 0.001489 0.001113 0.999997
15.612066 114.049030 0.204715 1.392455 -0.002043 0.001311 0.001249 0.999996
15.712090 114.985437 0.211694 1.426840 -0.002300 0.001719 0.001338 0.999995
15.812117 115.915898 0.220186 1.404656 -0.003096 0.002568 0.001380 0.999991
15.901836 116.740385 0.220946 1.443256 -0.002521 0.003029 0.001499 0.999991
16.001890 117.747771 0.230179 1.413035 -0.002869 0.003708 0.001559 0.999988
16.111991 118.731487 0.233241 1.444590 -0.002124 0.004295 0.001599 0.999987
16.212116 119.568826 0.241394 1.427100 -0.002224 0.005157 0.001479 0.999983
16.312041 120.435802 0.245992 1.457096 -0.001860 0.005510 0.001293 0.999982
16.401935 121.189241 0.255032 1.437255 -0.002367 0.005325 0.001337 0.999982
16.501973 122.088689 0.261661 1.460129 -0.002408 0.005197 0.001166 0.999983
16.612140 122.959495 0.267370 1.454653 -0.002496 0.005080 0.001019 0.999983
16.712144 123.676059 0.272820 1.471031 -0.002267 0.004600 0.000715 0.999987
16.801882 124.365752 0.278425 1.466014 -0.002540 0.004784 0.000439 0.999985
16.912092 125.210043 0.283871 1.479290 -0.002990 0.005484 0.000128 0.999980
17.012091 125.840223 0.284918 1.472152 -0.003176 0.005734 0.000057 0.999979
17.111995 126.541584 0.289080 1.490774 -0.002997 0.006001 -0.000174 0.999977
17.212090 127.183174 0.291812 1.482804 -0.003019 0.006788 -0.000254 0.999972
17.312117 127.809276 0.292846 1.496041 -0.002763 0.006651 -0.000523 0.999974
17.402052 128.356636 0.296585 1.491097 -0.002791 0.006130 -0.000769 0.999977
17.501879 128.975798 0.296966 1.503795 -0.002962 0.006126 -0.000964 0.999976
17.700296 130.123802 0.299981 1.504871 -0.002755 0.005399 -0.001169 0.999981
17.800346 130.177472 0.301552 1.500077 -0.002407 0.005126 -0.001161 0.999983
17.900322 130.743858 0.294649 1.511044 -0.001986 0.004587 -0.001207 0.999987
18.000296 131.178777 0.303252 1.507860 -0.002077 0.003465 -0.000392 0.999992
18.100321 131.691883 0.306954 1.515748 -0.002286 0.002772 -0.000051 0.999994
18.200172 132.188506 0.304927 1.512330 -0.002601 0.002831 0.000376 0.999993
18.300022 132.691133 0.316125 1.523532 -0.002471 0.003140 0.000765 0.999992
18.399923 133.186964 0.317146 1.521030 -0.002642 0.003545 0.001147 0.999990
18.500171 133.676330 0.322515 1.530683 -0.002754 0.004006 0.001437 0.999987
18.600321 134.151301 0.325010 1.528423 -0.002965 0.004483 0.001667 0.999984
18.612137 134.206962 0.331200 1.534163 -0.002899 0.004605 0.001856 0.999983
18.711993 134.993234 0.339354 1.527640 -0.003581 0.005279 0.001929 0.999978
18.812046 135.424148 0.342145 1.536087 -0.003453 0.005273 0.002217 0.999978
18.902002 135.843873 0.347889 1.532014 -0.003445 0.005448 0.002120 0.999977
19.002053 136.292262 0.350699 1.544039 -0.003557 0.005890 0.001989 0.999974
19.112141 136.715305 0.359585 1.540329 -0.004214 0.006189 0.001857 0.999970
19.212089 137.047589 0.359861 1.544783 -0.004572 0.006183 0.001722 0.999969
19.316870 137.411701 0.365907 1.542970 -0.004665 0.006129 0.001387 0.999969
19.412118 137.697601 0.364426 1.546003 -0.004384 0.006046 0.001204 0.999971
19.512015 138.008006 0.367518 1.545749 -0.004343 0.006090 0.001037 0.999971
19.612093 138.300942 0.370456 1.547242 -0.004386 0.005748 0.000872 0.999973
19.712169 138.601067 0.370393 1.547274 -0.004480 0.005120 0.000750 0.999977
19.812143 138.880765 0.375726 1.547235 -0.004655 0.004427 0.000660 0.999979
19.912168 139.159411 0.374333 1.545382 -0.004634 0.003976 0.000595 0.999981
20.012065 139.441078 0.375611 1.546374 -0.004586 0.003864 0.000645 0.999982
20.112167 139.711871 0.371694 1.548528 -0.004508 0.003772 0.000715 0.999982
20.212138 139.978891 0.376234 1.548768 -0.004535 0.003768 0.000876 0.999982
20.312037 140.245420 0.378540 1.551503 -0.004430 0.003924 0.000937 0.999982
20.500347 140.742749 0.380023 1.552256 -0.004381 0.003989 0.001120 0.999982
20.600247 140.809929 0.382266 1.553463 -0.004203 0.003610 0.001061 0.999984
20.700221 141.062241 0.381366 1.554521 -0.004329 0.003406 0.001395 0.999984
20.800172 141.293390 0.382101 1.555081 -0.004572 0.003417 0.001484 0.999983
20.900172 141.538351 0.382707 1.555802 -0.004538 0.003562 0.001714 0.999982
20.999755 141.781769 0.384264 1.557708 -0.004534 0.003705 0.001819 0.999981
21.099829 142.018383 0.387487 1.558952 -0.004559 0.003765 0.001993 0.999981
21.199754 142.248395 0.393008 1.558237 -0.004426 0.003987 0.002036 0.999980
21.299854 142.495796 0.390996 1.563434 -0.004395 0.004098 0.001939 0.999980
21.399854 142.710344 0.396370 1.557840 -0.004436 0.004043 0.002224 0.999980
21.499805 142.927740 0.398401 1.562484 -0.004270 0.004106 0.002252 0.999980
21.599805 143.140985 0.400058 1.558583 -0.004064 0.004220 0.002254 0.999980
21.699905 143.335586 0.398046 1.562088 -0.003662 0.004442 0.002349 0.999981
21.799979 143.516989 0.401393 1.563253 -0.003455 0.004743 0.002453 0.999980
21.899997 143.680147 0.402183 1.567539 -0.003574 0.005060 0.002436 0.999978
22.000072 143.826569 0.403507 1.566701 -0.003931 0.005282 0.002391 0.999975
22.100047 143.951734 0.413436 1.568463 -0.004177 0.005472 0.002459 0.999973
22.200022 144.068677 0.409008 1.569487 -0.004215 0.005668 0.002469 0.999972
22.300121 144.159836 0.412754 1.571931 -0.004141 0.005449 0.002473 0.999974
22.399972 144.255763 0.408947 1.570165 -0.004138 0.004856 0.002541 0.999976
22.500122 144.333472 0.416886 1.567734 -0.004330 0.004557 0.002639 0.999977
22.600147 144.415853 0.414160 1.566513 -0.004492 0.004517 0.002619 0.999976
22.700122 144.497341 0.414462 1.567339 -0.004446 0.004564 0.002719 0.999976
22.800072 144.558548 0.412596 1.568180 -0.004250 0.004663 0.002709 0.999976
22.900172 144.623265 0.413305 1.570045 -0.004132 0.004717 0.002633 0.999977
23.000073 144.667227 0.418112 1.570731 -0.004259 0.004662 0.002779 0.999976
23.100073 144.720925 0.418735 1.570947 -0.004386 0.004290 0.002809 0.999977
23.200122 144.761641 0.414767 1.569226 -0.004473 0.004028 0.002871 0.999978
23.300022 144.810507 0.422255 1.567999 -0.004407 0.003912 0.002867 0.999979
23.400222 144.849184 0.418827 1.568829 -0.004289 0.003974 0.002922 0.999979
23.500171 144.900979 0.422088 1.569168 -0.004338 0.004083 0.002867 0.999978
23.600122 144.929140 0.419589 1.569267 -0.004423 0.004120 0.002903 0.999978
23.700072 144.970276 0.420875 1.567858 -0.004340 0.004154 0.002960 0.999978
23.800023 144.992666 0.422866 1.569619 -0.004355 0.004284 0.002856 0.999977
23.900247 145.023072 0.415936 1.567314 -0.004330 0.004332 0.002851 0.999977
24.000172 145.024920 0.421448 1.569877 -0.004343 0.004415 0.002865 0.999977
24.100271 145.031397 0.421754 1.567342 -0.004375 0.004525 0.002873 0.999976
24.200122 145.025378 0.423910 1.572058 -0.004373 0.004678 0.002835 0.999975
24.300122 145.016005 0.419759 1.570950 -0.004291 0.004220 0.002842 0.999978
24.400197 145.017329 0.418631 1.573217 -0.004168 0.003691 0.002849 0.999980
24.500122 145.023827 0.420003 1.569543 -0.004059 0.003742 0.002891 0.999981
24.600121 145.018291 0.421100 1.575921 -0.004137 0.003929 0.002811 0.999980
24.700122 145.020937 0.416215 1.572172 -0.004235 0.003433 0.002845 0.999981
24.800097 145.030302 0.421132 1.570763 -0.004158 0.003092 0.002829 0.999983
24.900172 145.025311 0.421360 1.569087 -0.004232 0.003006 0.002900 0.999982
25.000172 145.042071 0.417327 1.568142 -0.004207 0.002958 0.002875 0.999983
25.100072 145.058712 0.419653 1.568693 -0.004225 0.003066 0.002862 0.999982
25.200146 145.071770 0.415467 1.570122 -0.004189 0.003106 0.002921 0.999982
25.300171 145.091206 0.419688 1.569584 -0.004264 0.003115 0.002916 0.999982
25.400122 145.112480 0.420692 1.572179 -0.004210 0.003014 0.002995 0.999982
25.500047 145.136760 0.416358 1.571091 -0.004228 0.002987 0.003032 0.999982
25.600172 145.177999 0.422460 1.573086 -0.004160 0.002672 0.002997 0.999983
25.700122 145.231059 0.416030 1.570858 -0.004199 0.002212 0.003022 0.999984
25.800022 145.278536 0.423471 1.571625 -0.004241 0.001772 0.003054 0.999985
25.900172 145.348203 0.421564 1.568396 -0.004188 0.001376 0.003018 0.999986
26.000221 145.439850 0.423608 1.570013 -0.004165 0.001222 0.002935 0.999986
26.100196 145.537325 0.419805 1.569727 -0.004167 0.001166 0.002849 0.999987
26.200222 145.659240 0.425331 1.570937 -0.004101 0.001062 0.002774 0.999987
26.300122 145.779551 0.425287 1.570951 -0.004150 0.000892 0.002625 0.999988
26.400271 145.924164 0.427011 1.571878 -0.004134 0.000667 0.002493 0.999988
26.500272 146.094845 0.431684 1.572695 -0.003933 0.000351 0.002277 0.999990
26.600297 146.273841 0.429563 1.576866 -0.003877 -0.000002 0.002122 0.999990
26.700347 146.482361 0.426944 1.575630 -0.004057 -0.000389 0.001911 0.999990
26.799898 146.700502 0.436799 1.575413 -0.004164 -0.000606 0.001713 0.999990
26.812140 146.732863 0.431082 1.574357 -0.004482 -0.000892 0.001765 0.999988
26.912313 147.161926 0.434205 1.572620 -0.003943 -0.000831 0.001417 0.999991
27.012094 147.500871 0.433756 1.575826 -0.003455 -0.001011 0.000722 0.999993
27.112043 147.834208 0.436384 1.577244 -0.003387 -0.000972 0.000389 0.999994
27.240604 148.272083 0.439277 1.580487 -0.003749 -0.000981 0.000077 0.999992
27.312140 148.446286 0.439912 1.575143 -0.003945 -0.001574 -0.000109 0.999991
27.498328 149.149016 0.440119 1.572182 -0.003487 -0.001507 -0.000510 0.999993
27.512092 149.069599 0.442290 1.575766 -0.003127 -0.001954 -0.000974 0.999993
27.612090 149.623965 0.441419 1.577724 -0.003287 -0.001433 -0.000563 0.999993
27.711993 150.109787 0.439589 1.581845 -0.003170 -0.001532 -0.001580 0.999993
27.812242 150.571230 0.445282 1.580599 -0.003146 -0.001412 -0.001929 0.999992
27.940297 151.187709 0.438653 1.586589 -0.002887 -0.001748 -0.002546 0.999991
28.012142 151.448003 0.441397 1.585563 -0.002592 -0.002070 -0.002880 0.999990
28.112168 151.985163 0.435496 1.593064 -0.002995 -0.001388 -0.002868 0.999990
28.212142 152.526709 0.428260 1.591835 -0.003488 -0.000630 -0.003613 0.999987
28.365044 153.372540 0.421562 1.595453 -0.003465 -0.000038 -0.004546 0.999984
28.412143 153.443631 0.421779 1.594374 -0.003028 -0.000544 -0.004915 0.999983
28.512045 154.088785 0.420739 1.598386 -0.003444 -0.000047 -0.004424 0.999984
28.665045 155.064535 0.415732 1.596691 -0.003708 0.000744 -0.006182 0.999974
28.712042 155.143574 0.415064 1.599834 -0.003385 0.000581 -0.006827 0.999971
28.811991 155.872099 0.408084 1.600450 -0.003412 0.000581 -0.006093 0.999975
28.912090 156.573143 0.397072 1.598486 -0.003420 0.000888 -0.007489 0.999966
29.011993 157.242419 0.392399 1.599699 -0.003018 0.001110 -0.008145 0.999962
29.112041 157.909198 0.379684 1.604100 -0.002831 0.000808 -0.008512 0.999959
29.212041 158.581000 0.378318 1.600804 -0.003066 0.000764 -0.008636 0.999958
29.312089 159.236329 0.370493 1.604829 -0.003101 0.000718 -0.009007 0.999954
29.412041 159.933155 0.359409 1.604516 -0.002979 0.000293 -0.009157 0.999954
29.512092 160.630157 0.347006 1.603934 -0.002746 0.000291 -0.009277 0.999953
29.612068 161.330242 0.337047 1.610012 -0.002483 0.000886 -0.009435 0.999952
29.712139 162.042109 0.324379 1.609081 -0.002801 0.001589 -0.009587 0.999949
29.812040 162.748447 0.314426 1.612790 -0.002879 0.002411 -0.009551 0.999947
29.912140 163.467297 0.297869 1.617513 -0.002746 0.003051 -0.009391 0.999947
30.011991 164.180647 0.290833 1.618962 -0.002772 0.003587 -0.009303 0.999946
30.112091 164.907662 0.279505 1.619107 -0.002808 0.003456 -0.009317 0.999947
30.212042 165.641927 0.276393 1.620086 -0.002938 0.003324 -0.009162 0.999948
30.312092 166.377283 0.264238 1.618592 -0.003118 0.003219 -0.009056 0.999949
30.412164 167.125892 0.249020 1.620624 -0.002928 0.003119 -0.009150 0.999949
30.512140 167.874498 0.243804 1.620725 -0.003419 0.003056 -0.008989 0.999949
30.612091 168.644580 0.230775 1.620100 -0.003434 0.002768 -0.009064 0.999949
30.711993 169.409300 0.218604 1.618614 -0.003021 0.002908 -0.008757 0.999953
30.812067 170.176320 0.196295 1.617570 -0.002409 0.003235 -0.008214 0.999958
30.912092 170.940731 0.188100 1.617112 -0.001441 0.003864 -0.007231 0.999965
31.012141 171.705512 0.183809 1.627890 -0.000938 0.004131 -0.005968 0.999973
31.112140 172.464241 0.179970 1.617298 -0.000822 0.004526 -0.004611 0.999979
31.202005 173.156268 0.178328 1.627677 -0.000288 0.004905 -0.003305 0.999982
31.312140 174.057726 0.180929 1.616273 -0.000162 0.005125 -0.001314 0.999986
31.500022 175.495367 0.193272 1.623282 0.000179 0.005094 0.002146 0.999985
31.599997 175.767020 0.196151 1.619972 0.000267 0.004643 0.002627 0.999986
31.700122 176.392817 0.211421 1.625146 0.000388 0.004728 0.005286 0.999975
31.800122 177.070769 0.232480 1.620155 0.000685 0.005178 0.007882 0.999955
31.900221 177.803121 0.250447 1.625328 0.000227 0.005762 0.010590 0.999927
31.912141 177.912145 0.255806 1.619621 -0.000087 0.005843 0.010780 0.999925
32.012144 179.056315 0.300027 1.628509 0.001024 0.006283 0.016541 0.999843
32.112090 179.966696 0.311136 1.619009 0.002209 0.005729 0.019412 0.999793
32.212039 180.811934 0.346861 1.630079 0.003122 0.005179 0.022773 0.999722
32.312090 181.575728 0.393789 1.626203 0.003171 0.004793 0.026038 0.999644
32.429793 182.453557 0.456434 1.629837 0.003258 0.004267 0.029687 0.999545
32.526555 183.067870 0.495909 1.628771 0.003758 0.003918 0.032161 0.999468
32.700147 184.256664 0.595101 1.631427 0.003533 0.004689 0.036935 0.999300
32.800172 184.633202 0.615291 1.629232 0.003604 0.004644 0.037933 0.999263
32.900072 185.223758 0.685414 1.634975 0.002838 0.006083 0.040064 0.999175
32.930265 185.453233 0.705268 1.633782 0.002477 0.006567 0.041389 0.999118
33.031915 186.387031 0.815085 1.639374 0.000992 0.008377 0.044655 0.998967
33.132934 187.192815 0.885968 1.643500 -0.000070 0.008459 0.046073 0.998902
33.234280 187.941737 0.959851 1.641644 -0.001352 0.007874 0.047007 0.998863
33.337422 188.664349 1.031657 1.638615 -0.002046 0.007281 0.047465 0.998844
33.444929 189.403396 1.102060 1.634733 -0.002971 0.006563 0.047738 0.998834
33.512145 189.841971 1.143764 1.630282 -0.003275 0.006081 0.047618 0.998842
33.611991 190.613414 1.236596 1.631277 -0.003714 0.005764 0.047456 0.998850
33.712064 191.332102 1.310026 1.630465 -0.004416 0.005571 0.046875 0.998875
33.812091 192.022466 1.376813 1.630061 -0.004568 0.005064 0.045814 0.998927
33.911994 192.689645 1.432664 1.635660 -0.005015 0.004406 0.044628 0.998981
34.069037 193.707541 1.532899 1.640068 -0.006333 0.003779 0.041885 0.999095
34.112117 193.766742 1.529021 1.634990 -0.006004 0.003010 0.042254 0.999084
34.212117 194.444154 1.630124 1.639757 -0.007400 0.004030 0.039336 0.999191
34.365295 195.454352 1.707401 1.636185 -0.009231 0.005553 0.034896 0.999333
34.465272 195.900768 1.713335 1.636940 -0.009498 0.005894 0.032867 0.999397
34.544804 196.339099 1.751260 1.645934 -0.009467 0.006737 0.030103 0.999479
34.646798 196.956217 1.782587 1.645854 -0.010191 0.006712 0.025626 0.999597
34.765122 197.624829 1.827276 1.645742 -0.010850 0.006013 0.020961 0.999703
34.865220 198.121501 1.835408 1.648188 -0.011246 0.005586 0.017141 0.999774
34.969011 198.665437 1.848542 1.645727 -0.011556 0.005132 0.012557 0.999841
35.067441 199.160461 1.859663 1.651578 -0.011177 0.004435 0.007829 0.999897
35.172375 199.696071 1.864372 1.653523 -0.011778 0.003976 0.002511 0.999920
35.272227 200.172273 1.870410 1.656089 -0.012014 0.003386 -0.002719 0.999918
35.383695 200.699761 1.860390 1.657430 -0.011746 0.002818 -0.008311 0.999893
35.483496 201.125460 1.837421 1.660817 -0.010960 0.002005 -0.012899 0.999855
35.511993 201.260827 1.840222 1.661722 -0.009482 0.001373 -0.014253 0.999853
35.672329 202.161900 1.776518 1.676348 -0.009780 0.003167 -0.024963 0.999636
35.766245 202.427258 1.774763 1.666412 -0.010289 0.003178 -0.027323 0.999569
35.865147 202.834341 1.748153 1.680805 -0.011653 0.004478 -0.031557 0.999424
35.965199 203.243499 1.718458 1.666199 -0.011253 0.005418 -0.035913 0.999277
36.047073 203.572848 1.681609 1.689609 -0.009510 0.005753 -0.039472 0.999159
36.139967 203.959454 1.639396 1.679018 -0.007703 0.006029 -0.043557 0.999003
36.239494 204.355121 1.603409 1.701944 -0.007042 0.005951 -0.047460 0.998831
36.339789 204.734393 1.565052 1.688707 -0.007790 0.005489 -0.050767 0.998665
36.446971 205.122681 1.527907 1.695993 -0.008225 0.004782 -0.053691 0.998512
36.547072 205.445092 1.493681 1.682370 -0.008397 0.004418 -0.055785 0.998398
36.647095 205.766166 1.453623 1.695784 -0.007841 0.004284 -0.057808 0.998288
36.741233 206.059609 1.410923 1.688747 -0.007487 0.004588 -0.059461 0.998192
36.844651 206.378396 1.374073 1.701554 -0.007110 0.005374 -0.061308 0.998079
36.944703 206.663159 1.339046 1.695700 -0.007385 0.005570 -0.063043 0.997968
37.045179 206.934581 1.300576 1.702946 -0.007500 0.005329 -0.064608 0.997868
