1.407952 0.410472 0.006098 0.011940 0.000634 -0.000237 -0.000544 1.000000
1.512020 0.837713 0.005423 0.016620 0.000866 -0.001243 -0.000788 0.999999
1.608073 1.066789 0.003845 0.020311 0.000534 -0.002411 -0.000603 0.999997
1.705585 1.462495 0.002518 0.025881 0.000447 -0.003009 -0.000881 0.999995
1.805411 1.861020 0.009422 0.029664 0.001170 -0.003501 -0.000776 0.999993
1.905236 2.255169 0.007760 0.039668 0.001353 -0.003132 -0.001019 0.999994
2.005435 2.665324 0.007555 0.047300 0.000800 -0.003075 -0.001159 0.999994
2.105435 3.077855 0.009756 0.055950 0.000248 -0.002972 -0.001186 0.999995
2.205684 3.466238 0.012825 0.060454 -0.000152 -0.003163 -0.001215 0.999994
2.305660 3.853380 0.015183 0.071914 -0.000323 -0.003229 -0.001243 0.999994
2.405934 4.244288 0.013276 0.077200 -0.000178 -0.003350 -0.001354 0.999993
2.505934 4.631518 0.010608 0.085901 -0.000246 -0.003830 -0.001314 0.999992
2.605984 5.005034 0.011210 0.093997 -0.000419 -0.004182 -0.001352 0.999990
2.706308 5.383020 0.013587 0.098724 -0.000798 -0.004193 -0.001400 0.999990
2.806409 5.748940 0.017609 0.107407 -0.001382 -0.004245 -0.001625 0.999989
2.997831 6.459554 0.022964 0.121929 -0.002236 -0.004492 -0.002243 0.999985
3.097856 6.577656 0.018134 0.125223 -0.002153 -0.004246 -0.002074 0.999987
3.200346 6.873907 0.016173 0.131839 -0.002022 -0.004643 -0.002609 0.999984
3.212036 6.938657 0.018474 0.133016 -0.002051 -0.004620 -0.002438 0.999984
3.312142 7.441712 0.016661 0.142992 -0.002312 -0.006051 -0.003275 0.999974
3.412189 7.868526 0.007933 0.152521 -0.002356 -0.006429 -0.003720 0.999970
3.512142 8.266376 0.009644 0.160822 -0.001921 -0.006767 -0.004148 0.999967
3.612069 8.654168 0.005451 0.169289 -0.001699 -0.007064 -0.004511 0.999963
3.712096 9.029369 0.003519 0.176738 -0.001263 -0.007414 -0.004697 0.999961
3.812041 9.401149 -0.001252 0.186204 -0.000848 -0.007839 -0.005115 0.999956
3.912143 9.778132 -0.003057 0.194900 -0.000309 -0.008082 -0.005322 0.999953
4.012044 10.159596 -0.000313 0.205481 -0.000655 -0.008352 -0.005881 0.999948
4.112094 10.552429 -0.006597 0.212900 -0.000841 -0.008279 -0.006098 0.999947
4.212142 10.952453 -0.014539 0.222510 0.000001 -0.008588 -0.006246 0.999944
4.316483 11.374245 -0.022525 0.231739 0.000281 -0.008804 -0.006590 0.999939
4.412217 11.766159 -0.027079 0.241207 0.001253 -0.009310 -0.006512 0.999935
4.511992 12.204889 -0.033191 0.252079 0.002081 -0.009355 -0.006997 0.999930
4.612092 12.646606 -0.035341 0.263844 0.001988 -0.008848 -0.007111 0.999934
4.712016 13.101750 -0.038738 0.269632 0.001520 -0.008384 -0.007331 0.999937
4.812144 13.577860 -0.049983 0.282389 0.001476 -0.007958 -0.007576 0.999939
4.911995 14.059684 -0.058510 0.290162 0.001966 -0.007758 -0.007689 0.999938
5.012116 14.575539 -0.060148 0.303291 0.002067 -0.007233 -0.007476 0.999944
5.116348 15.122005 -0.062959 0.315010 0.001719 -0.006776 -0.007098 0.999950
5.211994 15.623238 -0.068271 0.326037 0.001525 -0.006837 -0.007055 0.999951
5.312140 16.190465 -0.074919 0.336081 0.001701 -0.007571 -0.006818 0.999947
5.412140 16.763866 -0.080418 0.345745 0.001577 -0.008046 -0.006444 0.999946
5.512066 17.365066 -0.083994 0.351366 0.001024 -0.007522 -0.006133 0.999952
5.614908 18.001268 -0.090716 0.360585 0.000395 -0.006385 -0.005937 0.999962
5.715058 18.626125 -0.093614 0.368655 -0.000087 -0.005659 -0.005302 0.999970
5.814758 19.269847 -0.101415 0.383857 0.000920 -0.004964 -0.004973 0.999975
5.998276 20.508687 -0.106309 0.402109 0.000602 -0.005563 -0.004861 0.999973
6.015110 20.350784 -0.105035 0.397259 0.001043 -0.005338 -0.003970 0.999977
6.108643 21.100091 -0.112145 0.396824 0.000311 -0.005984 -0.004652 0.999971
6.208646 21.887505 -0.120710 0.399436 0.001640 -0.005504 -0.004396 0.999974
6.308694 22.684753 -0.131018 0.407094 0.003048 -0.003755 -0.004156 0.999980
6.412140 23.487024 -0.148000 0.415448 0.005928 -0.001830 -0.004034 0.999973
6.508845 24.231615 -0.154273 0.437827 0.007125 -0.001226 -0.003736 0.999967
6.608895 25.043418 -0.149721 0.434197 0.006610 0.000068 -0.003540 0.999972
6.750670 26.209072 -0.156533 0.433871 0.008144 -0.000672 -0.003356 0.999961
6.811992 26.557788 -0.164728 0.437315 0.010439 -0.001030 -0.002706 0.999941
6.906132 27.388554 -0.172453 0.453782 0.011262 -0.000091 -0.003214 0.999931
7.006282 28.277011 -0.169814 0.463731 0.009532 0.000339 -0.002953 0.999950
7.106530 29.161035 -0.172417 0.461264 0.008339 0.000055 -0.002915 0.999961
7.206854 30.014226 -0.178109 0.471235 0.008531 -0.002371 -0.002893 0.999957
7.307228 30.885771 -0.174649 0.473048 0.008151 -0.005509 -0.003078 0.999947
7.407527 31.770933 -0.172402 0.492211 0.006661 -0.006654 -0.003360 0.999950
7.600273 33.487213 -0.176276 0.525741 0.004817 -0.005347 -0.003878 0.999967
7.610552 33.305913 -0.181162 0.507855 0.005206 -0.006480 -0.002995 0.999961
7.710953 34.252975 -0.182816 0.530274 0.005254 -0.002956 -0.003792 0.999975
7.812042 35.201881 -0.185702 0.542579 0.005803 -0.001405 -0.003850 0.999975
7.912042 36.135371 -0.188513 0.562160 0.006227 -0.001454 -0.003705 0.999973
8.012140 37.042914 -0.195171 0.571516 0.006062 -0.002769 -0.003760 0.999971
8.112141 37.961764 -0.197900 0.579808 0.005805 -0.004416 -0.003853 0.999966
8.212043 38.865993 -0.197673 0.591102 0.005576 -0.004861 -0.003945 0.999965
8.312042 39.788739 -0.206534 0.607550 0.004782 -0.002902 -0.004123 0.999976
8.412043 40.708673 -0.208466 0.619795 0.004771 -0.001131 -0.004319 0.999979
8.512020 41.624594 -0.215141 0.630639 0.005185 -0.000191 -0.004079 0.999978
8.612091 42.542607 -0.220500 0.634037 0.006057 -0.000420 -0.004035 0.999973
8.711994 43.467068 -0.228779 0.652299 0.006692 -0.000928 -0.003371 0.999971
8.812088 44.401654 -0.229017 0.663288 0.005772 -0.001493 -0.002822 0.999978
8.912064 45.333081 -0.224389 0.682687 0.004423 -0.001233 -0.002250 0.999987
9.011994 46.269278 -0.215637 0.691475 0.002426 -0.000364 -0.001852 0.999995
9.112040 47.211358 -0.210092 0.703495 0.000332 -0.000056 -0.001615 0.999999
9.211992 48.178876 -0.203108 0.700921 -0.002312 -0.000668 -0.001200 0.999996
9.312041 49.140019 -0.197138 0.703929 -0.003141 -0.001995 -0.000917 0.999993
9.412018 50.100489 -0.191631 0.711148 -0.003648 -0.002562 -0.000457 0.999990
9.511992 51.081712 -0.189646 0.720357 -0.003855 -0.002044 -0.000107 0.999990
9.683624 52.788820 -0.177788 0.736947 -0.003432 -0.001728 0.000324 0.999993
9.779508 53.481090 -0.179042 0.744985 -0.002838 -0.001640 0.000915 0.999994
9.812038 53.747052 -0.178945 0.751333 -0.002473 -0.000900 0.000700 0.999996
9.912041 54.890289 -0.169903 0.765320 -0.003639 -0.002844 0.000969 0.999989
10.012037 55.960616 -0.163664 0.775857 -0.003547 -0.004511 0.001251 0.999983
10.112043 57.027854 -0.158802 0.794088 -0.003669 -0.005566 0.001488 0.999977
10.300222 59.051180 -0.138880 0.829419 -0.004483 -0.004675 0.001450 0.999978
10.400023 59.795682 -0.133541 0.831361 -0.004152 -0.004643 0.002633 0.999977
10.499749 60.701329 -0.127656 0.855927 -0.003752 -0.003638 0.002465 0.999983
10.599799 61.621880 -0.126767 0.868201 -0.004081 -0.003774 0.002397 0.999982
10.699575 62.573254 -0.113279 0.879011 -0.004159 -0.003652 0.002708 0.999981
10.799674 63.554226 -0.101044 0.894617 -0.004078 -0.003316 0.002834 0.999982
10.800698 63.557521 -0.101585 0.895151 -0.004104 -0.003304 0.002783 0.999982
11.000296 65.872101 -0.070061 0.925949 -0.003902 -0.003168 0.002274 0.999985
11.012092 65.942014 -0.085701 0.923061 -0.004518 -0.003463 0.003572 0.999977
11.112064 67.097293 -0.069573 0.940464 -0.003783 -0.002522 0.002816 0.999986
11.212015 68.236229 -0.052434 0.953904 -0.002865 -0.002292 0.002862 0.999989
11.311992 69.363498 -0.041681 0.966730 -0.002294 -0.002543 0.002709 0.999990
11.451175 70.943392 -0.027602 0.987636 -0.002059 -0.002083 0.002763 0.999992
11.550971 72.012598 -0.022452 0.999467 -0.001974 -0.001604 0.003235 0.999992
11.601856 72.575644 -0.008701 1.009387 -0.001365 -0.000944 0.003186 0.999994
11.701880 73.752733 0.007224 1.021792 -0.002061 -0.001265 0.003051 0.999992
11.812090 74.997042 0.019541 1.036752 -0.002395 -0.000796 0.003022 0.999992
11.912066 76.106284 0.034019 1.050547 -0.002625 -0.000340 0.002987 0.999992
12.012141 77.250116 0.051661 1.061629 -0.003055 -0.000107 0.003098 0.999991
12.112145 78.374877 0.062646 1.076872 -0.002765 0.000035 0.002880 0.999992
12.212093 79.482780 0.072095 1.087272 -0.003317 0.000039 0.002752 0.999991
12.312013 80.593727 0.082889 1.098094 -0.003495 -0.000368 0.002628 0.999990
12.412095 81.695435 0.097180 1.109721 -0.003676 -0.000025 0.002378 0.999990
12.512039 82.788219 0.107843 1.124312 -0.004071 0.000448 0.002064 0.999989
12.611991 83.871644 0.114144 1.132913 -0.003718 0.000635 0.001864 0.999991
12.712042 84.945882 0.119887 1.142938 -0.003815 0.000702 0.001597 0.999991
12.811992 86.009496 0.124927 1.151334 -0.003678 0.001229 0.001374 0.999992
12.912066 87.067995 0.130683 1.164970 -0.003481 0.001465 0.001146 0.999992
13.012115 88.138423 0.140876 1.176555 -0.003343 0.001432 0.000699 0.999993
13.112015 89.198793 0.147809 1.184474 -0.003415 0.000919 0.000406 0.999994
13.211992 90.251698 0.153648 1.197934 -0.003475 0.000852 -0.000048 0.999994
13.311991 91.295451 0.153568 1.210060 -0.003529 0.001254 -0.000007 0.999993
13.412142 92.341924 0.161969 1.220801 -0.003809 0.001991 -0.000383 0.999991
13.512091 93.379607 0.169842 1.234481 -0.004055 0.001335 -0.000756 0.999991
13.612091 94.417718 0.170741 1.241959 -0.004513 0.000496 -0.000894 0.999989
13.712094 95.439591 0.175859 1.247953 -0.004417 0.000433 -0.001276 0.999989
13.811991 96.459410 0.177707 1.255353 -0.004630 0.001476 -0.001630 0.999987
13.912090 97.480809 0.178688 1.271201 -0.004294 0.002635 -0.001750 0.999986
14.012142 98.499199 0.179871 1.276436 -0.003861 0.002850 -0.001691 0.999987
14.112141 99.514754 0.177968 1.287742 -0.003165 0.002495 -0.001705 0.999990
14.212118 100.517496 0.175773 1.297497 -0.003077 0.001945 -0.001693 0.999992
14.312040 101.522946 0.174522 1.306767 -0.002529 0.001533 -0.001640 0.999994
14.411988 102.519961 0.171786 1.318512 -0.002778 0.001138 -0.001387 0.999995
14.512040 103.510921 0.177889 1.325281 -0.002902 0.000876 -0.001145 0.999995
14.612116 104.498539 0.181635 1.331698 -0.002912 0.001372 -0.000871 0.999994
14.712165 105.480446 0.181610 1.344219 -0.002803 0.002237 -0.000682 0.999993
14.812042 106.460210 0.189051 1.351732 -0.003192 0.003144 -0.000375 0.999990
14.912095 107.430085 0.187466 1.362927 -0.003528 0.003630 -0.000097 0.999987
15.012091 108.396432 0.195113 1.361537 -0.003168 0.003621 0.000266 0.999988
15.112042 109.353952 0.193964 1.369402 -0.002358 0.003699 0.000455 0.999990
15.211991 110.309992 0.199757 1.376162 -0.001876 0.003966 0.000593 0.999990
15.312143 111.264630 0.203850 1.392324 -0.001735 0.003814 0.000868 0.999991
15.411994 112.202028 0.212124 1.386973 -0.002225 0.002781 0.001208 0.999993
15.511993 113.143916 0.218286 1.396107 -0.001684 0.001681 0.001395 0.999996
15.612066 114.074666 0.225961 1.406713 -0.002022 0.001474 0.001529 0.999996
15.712090 115.007711 0.235428 1.412044 -0.002585 0.001926 0.001548 0.999994
15.812117 115.937945 0.241165 1.416535 -0.002950 0.002706 0.001635 0.999991
15.901836 116.765885 0.247791 1.425444 -0.002661 0.003182 0.001710 0.999990
16.001890 117.747309 0.255512 1.427351 -0.002785 0.003960 0.001864 0.999987
16.111991 118.764044 0.260012 1.432251 -0.002309 0.004639 0.001774 0.999985
16.212116 119.604284 0.266680 1.440477 -0.002229 0.005265 0.001629 0.999982
16.312041 120.449153 0.274129 1.443697 -0.001959 0.005662 0.001551 0.999981
16.401935 121.207859 0.283139 1.448768 -0.002240 0.005507 0.001534 0.999981
16.501973 122.086176 0.287425 1.450523 -0.002428 0.005367 0.001451 0.999982
16.612140 122.981993 0.291610 1.459777 -0.002388 0.005111 0.001243 0.999983
16.712144 123.704314 0.300382 1.465441 -0.002318 0.004732 0.000874 0.999986
16.801882 124.372105 0.305069 1.471482 -0.002470 0.005065 0.000612 0.999984
16.912092 125.204851 0.307493 1.475464 -0.003011 0.005648 0.000451 0.999979
17.012091 125.867802 0.314749 1.477922 -0.003165 0.005883 0.000276 0.999978
17.111995 126.534816 0.318058 1.485430 -0.002987 0.006076 0.000193 0.999977
17.212090 127.191417 0.320805 1.490219 -0.003037 0.006751 0.000062 0.999973
17.312117 127.816870 0.325063 1.491210 -0.002858 0.006888 -0.000200 0.999972
17.402052 128.363877 0.326001 1.498541 -0.002755 0.006236 -0.000459 0.999977
17.501879 128.973928 0.328584 1.501334 -0.003038 0.006252 -0.000553 0.999976
17.700296 130.115727 0.336800 1.504300 -0.002744 0.005167 -0.000750 0.999983
17.800346 130.316181 0.340585 1.501770 -0.002402 0.005119 -0.001312 0.999983
17.900322 130.716528 0.343850 1.510702 -0.001994 0.004592 -0.000492 0.999987
18.000296 131.174355 0.343083 1.512899 -0.002131 0.003442 0.000112 0.999992
18.100321 131.667303 0.347598 1.514559 -0.002398 0.002628 0.000601 0.999993
18.200172 132.157746 0.352044 1.518605 -0.002641 0.002636 0.001206 0.999992
18.300022 132.654778 0.358229 1.521649 -0.002495 0.002875 0.001509 0.999992
18.399923 133.151312 0.366369 1.528624 -0.002635 0.003379 0.001990 0.999989
18.500171 133.646361 0.373260 1.533359 -0.002854 0.004011 0.002268 0.999985
18.600321 134.126732 0.377922 1.535759 -0.003018 0.004526 0.002404 0.999982
18.612137 134.184187 0.380559 1.536545 -0.002935 0.004902 0.002540 0.999980
18.711993 134.860313 0.394837 1.537742 -0.003602 0.005311 0.002982 0.999975
18.812046 135.409382 0.398254 1.537427 -0.003608 0.005384 0.002839 0.999975
18.902002 135.835317 0.399130 1.541125 -0.003389 0.005543 0.002614 0.999975
19.002053 136.301227 0.405100 1.543538 -0.003569 0.005879 0.002551 0.999973
19.112141 136.747044 0.407292 1.548714 -0.004203 0.006272 0.002460 0.999968
19.212089 137.085104 0.409750 1.547452 -0.004628 0.006227 0.002199 0.999967
19.316870 137.425885 0.411468 1.547925 -0.004688 0.006269 0.002078 0.999967
19.412118 137.711463 0.412239 1.550079 -0.004490 0.006136 0.001853 0.999969
19.512015 138.018670 0.414956 1.551444 -0.004395 0.006135 0.001707 0.999970
19.612093 138.310165 0.419754 1.553979 -0.004539 0.005863 0.001530 0.999971
19.712169 138.599408 0.419748 1.553762 -0.004678 0.005191 0.001450 0.999975
19.812143 138.876810 0.424368 1.553583 -0.004705 0.004419 0.001448 0.999978
19.912168 139.159347 0.426154 1.552919 -0.004786 0.003966 0.001333 0.999980
20.012065 139.443311 0.426470 1.553195 -0.004680 0.003843 0.001363 0.999981
20.112167 139.719247 0.429378 1.555749 -0.004578 0.003821 0.001503 0.999981
20.212138 139.988020 0.429883 1.557920 -0.004664 0.003837 0.001558 0.999981
20.312037 140.250697 0.430244 1.557794 -0.004488 0.003994 0.001763 0.999980
20.500347 140.754285 0.433627 1.559904 -0.004421 0.003765 0.001770 0.999982
20.600247 140.872987 0.433279 1.559972 -0.004215 0.003632 0.001471 0.999983
20.700221 141.074581 0.435944 1.560672 -0.004345 0.003370 0.001906 0.999983
20.800172 141.307126 0.437635 1.562583 -0.004586 0.003452 0.002129 0.999981
20.900172 141.546122 0.434696 1.562932 -0.004612 0.003572 0.002318 0.999980
20.999755 141.791609 0.441145 1.565697 -0.004575 0.003742 0.002492 0.999979
21.099829 142.041211 0.442416 1.566984 -0.004586 0.003801 0.002561 0.999979
21.199754 142.283223 0.446975 1.567799 -0.004535 0.004070 0.002589 0.999978
21.299854 142.516225 0.448261 1.571339 -0.004623 0.004132 0.002689 0.999977
21.399854 142.740000 0.456196 1.570175 -0.004607 0.004070 0.002775 0.999977
21.499805 142.965355 0.457970 1.570157 -0.004401 0.004091 0.002789 0.999978
21.599805 143.162094 0.463934 1.570295 -0.004106 0.004178 0.003109 0.999978
21.699905 143.368306 0.461566 1.571410 -0.003803 0.004531 0.002924 0.999978
21.799979 143.550764 0.459970 1.573778 -0.003554 0.004764 0.002959 0.999978
21.899997 143.711812 0.460312 1.578130 -0.003687 0.005112 0.003044 0.999976
22.000072 143.852993 0.464868 1.578921 -0.004097 0.005372 0.003056 0.999973
22.100047 143.985152 0.465261 1.578985 -0.004302 0.005554 0.003069 0.999971
22.200022 144.107272 0.469103 1.581197 -0.004352 0.005734 0.003052 0.999969
22.300121 144.201766 0.471886 1.582508 -0.004199 0.005501 0.002991 0.999972
22.399972 144.291059 0.474095 1.581380 -0.004252 0.004936 0.003157 0.999974
22.500122 144.375012 0.475877 1.578379 -0.004557 0.004678 0.003139 0.999974
22.600147 144.458227 0.476204 1.577721 -0.004621 0.004549 0.003049 0.999974
22.700122 144.531046 0.474322 1.579643 -0.004729 0.004786 0.003168 0.999972
22.800072 144.604861 0.477391 1.581991 -0.004482 0.004910 0.003099 0.999973
22.900172 144.661323 0.478814 1.580941 -0.004275 0.004801 0.003149 0.999974
23.000073 144.709276 0.482038 1.581899 -0.004329 0.004666 0.003119 0.999975
23.100073 144.757621 0.482214 1.582028 -0.004548 0.004362 0.003204 0.999975
23.200122 144.803141 0.482596 1.580469 -0.004631 0.004075 0.003253 0.999976
23.300022 144.851258 0.485025 1.579451 -0.004545 0.003976 0.003249 0.999976
23.400222 144.893886 0.484465 1.579930 -0.004435 0.004046 0.003259 0.999977
23.500171 144.935404 0.481627 1.580577 -0.004475 0.004157 0.003235 0.999976
23.600122 144.982014 0.484372 1.580461 -0.004611 0.004179 0.003195 0.999976
23.700072 145.012208 0.481767 1.578986 -0.004465 0.004063 0.003285 0.999976
23.800023 145.040374 0.481392 1.579269 -0.004427 0.004277 0.003248 0.999976
23.900247 145.061854 0.481730 1.579173 -0.004410 0.004320 0.003192 0.999976
24.000172 145.075771 0.483083 1.580448 -0.004513 0.004454 0.003166 0.999975
24.100271 145.081145 0.484334 1.577247 -0.004388 0.004335 0.003156 0.999976
24.200122 145.074871 0.483445 1.582626 -0.004522 0.004673 0.003195 0.999974
24.300122 145.073236 0.482181 1.583087 -0.004418 0.004214 0.003084 0.999977
24.400197 145.073376 0.480605 1.583460 -0.004257 0.003626 0.003163 0.999979
24.500122 145.070366 0.482039 1.581885 -0.004135 0.003739 0.003156 0.999979
24.600121 145.058900 0.482798 1.584172 -0.004135 0.003825 0.003179 0.999979
24.700122 145.062643 0.481403 1.584488 -0.004259 0.003414 0.003147 0.999980
24.800097 145.071625 0.484181 1.580770 -0.004300 0.003103 0.003254 0.999981
24.900172 145.077410 0.481021 1.580928 -0.004348 0.002985 0.003243 0.999981
25.000172 145.087715 0.481259 1.579397 -0.004322 0.002946 0.003229 0.999981
25.100072 145.102234 0.482756 1.581292 -0.004340 0.003021 0.003270 0.999981
25.200146 145.115452 0.482782 1.581240 -0.004315 0.003141 0.003213 0.999981
25.300171 145.138182 0.483498 1.579669 -0.004256 0.003093 0.003173 0.999981
25.400122 145.159719 0.484415 1.581477 -0.004235 0.003000 0.003265 0.999981
25.500047 145.183264 0.482750 1.583089 -0.004262 0.002947 0.003378 0.999981
25.600172 145.219967 0.482316 1.582466 -0.004364 0.002810 0.003267 0.999981
25.700122 145.262058 0.480625 1.582975 -0.004345 0.002223 0.003387 0.999982
25.800022 145.324852 0.485570 1.583264 -0.004487 0.001880 0.003347 0.999983
25.900172 145.392530 0.485003 1.582072 -0.004425 0.001425 0.003351 0.999984
26.000221 145.480499 0.484573 1.580283 -0.004286 0.001245 0.003289 0.999985
26.100196 145.590794 0.485613 1.581454 -0.004251 0.001233 0.003122 0.999985
26.200222 145.698191 0.486829 1.581867 -0.004265 0.001066 0.003109 0.999986
26.300122 145.829494 0.490621 1.582974 -0.004270 0.000891 0.002991 0.999986
26.400271 145.968250 0.488317 1.582913 -0.004162 0.000614 0.002826 0.999987
26.500272 146.133507 0.490097 1.584658 -0.004072 0.000367 0.002777 0.999988
26.600297 146.315093 0.493061 1.586710 -0.003937 -0.000047 0.002580 0.999989
26.700347 146.517925 0.491624 1.586872 -0.004067 -0.000401 0.002434 0.999989
26.799898 146.735417 0.495695 1.586437 -0.004269 -0.000601 0.002259 0.999988
26.812140 146.765173 0.495989 1.584785 -0.004514 -0.000653 0.002324 0.999987
26.912313 147.125525 0.495077 1.583765 -0.003973 -0.000883 0.002237 0.999989
27.012094 147.487999 0.496085 1.586914 -0.003489 -0.001067 0.001689 0.999992
27.112043 147.843319 0.498923 1.589404 -0.003417 -0.000982 0.001136 0.999993
27.240604 148.302788 0.502564 1.592165 -0.003882 -0.001079 0.000622 0.999992
27.312140 148.499442 0.502220 1.588881 -0.004035 -0.001440 0.000300 0.999991
27.498328 149.228624 0.502860 1.587860 -0.003653 -0.001718 -0.000076 0.999992
27.512092 149.148172 0.501325 1.589203 -0.003252 -0.001655 -0.000704 0.999993
27.612090 149.588936 0.505457 1.594122 -0.003269 -0.001444 -0.000010 0.999994
27.711993 150.051306 0.505178 1.594261 -0.003333 -0.001384 -0.000545 0.999993
27.812242 150.534687 0.507922 1.595784 -0.003278 -0.001301 -0.000921 0.999993
27.940297 151.176729 0.501299 1.599659 -0.002976 -0.001792 -0.001824 0.999992
28.012142 151.494435 0.506845 1.601407 -0.002672 -0.001866 -0.002536 0.999991
28.112168 152.021450 0.505667 1.605397 -0.003094 -0.001266 -0.002637 0.999991
28.212142 152.555223 0.499991 1.607485 -0.003578 -0.000472 -0.003350 0.999988
28.365044 153.397766 0.496080 1.609448 -0.003510 -0.000091 -0.004068 0.999986
28.412143 153.538200 0.495256 1.610393 -0.003138 -0.000243 -0.004549 0.999985
28.512045 154.131723 0.490951 1.612852 -0.003583 0.000159 -0.004163 0.999985
28.665045 155.043109 0.486957 1.612584 -0.003790 0.000728 -0.005266 0.999979
28.712042 155.217869 0.487407 1.613879 -0.003493 0.000886 -0.006409 0.999973
28.811991 155.872585 0.482486 1.615805 -0.003458 0.000810 -0.005480 0.999979
28.912090 156.539691 0.477465 1.613249 -0.003570 0.000988 -0.006500 0.999972
29.011993 157.208364 0.465859 1.614305 -0.003034 0.001236 -0.007285 0.999968
29.112041 157.892667 0.456871 1.618195 -0.002866 0.001018 -0.007667 0.999966
29.212041 158.578385 0.451880 1.619010 -0.003014 0.000798 -0.008139 0.999962
29.312089 159.255970 0.442638 1.618701 -0.003089 0.000825 -0.008531 0.999958
29.412041 159.941543 0.430359 1.620107 -0.003035 0.000434 -0.008454 0.999960
29.512092 160.639743 0.422285 1.619397 -0.002828 0.000438 -0.008780 0.999957
29.612068 161.352111 0.410546 1.624881 -0.002563 0.001001 -0.008832 0.999957
29.712139 162.051059 0.401517 1.627197 -0.002810 0.001731 -0.008935 0.999955
29.812040 162.768157 0.391687 1.630149 -0.002823 0.002567 -0.008961 0.999953
29.912140 163.487129 0.377932 1.634955 -0.002678 0.003219 -0.008812 0.999952
30.011991 164.205268 0.371543 1.636896 -0.002644 0.003775 -0.008795 0.999951
30.112091 164.922319 0.358056 1.633425 -0.002910 0.003678 -0.008683 0.999951
30.212042 165.651674 0.352688 1.636862 -0.002904 0.003467 -0.008596 0.999953
30.312092 166.389446 0.342748 1.636265 -0.002897 0.003378 -0.008415 0.999955
30.412164 167.139826 0.331916 1.637148 -0.002926 0.003345 -0.008422 0.999955
30.512140 167.886437 0.326650 1.639702 -0.003175 0.003257 -0.008352 0.999955
30.612091 168.652965 0.318208 1.637198 -0.003351 0.002954 -0.008533 0.999954
30.711993 169.411400 0.306745 1.634283 -0.002971 0.003107 -0.008085 0.999958
30.812067 170.187603 0.293930 1.634915 -0.002306 0.003456 -0.007446 0.999964
30.912092 170.954674 0.279394 1.635931 -0.001266 0.004079 -0.006508 0.999970
31.012141 171.713611 0.276355 1.642288 -0.000759 0.004374 -0.005025 0.999978
31.112140 172.474039 0.271637 1.638357 -0.000657 0.004808 -0.003953 0.999980
31.202005 173.161916 0.272987 1.641004 -0.000157 0.005237 -0.002395 0.999983
31.312140 174.053785 0.276335 1.639351 0.000245 0.005292 -0.000533 0.999986
31.500022 175.493314 0.284391 1.643501 0.000512 0.005120 0.002867 0.999983
31.599997 175.911356 0.271769 1.638591 0.000637 0.004767 0.003396 0.999983
31.700122 176.498479 0.288461 1.641001 0.000763 0.004850 0.005904 0.999971
31.800122 177.135204 0.316250 1.638311 0.000771 0.005351 0.008700 0.999948
31.900221 177.815213 0.342329 1.640410 0.000451 0.005913 0.011294 0.999919
31.912141 177.931198 0.346125 1.638771 0.000267 0.006193 0.011754 0.999912
32.012144 178.838024 0.398433 1.638410 0.001593 0.006449 0.017345 0.999828
32.112090 179.647474 0.443226 1.637314 0.002347 0.006161 0.020708 0.999764
32.212039 180.471032 0.469796 1.640340 0.003321 0.005599 0.023850 0.999694
32.312090 181.266815 0.508524 1.643244 0.003473 0.005156 0.027036 0.999615
32.429793 182.208178 0.561794 1.641771 0.003516 0.004529 0.030453 0.999520
32.526555 182.908538 0.597241 1.642742 0.003989 0.004182 0.033122 0.999435
32.700147 184.198153 0.690623 1.644640 0.003622 0.004803 0.037844 0.999266
32.800172 184.744560 0.717842 1.643936 0.003607 0.004852 0.038997 0.999221
32.900072 185.377343 0.776978 1.648567 0.002994 0.006183 0.041054 0.999133
32.930265 185.556901 0.802675 1.648873 0.002551 0.006847 0.042016 0.999090
33.031915 186.289332 0.917909 1.649418 0.001290 0.008574 0.045733 0.998916
33.132934 186.993789 0.998303 1.653564 0.000236 0.008770 0.047062 0.998853
33.234280 187.692168 1.074628 1.652038 -0.000874 0.008279 0.048004 0.998812
33.337422 188.425439 1.144890 1.648131 -0.001654 0.007675 0.048599 0.998787
33.444929 189.175519 1.223795 1.643532 -0.002519 0.006866 0.048767 0.998783
33.512145 189.630322 1.268205 1.642675 -0.002814 0.006503 0.048760 0.998785
33.611991 190.363187 1.363753 1.640810 -0.003318 0.006172 0.048556 0.998796
33.712064 191.086131 1.446552 1.640655 -0.004011 0.005971 0.047981 0.998822
33.812091 191.786194 1.511982 1.639967 -0.004146 0.005518 0.046889 0.998876
33.911994 192.470933 1.573142 1.644294 -0.004611 0.004792 0.045486 0.998943
34.069037 193.523870 1.667787 1.649234 -0.005953 0.003909 0.042889 0.999054
34.112117 193.699784 1.663900 1.645895 -0.005811 0.003635 0.043078 0.999048
34.212117 194.364893 1.749877 1.646353 -0.007178 0.004328 0.040175 0.999158
34.365295 195.348777 1.843349 1.647407 -0.008911 0.005763 0.035809 0.999302
34.465272 195.874442 1.866373 1.647129 -0.009219 0.006224 0.034225 0.999352
34.544804 196.298019 1.891600 1.653263 -0.009252 0.007168 0.031114 0.999447
34.646798 196.887842 1.931272 1.655748 -0.009926 0.007121 0.026886 0.999564
34.765122 197.548029 1.974205 1.653185 -0.010529 0.006409 0.022022 0.999682
34.865220 198.076642 1.987207 1.656020 -0.010930 0.005975 0.018236 0.999756
34.969011 198.616296 2.003505 1.653527 -0.011246 0.005482 0.013583 0.999829
35.067441 199.105070 2.018626 1.655914 -0.010929 0.004907 0.009023 0.999888
35.172375 199.630562 2.024531 1.660949 -0.011411 0.004417 0.003701 0.999918
35.272227 200.112341 2.027733 1.661611 -0.011750 0.003888 -0.001701 0.999922
35.383695 200.626730 2.018413 1.663716 -0.011501 0.003239 -0.007294 0.999902
35.483496 201.070049 2.006812 1.666055 -0.010722 0.002487 -0.011715 0.999871
35.511993 201.195566 1.998876 1.667587 -0.009291 0.002123 -0.013204 0.999867
35.672329 202.006749 1.968804 1.680517 -0.009433 0.003470 -0.023407 0.999675
35.766245 202.394502 1.942624 1.676165 -0.010043 0.003825 -0.026280 0.999597
35.865147 202.808526 1.913487 1.682104 -0.011458 0.005091 -0.030865 0.999445
35.965199 203.216530 1.884945 1.678039 -0.011056 0.006004 -0.034955 0.999310
36.047073 203.538835 1.849391 1.685761 -0.009375 0.006362 -0.038554 0.999192
36.139967 203.915553 1.808870 1.690484 -0.007525 0.006624 -0.042645 0.999040
36.239494 204.316072 1.771434 1.698257 -0.006878 0.006621 -0.046479 0.998874
36.339789 204.699960 1.732837 1.698981 -0.007493 0.006195 -0.049909 0.998706
36.446971 205.084323 1.694036 1.694843 -0.007971 0.005281 -0.052872 0.998556
36.547072 205.418709 1.657017 1.691164 -0.008138 0.004989 -0.055063 0.998437
36.647095 205.753283 1.615854 1.692892 -0.007691 0.004869 -0.057075 0.998328
36.741233 206.049398 1.582428 1.696830 -0.007346 0.005265 -0.058746 0.998232
36.844651 206.368774 1.541916 1.699329 -0.007019 0.006013 -0.060482 0.998126
36.944703 206.659366 1.509461 1.701758 -0.007209 0.006242 -0.062375 0.998007
37.045179 206.939183 1.470461 1.701799 -0.007238 0.005892 -0.064042 0.997904
