1.407952 0.410471754 0.006098378 0.011940401 0.000633643 -0.000236508 -0.000544342 0.999999623
1.512020 0.837713025 0.005422975 0.016619990 0.000866221 -0.001242686 -0.000788120 0.999998542
1.608073 1.066789278 0.003844541 0.020311062 0.000533882 -0.002410666 -0.000602838 0.999996770
1.705585 1.462495280 0.002517521 0.025880772 0.000447205 -0.003009200 -0.000880866 0.999994984
1.805411 1.861019760 0.009422477 0.029664310 0.001170022 -0.003500712 -0.000775847 0.999992887
1.905236 2.255168619 0.007759655 0.039668036 0.001352603 -0.003131987 -0.001018774 0.999993662
2.005435 2.665323536 0.007555379 0.047299678 0.000800303 -0.003075369 -0.001158519 0.999994280
2.105435 3.077854558 0.009756025 0.055950167 0.000248232 -0.002972258 -0.001186325 0.999994848
2.205684 3.466237725 0.012824772 0.060454189 -0.000152053 -0.003162526 -0.001215219 0.999994249
2.305660 3.792022715 -0.078624549 0.071913762 -0.000303103 -0.003231064 0.005006202 0.999982203
2.405934 4.183142686 -0.072634463 0.077200329 -0.000158250 -0.003351459 0.004648144 0.999983569
2.505934 4.629792209 -0.075498320 0.085901300 -0.000222841 -0.003831273 0.004783647 0.999981194
2.605984 5.008606393 -0.064601263 0.093997347 -0.000396787 -0.004184411 0.003976048 0.999983262
2.706308 5.388364861 -0.058141368 0.098724243 -0.000777766 -0.004197232 0.003514528 0.999984713
2.806409 5.756394826 -0.053574548 0.107406598 -0.001362020 -0.004251695 0.003122901 0.999985158
2.997831 6.469559331 -0.040301704 0.121928746 -0.002218147 -0.004501271 0.001717864 0.999985934
3.097856 6.587778738 -0.034406530 0.125222728 -0.002139738 -0.004252464 0.000948522 0.999988219
3.200346 6.853882639 -0.039334782 0.131838844 -0.002008815 -0.004648805 0.000329835 0.999987122
3.212036 6.936717049 -0.035477385 0.133015767 -0.002039181 -0.004625224 0.000045389 0.999987223
3.312142 7.464189171 -0.033203475 0.142991809 -0.002298765 -0.006056161 -0.001170950 0.999978334
3.412189 7.890423545 -0.042404671 0.152520950 -0.002342166 -0.006433550 -0.001591353 0.999975295
3.512142 8.286319353 -0.041731064 0.160821833 -0.001906656 -0.006771148 -0.002096395 0.999973060
3.612069 8.674110922 -0.045924631 0.169288738 -0.001684074 -0.007067388 -0.002459301 0.999970583
3.712096 9.047005242 -0.047038408 0.176738470 -0.001249072 -0.007416890 -0.002761078 0.999967902
3.812041 9.415132802 -0.049158520 0.186203511 -0.000834402 -0.007840352 -0.003374879 0.999963221
3.912143 9.792116465 -0.050962876 0.194899814 -0.000294998 -0.008082869 -0.003582561 0.999960872
4.012044 10.163527189 -0.039668774 0.205481010 -0.000643956 -0.008352775 -0.004511928 0.999954728
4.112094 10.554628152 -0.042050214 0.212899901 -0.000830919 -0.008280214 -0.004935306 0.999953194
4.212142 10.957723501 -0.045177222 0.222510337 0.000008461 -0.008588431 -0.005332476 0.999948900
4.316483 11.380419126 -0.045734225 0.231739447 0.000287495 -0.008804066 -0.005859314 0.999944036
4.412217 11.769328834 -0.044047234 0.241206954 0.001257649 -0.009309269 -0.005978895 0.999938002
4.511992 12.205442413 -0.044785334 0.252079174 0.002084424 -0.009353811 -0.006627313 0.999932118
4.612092 12.649671382 -0.050630587 0.263843917 0.001993378 -0.008847252 -0.006554153 0.999937396
4.712016 13.106593469 -0.061458123 0.269631685 0.001527095 -0.008382793 -0.006431946 0.999943012
4.812144 13.581206692 -0.070516849 0.282389499 0.001482583 -0.007956507 -0.006712500 0.999944718
4.911995 14.064282398 -0.083091572 0.290161694 0.001974071 -0.007755733 -0.006680867 0.999945657
5.012116 14.577522052 -0.083541497 0.303291197 0.002073738 -0.007231415 -0.006485920 0.999950668
5.116348 15.121344707 -0.085676007 0.315010129 0.001725074 -0.006774547 -0.006171411 0.999956521
5.211994 15.622578247 -0.090988415 0.326037339 0.001531677 -0.006835977 -0.006128750 0.999956680
5.312140 16.190205038 -0.103448756 0.336080861 0.001708993 -0.007569059 -0.005790659 0.999953127
5.412140 16.758617668 -0.110403493 0.345744891 0.001584285 -0.008044110 -0.005533062 0.999951083
5.512066 17.354575544 -0.108310033 0.351365839 0.001029710 -0.007521548 -0.005400532 0.999956599
5.614908 17.986478509 -0.111489566 0.360584567 0.000399415 -0.006384684 -0.005314732 0.999965414
5.715058 18.605753498 -0.111150477 0.368654826 -0.000083651 -0.005659501 -0.004768361 0.999972613
5.814758 19.249474817 -0.118951953 0.383856962 0.000923002 -0.004963638 -0.004439207 0.999977402
5.998276 20.483920363 -0.119337603 0.402108888 0.000604257 -0.005562814 -0.004464162 0.999974380
6.015110 20.321050829 -0.123715115 0.397259092 0.001045498 -0.005337162 -0.003514693 0.999979034
6.108643 21.104436849 -0.118277303 0.396824244 0.000311742 -0.005984369 -0.004572149 0.999971592
6.208646 21.888997075 -0.124723116 0.399436131 0.001639896 -0.005504379 -0.004361902 0.999973993
6.308694 22.684608624 -0.138252607 0.407094115 0.003048425 -0.003754524 -0.004036920 0.999980157
6.412140 23.489394665 -0.156183988 0.415447976 0.005927865 -0.001829422 -0.003913405 0.999973099
6.508845 24.222879590 -0.157796026 0.437826941 0.007125621 -0.001224744 -0.003618145 0.999967317
6.608895 25.034682912 -0.153244014 0.434197128 0.006609507 0.000069094 -0.003422153 0.999972299
6.750670 26.198230408 -0.158732825 0.433870547 0.008143883 -0.000670598 -0.003210121 0.999961461
6.811992 26.500319747 -0.162896318 0.437314955 0.010439372 -0.001028362 -0.002528524 0.999941783
6.906132 27.305568692 -0.165151236 0.453781841 0.011262404 -0.000088267 -0.003006051 0.999932055
7.006282 28.190683211 -0.156186834 0.463730585 0.009531613 0.000340626 -0.002823954 0.999950528
7.106530 29.074707441 -0.158790195 0.461264294 0.008339442 0.000055858 -0.002785591 0.999961345
7.206854 29.927273692 -0.154327895 0.471234649 0.008531294 -0.002372139 -0.002968536 0.999956388
7.307228 30.803479757 -0.151575905 0.473047742 0.008150513 -0.005508981 -0.003126432 0.999946721
7.407527 31.690494766 -0.147111155 0.492210717 0.006660614 -0.006654917 -0.003430925 0.999949787
7.600273 33.407794485 -0.153357813 0.525740859 0.004816661 -0.005346870 -0.003863162 0.999966643
7.610552 33.226494518 -0.158243809 0.507855104 0.005205612 -0.006479997 -0.002980531 0.999961013
7.710953 34.142890602 -0.147505766 0.530274064 0.005252996 -0.002957913 -0.004155686 0.999973193
7.812042 35.198155553 -0.163000322 0.542579474 0.005802428 -0.001406369 -0.004012233 0.999974128
7.912042 36.127590030 -0.168707676 0.562159648 0.006226543 -0.001454254 -0.003817267 0.999972272
8.012140 37.031213652 -0.175105876 0.571516320 0.006061295 -0.002770289 -0.003908421 0.999970155
8.112141 37.946740290 -0.176468656 0.579807504 0.005804401 -0.004416764 -0.004038501 0.999965245
8.212043 38.848310439 -0.179970891 0.591102492 0.005575036 -0.004861827 -0.004064085 0.999964382
8.312042 39.768842022 -0.188637738 0.607550283 0.004781095 -0.002902406 -0.004263896 0.999975268
8.412043 40.681310270 -0.195001281 0.619794872 0.004771297 -0.001130786 -0.004345705 0.999978535
8.512020 41.556699438 -0.189985736 0.630639052 0.005184965 -0.000192615 -0.004300807 0.999977291
8.612091 42.470687740 -0.192332612 0.634036643 0.006057360 -0.000421862 -0.004301138 0.999972315
8.711994 43.395148890 -0.200611085 0.652298868 0.006691885 -0.000930161 -0.003636375 0.999970565
8.812088 44.334502446 -0.199822647 0.663287690 0.005771818 -0.001494185 -0.003076514 0.999977494
8.912064 45.267170522 -0.202546539 0.682687137 0.004422478 -0.001233895 -0.002403834 0.999986570
9.011994 46.204122144 -0.203019256 0.691474885 0.002426469 -0.000363943 -0.001870862 0.999995240
9.112040 47.142660858 -0.192921700 0.703494979 0.000332186 -0.000055744 -0.001732443 0.999998443
9.211992 48.110179130 -0.185937813 0.700920662 -0.002311844 -0.000667888 -0.001317550 0.999996237
9.312041 49.061146514 -0.143117975 0.703928552 -0.003142618 -0.001992197 -0.001711271 0.999991613
9.412018 50.018508953 -0.140582301 0.711147791 -0.003649931 -0.002558319 -0.001350432 0.999989155
9.511992 51.003670898 -0.160430095 0.720356995 -0.003856344 -0.002041720 -0.000677195 0.999990251
9.683624 52.710137763 -0.152209508 0.736947304 -0.003432730 -0.001725961 -0.000243010 0.999992589
9.779508 53.335714519 -0.183719659 0.744985062 -0.002838361 -0.001639965 0.000848120 0.999994267
9.812038 53.664259674 -0.207443437 0.751332894 -0.002472450 -0.000901301 0.001091622 0.999995941
9.912041 54.807497317 -0.198401223 0.765320344 -0.003638206 -0.002845164 0.001361191 0.999988408
10.012037 55.930505687 -0.152820778 0.775856884 -0.003549137 -0.004509732 0.000824934 0.999983193
10.112043 56.990682779 -0.144348515 0.794088045 -0.003671953 -0.005564427 0.000965924 0.999977310
10.300222 59.012407932 -0.124633580 0.829419300 -0.004485501 -0.004672103 0.000913968 0.999978608
10.400023 59.665515824 -0.144309243 0.831360947 -0.004151751 -0.004642983 0.002651977 0.999977086
10.499749 60.634225071 -0.133983341 0.855926778 -0.003752438 -0.003637444 0.002217961 0.999983884
10.599799 61.554776182 -0.133094227 0.868201144 -0.004082044 -0.003773325 0.002150566 0.999982237
10.699575 62.470339835 -0.102270461 0.879010665 -0.004160818 -0.003650013 0.002168413 0.999982331
10.799674 63.432752611 -0.091071871 0.894617276 -0.004079667 -0.003313842 0.002344538 0.999983439
10.800698 63.433800016 -0.065023732 0.895150950 -0.004108690 -0.003299048 0.001492903 0.999985003
11.000296 65.686286473 -0.002953608 0.925949294 -0.003907746 -0.003160257 0.000300088 0.999987326
11.012092 65.827739212 0.014119283 0.923061251 -0.004527799 -0.003450150 0.000651450 0.999983585
11.112064 67.068083778 0.090803763 0.940464418 -0.003793839 -0.002505396 -0.001654883 0.999988296
11.212015 68.207019402 0.107942927 0.953903677 -0.002874801 -0.002278868 -0.001609646 0.999991976
11.311992 69.310465970 0.144833266 0.966729951 -0.002307073 -0.002531143 -0.002433856 0.999991173
11.451175 70.869937579 0.178299362 0.987635550 -0.002070948 -0.002070898 -0.002996849 0.999991221
11.550971 71.929314689 0.153443174 0.999467033 -0.001982249 -0.001594061 -0.001985236 0.999994794
11.601856 72.437802524 0.135150251 1.009386715 -0.001369877 -0.000937822 -0.001475936 0.999997533
11.701880 73.685718223 0.127109189 1.021792477 -0.002066040 -0.001256254 -0.001087902 0.999996485
11.812090 74.931809688 0.128903466 1.036752117 -0.002398418 -0.000786968 -0.000824428 0.999996474
11.912066 76.055967550 0.086638469 1.050547379 -0.002625320 -0.000334831 0.000834605 0.999996150
12.012141 77.204171675 0.063280650 1.061629286 -0.003055494 -0.000105115 0.002439166 0.999992352
12.112145 78.332369036 0.062454092 1.076871676 -0.002765154 0.000035964 0.002624403 0.999992733
12.212093 79.445604861 0.053211176 1.087271904 -0.003316568 0.000037170 0.003238884 0.999989254
12.312013 80.553871629 0.067606726 1.098093682 -0.003494609 -0.000368943 0.002986278 0.999989367
12.412095 81.584248947 0.075259422 1.109720988 -0.003675937 -0.000027725 0.002987976 0.999988779
12.512039 82.727279549 0.064016070 1.124311909 -0.004071717 0.000441567 0.003723295 0.999984681
12.611991 83.793119548 0.083401707 1.132913099 -0.003719066 0.000630744 0.002896922 0.999988689
12.712042 84.853849097 0.089982774 1.142937594 -0.003815552 0.000698848 0.002535270 0.999989263
12.811992 85.912528162 0.104687640 1.151333598 -0.003678433 0.001227301 0.001840132 0.999990788
12.912066 86.969788121 0.101090462 1.164969781 -0.003481770 0.001461936 0.001973998 0.999990922
13.012115 88.034520485 0.123286162 1.176555035 -0.003343903 0.001430736 0.001007366 0.999992878
13.112015 89.091702896 0.131115201 1.184474043 -0.003415507 0.000918696 0.000634036 0.999993544
13.211992 90.139896812 0.137179304 1.197933669 -0.003474815 0.000851249 0.000171198 0.999993586
13.311991 91.180649552 0.145324789 1.210059688 -0.003529004 0.001253989 -0.000046694 0.999992986
13.412142 92.225450956 0.149129692 1.220800544 -0.003808858 0.001990441 -0.000286518 0.999990724
13.512091 93.262775615 0.152372844 1.234481123 -0.004055471 0.001334036 -0.000574764 0.999990722
13.612091 94.299051260 0.154106803 1.241958568 -0.004513111 0.000495317 -0.000735485 0.999989423
13.712094 95.320066812 0.160666623 1.247952934 -0.004417039 0.000432578 -0.001166882 0.999989470
13.811991 96.339620754 0.160388242 1.255352681 -0.004630380 0.001475343 -0.001478450 0.999987098
13.912090 97.361304939 0.157498109 1.271201279 -0.004294195 0.002633517 -0.001492616 0.999986198
14.012142 98.381213254 0.150121558 1.276436178 -0.003861844 0.002848206 -0.001227397 0.999987734
14.112141 99.393652863 0.141756338 1.287742071 -0.003166899 0.002492986 -0.001098115 0.999991275
14.212118 100.396395370 0.139561202 1.297496997 -0.003078670 0.001942893 -0.001085939 0.999992784
14.312040 101.398713994 0.141313216 1.306766852 -0.002529433 0.001531515 -0.001063208 0.999995063
14.411988 102.393447130 0.129362925 1.318511916 -0.002778494 0.001135535 -0.000556704 0.999995340
14.512040 103.381235519 0.143110079 1.325280788 -0.002902743 0.000874508 -0.000508086 0.999995276
14.612116 104.367218809 0.147133206 1.331697783 -0.002913140 0.001370113 -0.000216644 0.999994795
14.712165 105.349590573 0.149425600 1.344218856 -0.002804269 0.002235375 -0.000095256 0.999993565
14.812042 106.329361194 0.161973638 1.351731597 -0.003193855 0.003142196 0.000065828 0.999989961
14.912095 107.300381552 0.157900299 1.362926685 -0.003530344 0.003628232 0.000413629 0.999987101
15.012091 108.268658107 0.160948830 1.361536611 -0.003170180 0.003618873 0.000920681 0.999988003
15.112042 109.227908806 0.158504772 1.369402022 -0.002360858 0.003697237 0.001150802 0.999989716
15.211991 110.186020325 0.172460927 1.376161899 -0.001877407 0.003965436 0.001052343 0.999989822
15.312143 111.143444951 0.168772768 1.392324095 -0.001737891 0.003813092 0.001522428 0.999990061
15.411994 112.081833557 0.176753561 1.386973110 -0.002226463 0.002779918 0.001867020 0.999991915
15.511993 113.022905977 0.180591225 1.396107170 -0.001685285 0.001679326 0.002138167 0.999994884
15.612066 113.955338310 0.186241986 1.406713069 -0.002022810 0.001472622 0.002355036 0.999994097
15.712090 114.888650287 0.199770250 1.412043881 -0.002586616 0.001924006 0.002271543 0.999992224
15.812117 115.819945762 0.208062761 1.416534773 -0.002952276 0.002703975 0.002324890 0.999989284
15.901836 116.650720266 0.211483891 1.425443817 -0.002663622 0.003179443 0.002489881 0.999988298
16.001890 117.635037984 0.215223930 1.427350880 -0.002788398 0.003957808 0.002790463 0.999984387
16.111991 118.663706062 0.219721187 1.432251260 -0.002313581 0.004636981 0.002701012 0.999982925
16.212116 119.516996628 0.223819457 1.440477357 -0.002234703 0.005262887 0.002644455 0.999980157
16.312041 120.363829267 0.231595566 1.443697402 -0.001964787 0.005660097 0.002590599 0.999978696
16.401935 121.126101063 0.241818832 1.448767545 -0.002245781 0.005504671 0.002542117 0.999979096
16.501973 122.023763088 0.249819528 1.450522921 -0.002432222 0.005365106 0.002290798 0.999980026
16.612140 122.919580011 0.254004270 1.459777419 -0.002391922 0.005109033 0.002082561 0.999981920
16.712144 123.650287383 0.277022787 1.465440527 -0.002319861 0.004730859 0.001329427 0.999985235
16.801882 124.320622584 0.284002097 1.471482121 -0.002471556 0.005063739 0.000999604 0.999983625
16.912092 125.146571564 0.289075068 1.475464021 -0.003012775 0.005647269 0.000783511 0.999979209
17.012091 125.805168925 0.315396529 1.477921815 -0.003164349 0.005883875 0.000131871 0.999977675
17.111995 126.472182452 0.318704981 1.485429788 -0.002986434 0.006076729 0.000049694 0.999977076
17.212090 127.123358388 0.336970201 1.490219062 -0.003033505 0.006753016 -0.000469594 0.999972487
17.312117 127.738608489 0.355466447 1.491210442 -0.002851412 0.006890637 -0.001112461 0.999971575
17.402052 128.290140037 0.329687105 1.498540836 -0.002753951 0.006236705 -0.000691454 0.999976520
17.501879 128.915613425 0.318210512 1.501333646 -0.003039150 0.006251046 -0.000394231 0.999975766
17.700296 130.060872834 0.328115720 1.504299881 -0.002744266 0.005166699 -0.000637427 0.999982684
17.800346 130.261326392 0.331901638 1.501769637 -0.002403057 0.005119130 -0.001199031 0.999983291
17.900322 130.609930122 0.333685931 1.510701714 -0.001994735 0.004592041 -0.000265215 0.999987432
18.000296 131.119910104 0.342130871 1.512898664 -0.002131223 0.003441957 0.000043537 0.999991804
18.100321 131.581402516 0.326010560 1.514558581 -0.002398781 0.002627865 0.000855031 0.999993305
18.200172 132.071846021 0.330456541 1.518605137 -0.002641502 0.002635328 0.001459996 0.999991973
18.300022 132.589267078 0.328387159 1.521649180 -0.002496550 0.002874199 0.002014560 0.999990724
18.399923 133.089826570 0.355929275 1.528623863 -0.002635336 0.003378755 0.001963691 0.999988891
18.500171 133.575625747 0.356461365 1.533359391 -0.002855006 0.004010960 0.002401814 0.999984996
18.600321 134.067709385 0.360465732 1.535759124 -0.003018190 0.004525297 0.002503595 0.999982072
18.612137 134.120950856 0.343547233 1.536545027 -0.002938304 0.004900230 0.003171110 0.999978649
18.711993 134.799695211 0.360299265 1.537741892 -0.003604792 0.005309224 0.003593278 0.999972953
18.812046 135.381889864 0.374759491 1.537426665 -0.003610168 0.005382809 0.003168769 0.999973975
18.902002 135.807825414 0.375635305 1.541124869 -0.003391173 0.005541666 0.002943833 0.999974562
19.002053 136.264964979 0.386918472 1.543537824 -0.003570602 0.005878281 0.002774422 0.999972499
19.112141 136.708417930 0.392397838 1.548713622 -0.004203696 0.006271287 0.002610118 0.999968093
19.212089 137.043364181 0.394973430 1.547452446 -0.004629454 0.006226286 0.002356591 0.999967123
19.316870 137.384144709 0.396691131 1.547925347 -0.004689264 0.006267927 0.002234802 0.999966864
19.412118 137.663777856 0.404934405 1.550079324 -0.004490181 0.006135743 0.001829967 0.999969421
19.512015 137.961876530 0.418155922 1.551444250 -0.004393399 0.006136038 0.001408532 0.999970531
19.612093 138.251076080 0.434676776 1.553978525 -0.004535923 0.005865253 0.000956740 0.999972054
19.712169 138.546615343 0.438237392 1.553761525 -0.004674390 0.005194261 0.000799584 0.999975265
19.812143 138.826406596 0.446699945 1.553582766 -0.004702045 0.004422303 0.000674270 0.999978939
19.912168 139.099441193 0.461376154 1.552918750 -0.004781945 0.003971345 0.000238679 0.999980652
20.012065 139.386644201 0.450363894 1.553194581 -0.004676915 0.003847313 0.000540745 0.999981516
20.112167 139.663471145 0.452979611 1.555749065 -0.004574655 0.003824941 0.000673050 0.999981995
20.212138 139.930639739 0.457317908 1.557919655 -0.004660738 0.003841527 0.000648887 0.999981549
20.312037 140.192008448 0.463556354 1.557793996 -0.004484085 0.003998384 0.000684791 0.999981718
20.500347 140.696184465 0.467416366 1.559904357 -0.004416447 0.003769505 0.000683677 0.999982909
20.600247 140.812105716 0.474999143 1.559972366 -0.004210313 0.003637573 0.000178331 0.999984505
20.700221 140.980260177 0.480198948 1.560672407 -0.004339995 0.003376557 0.000466398 0.999984773
20.800172 141.242190656 0.468734024 1.562583058 -0.004582094 0.003457340 0.001029437 0.999982996
20.900172 141.481635663 0.451882240 1.562932012 -0.004609121 0.003575568 0.001520614 0.999981829
20.999755 141.720513831 0.466863086 1.565696937 -0.004571288 0.003747128 0.001476604 0.999981441
21.099829 141.979890024 0.453610924 1.566984151 -0.004583196 0.003803814 0.001895103 0.999980467
21.199754 142.228466431 0.446899945 1.567798621 -0.004533835 0.004071486 0.002228731 0.999978950
21.299854 142.466534658 0.447506487 1.571338677 -0.004621778 0.004133465 0.002372557 0.999977962
21.399854 142.698750715 0.447010245 1.570174697 -0.004606429 0.004070721 0.002670660 0.999977539
21.499805 142.922331438 0.459734234 1.570156669 -0.004399602 0.004092584 0.002394291 0.999979081
21.599805 143.124190916 0.448685695 1.570294677 -0.004106414 0.004177928 0.003112463 0.999977997
21.699905 143.327866764 0.449624897 1.571409838 -0.003802719 0.004530803 0.002921554 0.999978238
21.799979 143.516321207 0.445741763 1.573778277 -0.003553810 0.004764206 0.002954475 0.999977972
21.899997 143.674148978 0.454948693 1.578130074 -0.003686160 0.005112093 0.002913370 0.999975895
22.000072 143.820304907 0.455599472 1.578920898 -0.004097137 0.005372036 0.003005381 0.999972661
22.100047 143.957455730 0.453551226 1.578984559 -0.004301626 0.005553481 0.003084249 0.999970571
22.200022 144.081562000 0.455232731 1.581197475 -0.004352063 0.005734104 0.003121017 0.999969219
22.300121 144.175259571 0.461469545 1.582508143 -0.004199048 0.005500808 0.002965516 0.999971657
22.399972 144.264551738 0.463678175 1.581379920 -0.004252249 0.004936367 0.003131819 0.999973871
22.500122 144.353243439 0.463197604 1.578378758 -0.004557022 0.004677944 0.003197638 0.999973562
22.600147 144.437643214 0.456719532 1.577720958 -0.004622272 0.004548195 0.003275524 0.999973609
22.700122 144.511125085 0.456123065 1.579643033 -0.004729668 0.004785366 0.003372541 0.999971678
22.800072 144.584560616 0.458580518 1.581990838 -0.004482658 0.004909151 0.003294940 0.999972474
22.900172 144.644742410 0.449891478 1.580940768 -0.004276884 0.004799561 0.003588757 0.999972896
23.000073 144.694898838 0.444829656 1.581898752 -0.004332412 0.004663349 0.003783332 0.999972585
23.100073 144.747492578 0.440876450 1.582028438 -0.004551575 0.004358645 0.003981726 0.999972215
23.200122 144.792864558 0.446318119 1.580469042 -0.004633585 0.004072088 0.003897680 0.999973378
23.300022 144.839222392 0.443367033 1.579450965 -0.004548262 0.003972712 0.003992598 0.999973795
23.400222 144.883593343 0.445536488 1.579929829 -0.004437499 0.004042571 0.003934186 0.999974244
23.500171 144.924236211 0.441692052 1.580577342 -0.004477900 0.004153446 0.003931133 0.999973621
23.600122 144.971829124 0.443683379 1.580461410 -0.004613904 0.004176129 0.003900705 0.999973028
23.700072 145.001456109 0.446185022 1.578985500 -0.004467723 0.004059935 0.003899110 0.999974176
23.800023 145.028995851 0.445814005 1.579269040 -0.004429650 0.004274162 0.003846639 0.999973656
23.900247 145.053583157 0.439271802 1.579173001 -0.004412890 0.004316361 0.003963266 0.999973094
24.000172 145.067464132 0.445271324 1.580448356 -0.004515636 0.004450529 0.003831367 0.999972561
24.100271 145.073738603 0.445455821 1.577247199 -0.004391214 0.004331499 0.003862592 0.999973518
24.200122 145.069514879 0.439305411 1.582625719 -0.004526375 0.004669032 0.004038283 0.999970702
24.300122 145.065124047 0.440661749 1.583086653 -0.004421245 0.004210251 0.003849461 0.999973954
24.400197 145.065734773 0.446040230 1.583459962 -0.004259541 0.003623169 0.003759726 0.999977296
24.500122 145.057296036 0.440796838 1.581884994 -0.004138040 0.003735970 0.003944311 0.999976681
24.600121 145.043567659 0.451318686 1.584172455 -0.004137136 0.003822869 0.003693096 0.999977315
24.700122 145.045161036 0.450571744 1.584487889 -0.004260540 0.003411738 0.003656108 0.999978420
24.800097 145.051436422 0.455071441 1.580770393 -0.004301872 0.003100571 0.003708891 0.999979062
24.900172 145.053815872 0.456972062 1.580928463 -0.004349243 0.002983417 0.003588112 0.999979654
25.000172 145.062917599 0.459071477 1.579397370 -0.004322543 0.002945146 0.003488862 0.999980235
25.100072 145.079101432 0.460488139 1.581292464 -0.004340641 0.003019306 0.003559995 0.999979684
25.200146 145.093799661 0.466114773 1.581239945 -0.004315586 0.003140753 0.003359103 0.999980114
25.300171 145.116062814 0.464559521 1.579669191 -0.004256347 0.003092165 0.003370463 0.999980481
25.400122 145.141201831 0.460946470 1.581477235 -0.004236375 0.002998769 0.003598078 0.999980057
25.500047 145.159286608 0.458327096 1.583088610 -0.004262787 0.002945652 0.003736044 0.999979597
25.600172 145.196944010 0.454763983 1.582466051 -0.004365059 0.002807711 0.003695936 0.999979701
25.700122 145.238562936 0.452936479 1.582974923 -0.004346211 0.002221030 0.003815946 0.999980808
25.800022 145.299197568 0.466194702 1.583263961 -0.004486942 0.001878977 0.003576902 0.999981771
25.900172 145.366507627 0.461434632 1.582071994 -0.004425632 0.001423724 0.003676555 0.999982435
26.000221 145.452570430 0.458131072 1.580282897 -0.004286827 0.001243464 0.003687599 0.999983239
26.100196 145.561442669 0.465701249 1.581453818 -0.004251234 0.001232464 0.003339949 0.999984626
26.200222 145.668482230 0.464339170 1.581867262 -0.004265441 0.001064636 0.003415646 0.999984503
26.300122 145.794078229 0.474951199 1.582974354 -0.004269975 0.000890631 0.003114272 0.999985638
26.400271 145.935254307 0.473445320 1.582912992 -0.004161993 0.000613911 0.002887893 0.999986980
26.500272 146.102201880 0.460784052 1.584658181 -0.004072093 0.000365083 0.003244035 0.999986380
26.600297 146.283383427 0.461266462 1.586710475 -0.003936998 -0.000049506 0.003129234 0.999987353
26.700347 146.480535988 0.465201239 1.586871991 -0.004066752 -0.000402585 0.002828901 0.999987648
26.799898 146.697826627 0.463195393 1.586437390 -0.004268506 -0.000603181 0.002829302 0.999986705
26.812140 146.721309972 0.467849413 1.584785364 -0.004513446 -0.000655307 0.002806340 0.999985662
26.912313 147.075417730 0.476272032 1.583765028 -0.003972747 -0.000884102 0.002441244 0.999988738
27.012094 147.487824719 0.472742298 1.586913552 -0.003489006 -0.001068097 0.001964710 0.999991413
27.112043 147.830297026 0.485966082 1.589404077 -0.003416557 -0.000981959 0.001149220 0.999993021
27.240604 148.280283012 0.493273407 1.592164683 -0.003881994 -0.001079073 0.000573787 0.999991718
27.312140 148.472990830 0.486186418 1.588880777 -0.004034451 -0.001440986 0.000422624 0.999990734
27.498328 149.181377586 0.494155881 1.587860069 -0.003653382 -0.001718202 -0.000084870 0.999991847
27.512092 149.099622883 0.489717400 1.589203050 -0.003252220 -0.001654821 -0.000638151 0.999993139
27.612090 149.482682576 0.504701415 1.594121955 -0.003269623 -0.001443435 -0.000159880 0.999993600
27.711993 150.012799335 0.476900658 1.594260957 -0.003332023 -0.001385668 0.000003300 0.999993489
27.812242 150.495323941 0.483170012 1.595784055 -0.003276946 -0.001302629 -0.000448065 0.999993682
27.940297 151.137716497 0.481440032 1.599658544 -0.002975196 -0.001792840 -0.001457463 0.999992905
28.012142 151.455402710 0.486802168 1.601406687 -0.002671117 -0.001866808 -0.002159558 0.999992358
28.112168 151.960484677 0.489504741 1.605397294 -0.003093240 -0.001267454 -0.002275978 0.999991823
28.212142 152.505632252 0.483560437 1.607484574 -0.003577588 -0.000472937 -0.003004146 0.999988976
28.365044 153.343553596 0.482991810 1.609448072 -0.003510298 -0.000091891 -0.003833932 0.999986485
28.412143 153.475079051 0.485923561 1.610392682 -0.003138358 -0.000243784 -0.004356551 0.999985556
28.512045 154.005427692 0.477804998 1.612852072 -0.003582595 0.000158144 -0.003826764 0.999986248
28.665045 154.993069468 0.486984892 1.612583725 -0.003790031 0.000729326 -0.005496624 0.999977445
28.712042 155.164754139 0.486010040 1.613879225 -0.003492810 0.000886357 -0.006633226 0.999971507
28.811991 155.770794055 0.474806521 1.615805089 -0.003458092 0.000809313 -0.005372897 0.999979259
28.912090 156.538319630 0.491944917 1.613249035 -0.003568713 0.000991700 -0.007479130 0.999965171
29.011993 157.200360979 0.480406838 1.614305360 -0.003033091 0.001238983 -0.008333308 0.999959910
29.112041 157.878976076 0.469245356 1.618194784 -0.002865111 0.001020621 -0.008570283 0.999958649
29.212041 158.562619070 0.462614084 1.619009568 -0.003013109 0.000800451 -0.008945068 0.999955132
29.312089 159.207100232 0.446102963 1.618701398 -0.003088578 0.000826687 -0.008983109 0.999954539
29.412041 159.887649604 0.423123385 1.620106585 -0.003035076 0.000434219 -0.008532910 0.999958894
29.512092 160.589424359 0.402836169 1.619396852 -0.002827988 0.000436904 -0.008415196 0.999960497
29.612068 161.262172810 0.389723233 1.624880983 -0.002563384 0.000999533 -0.008327620 0.999961540
29.712139 161.958545492 0.375292474 1.627196940 -0.002811222 0.001729425 -0.008307158 0.999960048
29.812040 162.669232714 0.383987393 1.630148864 -0.002823548 0.002566800 -0.008843985 0.999953610
29.912140 163.388204583 0.370232340 1.634955348 -0.002678607 0.003218956 -0.008695025 0.999953429
30.011991 164.102328971 0.370726798 1.636896471 -0.002643974 0.003775443 -0.008899882 0.999949773
30.112091 164.814743549 0.360819534 1.633424668 -0.002909447 0.003678664 -0.008879483 0.999949577
30.212042 165.528754452 0.382978330 1.636861765 -0.002900726 0.003469572 -0.009628660 0.999943417
30.312092 166.260137608 0.382284674 1.636265083 -0.002892943 0.003382303 -0.009753476 0.999942529
30.412164 167.005759957 0.378125509 1.637148324 -0.002921234 0.003349372 -0.009957550 0.999940546
30.512140 167.754374527 0.362731972 1.639702268 -0.003170390 0.003260796 -0.009619505 0.999943389
30.612091 168.521946059 0.348908134 1.637197594 -0.003347561 0.002957708 -0.009672171 0.999943246
30.711993 169.281849880 0.331001114 1.634283227 -0.002968011 0.003109512 -0.009066700 0.999949657
30.812067 170.060764838 0.312339153 1.634915021 -0.002303670 0.003457816 -0.008244618 0.999957381
30.912092 170.834468180 0.287118096 1.635930827 -0.001264334 0.004079218 -0.006969061 0.999966596
31.012141 171.594705321 0.283378996 1.642288318 -0.000757467 0.004374744 -0.005481632 0.999975119
31.112140 172.351545765 0.282544896 1.638356524 -0.000653945 0.004808649 -0.004562155 0.999977818
31.202005 173.039759043 0.282154501 1.641004097 -0.000154507 0.005236883 -0.002946605 0.999981934
31.312140 173.931514604 0.286608504 1.639351038 0.000248057 0.005292106 -0.001111789 0.999985348
31.500022 175.383388376 0.292502569 1.643501303 0.000515059 0.005119466 0.002365931 0.999983964
31.599997 175.801466519 0.277536765 1.638590567 0.000638463 0.004766253 0.003002356 0.999983930
31.700122 176.281879649 0.299105003 1.641000543 0.000766998 0.004848938 0.005109402 0.999974896
31.800122 176.978982003 0.329384210 1.638311186 0.000773723 0.005350595 0.008112277 0.999952481
31.900221 177.640916500 0.364300812 1.640410330 0.000458540 0.005912223 0.009976973 0.999932645
31.912141 177.763988718 0.367954889 1.638770887 0.000276137 0.006192270 0.010318055 0.999927556
32.012144 178.695601986 0.409669283 1.638409789 0.001599509 0.006447316 0.016373527 0.999843878
32.112090 179.614919549 0.441574987 1.637313740 0.002346554 0.006160961 0.020726438 0.999763448
32.212039 180.422315615 0.469113807 1.640340294 0.003321880 0.005598628 0.023700901 0.999697898
32.312090 181.215570528 0.518643546 1.643243625 0.003476400 0.005154253 0.026422403 0.999631535
32.429793 182.140748428 0.578318219 1.641771436 0.003520123 0.004525953 0.029535097 0.999547299
32.526555 182.822127282 0.614363037 1.642741750 0.003993620 0.004177459 0.032069714 0.999468926
32.700147 184.079549448 0.702240822 1.644640361 0.003627211 0.004799582 0.036768425 0.999305704
32.800172 184.600047183 0.732938039 1.643936162 0.003614222 0.004846899 0.037595661 0.999274743
32.900072 185.136462414 0.787373174 1.648567203 0.003008179 0.006176051 0.038748314 0.999225388
32.930265 185.356298569 0.830110568 1.648873071 0.002568158 0.006841073 0.039541937 0.999191193
33.031915 186.101605943 0.946795919 1.649418324 0.001312029 0.008570656 0.043166106 0.999030285
33.132934 186.880377526 1.028036786 1.653563907 0.000251580 0.008769965 0.045311488 0.998934379
33.234280 187.565647833 1.103549970 1.652038462 -0.000856166 0.008280426 0.045839221 0.998914144
33.337422 188.287976481 1.169088621 1.648130950 -0.001636346 0.007678419 0.046276418 0.998897821
33.444929 189.045513590 1.250557528 1.643531746 -0.002501943 0.006872233 0.046304012 0.998900621
33.512145 189.499385326 1.291689869 1.642675113 -0.002798328 0.006509740 0.046288385 0.998902987
33.611991 190.201078562 1.364732263 1.640810309 -0.003303818 0.006179061 0.046316529 0.998902239
33.712064 190.908385305 1.430318889 1.640654779 -0.003999906 0.005978663 0.046099657 0.998910946
33.812091 191.601773735 1.481281366 1.639966700 -0.004136986 0.005524700 0.045301003 0.998949539
33.911994 192.297459853 1.537495985 1.644294244 -0.004605305 0.004797156 0.044294351 0.998996391
34.069037 193.368916857 1.623495817 1.649233898 -0.005950634 0.003912302 0.042373614 0.999076454
34.112117 193.561070374 1.621468289 1.645894832 -0.005810330 0.003637259 0.042760615 0.999061830
34.212117 194.217412428 1.715894628 1.646353166 -0.007173416 0.004334730 0.039199829 0.999196240
34.365295 195.297580364 1.827417100 1.647406531 -0.008910371 0.005764949 0.035614994 0.999309233
34.465272 195.823245905 1.850441035 1.647129080 -0.009217705 0.006226060 0.034030478 0.999358893
34.544804 196.236969406 1.883695534 1.653263380 -0.009246342 0.007175238 0.030307932 0.999472086
34.646798 196.877903144 1.932451838 1.655748487 -0.009922941 0.007125544 0.026447785 0.999575548
34.765122 197.538090638 1.975385314 1.653184619 -0.010525873 0.006413585 0.021583162 0.999691072
34.865220 198.071958216 2.000728736 1.656020425 -0.010922931 0.005987515 0.017135857 0.999775576
34.969011 198.602097376 2.024978912 1.653526980 -0.011238059 0.005499010 0.012057837 0.999849026
35.067441 199.095586975 2.023842312 1.655913797 -0.010923339 0.004920203 0.007784505 0.999897932
35.172375 199.630013797 2.023623530 1.660949089 -0.011407262 0.004425876 0.002885070 0.999920978
35.272227 200.116963202 2.021822797 1.661610827 -0.011749067 0.003891030 -0.001934189 0.999921536
35.383695 200.635260454 2.012309842 1.663715509 -0.011499788 0.003242669 -0.007643208 0.999899406
35.483496 201.074024158 1.992636432 1.666054804 -0.010721112 0.002490524 -0.012036560 0.999866979
35.511993 201.223867878 1.998655043 1.667587360 -0.009290469 0.002123759 -0.013244884 0.999866866
35.672329 202.035051168 1.968583050 1.680517094 -0.009433223 0.003470289 -0.023448266 0.999674522
35.766245 202.437154033 1.937315082 1.676164926 -0.010040747 0.003831064 -0.026877688 0.999580960
35.865147 202.824568796 1.914069434 1.682104026 -0.011455915 0.005095691 -0.031248607 0.999433000
35.965199 203.232650025 1.881274549 1.678039487 -0.011052187 0.006011419 -0.035655126 0.999284956
36.047073 203.554954913 1.845720275 1.685761176 -0.009370118 0.006368546 -0.039254066 0.999165032
36.139967 203.927438001 1.804721999 1.690484054 -0.007517592 0.006631885 -0.043725645 0.998993279
36.239494 204.323110646 1.775409414 1.698256969 -0.006871336 0.006627632 -0.047414149 0.998829694
36.339789 204.702410213 1.740902893 1.698980713 -0.007487882 0.006200986 -0.050652848 0.998668998
36.446971 205.086772561 1.702101376 1.694842680 -0.007967181 0.005286501 -0.053616358 0.998515830
36.547072 205.420467368 1.670712722 1.691164460 -0.008134810 0.004994751 -0.055708031 0.998401469
36.647095 205.755041608 1.629549331 1.692892074 -0.007687446 0.004873750 -0.057720008 0.998291315
36.741233 206.048974251 1.602387731 1.696829774 -0.007343038 0.005268334 -0.059221170 0.998203976
36.844651 206.376222436 1.570453077 1.699329334 -0.007017570 0.006015373 -0.060798620 0.998107257
36.944703 206.666814625 1.537997860 1.701757840 -0.007206778 0.006244339 -0.062691942 0.997987370
37.045179 206.956984907 1.492216570 1.701799351 -0.007235686 0.005894653 -0.064446788 0.997877502
