1.312091 0.217788 0.008647 0.005275 0.000233 0.000149 0.000117 1.000000
1.412166 0.499663 0.001182 0.005603 0.000100 -0.000009 0.000177 1.000000
1.510704 0.722862 -0.000797 0.010415 0.000229 -0.000119 0.000850 1.000000
1.610781 1.007110 0.005372 0.012340 0.000204 -0.000080 0.000851 1.000000
1.710782 1.294019 0.009443 0.015505 0.000062 0.000017 0.001023 0.999999
1.810680 1.580206 0.010642 0.019476 -0.000121 0.000068 0.001273 0.999999
1.910656 1.870306 0.001250 0.022565 -0.000396 0.000026 0.001230 0.999999
2.010682 2.182673 0.010404 0.025583 -0.000358 -0.000046 0.001422 0.999999
2.110756 2.481845 0.009754 0.030396 -0.000270 -0.000161 0.001476 0.999999
2.210706 2.755554 0.007331 0.032102 -0.000443 -0.000164 0.001538 0.999999
2.310809 3.066324 0.014980 0.032858 -0.000327 -0.000204 0.001549 0.999999
2.410883 3.356015 0.015653 0.041735 -0.000237 -0.000310 0.001656 0.999999
2.510755 3.648221 0.015836 0.043176 -0.000320 -0.000199 0.001532 0.999999
2.610659 3.928339 0.021128 0.048838 -0.000321 0.000049 0.001574 0.999999
2.710833 4.218957 0.028459 0.049502 -0.000596 0.000038 0.001647 0.999998
2.810832 4.500651 0.035393 0.051196 -0.000689 -0.000047 0.001542 0.999999
2.910709 4.769688 0.040310 0.053101 -0.000779 -0.000004 0.001584 0.999998
3.010884 5.056845 0.042021 0.055769 -0.000740 0.000286 0.001677 0.999998
3.112140 5.339846 0.047982 0.059036 -0.000651 0.000188 0.001587 0.999999
3.212113 5.616622 0.041924 0.062432 -0.000639 0.000237 0.001335 0.999999
3.310735 5.859557 0.039154 0.067450 -0.000686 0.000329 0.001360 0.999999
3.410934 6.126864 0.045506 0.070284 -0.000731 0.000396 0.001606 0.999998
3.512091 6.388402 0.050413 0.070738 -0.000842 -0.000016 0.001492 0.999999
3.612120 6.637986 0.059314 0.070576 -0.000877 -0.000451 0.001510 0.999998
3.712116 6.888629 0.060984 0.073881 -0.000777 -0.000881 0.001348 0.999998
3.812142 7.160799 0.062803 0.076969 -0.000717 -0.000966 0.001506 0.999998
3.912117 7.429991 0.065947 0.080723 -0.000763 -0.001163 0.001663 0.999998
4.012116 7.723841 0.067690 0.082225 -0.000833 -0.001150 0.001810 0.999997
4.112045 8.017584 0.067531 0.085775 -0.000847 -0.001388 0.001960 0.999997
4.212166 8.319677 0.081624 0.089844 -0.000610 -0.001611 0.002582 0.999995
4.312218 8.633576 0.087478 0.091711 -0.000543 -0.001672 0.002914 0.999994
4.412168 8.947190 0.095380 0.093784 -0.000697 -0.001780 0.003200 0.999993
4.512072 9.276017 0.104194 0.094234 -0.000842 -0.002020 0.003622 0.999991
4.612068 9.630488 0.110819 0.096613 -0.000836 -0.002199 0.004190 0.999988
4.712169 9.993459 0.119183 0.099409 -0.000708 -0.002419 0.004446 0.999987
4.812119 10.390990 0.131398 0.105212 -0.000852 -0.002614 0.004883 0.999984
4.912042 10.772721 0.137374 0.105170 -0.000878 -0.002570 0.005074 0.999983
5.012095 11.167467 0.148580 0.111157 -0.000576 -0.002482 0.005576 0.999981
5.112217 11.586056 0.150226 0.114624 -0.000745 -0.002695 0.005263 0.999982
5.212018 12.013166 0.158391 0.119622 -0.000949 -0.002711 0.005369 0.999981
5.312093 12.452149 0.166446 0.124410 -0.001075 -0.002702 0.005606 0.999980
5.412117 12.911332 0.173919 0.129377 -0.000997 -0.002762 0.005772 0.999979
5.502980 13.330184 0.185922 0.132662 -0.000869 -0.002971 0.005550 0.999980
5.612069 13.867316 0.198551 0.138798 -0.000672 -0.002984 0.005445 0.999980
5.712166 14.352274 0.193201 0.147518 -0.001015 -0.003011 0.005689 0.999979
5.812167 14.864008 0.211122 0.147850 -0.001258 -0.003193 0.005703 0.999978
5.912068 15.408384 0.216978 0.155503 -0.001183 -0.003347 0.005599 0.999978
6.085860 16.359159 0.229200 0.165377 -0.001146 -0.003248 0.005569 0.999979
6.112142 16.354706 0.237324 0.162751 -0.001089 -0.003135 0.006005 0.999976
6.212192 16.985464 0.246435 0.170700 -0.001066 -0.002638 0.005516 0.999981
6.312167 17.555007 0.256303 0.175572 -0.001115 -0.002781 0.005166 0.999982
6.412119 18.173316 0.273170 0.182706 -0.001526 -0.002234 0.005170 0.999983
6.600122 19.344087 0.288125 0.197106 -0.001314 -0.000462 0.004813 0.999987
6.700171 19.796779 0.292679 0.198195 -0.001413 -0.000335 0.004853 0.999987
6.800072 20.322363 0.306170 0.208271 -0.001001 0.000747 0.005110 0.999986
6.900072 20.837918 0.319609 0.211769 -0.001000 0.001524 0.005422 0.999984
7.000072 21.365317 0.333034 0.215160 -0.001054 0.001849 0.005639 0.999982
7.100097 21.892564 0.339399 0.217152 -0.001082 0.001947 0.005739 0.999981
7.199973 22.436759 0.349940 0.220773 -0.001214 0.002102 0.005976 0.999979
7.299773 22.985355 0.356370 0.226860 -0.001024 0.002128 0.006079 0.999979
7.399748 23.529862 0.364549 0.227773 -0.001115 0.002410 0.006008 0.999978
7.499898 24.094006 0.376757 0.232124 -0.001488 0.002566 0.006371 0.999975
7.600247 24.663527 0.383695 0.236080 -0.001513 0.002475 0.006493 0.999975
7.610686 24.734066 0.387620 0.237249 -0.001323 0.002416 0.006168 0.999977
7.712064 25.468405 0.407877 0.241421 -0.001490 0.002744 0.006789 0.999972
7.812070 26.133207 0.429859 0.239321 -0.001423 0.002725 0.006996 0.999971
7.912018 26.754921 0.442979 0.243772 -0.001532 0.002582 0.006948 0.999971
8.012019 27.372677 0.461938 0.250372 -0.001762 0.002734 0.007036 0.999970
8.112092 27.985696 0.470213 0.254509 -0.001767 0.002796 0.007409 0.999967
8.212115 28.598087 0.468049 0.258378 -0.001754 0.002632 0.007474 0.999967
8.312068 29.188013 0.487112 0.262754 -0.001737 0.002255 0.007682 0.999966
8.412115 29.778399 0.506503 0.266802 -0.001778 0.002041 0.007979 0.999965
8.512071 30.360814 0.520908 0.268860 -0.001365 0.001899 0.008050 0.999965
8.612217 30.932483 0.541436 0.271172 -0.001310 0.001494 0.007858 0.999967
8.712023 31.479615 0.558777 0.278649 -0.001411 0.001732 0.008032 0.999965
8.812020 32.042114 0.566928 0.281175 -0.001777 0.001862 0.008164 0.999963
8.912220 32.580722 0.574681 0.283172 -0.001548 0.001872 0.007920 0.999966
9.012020 33.110984 0.590926 0.289352 -0.001420 0.001611 0.008011 0.999966
9.112167 33.650791 0.604857 0.294693 -0.001458 0.001593 0.007779 0.999967
9.212113 34.188172 0.617963 0.298666 -0.001551 0.001533 0.007754 0.999968
9.312113 34.726083 0.627175 0.305509 -0.001516 0.001608 0.007576 0.999969
9.412067 35.252581 0.650980 0.310646 -0.001612 0.001725 0.007488 0.999969
9.512018 35.774522 0.659125 0.312705 -0.001728 0.001966 0.007395 0.999969
9.612091 36.294195 0.684774 0.315609 -0.001486 0.001854 0.007343 0.999970
9.712219 36.830482 0.695994 0.321255 -0.001234 0.001920 0.007408 0.999970
9.812168 37.343486 0.710559 0.324503 -0.001017 0.001994 0.007415 0.999970
9.912170 37.857838 0.715320 0.327857 -0.001217 0.001828 0.007193 0.999972
10.012067 38.372502 0.724241 0.330387 -0.001371 0.001897 0.007076 0.999972
10.112042 38.880578 0.727764 0.331803 -0.001765 0.002067 0.007124 0.999971
10.212165 39.412941 0.739743 0.338726 -0.001591 0.002204 0.007157 0.999971
10.312069 39.937958 0.743047 0.343642 -0.001363 0.002245 0.007225 0.999970
10.412218 40.447019 0.750390 0.348686 -0.001145 0.002411 0.006960 0.999972
10.512092 40.954326 0.760905 0.350913 -0.001306 0.002754 0.007359 0.999968
10.612065 41.455812 0.773732 0.353832 -0.001484 0.002751 0.007604 0.999966
10.712163 41.955609 0.782066 0.356311 -0.001552 0.002616 0.007742 0.999965
10.812066 42.455214 0.803172 0.360869 -0.001196 0.002754 0.007871 0.999965
10.912168 42.929919 0.823988 0.363453 -0.001035 0.003104 0.008541 0.999958
11.012166 43.410574 0.842679 0.361991 -0.000963 0.003403 0.009206 0.999951
11.112067 43.899940 0.858095 0.365600 -0.000879 0.003227 0.009112 0.999953
11.212020 44.379112 0.871507 0.370845 -0.000695 0.003189 0.009503 0.999950
11.312191 44.852450 0.883381 0.373336 -0.000988 0.003266 0.009901 0.999945
11.412066 45.324725 0.890842 0.375508 -0.001301 0.003368 0.010384 0.999940
11.500673 45.326990 0.889462 0.376712 -0.001330 0.003398 0.010478 0.999938
11.700022 46.722705 0.935187 0.385893 -0.001175 0.003249 0.011605 0.999927
11.799922 47.106904 0.955113 0.385216 -0.001088 0.003300 0.011904 0.999923
11.899798 47.512092 0.967053 0.383573 -0.001129 0.003340 0.012576 0.999915
11.999598 47.895723 0.987000 0.385857 -0.000948 0.003165 0.012879 0.999912
12.099723 48.285026 1.000159 0.386392 -0.001055 0.003171 0.013152 0.999908
12.199672 48.692841 1.011994 0.390285 -0.001143 0.003322 0.013324 0.999905
12.299648 49.097367 1.027362 0.394657 -0.001372 0.003366 0.013920 0.999897
12.399598 49.514279 1.047791 0.393986 -0.001371 0.003348 0.014200 0.999893
12.499698 49.959587 1.056209 0.396499 -0.001510 0.003425 0.014502 0.999888
12.599624 50.412098 1.066349 0.398560 -0.001826 0.003845 0.014695 0.999883
12.699424 50.870594 1.091184 0.400228 -0.002072 0.003958 0.015263 0.999874
12.799373 51.319513 1.111455 0.401184 -0.002124 0.003677 0.015330 0.999873
12.899623 51.756587 1.135642 0.400539 -0.001997 0.003703 0.015261 0.999875
12.999599 52.205728 1.154645 0.403799 -0.001796 0.003823 0.014987 0.999879
13.099847 52.642960 1.184761 0.408296 -0.001909 0.003749 0.015344 0.999873
13.200297 53.079269 1.199995 0.408284 -0.002277 0.003740 0.015448 0.999871
13.300347 53.512301 1.210098 0.405370 -0.002307 0.003527 0.015095 0.999877
13.312065 53.555795 1.215498 0.406657 -0.002427 0.003342 0.014795 0.999882
13.412070 54.056503 1.230633 0.410729 -0.002311 0.003783 0.015239 0.999874
13.512120 54.522298 1.242875 0.414595 -0.002367 0.003784 0.014816 0.999880
13.612139 54.956238 1.270429 0.419194 -0.002659 0.003728 0.015387 0.999871
13.712065 55.400247 1.290003 0.417022 -0.002547 0.003983 0.014961 0.999877
13.812068 55.837382 1.299821 0.418466 -0.002780 0.003669 0.014964 0.999877
13.910779 56.262341 1.316805 0.423907 -0.002754 0.003575 0.015213 0.999874
14.010754 56.674678 1.335552 0.428210 -0.002900 0.003475 0.015788 0.999865
14.110779 57.073762 1.350799 0.430421 -0.002851 0.003738 0.015955 0.999862
14.210827 57.474541 1.354291 0.432063 -0.002738 0.003658 0.016127 0.999860
14.310879 57.850357 1.375268 0.432598 -0.002778 0.003542 0.015960 0.999863
14.412118 58.227438 1.389403 0.434397 -0.002872 0.003521 0.016093 0.999860
14.512218 58.586782 1.400082 0.434624 -0.003195 0.003394 0.016642 0.999851
14.612166 58.927821 1.409508 0.439409 -0.003245 0.003149 0.016308 0.999857
14.712067 59.279471 1.425066 0.441872 -0.003087 0.002964 0.016478 0.999855
14.812170 59.626117 1.444975 0.444307 -0.003058 0.002853 0.016565 0.999854
14.912191 59.980843 1.458850 0.448655 -0.003204 0.002797 0.016403 0.999856
15.012118 60.339645 1.483716 0.448740 -0.003148 0.002726 0.016267 0.999859
15.112072 60.684061 1.492395 0.449893 -0.003335 0.002718 0.016239 0.999859
15.212217 61.038456 1.513866 0.448440 -0.003175 0.002510 0.016416 0.999857
15.312169 61.389889 1.520703 0.448706 -0.002872 0.002360 0.016045 0.999864
15.412119 61.747988 1.543486 0.451589 -0.002677 0.002368 0.016194 0.999862
15.512165 62.104237 1.545402 0.453979 -0.002953 0.002228 0.015974 0.999866
15.612169 62.461313 1.556269 0.451326 -0.003350 0.002093 0.016465 0.999857
15.712091 62.844532 1.572435 0.452406 -0.003104 0.001321 0.016427 0.999859
15.812190 63.228181 1.588419 0.456183 -0.002512 0.000428 0.016068 0.999868
15.912117 63.630713 1.614714 0.462460 -0.002313 0.000182 0.015255 0.999881
16.012216 64.027361 1.629277 0.464560 -0.002644 0.000456 0.013987 0.999899
16.112194 64.428279 1.649282 0.461224 -0.003045 0.001084 0.012930 0.999911
16.212018 64.826208 1.651559 0.459187 -0.003632 0.001202 0.011733 0.999924
16.312118 65.250581 1.669995 0.461872 -0.003764 0.001018 0.009474 0.999948
16.412219 65.694513 1.669173 0.463912 -0.003383 0.001339 0.006532 0.999972
16.512067 66.160210 1.663008 0.470118 -0.002530 0.001741 0.004122 0.999987
16.612170 66.635960 1.670416 0.476260 -0.002058 0.001863 0.001770 0.999995
16.712191 67.111183 1.664266 0.472891 -0.002608 0.001472 -0.000979 0.999995
16.812040 67.597001 1.658703 0.470658 -0.003067 0.000535 -0.003623 0.999989
16.912119 68.108916 1.648468 0.472540 -0.003331 0.000026 -0.006751 0.999972
17.012118 68.625763 1.642558 0.474202 -0.003016 0.000337 -0.009998 0.999945
17.112092 69.147087 1.622216 0.478123 -0.002370 0.001026 -0.012409 0.999920
17.212166 69.691732 1.614997 0.480472 -0.002407 0.001105 -0.015431 0.999877
17.312066 70.231431 1.593554 0.478115 -0.002680 0.001056 -0.018257 0.999829
17.412168 70.813211 1.567641 0.482855 -0.002531 0.000947 -0.021383 0.999768
17.512120 71.404585 1.541303 0.482947 -0.002051 0.001142 -0.024412 0.999699
17.612117 71.995151 1.520491 0.484396 -0.002020 0.001251 -0.027179 0.999628
17.712017 72.581394 1.490939 0.478154 -0.002120 0.001748 -0.030058 0.999544
17.812070 73.189410 1.449618 0.481104 -0.001784 0.001342 -0.033081 0.999450
17.912121 73.817851 1.419387 0.480498 -0.001612 0.001541 -0.035794 0.999357
18.012172 74.463746 1.358047 0.486461 -0.001664 0.001721 -0.039032 0.999235
18.183871 75.562806 1.273288 0.489437 -0.001586 0.002091 -0.043853 0.999035
18.279357 76.109183 1.245892 0.488495 -0.002286 0.002156 -0.043446 0.999051
18.312067 76.303934 1.229983 0.490435 -0.002151 0.002301 -0.045278 0.998969
18.412022 76.978440 1.146673 0.488539 -0.001131 0.002415 -0.049377 0.998777
18.512067 77.659337 1.059897 0.491632 -0.001077 0.002441 -0.051076 0.998691
18.612169 78.345977 0.976843 0.492081 -0.000620 0.002431 -0.052063 0.998641
18.712166 79.032107 0.898384 0.498678 -0.000481 0.002501 -0.052836 0.998600
18.812067 79.748978 0.815377 0.495297 -0.000577 0.002370 -0.053108 0.998586
18.983849 81.019779 0.699273 0.493641 -0.000548 0.001961 -0.052339 0.998627
19.079934 81.691046 0.669135 0.493571 -0.001102 0.001683 -0.051954 0.998647
19.181202 82.414570 0.611105 0.498337 -0.000819 0.001556 -0.051559 0.998668
19.277913 83.097150 0.538405 0.504189 -0.000454 0.001285 -0.050787 0.998709
19.377064 83.824620 0.475913 0.504888 -0.000417 0.001452 -0.049890 0.998754
19.476216 84.549514 0.402414 0.506137 -0.000141 0.001297 -0.048552 0.998820
19.576217 85.298340 0.330187 0.510595 -0.000275 0.001202 -0.046365 0.998924
19.675669 86.059850 0.261863 0.515480 -0.000474 0.001881 -0.044273 0.999018
19.774373 86.799904 0.198221 0.520151 -0.000100 0.002550 -0.042416 0.999097
19.873350 87.556704 0.130135 0.521963 -0.000159 0.002965 -0.039931 0.999198
19.973102 88.309876 0.066206 0.525186 -0.000113 0.003249 -0.037318 0.999298
20.072653 89.067913 0.016831 0.527188 0.000091 0.003508 -0.034617 0.999394
20.166690 89.798050 -0.020002 0.529910 0.000121 0.003661 -0.031771 0.999488
20.272228 90.624575 -0.066173 0.535977 0.000110 0.003441 -0.028961 0.999575
20.372348 91.390121 -0.100513 0.532254 -0.000233 0.003492 -0.026042 0.999655
20.492725 92.333785 -0.136510 0.534678 -0.000363 0.003501 -0.022930 0.999731
20.565317 92.886544 -0.152883 0.540622 -0.000231 0.003285 -0.021052 0.999773
20.665222 93.682275 -0.172067 0.545760 -0.000095 0.003508 -0.018080 0.999830
20.768988 94.476801 -0.196354 0.550115 -0.000567 0.003669 -0.015110 0.999879
20.868940 95.256817 -0.209150 0.548175 -0.001032 0.003837 -0.012710 0.999911
20.969040 96.050725 -0.216815 0.549311 -0.000963 0.003839 -0.009833 0.999944
21.067292 96.813772 -0.213488 0.554035 -0.000370 0.003732 -0.007295 0.999966
21.169019 97.604721 -0.212422 0.553910 -0.000572 0.004303 -0.004966 0.999978
21.273606 98.411977 -0.196877 0.559826 -0.000670 0.003856 -0.002061 0.999990
21.367243 99.110240 -0.183247 0.557342 -0.000918 0.004262 -0.000064 0.999990
21.466718 99.871234 -0.180902 0.563802 -0.000926 0.004143 0.001752 0.999989
21.566718 100.641936 -0.175261 0.567985 -0.000958 0.004427 0.003204 0.999985
21.666695 101.398765 -0.157564 0.567877 -0.001081 0.005162 0.005014 0.999974
21.766569 102.150232 -0.142935 0.568517 -0.000869 0.004845 0.006613 0.999966
21.834684 102.673312 -0.126356 0.570370 -0.001141 0.004637 0.007711 0.999959
21.966519 103.744653 -0.105094 0.568407 -0.001356 0.004183 0.008409 0.999955
22.066443 104.482290 -0.083530 0.566355 -0.001258 0.004192 0.009552 0.999945
22.136352 105.002392 -0.072252 0.568390 -0.001203 0.004087 0.009880 0.999942
22.266322 106.026763 -0.049937 0.568549 -0.000903 0.003753 0.010974 0.999932
22.366200 106.784363 -0.017440 0.569521 -0.001249 0.003752 0.011659 0.999924
22.437674 107.305108 0.002920 0.569033 -0.001146 0.003346 0.012793 0.999912
22.565771 108.324129 0.022795 0.575618 -0.001563 0.003642 0.012745 0.999911
22.665144 109.072928 0.057436 0.571838 -0.001649 0.003916 0.013327 0.999902
22.766120 109.828845 0.086901 0.570948 -0.001362 0.003712 0.013924 0.999895
22.839191 110.368878 0.107317 0.571074 -0.001666 0.002980 0.014485 0.999889
22.965323 111.419120 0.146577 0.570930 -0.002180 0.003064 0.015239 0.999877
23.065173 112.192015 0.173966 0.564431 -0.002044 0.003236 0.015688 0.999870
23.138097 112.763110 0.193508 0.566606 -0.001960 0.002926 0.016248 0.999862
23.265945 113.839240 0.228001 0.566992 -0.001812 0.003229 0.017171 0.999846
23.365099 114.648457 0.262174 0.563769 -0.002026 0.003573 0.018197 0.999826
23.437846 115.248925 0.285873 0.565040 -0.001853 0.003375 0.019527 0.999802
23.565198 116.351395 0.329544 0.564502 -0.001729 0.003428 0.020410 0.999784
23.665144 117.183507 0.380557 0.564274 -0.001310 0.003420 0.021323 0.999766
23.765224 118.020784 0.422785 0.564294 -0.001272 0.003363 0.022552 0.999739
23.865251 118.874348 0.463474 0.560332 -0.001155 0.003297 0.023646 0.999714
23.910432 119.255505 0.490321 0.562169 -0.001045 0.003134 0.024048 0.999705
24.010526 120.330918 0.546331 0.559426 -0.001604 0.003738 0.025015 0.999679
24.165423 121.798363 0.633173 0.558870 -0.001620 0.003787 0.026406 0.999643
24.203611 122.094092 0.655879 0.556959 -0.001851 0.002991 0.027133 0.999626
24.310117 123.121308 0.719575 0.558606 -0.001690 0.003813 0.027758 0.999606
24.410190 124.082240 0.790408 0.553143 -0.001532 0.003938 0.028746 0.999578
24.510544 125.022220 0.838222 0.561876 -0.001828 0.003643 0.030573 0.999524
24.699898 126.813801 0.971342 0.556308 -0.001139 0.003306 0.031684 0.999492
24.799749 127.714202 1.027404 0.557572 -0.001399 0.003512 0.032703 0.999458
24.899750 128.593589 1.089941 0.559740 -0.001154 0.003547 0.033636 0.999427
24.909294 128.656302 1.096666 0.560851 -0.001343 0.003412 0.034134 0.999411
25.099575 130.489766 1.222195 0.575256 -0.001848 0.004145 0.035451 0.999361
25.199350 131.332885 1.286777 0.567463 -0.001726 0.004561 0.035573 0.999355
25.210983 131.432898 1.296904 0.571821 -0.001230 0.004226 0.035997 0.999342
25.310605 132.403077 1.372631 0.574110 -0.001327 0.004903 0.035979 0.999340
25.465498 133.897268 1.513345 0.576359 -0.001879 0.005195 0.036250 0.999327
25.511089 134.286407 1.540397 0.574547 -0.001959 0.005316 0.036865 0.999304
25.611319 135.252471 1.635291 0.571348 -0.002054 0.005244 0.036751 0.999309
25.711914 136.234246 1.714034 0.565367 -0.002251 0.005029 0.036756 0.999309
25.865525 137.689079 1.829446 0.566845 -0.002353 0.004802 0.036692 0.999312
25.938493 138.359040 1.882117 0.570639 -0.002373 0.004422 0.036800 0.999310
26.039017 139.295605 1.963928 0.565887 -0.002904 0.004261 0.036560 0.999318
26.165154 140.430515 2.061357 0.572767 -0.002937 0.004653 0.036209 0.999329
26.239346 141.073763 2.108483 0.572799 -0.003260 0.004524 0.036361 0.999323
26.365127 142.221587 2.206220 0.577620 -0.003771 0.005102 0.035830 0.999338
26.465229 143.085792 2.274495 0.577239 -0.003691 0.004412 0.036306 0.999324
26.565102 143.962205 2.347336 0.583273 -0.003615 0.005326 0.035647 0.999344
26.665150 144.822729 2.414065 0.581223 -0.003828 0.005091 0.035916 0.999335
26.738814 145.473433 2.453751 0.580887 -0.004188 0.005277 0.035976 0.999330
26.865150 146.635395 2.552819 0.579175 -0.003790 0.005130 0.035394 0.999353
26.965272 147.454493 2.606626 0.579675 -0.003628 0.005086 0.035435 0.999352
27.065623 148.319487 2.675267 0.581675 -0.002683 0.004401 0.034870 0.999379
27.165824 149.213377 2.741713 0.586704 -0.002550 0.004557 0.035483 0.999357
27.265132 150.133490 2.816707 0.596739 -0.003237 0.004633 0.035653 0.999348
27.339391 150.809943 2.874677 0.603511 -0.004266 0.004408 0.035521 0.999350
27.465222 152.036411 2.972337 0.611002 -0.003739 0.004776 0.035624 0.999347
27.565230 152.906973 3.034000 0.603870 -0.003117 0.005830 0.035675 0.999342
27.665596 153.836859 3.113448 0.599423 -0.003432 0.006198 0.035691 0.999338
27.765176 154.741897 3.190845 0.606349 -0.004083 0.006682 0.035524 0.999338
27.865155 155.636719 3.256725 0.606059 -0.004096 0.007396 0.035552 0.999332
27.904535 155.974152 3.284559 0.602691 -0.004326 0.008213 0.035345 0.999332
28.036204 157.261874 3.393767 0.597356 -0.004842 0.008282 0.034971 0.999342
28.104086 157.868132 3.455786 0.594560 -0.004589 0.008277 0.036110 0.999303
28.203914 158.781704 3.534154 0.592734 -0.004531 0.007816 0.035758 0.999320
28.400246 160.613308 3.685152 0.589097 -0.004322 0.007244 0.036566 0.999296
28.499873 161.444015 3.756926 0.577042 -0.003903 0.006102 0.039279 0.999202
28.599773 162.275401 3.818781 0.573697 -0.003564 0.006787 0.037855 0.999254
28.699350 163.100951 3.890585 0.573103 -0.003873 0.006096 0.038209 0.999244
28.799125 163.922630 3.959065 0.570869 -0.003511 0.006376 0.038540 0.999231
28.899099 164.735294 4.022172 0.575692 -0.003984 0.007180 0.038510 0.999224
28.999025 165.511606 4.102798 0.571967 -0.004095 0.008034 0.038914 0.999202
29.099424 166.280216 4.175174 0.563917 -0.004504 0.008224 0.039005 0.999195
29.200296 167.068494 4.243433 0.561205 -0.004265 0.008581 0.039206 0.999185
29.265228 167.558713 4.287761 0.563612 -0.004651 0.008891 0.039623 0.999164
29.365176 168.345121 4.355587 0.561238 -0.005550 0.009284 0.039505 0.999161
29.465746 169.101984 4.416978 0.555712 -0.003864 0.008481 0.040151 0.999150
29.510746 169.435335 4.451202 0.551024 -0.004332 0.008761 0.039628 0.999167
29.610645 170.287303 4.517297 0.544072 -0.004433 0.008524 0.039108 0.999189
29.710670 171.052238 4.574143 0.539264 -0.004255 0.009321 0.039517 0.999166
29.810922 171.808092 4.634919 0.533702 -0.004206 0.009603 0.040175 0.999138
29.945849 172.855262 4.730245 0.533265 -0.003656 0.010194 0.040193 0.999133
30.001698 173.252522 4.772085 0.526036 -0.003804 0.009993 0.040793 0.999110
30.199920 174.771267 4.916079 0.513052 -0.003865 0.010016 0.039956 0.999144
30.299521 175.449204 4.970536 0.508157 -0.004247 0.009263 0.039782 0.999156
30.335806 175.683968 4.996644 0.507268 -0.004401 0.009879 0.039959 0.999143
30.410462 176.217449 5.051392 0.511032 -0.003827 0.010720 0.039759 0.999144
30.510637 176.911147 5.115882 0.506364 -0.004223 0.010812 0.039696 0.999144
30.610669 177.628064 5.183080 0.493325 -0.003383 0.010420 0.039399 0.999164
30.765250 178.731438 5.290670 0.475714 -0.005048 0.009244 0.038289 0.999211
30.865249 179.378854 5.335798 0.470900 -0.004187 0.009575 0.040560 0.999122
30.965149 180.024315 5.382017 0.468084 -0.004122 0.009207 0.041369 0.999093
31.045902 180.522975 5.415368 0.467861 -0.003654 0.009397 0.041431 0.999091
31.166418 181.282987 5.486040 0.469687 -0.003931 0.009291 0.039666 0.999162
31.240870 181.731299 5.532334 0.461021 -0.003868 0.009038 0.040222 0.999142
31.365274 182.527523 5.611928 0.457500 -0.003397 0.009287 0.039731 0.999161
31.465123 183.137182 5.659343 0.455977 -0.003722 0.009032 0.040608 0.999127
31.565100 183.744713 5.713925 0.454820 -0.003753 0.008980 0.040181 0.999145
31.665521 184.353858 5.756302 0.447078 -0.003536 0.008944 0.040233 0.999144
31.766444 184.952934 5.813083 0.435616 -0.003139 0.009355 0.040160 0.999145
31.865673 185.543493 5.871612 0.429307 -0.002755 0.008985 0.040058 0.999153
31.965093 186.132227 5.929738 0.426008 -0.002777 0.008710 0.039551 0.999176
32.065572 186.711558 5.980844 0.423647 -0.003632 0.008883 0.039726 0.999165
32.165201 187.296560 6.029626 0.421209 -0.003125 0.008962 0.039388 0.999179
32.265142 187.877403 6.085466 0.425510 -0.003180 0.008965 0.039495 0.999174
32.365649 188.456900 6.133200 0.417477 -0.003661 0.009498 0.039517 0.999167
32.469637 189.064925 6.193645 0.406605 -0.004166 0.009455 0.039117 0.999181
32.564996 189.606738 6.235594 0.403783 -0.005390 0.009478 0.040254 0.999130
32.665523 190.192929 6.292998 0.401673 -0.005939 0.009244 0.040626 0.999114
32.765148 190.760697 6.346202 0.394277 -0.005958 0.009305 0.040731 0.999109
32.865672 191.335573 6.402723 0.389091 -0.006156 0.009555 0.041103 0.999090
32.965471 191.899327 6.447955 0.380693 -0.007240 0.009875 0.041276 0.999073
33.065268 192.456361 6.482377 0.366601 -0.009781 0.009870 0.041810 0.999029
33.165794 193.031013 6.535266 0.367250 -0.008010 0.009055 0.041434 0.999068
33.269167 193.621308 6.594009 0.363706 -0.007851 0.010057 0.042552 0.999013
33.365190 194.147345 6.638880 0.357969 -0.008212 0.009730 0.042453 0.999017
33.468984 194.737911 6.696498 0.357103 -0.006719 0.009585 0.043190 0.998998
33.569010 195.295375 6.743081 0.348566 -0.007242 0.009882 0.043673 0.998971
33.668983 195.857183 6.800680 0.343350 -0.007681 0.009583 0.043538 0.998976
33.712018 196.086832 6.817114 0.339635 -0.008811 0.009190 0.042776 0.999004
33.812116 196.698544 6.885702 0.335716 -0.007649 0.009257 0.043469 0.998983
33.945899 197.493767 6.966262 0.323527 -0.008789 0.009353 0.043501 0.998971
34.045873 198.026757 7.013758 0.320448 -0.005868 0.008957 0.044129 0.998968
34.112112 198.392029 7.044761 0.317574 -0.005015 0.008777 0.044370 0.998964
34.212136 198.979607 7.097328 0.321617 -0.004522 0.009093 0.044287 0.998967
34.312211 199.565576 7.161335 0.315142 -0.003445 0.008981 0.044762 0.998951
34.412117 200.142430 7.219073 0.310940 -0.004523 0.008376 0.044718 0.998954
34.512065 200.722820 7.270216 0.311570 -0.004655 0.008455 0.044965 0.998942
34.612065 201.287919 7.321751 0.310025 -0.003497 0.008584 0.045049 0.998942
34.773027 202.196606 7.411918 0.310083 -0.003063 0.008766 0.046115 0.998893
34.812114 202.349045 7.421155 0.303633 -0.003109 0.008023 0.046119 0.998899
34.968911 203.230282 7.508401 0.301946 -0.002205 0.008272 0.046193 0.998896
35.074641 203.817285 7.572480 0.298591 -0.002148 0.008194 0.046615 0.998877
35.145339 204.188123 7.615906 0.294733 -0.002653 0.007644 0.046576 0.998882
35.210787 204.560452 7.653400 0.294136 -0.002271 0.008030 0.046524 0.998882
35.338818 205.326396 7.731048 0.292654 -0.002095 0.008231 0.047136 0.998852
35.412111 205.768069 7.776229 0.288965 -0.002324 0.008397 0.047485 0.998834
35.592741 206.907921 7.888072 0.280229 -0.002378 0.007979 0.048057 0.998810
35.695213 207.504649 7.954879 0.274328 -0.001829 0.007616 0.048731 0.998781
35.792021 208.072818 8.015394 0.263530 -0.001792 0.007710 0.049286 0.998753
35.891451 208.655272 8.082730 0.258073 -0.001716 0.007305 0.049794 0.998731
35.969558 209.116217 8.127768 0.253775 -0.002049 0.006985 0.049481 0.998749
36.089928 209.844979 8.200713 0.248445 -0.002222 0.007332 0.049693 0.998735
36.193193 210.447847 8.275244 0.240057 -0.002612 0.006749 0.050041 0.998721
36.292646 211.039930 8.336340 0.234719 -0.002346 0.006861 0.049742 0.998736
36.390930 211.671842 8.406094 0.228857 -0.004162 0.006035 0.048614 0.998791
36.469158 212.188800 8.461216 0.222915 -0.003287 0.006424 0.049347 0.998756
36.567763 212.898814 8.548466 0.215601 -0.003061 0.007100 0.049119 0.998763
36.667639 213.606314 8.624475 0.209844 -0.003499 0.007378 0.049768 0.998727
36.711218 213.927838 8.664159 0.206238 -0.002801 0.007452 0.049365 0.998749
36.868938 215.204600 8.810786 0.197082 -0.003900 0.008278 0.047929 0.998809
36.968962 215.947052 8.889568 0.177395 -0.004259 0.007098 0.049445 0.998743
37.010156 216.245237 8.922051 0.181882 -0.003593 0.006992 0.049404 0.998748
37.110054 217.064161 9.013858 0.176197 -0.003631 0.007832 0.048364 0.998792
37.210205 217.866615 9.112087 0.165047 -0.003613 0.007492 0.048243 0.998801
37.310201 218.659054 9.176999 0.156410 -0.003809 0.007252 0.047632 0.998831
37.410251 219.470861 9.263115 0.146907 -0.004041 0.006952 0.047717 0.998829
37.510252 220.283150 9.335500 0.138044 -0.003569 0.007217 0.047962 0.998817
37.610354 221.096860 9.417456 0.132273 -0.003790 0.007483 0.047372 0.998842
37.710401 221.933050 9.503902 0.128659 -0.003974 0.007976 0.047343 0.998839
37.810349 222.747516 9.598254 0.121000 -0.003792 0.008641 0.047646 0.998820
37.999749 224.285701 9.754191 0.109967 -0.003920 0.009493 0.048044 0.998792
38.099698 225.025504 9.840271 0.094024 -0.003434 0.009376 0.048586 0.998769
38.199674 225.795297 9.929049 0.088126 -0.003332 0.009642 0.049320 0.998731
38.299673 226.558943 10.017601 0.083900 -0.003328 0.009544 0.049446 0.998726
38.399623 227.318651 10.096960 0.079143 -0.003485 0.009416 0.049892 0.998704
38.499423 228.074888 10.175377 0.068507 -0.003320 0.009208 0.050349 0.998684
38.599149 228.838881 10.250604 0.062407 -0.003378 0.008853 0.050329 0.998688
38.699574 229.622980 10.338053 0.052425 -0.003319 0.008664 0.051315 0.998639
38.800322 230.415749 10.422017 0.043776 -0.003218 0.008747 0.051230 0.998643
38.810781 230.504092 10.433091 0.041666 -0.003078 0.008613 0.051130 0.998650
38.938646 231.604439 10.546734 0.030730 -0.002838 0.008822 0.051599 0.998625
39.040866 232.492122 10.633440 0.020389 -0.003118 0.008815 0.051726 0.998618
39.169138 233.585636 10.753014 0.009510 -0.002549 0.008068 0.052335 0.998594
39.267210 234.422770 10.853311 -0.002301 -0.002824 0.007744 0.052987 0.998561
39.366792 235.285280 10.968657 -0.013793 -0.001965 0.008040 0.053496 0.998534
39.467162 236.181564 11.072010 -0.017115 -0.002485 0.008091 0.053592 0.998527
39.566663 237.068421 11.169400 -0.027312 -0.002644 0.007827 0.054356 0.998487
39.667710 237.977940 11.286452 -0.039292 -0.002935 0.008121 0.054955 0.998451
39.767143 238.893948 11.386651 -0.050107 -0.002586 0.008720 0.056201 0.998378
39.869339 239.834385 11.498425 -0.054616 -0.002750 0.009255 0.056892 0.998334
39.966665 240.732957 11.600943 -0.066276 -0.002487 0.009447 0.057691 0.998287
40.066673 241.683430 11.724180 -0.081179 -0.002398 0.009948 0.058284 0.998248
40.166840 242.615635 11.852379 -0.097071 -0.002418 0.010440 0.059040 0.998198
40.267011 243.565120 11.977542 -0.105191 -0.002334 0.010753 0.059693 0.998156
40.367145 244.507209 12.106492 -0.114758 -0.002596 0.010662 0.060234 0.998124
40.410667 244.925047 12.164076 -0.121674 -0.002148 0.010184 0.060273 0.998128
40.510868 245.995000 12.321041 -0.139345 -0.001519 0.010430 0.061589 0.998046
40.667260 247.560390 12.527806 -0.159139 -0.002125 0.011166 0.062011 0.998011
40.769034 248.581251 12.650618 -0.177134 -0.001826 0.011126 0.062747 0.997966
40.812113 248.988082 12.713693 -0.178215 -0.001873 0.011131 0.062641 0.997972
40.910657 249.987286 12.849946 -0.190654 -0.001921 0.011374 0.062664 0.997968
41.010779 250.996924 12.987982 -0.204596 -0.001926 0.011047 0.063469 0.997921
41.183741 252.774319 13.235790 -0.231471 -0.001376 0.010700 0.063569 0.997919
41.279829 253.717022 13.350665 -0.245779 -0.001232 0.010209 0.063739 0.997914
41.338648 254.286404 13.424583 -0.251023 -0.001555 0.010464 0.063760 0.997909
41.473048 255.654373 13.601318 -0.257246 -0.002089 0.010200 0.063428 0.997932
41.507437 255.984386 13.655172 -0.266457 -0.002166 0.009707 0.063824 0.997912
41.608781 257.065933 13.810569 -0.284831 -0.001474 0.008480 0.062425 0.998013
41.707013 258.097547 13.940990 -0.299574 -0.001274 0.009260 0.062361 0.998010
41.806339 259.151214 14.078659 -0.312642 -0.001890 0.010764 0.061485 0.998048
41.906467 260.216742 14.222687 -0.323019 -0.001176 0.011926 0.061248 0.998051
42.006338 261.276430 14.349981 -0.336173 -0.000981 0.011703 0.060348 0.998108
42.106490 262.338020 14.478796 -0.355949 -0.000733 0.011236 0.059927 0.998139
42.206390 263.394863 14.611967 -0.373944 -0.000181 0.010695 0.059843 0.998151
42.306440 264.451120 14.748639 -0.391757 -0.000195 0.010091 0.058896 0.998213
42.406511 265.529637 14.888000 -0.406741 0.000409 0.009598 0.058144 0.998262
