1.300873 -0.000352 0.006234 0.001277 0.000249 0.000128 0.000156 1.000000
1.400735 0.246955 0.014350 0.001480 0.000521 0.000056 0.000611 1.000000
1.501000 0.436200 0.011978 0.005968 0.000336 -0.000184 0.000540 1.000000
1.600720 0.442182 0.014730 0.005677 0.000388 -0.000176 0.000532 1.000000
1.700721 0.993741 0.028736 0.010971 -0.000188 0.000022 0.000678 1.000000
1.800861 1.149565 0.025525 0.011207 -0.000303 0.000153 0.000824 1.000000
1.901000 1.296962 0.017928 0.011720 -0.000137 0.000026 0.000821 1.000000
2.000861 1.305082 0.020007 0.011722 -0.000135 0.000011 0.000785 1.000000
2.100860 1.824535 0.022249 0.014017 0.000070 -0.000229 0.000679 1.000000
2.201000 1.997766 0.030061 0.017908 -0.000103 -0.000037 0.000926 1.000000
2.300864 2.007064 0.032729 0.017933 -0.000077 -0.000050 0.000876 1.000000
2.400590 2.538931 0.043336 0.031641 0.000006 -0.000226 0.000537 1.000000
2.500729 2.736059 0.036245 0.030553 -0.000119 0.000062 0.000718 1.000000
2.601000 2.920650 0.024481 0.029776 -0.000483 0.000269 0.000644 1.000000
2.700739 2.934247 0.027232 0.029900 -0.000435 0.000282 0.000652 1.000000
2.800750 3.482220 0.025346 0.029582 -0.000825 -0.000043 0.000635 0.999999
2.901000 3.629152 0.038190 0.034550 -0.000799 0.000371 0.000404 1.000000
3.000623 3.630542 0.035365 0.035570 -0.000827 0.000403 0.000418 0.999999
3.100747 4.120599 0.047922 0.050134 -0.000480 0.000222 0.000230 1.000000
3.200876 4.301968 0.046339 0.047242 -0.000427 0.000214 0.000044 1.000000
3.301000 4.489645 0.042741 0.045188 -0.000543 0.000357 0.000143 1.000000
3.400613 4.498823 0.042234 0.045255 -0.000522 0.000381 0.000127 1.000000
3.501000 4.897481 0.040666 0.044715 -0.000783 -0.000475 0.000125 1.000000
3.600873 4.912427 0.043804 0.044974 -0.000748 -0.000455 0.000202 1.000000
3.700751 5.514979 0.055882 0.049764 -0.000471 -0.001535 0.000110 0.999999
3.800874 5.755545 0.060057 0.054032 -0.000525 -0.001121 0.000344 0.999999
3.900876 5.978797 0.064382 0.057569 -0.000535 -0.001061 0.000398 0.999999
4.000875 6.207042 0.063207 0.059547 -0.000548 -0.001260 0.000505 0.999999
4.101000 6.431567 0.066723 0.059657 -0.000471 -0.001563 0.000964 0.999998
4.200753 6.433760 0.065437 0.060401 -0.000469 -0.001552 0.001004 0.999998
4.300625 7.121205 0.079928 0.062955 -0.000480 -0.001820 0.002271 0.999996
4.400628 7.385704 0.075980 0.067404 -0.000846 -0.001857 0.002288 0.999995
4.501000 7.658190 0.087596 0.069890 -0.000656 -0.002213 0.002647 0.999994
4.601000 7.946870 0.088725 0.072700 -0.000660 -0.002292 0.003144 0.999992
4.700759 7.950138 0.089690 0.073200 -0.000649 -0.002294 0.003131 0.999992
4.800877 8.760397 0.104782 0.080202 -0.000785 -0.002740 0.003945 0.999988
4.901000 9.077100 0.114616 0.077321 -0.000630 -0.002548 0.003612 0.999990
5.000879 9.082935 0.112541 0.079225 -0.000640 -0.002540 0.003681 0.999990
5.100643 9.948519 0.132052 0.085951 -0.000534 -0.002854 0.003741 0.999989
5.201000 10.287257 0.134869 0.092396 -0.001005 -0.002624 0.003671 0.999989
5.300877 10.288704 0.135273 0.093749 -0.000974 -0.002626 0.003771 0.999989
5.400878 11.202350 0.149446 0.111510 -0.000598 -0.003001 0.003872 0.999988
5.500600 11.559557 0.141290 0.109516 -0.000676 -0.003126 0.003556 0.999989
5.601000 11.957387 0.143565 0.107874 -0.000763 -0.002923 0.003859 0.999988
5.700762 11.953259 0.145439 0.108114 -0.000737 -0.002926 0.003829 0.999988
5.800753 12.976393 0.172054 0.109453 -0.001262 -0.003369 0.004024 0.999985
5.901000 13.445530 0.173639 0.120487 -0.000974 -0.003294 0.003666 0.999987
6.000879 13.449502 0.176515 0.121711 -0.000937 -0.003281 0.003705 0.999987
6.100762 14.557004 0.202823 0.149323 -0.000593 -0.002633 0.003891 0.999989
6.200657 15.043695 0.207422 0.148038 -0.001000 -0.002612 0.003780 0.999989
6.300876 15.529234 0.202183 0.145554 -0.001205 -0.002563 0.003478 0.999990
6.401000 16.045476 0.213332 0.148820 -0.001483 -0.001178 0.003371 0.999993
6.501000 16.558895 0.223429 0.156914 -0.001223 0.000052 0.003390 0.999994
6.576000 16.557891 0.226596 0.157283 -0.001153 0.000095 0.003384 0.999994
6.701000 17.585803 0.234237 0.169783 -0.001200 0.001760 0.003536 0.999991
6.789889 17.592646 0.238833 0.170462 -0.001054 0.001863 0.003571 0.999991
6.889889 18.718568 0.262347 0.174391 -0.001195 0.002594 0.004068 0.999988
6.981000 19.245407 0.269228 0.176115 -0.001154 0.002037 0.004273 0.999988
7.101000 19.890401 0.282648 0.179851 -0.001007 0.002115 0.004352 0.999988
7.201000 20.421507 0.291456 0.185896 -0.000887 0.002250 0.004247 0.999988
7.301000 20.947931 0.300835 0.191169 -0.001189 0.002539 0.004416 0.999986
7.401000 21.437069 0.315221 0.191622 -0.001293 0.002509 0.004864 0.999984
7.458143 21.436719 0.314491 0.191978 -0.001278 0.002555 0.004872 0.999984
7.600812 22.561218 0.335325 0.194365 -0.001094 0.002349 0.004580 0.999986
7.700810 23.106132 0.338149 0.194821 -0.001321 0.002831 0.004849 0.999983
7.801000 23.596522 0.343921 0.200859 -0.001457 0.002665 0.005111 0.999982
7.901000 24.082316 0.352810 0.209079 -0.001430 0.002689 0.005246 0.999982
8.001000 24.555166 0.362119 0.215277 -0.001722 0.002843 0.005288 0.999980
8.100829 24.551542 0.361331 0.216176 -0.001759 0.002837 0.005298 0.999980
8.200842 25.607809 0.367699 0.221770 -0.001466 0.002015 0.005558 0.999981
8.301000 26.074731 0.381087 0.215862 -0.001528 0.001897 0.005763 0.999980
8.400859 26.068503 0.382117 0.216818 -0.001501 0.001917 0.005782 0.999980
8.501000 26.980603 0.401143 0.215482 -0.001398 0.001573 0.005892 0.999980
8.600602 26.982342 0.401332 0.217750 -0.001359 0.001582 0.005935 0.999980
8.701000 27.923450 0.432582 0.230785 -0.001508 0.001733 0.005810 0.999980
8.801000 28.405154 0.445416 0.237416 -0.001575 0.001653 0.005730 0.999981
8.900634 28.408524 0.442100 0.238271 -0.001621 0.001686 0.005679 0.999981
9.001000 29.374196 0.437674 0.246071 -0.001526 0.001230 0.005344 0.999984
9.100643 29.384072 0.442605 0.247018 -0.001500 0.001271 0.005406 0.999983
9.200879 30.514231 0.433536 0.257057 -0.001996 0.001207 0.005193 0.999984
9.300879 31.023750 0.458479 0.256000 -0.001750 0.001394 0.005289 0.999984
9.400878 31.485385 0.495309 0.258660 -0.001857 0.001730 0.005223 0.999983
9.501000 31.942732 0.504289 0.262624 -0.001909 0.001885 0.005052 0.999984
9.601000 32.370839 0.505177 0.268976 -0.001635 0.001749 0.005053 0.999984
9.700635 32.371594 0.510094 0.269046 -0.001552 0.001843 0.005011 0.999985
9.800736 33.314013 0.526888 0.277086 -0.001268 0.001920 0.004760 0.999986
9.900590 33.664193 0.523712 0.273193 -0.001754 0.001724 0.004940 0.999985
10.001000 34.039919 0.529712 0.273942 -0.001605 0.001920 0.004531 0.999987
10.101000 34.447261 0.536697 0.279881 -0.001721 0.002147 0.004699 0.999985
10.200654 34.447906 0.543098 0.280236 -0.001677 0.002183 0.004752 0.999985
10.300823 35.285935 0.554233 0.294299 -0.001021 0.002456 0.004668 0.999986
10.400416 35.660294 0.545861 0.295448 -0.001267 0.002613 0.004493 0.999986
10.501000 36.003472 0.570387 0.289663 -0.001359 0.002754 0.005192 0.999982
10.601000 36.337291 0.592754 0.290058 -0.001243 0.002521 0.005179 0.999983
10.700476 36.338466 0.594879 0.290512 -0.001214 0.002562 0.005199 0.999982
10.801000 37.060888 0.607955 0.300324 -0.000955 0.002951 0.005817 0.999978
10.900685 37.069830 0.602762 0.301148 -0.000977 0.003003 0.005789 0.999978
11.000709 37.877278 0.610956 0.311015 -0.001100 0.003357 0.006994 0.999969
11.100869 38.202845 0.624145 0.302892 -0.000781 0.002880 0.006774 0.999973
11.201000 38.521886 0.649952 0.298695 -0.000846 0.003186 0.007155 0.999969
11.300638 38.514509 0.649534 0.299114 -0.000835 0.003243 0.007170 0.999969
11.401000 39.218238 0.659471 0.302368 -0.001186 0.003262 0.008491 0.999958
11.499883 39.220904 0.662141 0.304135 -0.001170 0.003296 0.008543 0.999957
11.591000 39.903639 0.688722 0.309449 -0.000576 0.003048 0.009088 0.999954
11.685615 40.213436 0.709804 0.309549 -0.000883 0.003304 0.009377 0.999950
11.794333 40.588901 0.699735 0.313838 -0.001247 0.003215 0.010039 0.999944
11.901000 40.939558 0.706401 0.310631 -0.000710 0.003199 0.009762 0.999947
11.989889 40.937232 0.701214 0.312262 -0.000794 0.003231 0.009804 0.999946
12.090474 41.666620 0.686533 0.314906 -0.001593 0.003427 0.010766 0.999935
12.195444 42.034271 0.713580 0.317334 -0.001620 0.003371 0.011048 0.999932
12.301000 42.381027 0.746997 0.322746 -0.001564 0.003585 0.011441 0.999927
12.385211 42.374553 0.746561 0.323246 -0.001590 0.003618 0.011436 0.999927
12.495737 43.164179 0.781042 0.332818 -0.002315 0.004220 0.011810 0.999919
12.596238 43.495614 0.779009 0.323006 -0.002122 0.003889 0.011658 0.999922
12.701000 43.813123 0.774215 0.321178 -0.002302 0.003396 0.011435 0.999926
12.788500 43.805871 0.774457 0.322102 -0.002295 0.003431 0.011490 0.999925
12.901000 44.433386 0.818870 0.328019 -0.002120 0.003937 0.011546 0.999923
12.976000 44.432743 0.813138 0.329305 -0.002185 0.003956 0.011496 0.999924
13.076000 45.018050 0.849053 0.332350 -0.002761 0.003568 0.011087 0.999928
13.167667 45.264240 0.855179 0.330430 -0.002656 0.003364 0.011228 0.999928
13.300791 45.666352 0.865493 0.333529 -0.002501 0.003427 0.010842 0.999932
13.400793 45.928037 0.872244 0.337525 -0.002470 0.003742 0.011033 0.999929
13.500570 46.201284 0.877968 0.345911 -0.002591 0.003684 0.010968 0.999930
13.600791 46.499064 0.877928 0.345952 -0.002897 0.003809 0.011103 0.999927
13.701000 46.784448 0.888288 0.339737 -0.002888 0.003860 0.010967 0.999928
13.800798 46.785628 0.891718 0.339780 -0.002813 0.003878 0.010984 0.999928
13.900598 47.407896 0.907123 0.332866 -0.002840 0.003196 0.011622 0.999923
14.001000 47.686421 0.911493 0.339449 -0.003179 0.003606 0.011729 0.999920
14.100609 47.680322 0.913662 0.339587 -0.003124 0.003659 0.011755 0.999919
14.200618 48.297435 0.906635 0.359698 -0.003156 0.003334 0.012164 0.999915
14.300632 48.548350 0.931400 0.357886 -0.003208 0.003234 0.011893 0.999919
14.400664 48.799626 0.949948 0.350724 -0.003328 0.003287 0.012055 0.999916
14.500489 49.035278 0.961675 0.347444 -0.003547 0.003027 0.012148 0.999915
14.600655 49.289096 0.966418 0.350908 -0.003451 0.002887 0.012125 0.999916
14.701000 49.550924 0.976800 0.357296 -0.003132 0.002699 0.012397 0.999915
14.800507 49.554495 0.977055 0.356795 -0.003099 0.002727 0.012361 0.999915
14.900464 50.130229 0.993783 0.363683 -0.003730 0.002501 0.011921 0.999919
15.000625 50.401794 1.001161 0.356539 -0.003450 0.002581 0.011908 0.999920
15.100812 50.658160 1.010256 0.352488 -0.003534 0.002538 0.011708 0.999922
15.200449 50.899504 1.023273 0.351299 -0.003222 0.002283 0.011735 0.999923
15.300477 51.188793 1.021928 0.359250 -0.003040 0.002048 0.011709 0.999925
15.400833 51.447667 1.012724 0.364807 -0.003034 0.002100 0.011832 0.999923
15.500688 51.715070 1.020490 0.365164 -0.003196 0.001966 0.011888 0.999922
15.600732 51.989215 1.027017 0.358856 -0.003621 0.001296 0.011896 0.999922
15.701000 52.286032 1.040868 0.358539 -0.002871 0.000147 0.011682 0.999928
15.800602 52.284768 1.044188 0.357881 -0.002798 0.000164 0.011664 0.999928
15.900862 52.921810 1.062263 0.366496 -0.002919 -0.000643 0.009067 0.999954
16.000582 53.221835 1.077580 0.373575 -0.003455 0.000486 0.008214 0.999960
16.100590 53.526155 1.097678 0.373057 -0.003947 0.001332 0.006609 0.999969
16.201000 53.829041 1.105287 0.365866 -0.003812 0.000975 0.004272 0.999983
16.300858 53.832453 1.106858 0.367864 -0.003863 0.000951 0.004179 0.999983
16.400574 54.547066 1.079742 0.367989 -0.002435 0.001495 -0.003242 0.999991
16.500861 54.883816 1.079543 0.377779 -0.002314 0.001705 -0.004001 0.999988
16.600709 55.214491 1.056328 0.383225 -0.002412 0.001451 -0.006424 0.999975
16.700605 55.553778 1.053782 0.372662 -0.002818 0.000431 -0.009352 0.999952
16.801000 55.909892 1.049288 0.364667 -0.003136 -0.000383 -0.012439 0.999918
16.901000 56.296010 1.029673 0.376571 -0.003231 0.000077 -0.015556 0.999874
17.000706 56.300065 1.034883 0.377253 -0.003256 0.000067 -0.015502 0.999875
17.100859 57.156466 0.937420 0.404725 -0.002021 0.001707 -0.024126 0.999705
17.200707 57.570778 0.927461 0.389648 -0.002572 0.000839 -0.024532 0.999695
17.301000 57.979820 0.918948 0.372007 -0.002484 0.000617 -0.027119 0.999629
17.400717 57.974021 0.923016 0.372086 -0.002495 0.000650 -0.027192 0.999627
17.500858 58.891579 0.840489 0.358575 -0.001507 0.000879 -0.036030 0.999349
17.600849 59.340052 0.821137 0.379477 -0.001988 0.000978 -0.036766 0.999321
17.701000 59.815914 0.790438 0.398626 -0.001893 0.000823 -0.039308 0.999225
17.801000 60.276362 0.732031 0.402085 -0.001883 0.000924 -0.042338 0.999101
17.900847 60.270415 0.742437 0.400299 -0.001711 0.000995 -0.042299 0.999103
18.000850 61.277393 0.539218 0.392830 -0.001710 0.001732 -0.051150 0.998688
18.100546 61.763692 0.489804 0.388994 -0.002028 0.001349 -0.051294 0.998681
18.200855 62.261225 0.444924 0.392722 -0.002193 0.001770 -0.053967 0.998539
18.300850 62.765957 0.375729 0.393998 -0.001548 0.001763 -0.056566 0.998396
18.401000 63.298317 0.308167 0.394278 -0.001099 0.001920 -0.058052 0.998311
18.501000 63.862164 0.225182 0.393236 -0.000784 0.002303 -0.058649 0.998276
18.600661 63.861938 0.225589 0.392922 -0.000733 0.002331 -0.058657 0.998275
18.700772 65.043493 -0.038781 0.381915 0.000413 0.002157 -0.060241 0.998181
18.800891 65.652234 -0.096476 0.382758 -0.000673 0.001829 -0.059329 0.998237
18.900687 66.268867 -0.126157 0.387612 -0.000534 0.001521 -0.058896 0.998263
19.000794 66.902836 -0.172724 0.389366 -0.000452 0.001431 -0.057751 0.998330
19.100787 67.540571 -0.237146 0.390366 -0.000306 0.001067 -0.057271 0.998358
19.201000 68.191958 -0.342994 0.392949 -0.000117 0.001547 -0.055997 0.998430
19.300898 68.193056 -0.347643 0.391335 -0.000089 0.001644 -0.055949 0.998432
19.401000 69.572750 -0.555415 0.394718 0.000219 0.001389 -0.052172 0.998637
19.501000 70.317196 -0.641068 0.396919 -0.000220 0.002249 -0.049967 0.998748
19.600674 70.321964 -0.637184 0.396771 -0.000133 0.002262 -0.049923 0.998751
19.700760 71.936161 -0.884221 0.394408 0.000483 0.004515 -0.045059 0.998974
19.801000 72.720081 -0.911938 0.401312 -0.000040 0.003591 -0.042816 0.999077
19.900859 72.723933 -0.899285 0.400952 0.000086 0.003741 -0.042828 0.999075
20.000849 74.382757 -0.971161 0.407716 0.000827 0.004520 -0.035691 0.999352
20.100830 75.140130 -1.001921 0.405348 0.000146 0.004077 -0.034473 0.999397
20.201000 75.871530 -1.023328 0.401314 0.000368 0.003983 -0.032101 0.999477
20.301000 76.583113 -1.058240 0.396444 0.000110 0.004121 -0.029013 0.999571
20.400483 76.572314 -1.057793 0.394779 0.000216 0.004152 -0.028998 0.999571
20.500559 78.105901 -1.155498 0.396189 0.000166 0.004040 -0.021186 0.999767
20.600572 78.809477 -1.197913 0.404384 0.000078 0.004312 -0.020593 0.999779
20.700584 79.485866 -1.213060 0.417036 -0.000644 0.004539 -0.018397 0.999820
20.800864 80.160676 -1.224312 0.423307 -0.000877 0.004548 -0.015706 0.999866
20.900608 80.826111 -1.243370 0.420463 -0.000527 0.004674 -0.013256 0.999901
21.000747 81.484023 -1.250533 0.415729 -0.000262 0.004816 -0.010747 0.999931
21.100638 82.151974 -1.263502 0.414754 -0.000261 0.004728 -0.008127 0.999956
21.201000 82.790830 -1.268432 0.415394 -0.000669 0.004735 -0.006116 0.999970
21.300629 82.789180 -1.269307 0.415430 -0.000720 0.004747 -0.006074 0.999970
21.400634 84.243888 -1.284847 0.417347 -0.000967 0.005516 -0.001299 0.999983
21.500755 84.913224 -1.283503 0.421803 -0.000945 0.005450 -0.000847 0.999984
21.601000 85.535601 -1.288008 0.426630 -0.000927 0.005427 -0.000217 0.999985
21.700766 85.530722 -1.285436 0.424730 -0.000905 0.005484 -0.000169 0.999985
21.801000 86.794229 -1.287384 0.425540 -0.001488 0.004564 0.001263 0.999988
21.900788 86.804344 -1.285261 0.423691 -0.001460 0.004626 0.001369 0.999987
22.000780 88.287769 -1.283374 0.411129 -0.000583 0.004681 0.003129 0.999984
22.101000 88.979926 -1.260279 0.415436 -0.000727 0.004341 0.003522 0.999984
22.201000 89.683227 -1.243181 0.418240 -0.000724 0.004271 0.003834 0.999983
22.300889 89.685262 -1.239628 0.416803 -0.000666 0.004312 0.003832 0.999983
22.401000 91.125553 -1.203433 0.409821 -0.000903 0.004336 0.005097 0.999977
22.500696 91.132762 -1.205165 0.406999 -0.000869 0.004400 0.005132 0.999977
22.600894 92.821509 -1.179077 0.395669 -0.001390 0.004600 0.006663 0.999966
22.700683 93.614875 -1.170519 0.399099 -0.001203 0.004241 0.006728 0.999968
22.800774 94.383513 -1.136829 0.402769 -0.001707 0.003877 0.008209 0.999957
22.901000 95.164082 -1.106211 0.403991 -0.001774 0.003756 0.008393 0.999956
23.001000 95.925948 -1.081140 0.400391 -0.001437 0.004010 0.008993 0.999950
23.101000 96.699235 -1.057783 0.395392 -0.001317 0.004048 0.009914 0.999942
23.200711 96.696291 -1.060269 0.394279 -0.001320 0.004095 0.009908 0.999942
23.301000 98.258486 -1.027059 0.392875 -0.001458 0.004261 0.011970 0.999918
23.401000 99.056657 -1.011452 0.398676 -0.001136 0.003959 0.013367 0.999902
23.500586 99.061814 -1.013932 0.397010 -0.001119 0.004035 0.013341 0.999902
23.601000 100.698232 -0.947537 0.393980 -0.000746 0.003771 0.015326 0.999875
23.700588 100.712582 -0.944436 0.391454 -0.000627 0.003884 0.015369 0.999874
23.800650 102.520068 -0.854240 0.368900 -0.000368 0.003616 0.017727 0.999836
23.901000 103.374815 -0.830698 0.372369 -0.001225 0.003840 0.017822 0.999833
24.000785 103.369159 -0.832319 0.373819 -0.001151 0.003905 0.017870 0.999832
24.101000 105.074756 -0.774783 0.384703 -0.001173 0.004431 0.019375 0.999802
24.200902 105.075400 -0.771555 0.382713 -0.001036 0.004493 0.019397 0.999801
24.301000 106.766068 -0.669459 0.377191 -0.000822 0.004559 0.021230 0.999764
24.400807 106.768327 -0.667640 0.377340 -0.000844 0.004656 0.021287 0.999762
24.500896 108.611477 -0.560294 0.369314 -0.001188 0.004549 0.023644 0.999709
24.593308 109.408076 -0.529648 0.362629 -0.000781 0.004316 0.024506 0.999690
24.689235 110.248730 -0.481112 0.359957 -0.000358 0.004415 0.025304 0.999670
24.784333 111.094696 -0.422946 0.355438 -0.000566 0.005247 0.026471 0.999636
24.901000 112.046663 -0.368161 0.353105 -0.000379 0.005415 0.026837 0.999625
25.101000 113.702711 -0.259517 0.348383 -0.000360 0.006088 0.027810 0.999595
25.176000 113.705856 -0.255743 0.350669 -0.000412 0.006118 0.027809 0.999594
25.300034 115.397386 -0.122569 0.356902 -0.001644 0.006673 0.028699 0.999564
25.501000 117.053273 -0.021761 0.340215 -0.001409 0.006532 0.028264 0.999578
25.599611 117.059874 -0.021883 0.341540 -0.001381 0.006533 0.028247 0.999579
25.698753 118.764011 0.069514 0.331068 -0.002315 0.005753 0.028193 0.999583
25.899485 120.437892 0.186063 0.319396 -0.001719 0.005983 0.028087 0.999586
26.000346 121.209915 0.256407 0.330434 -0.002541 0.005600 0.028108 0.999586
26.201000 122.779531 0.375933 0.331970 -0.002410 0.006156 0.027686 0.999595
26.300760 122.780606 0.374335 0.330110 -0.002399 0.006278 0.027754 0.999592
26.400669 124.383738 0.474126 0.324405 -0.003075 0.006347 0.028098 0.999580
26.600890 125.840546 0.550611 0.309340 -0.002416 0.006382 0.027612 0.999595
26.701000 126.549714 0.589718 0.311822 -0.002731 0.006133 0.027926 0.999587
26.800886 126.546368 0.592642 0.311379 -0.002817 0.006174 0.027928 0.999587
27.000519 128.775097 0.743127 0.313658 -0.003244 0.006110 0.027371 0.999601
27.100631 129.595009 0.790147 0.316974 -0.003277 0.007164 0.027349 0.999595
27.200811 130.441983 0.841850 0.320865 -0.003133 0.006812 0.027107 0.999604
27.301000 131.274780 0.890620 0.315153 -0.003777 0.006198 0.027024 0.999608
27.500588 133.019339 0.985495 0.294043 -0.003353 0.007368 0.027502 0.999589
27.600621 133.776760 1.029121 0.289817 -0.003304 0.008191 0.027166 0.999592
27.800705 135.343577 1.142801 0.278662 -0.002757 0.009435 0.027558 0.999572
27.900736 136.072525 1.204175 0.279425 -0.003138 0.010003 0.027100 0.999578
28.101000 137.560731 1.313776 0.274614 -0.003102 0.008817 0.027944 0.999566
28.200872 137.556430 1.306388 0.272736 -0.003035 0.008821 0.028010 0.999564
28.281000 138.905780 1.357861 0.272087 -0.003060 0.007695 0.028460 0.999561
28.401000 139.704152 1.405848 0.256743 -0.002785 0.008443 0.028273 0.999561
28.597000 141.198733 1.477945 0.242531 -0.003312 0.007241 0.028791 0.999554
28.691625 141.849857 1.528414 0.245628 -0.003158 0.008199 0.029304 0.999532
28.894939 143.220086 1.631367 0.243740 -0.003637 0.009563 0.029319 0.999518
29.001000 143.934103 1.686312 0.249150 -0.003394 0.009826 0.029448 0.999512
29.099411 143.938759 1.689303 0.247631 -0.003345 0.009858 0.029503 0.999510
29.300268 145.950897 1.841354 0.236788 -0.004405 0.010154 0.030751 0.999466
29.400509 146.641936 1.892962 0.228529 -0.004026 0.009289 0.030652 0.999479
29.500546 147.312918 1.926594 0.219234 -0.004658 0.009593 0.030817 0.999468
29.700802 148.696101 2.003297 0.203818 -0.003982 0.011014 0.031460 0.999436
29.800650 149.365217 2.038480 0.198820 -0.003867 0.011002 0.031879 0.999424
30.001000 150.716781 2.158113 0.188694 -0.003614 0.011059 0.031370 0.999440
30.079571 150.717418 2.158474 0.189143 -0.003578 0.011039 0.031245 0.999444
30.187957 152.076472 2.263066 0.167892 -0.003355 0.012054 0.032377 0.999397
30.401000 153.596389 2.354337 0.155441 -0.002895 0.012167 0.031772 0.999417
30.500703 153.604901 2.357932 0.157476 -0.002875 0.012128 0.031692 0.999420
30.601000 154.934092 2.427185 0.145815 -0.003008 0.011846 0.031822 0.999419
30.800718 156.248425 2.519352 0.139167 -0.002867 0.011343 0.031790 0.999426
30.901000 156.867271 2.583279 0.125047 -0.002565 0.011037 0.031792 0.999430
31.101000 158.111692 2.699069 0.110378 -0.003002 0.010667 0.031657 0.999437
31.200608 158.105922 2.699410 0.111160 -0.002944 0.010692 0.031628 0.999438
31.401000 159.909939 2.829351 0.096817 -0.002540 0.010422 0.031241 0.999454
31.500891 159.915368 2.827573 0.099563 -0.002575 0.010485 0.031412 0.999448
31.600775 161.177865 2.877937 0.103212 -0.002724 0.010871 0.032345 0.999414
31.700645 161.815369 2.913303 0.089277 -0.002159 0.011004 0.032178 0.999419
31.901000 163.033250 3.029305 0.067810 -0.002367 0.010415 0.032041 0.999429
32.001000 163.573889 3.075877 0.060719 -0.002357 0.010606 0.032147 0.999424
32.100583 163.570686 3.077974 0.063738 -0.002409 0.010598 0.032079 0.999426
32.301000 165.239883 3.187907 0.062874 -0.002491 0.010582 0.032708 0.999406
32.401000 165.749479 3.215598 0.062868 -0.002921 0.010509 0.032662 0.999407
32.501000 166.248719 3.243849 0.057899 -0.005325 0.010889 0.032807 0.999388
32.600738 166.248595 3.242619 0.057917 -0.005476 0.010945 0.032767 0.999388
32.700728 167.391078 3.334223 0.036408 -0.007263 0.011428 0.032592 0.999377
32.800744 167.945430 3.390152 0.022724 -0.005064 0.011252 0.033037 0.999378
32.901000 168.500122 3.428487 0.020561 -0.005689 0.011278 0.033235 0.999368
33.001000 169.058434 3.479733 0.024334 -0.005130 0.011218 0.034510 0.999328
33.101000 169.596736 3.515891 0.025126 -0.005203 0.011326 0.033989 0.999344
33.300604 170.770992 3.598374 0.016956 -0.007508 0.011188 0.034213 0.999324
33.401000 171.296940 3.634605 0.002680 -0.005589 0.010737 0.033866 0.999353
33.600846 172.469897 3.727646 -0.025845 -0.005697 0.011335 0.034718 0.999317
33.701000 173.036112 3.781398 -0.023855 -0.005776 0.010598 0.035513 0.999296
33.800859 173.041458 3.786839 -0.020610 -0.005535 0.010653 0.035390 0.999301
34.001000 174.696511 3.906651 -0.026792 -0.004866 0.010400 0.035209 0.999314
34.100700 174.702511 3.911086 -0.023986 -0.005222 0.010378 0.035228 0.999312
34.200832 175.860237 3.980507 -0.031380 -0.001782 0.009641 0.035365 0.999326
34.400841 176.989039 4.071062 -0.053234 -0.001792 0.009673 0.035895 0.999307
34.500841 177.527821 4.129513 -0.060611 -0.002792 0.009768 0.035828 0.999306
34.601000 178.046712 4.187714 -0.061614 -0.001936 0.009953 0.036144 0.999295
34.800711 179.215514 4.303027 -0.063384 -0.001306 0.010076 0.036888 0.999268
34.900868 179.729420 4.325262 -0.075389 -0.000747 0.009625 0.037219 0.999260
35.101000 180.786783 4.390174 -0.092567 -0.001340 0.009117 0.038159 0.999229
35.200903 180.780901 4.389443 -0.092259 -0.001301 0.009193 0.038064 0.999232
35.400775 182.409915 4.535511 -0.111028 -0.001301 0.009350 0.038845 0.999201
35.500879 182.980225 4.598656 -0.111516 -0.001355 0.008746 0.039463 0.999182
35.601000 183.570896 4.647485 -0.112194 -0.001045 0.008654 0.039479 0.999182
35.700688 183.576936 4.647048 -0.111823 -0.001050 0.008677 0.039478 0.999182
35.900638 185.437441 4.798163 -0.135204 -0.001508 0.008586 0.040298 0.999150
36.000620 186.096088 4.856953 -0.142698 -0.001944 0.008602 0.040832 0.999127
36.100563 186.762125 4.911971 -0.151732 -0.002037 0.007864 0.040839 0.999133
36.200592 187.442313 4.986324 -0.161914 -0.002016 0.007699 0.041111 0.999123
36.400874 188.781739 5.106686 -0.184044 -0.002484 0.008005 0.040516 0.999144
36.500597 189.479629 5.157485 -0.188275 -0.002379 0.008730 0.040151 0.999153
36.701000 190.895613 5.279562 -0.197606 -0.002975 0.008908 0.040032 0.999154
36.800816 190.898991 5.279563 -0.197928 -0.002941 0.008956 0.040034 0.999154
36.900555 192.511755 5.418053 -0.212854 -0.003407 0.008482 0.039319 0.999185
37.000406 193.310890 5.496879 -0.230483 -0.002779 0.008353 0.039596 0.999177
37.200506 194.927994 5.653460 -0.263028 -0.002989 0.008055 0.039237 0.999193
37.300556 195.705941 5.715108 -0.266872 -0.003002 0.008036 0.039040 0.999201
37.500888 197.254041 5.836180 -0.281344 -0.002898 0.008830 0.038795 0.999204
37.600660 198.010991 5.888803 -0.281791 -0.003266 0.009305 0.038736 0.999201
37.700772 198.778257 5.951002 -0.290837 -0.002729 0.009726 0.038997 0.999188
37.801000 199.536519 6.019973 -0.300709 -0.002818 0.010156 0.039098 0.999180
37.995118 201.146723 6.165591 -0.327058 -0.002396 0.011351 0.039450 0.999154
38.095444 201.965252 6.233956 -0.340931 -0.002745 0.011004 0.040106 0.999131
38.190474 202.742902 6.316469 -0.345983 -0.002621 0.010822 0.040711 0.999109
38.286714 203.530046 6.398653 -0.353871 -0.002236 0.010249 0.040664 0.999118
38.501000 205.283560 6.560369 -0.380271 -0.002240 0.009801 0.040931 0.999111
38.591476 205.286175 6.558785 -0.378129 -0.002304 0.009815 0.040980 0.999109
38.701000 206.926032 6.708054 -0.405654 -0.001819 0.010292 0.042170 0.999056
38.901000 208.565134 6.848039 -0.429399 -0.001558 0.009710 0.042725 0.999038
39.001000 209.405625 6.925526 -0.437400 -0.001615 0.009193 0.043372 0.999015
39.100607 209.409604 6.923627 -0.436558 -0.001631 0.009241 0.043373 0.999015
39.300648 211.995856 7.174008 -0.468391 -0.001145 0.009096 0.044469 0.998969
39.400891 212.900086 7.265391 -0.477382 -0.001592 0.009300 0.045259 0.998931
39.600779 214.728241 7.452361 -0.499168 -0.001568 0.009539 0.046167 0.998887
39.701000 215.672262 7.540263 -0.512506 -0.001480 0.010479 0.047314 0.998824
39.800885 215.678120 7.543338 -0.513107 -0.001451 0.010474 0.047369 0.998822
40.001000 218.519793 7.817919 -0.549552 -0.001541 0.010997 0.049172 0.998729
40.100884 218.523636 7.824180 -0.548459 -0.001478 0.011117 0.049246 0.998724
40.200769 220.565639 8.047481 -0.573293 -0.001873 0.011819 0.051357 0.998609
40.400846 222.585850 8.296426 -0.601760 -0.001242 0.010779 0.052639 0.998555
40.500700 223.563409 8.413842 -0.620811 -0.001045 0.011178 0.052728 0.998546
40.600659 224.502314 8.527092 -0.641297 -0.001312 0.012155 0.053496 0.998493
40.800714 226.378386 8.748714 -0.667987 -0.000927 0.012338 0.053412 0.998496
40.900872 227.329351 8.858386 -0.672375 -0.000978 0.012197 0.054131 0.998459
41.000883 228.283570 8.968557 -0.684617 -0.000437 0.011660 0.054108 0.998467
41.201000 230.242381 9.191048 -0.719443 -0.000770 0.011636 0.054075 0.998469
41.301000 231.253494 9.298531 -0.738279 -0.001229 0.011366 0.053725 0.998490
41.400897 231.258308 9.303639 -0.738338 -0.001172 0.011401 0.053756 0.998488
41.500899 233.392300 9.540655 -0.770124 -0.000542 0.008524 0.053062 0.998555
41.700774 235.482137 9.775877 -0.803869 -0.000773 0.010718 0.052329 0.998572
41.801000 236.497802 9.885679 -0.823074 -0.000688 0.012967 0.051692 0.998579
41.900884 236.495298 9.885229 -0.820896 -0.000673 0.013088 0.051768 0.998573
42.100905 239.514172 10.210493 -0.870022 0.000146 0.011376 0.049726 0.998698
42.201000 240.505782 10.306709 -0.881052 0.000962 0.010724 0.048780 0.998752
42.300865 240.511035 10.306702 -0.881353 0.000939 0.010752 0.048833 0.998749
42.500828 243.670211 10.639118 -0.928968 0.000871 0.009806 0.047231 0.998835
42.600842 244.803120 10.758444 -0.950440 0.000513 0.010139 0.047056 0.998841
42.801000 247.065457 10.988463 -0.995802 0.000723 0.011852 0.046304 0.998857
42.887667 247.065897 10.988793 -0.994326 0.000766 0.011917 0.046391 0.998852
42.976000 249.248335 11.184776 -1.030374 0.001148 0.011721 0.047646 0.998795
43.092176 250.727884 11.337874 -1.056776 0.000488 0.011182 0.048182 0.998776
43.300619 253.141602 11.595521 -1.103045 0.000100 0.011916 0.048835 0.998736
43.500864 255.425801 11.871716 -1.150695 -0.000259 0.011813 0.049446 0.998707
43.600718 256.567325 12.009391 -1.170911 -0.000680 0.011548 0.049334 0.998715
43.701000 257.755857 12.159380 -1.196184 0.000075 0.011621 0.049432 0.998710
43.799790 257.758721 12.160249 -1.196261 0.000151 0.011625 0.049422 0.998710
44.000514 261.410656 12.582849 -1.270444 0.000341 0.012552 0.050069 0.998667
44.101000 262.673294 12.696285 -1.296793 0.000611 0.011758 0.050808 0.998639
44.300862 265.348500 12.940398 -1.347249 0.001229 0.009682 0.052499 0.998573
44.401000 266.661982 13.091388 -1.367315 0.000126 0.011038 0.053087 0.998529
44.500742 266.661364 13.095334 -1.367960 0.000165 0.011022 0.053061 0.998530
44.697552 270.574739 13.573307 -1.439447 0.000738 0.012608 0.054893 0.998412
44.797552 271.949418 13.748626 -1.470275 0.001195 0.012717 0.055752 0.998363
44.997667 274.653827 14.091866 -1.529153 0.001747 0.012244 0.057005 0.998297
45.099851 276.036094 14.270052 -1.562448 0.002015 0.012689 0.057461 0.998265
45.198674 277.347640 14.424413 -1.589402 0.001762 0.012406 0.058509 0.998208
45.299795 278.733582 14.605611 -1.615796 0.001106 0.012262 0.059052 0.998179
45.501000 281.529659 14.964011 -1.670684 0.002050 0.013347 0.060736 0.998063
45.598143 281.529332 14.962194 -1.668659 0.001916 0.013422 0.060718 0.998063
45.801000 285.836765 15.543023 -1.766334 0.001406 0.014219 0.063556 0.997876
45.900597 285.840464 15.545725 -1.765908 0.001519 0.014312 0.063579 0.997873
46.101000 290.225112 16.158991 -1.869331 0.002521 0.013797 0.063997 0.997852
46.200869 290.228138 16.165023 -1.868875 0.002307 0.013913 0.063994 0.997851
46.300612 293.246333 16.581340 -1.935426 0.002111 0.015305 0.064775 0.997780
46.400623 294.705914 16.797410 -1.967074 0.001883 0.015298 0.064697 0.997786
46.600716 297.648007 17.188183 -2.029413 0.001146 0.015653 0.064876 0.997770
46.701000 299.105436 17.374796 -2.066172 0.001433 0.015777 0.065379 0.997735
46.900719 302.107686 17.760875 -2.139670 0.001714 0.017704 0.065812 0.997673
47.001000 303.573920 17.996508 -2.167164 0.001811 0.017691 0.066699 0.997615
47.100855 303.575014 17.999856 -2.166205 0.001856 0.017797 0.066760 0.997609
47.201000 306.479202 18.439387 -2.235626 0.002128 0.018303 0.067174 0.997571
47.400685 309.476533 18.853748 -2.315758 0.002695 0.017445 0.067550 0.997560
47.600842 312.438568 19.265930 -2.393815 0.002532 0.017163 0.068164 0.997523
47.700693 313.906057 19.470496 -2.425487 0.002103 0.017413 0.069040 0.997460
47.900690 316.798033 19.902560 -2.489029 0.002045 0.017643 0.069562 0.997419
48.001000 318.268466 20.135747 -2.523125 0.001659 0.017460 0.069663 0.997416
48.101000 319.745123 20.379296 -2.555978 0.001815 0.017455 0.070017 0.997391
48.300766 322.758308 20.838748 -2.628898 0.001789 0.018346 0.071059 0.997302
48.400762 324.235254 21.045292 -2.670158 0.002134 0.018284 0.071614 0.997263
48.500760 325.685749 21.272119 -2.713058 0.002166 0.018697 0.071662 0.997251
48.601000 327.125034 21.494068 -2.750146 0.003128 0.018327 0.072055 0.997227
48.800895 330.078101 21.931661 -2.815089 0.003037 0.017591 0.073366 0.997145
48.900793 331.514969 22.140881 -2.856497 0.002515 0.018621 0.073437 0.997123
49.101000 334.418595 22.591496 -2.944275 0.002544 0.019302 0.073495 0.997106
49.200775 334.417475 22.590646 -2.941045 0.002496 0.019398 0.073547 0.997100
49.301000 337.285780 23.047887 -3.020181 0.002446 0.018327 0.074547 0.997046
49.391000 337.286906 23.047560 -3.018538 0.002384 0.018375 0.074474 0.997051
49.601000 341.572053 23.712687 -3.123093 0.001930 0.018061 0.074929 0.997023
49.698143 341.569872 23.714072 -3.119791 0.001871 0.018102 0.074907 0.997024
49.900894 345.723027 24.375000 -3.212656 0.001314 0.020048 0.075364 0.996954
50.000790 347.109709 24.596675 -3.246772 0.001274 0.021003 0.075607 0.996916
50.201000 349.828874 25.045098 -3.324303 0.002373 0.019893 0.076452 0.996872
50.301000 351.196882 25.268343 -3.369577 0.002514 0.019247 0.077342 0.996816
50.388500 351.197020 25.274141 -3.369135 0.002516 0.019273 0.077329 0.996816
50.597875 355.280506 25.920061 -3.484990 0.006494 0.018949 0.078394 0.996721
50.695286 356.604893 26.142208 -3.514969 0.007848 0.019505 0.079121 0.996643
50.895872 359.279802 26.607583 -3.586988 0.006316 0.022223 0.079782 0.996545
50.996122 360.628534 26.855911 -3.625433 0.005465 0.022343 0.079464 0.996572
51.101000 362.006752 27.103041 -3.673123 0.006341 0.023081 0.079845 0.996520
51.295444 364.680177 27.526056 -3.766591 0.007562 0.021747 0.079992 0.996530
51.393308 365.951989 27.730449 -3.803394 0.007646 0.021971 0.081065 0.996437
51.493857 367.245294 27.935569 -3.831985 0.007246 0.022955 0.081654 0.996370
51.700872 369.803916 28.366035 -3.911493 0.007074 0.023265 0.082380 0.996304
51.801000 370.989197 28.594655 -3.954472 0.007160 0.022535 0.082797 0.996286
52.000838 373.431952 29.042607 -4.037295 0.007412 0.021120 0.083138 0.996287
52.101000 374.590184 29.231147 -4.069127 0.007142 0.022245 0.084065 0.996186
52.301000 376.847095 29.624363 -4.132176 0.007266 0.022948 0.084463 0.996136
52.401000 377.965506 29.829994 -4.165879 0.007018 0.022975 0.084996 0.996092
52.501000 379.084576 30.048831 -4.205464 0.006926 0.023378 0.085307 0.996056
52.600843 379.089506 30.051923 -4.205010 0.006909 0.023428 0.085273 0.996058
52.801000 382.393029 30.660993 -4.314430 0.006058 0.023805 0.085700 0.996018
52.900721 382.392649 30.660971 -4.314021 0.006013 0.023855 0.085673 0.996020
53.101000 385.615402 31.211763 -4.420225 0.006069 0.022859 0.085636 0.996046
53.201000 386.702296 31.409223 -4.453858 0.006264 0.022506 0.085886 0.996031
53.300743 386.705662 31.408006 -4.452259 0.006195 0.022545 0.085839 0.996035
53.500775 389.960004 31.993198 -4.565989 0.006269 0.023597 0.086570 0.995947
53.600659 391.038074 32.208512 -4.605440 0.006852 0.023556 0.086683 0.995934
53.700881 392.146862 32.401988 -4.641628 0.006840 0.023298 0.087276 0.995888
53.900637 394.348742 32.802286 -4.718609 0.006817 0.022938 0.088213 0.995814
54.000613 395.459518 33.012473 -4.752249 0.006685 0.022918 0.088787 0.995764
54.100629 396.556361 33.230797 -4.784649 0.006512 0.022839 0.089384 0.995714
54.300752 398.756137 33.653129 -4.857107 0.006321 0.023053 0.090259 0.995631
54.400751 399.869322 33.876518 -4.897409 0.006356 0.023105 0.090883 0.995573
54.501000 400.954104 34.088902 -4.931253 0.006280 0.023053 0.091527 0.995516
54.700760 403.230383 34.520806 -5.005082 0.006659 0.023805 0.092737 0.995384
54.800665 404.270395 34.715074 -5.037151 0.006872 0.024290 0.092897 0.995356
54.900777 405.256440 34.912364 -5.071039 0.006907 0.024639 0.093278 0.995311
55.101000 407.190509 35.273905 -5.139669 0.006755 0.024083 0.093860 0.995271
55.200623 407.185226 35.273921 -5.138113 0.006738 0.024152 0.093902 0.995266
55.300623 409.150912 35.657107 -5.200052 0.006349 0.022625 0.094834 0.995216
55.501000 411.036938 36.048326 -5.265922 0.006195 0.023794 0.095104 0.995164
55.601000 411.956402 36.245315 -5.299845 0.006013 0.023866 0.095526 0.995123
55.700867 411.955575 36.248986 -5.299722 0.006031 0.023902 0.095567 0.995118
55.900741 414.723703 36.812943 -5.405932 0.004654 0.023528 0.096049 0.995088
56.000870 415.621001 36.991002 -5.430741 0.003921 0.023678 0.095502 0.995140
56.200784 417.394661 37.330164 -5.489728 0.003400 0.024948 0.095417 0.995119
56.300896 418.247678 37.505617 -5.519492 0.002792 0.025383 0.095148 0.995135
56.400782 419.095125 37.706829 -5.551718 0.002512 0.025552 0.094861 0.995159
56.500673 419.945397 37.885371 -5.584347 0.002071 0.025494 0.094410 0.995205
56.700789 421.672849 38.225448 -5.651342 0.001496 0.023786 0.094436 0.995246
56.751000 422.134258 38.299837 -5.665142 0.001522 0.023517 0.094627 0.995234
56.901000 423.462836 38.558543 -5.707461 0.001195 0.023381 0.094620 0.995238
57.082250 425.294558 38.919110 -5.770570 0.000759 0.024376 0.094629 0.995214
57.201000 426.380561 39.144998 -5.814413 0.001276 0.024304 0.094869 0.995192
57.301000 427.248665 39.319711 -5.851281 0.001178 0.024021 0.095036 0.995183
57.400898 427.243311 39.324032 -5.850756 0.001204 0.024055 0.095058 0.995180
57.600695 429.831386 39.854039 -5.947433 0.001242 0.024787 0.095921 0.995080
57.700893 430.660537 40.025572 -5.973325 0.000946 0.024779 0.095864 0.995086
57.900889 432.309309 40.355172 -6.036111 0.001213 0.024986 0.096635 0.995006
58.000781 433.132445 40.518162 -6.071292 0.001000 0.025571 0.096383 0.995015
58.200888 434.803319 40.862907 -6.137611 0.001092 0.025691 0.096695 0.994982
58.300884 435.632171 41.039672 -6.170604 0.001009 0.025671 0.096694 0.994983
58.401000 436.466298 41.214970 -6.202620 0.001669 0.025994 0.096257 0.995016
58.600771 438.315478 41.579488 -6.278111 0.002939 0.027467 0.095832 0.995014
58.700747 439.156778 41.740191 -6.312919 0.003455 0.027098 0.095455 0.995059
58.800771 440.002973 41.905765 -6.349634 0.004638 0.026931 0.095452 0.995059
59.000641 441.690997 42.241101 -6.424028 0.005728 0.026330 0.094261 0.995183
59.100757 442.527412 42.394762 -6.456906 0.006873 0.026392 0.092953 0.995297
59.200751 443.396919 42.566855 -6.495102 0.007453 0.026271 0.091890 0.995395
59.400862 445.103826 42.867692 -6.567763 0.009419 0.026039 0.088872 0.995658
59.501000 445.984213 43.022371 -6.605157 0.011206 0.025979 0.087451 0.995767
59.701000 447.788634 43.351333 -6.679960 0.013036 0.026526 0.084387 0.995995
59.800640 447.786897 43.353772 -6.678751 0.013108 0.026607 0.084326 0.995997
59.900738 449.852242 43.709487 -6.772559 0.016698 0.026615 0.081079 0.996212
60.000717 450.827768 43.871435 -6.816329 0.016381 0.025951 0.080172 0.996309
60.200719 452.770567 44.185824 -6.907660 0.017212 0.027599 0.076399 0.996547
60.300872 453.721408 44.340656 -6.948236 0.018147 0.027761 0.074791 0.996647
60.501000 455.647876 44.652592 -7.033174 0.019341 0.025686 0.071595 0.996915
60.600570 455.654097 44.651463 -7.033142 0.019423 0.025695 0.071533 0.996918
60.700603 457.845841 44.995206 -7.135827 0.020675 0.025147 0.067834 0.997165
60.801000 458.871835 45.112633 -7.181453 0.021696 0.026028 0.064644 0.997333
61.001000 460.941021 45.357493 -7.275177 0.023939 0.026962 0.060747 0.997502
61.100901 460.937978 45.361707 -7.274842 0.024061 0.027047 0.060638 0.997503
61.301000 464.026835 45.720603 -7.419736 0.029852 0.028478 0.052001 0.997794
61.400882 464.024019 45.721038 -7.419997 0.029744 0.028538 0.051927 0.997800
61.500884 466.483834 45.916732 -7.548639 0.033400 0.029308 0.043851 0.998049
61.700673 468.943479 46.187354 -7.673212 0.031223 0.030209 0.037245 0.998361
61.800890 470.118074 46.279570 -7.734289 0.031395 0.030560 0.033265 0.998486
61.900654 471.293876 46.348472 -7.795495 0.031298 0.029639 0.028620 0.998661
62.001000 472.476515 46.411156 -7.861235 0.029923 0.029167 0.023898 0.998841
62.201000 474.907534 46.512064 -7.996133 0.029818 0.029061 0.014100 0.999033
62.300647 474.910201 46.511317 -7.995712 0.029794 0.029093 0.014070 0.999034
62.500756 478.663393 46.577939 -8.195941 0.032876 0.028469 -0.001964 0.999052
62.600879 479.972147 46.547491 -8.267151 0.034213 0.029019 -0.006998 0.998969
62.700885 481.274495 46.505711 -8.328982 0.036190 0.028822 -0.012768 0.998848
62.800875 482.596522 46.458612 -8.400540 0.037591 0.029195 -0.018237 0.998700
63.000845 485.255319 46.340267 -8.568940 0.039100 0.030718 -0.029121 0.998338
63.101000 486.639677 46.275154 -8.642029 0.039162 0.028339 -0.035470 0.998201
63.300425 489.606610 45.953851 -8.805419 0.041825 0.030376 -0.049353 0.997443
63.401000 491.041090 45.841464 -8.896530 0.040808 0.031840 -0.055822 0.997098
63.500718 491.036430 45.851932 -8.896010 0.040917 0.031878 -0.055903 0.997088
63.600841 493.958522 45.489238 -9.105510 0.042092 0.034116 -0.070500 0.996039
63.801000 496.836702 45.114310 -9.286941 0.041070 0.035248 -0.084571 0.994947
63.900614 496.826271 45.116614 -9.285879 0.041198 0.035295 -0.084596 0.994937
64.100796 501.043699 44.368567 -9.566968 0.041128 0.034366 -0.106843 0.992830
64.200885 502.412564 44.045617 -9.667268 0.041280 0.034797 -0.114238 0.991985
64.300872 503.768256 43.692144 -9.764443 0.041329 0.035555 -0.121697 0.991069
64.500687 506.530773 42.968762 -9.961217 0.041189 0.036380 -0.136580 0.989104
64.601000 507.953593 42.570803 -10.070264 0.041040 0.036226 -0.144431 0.988000
64.800523 510.843495 41.611932 -10.304018 0.042112 0.034710 -0.159687 0.985658
64.901000 512.268643 41.162267 -10.412401 0.041493 0.034939 -0.166767 0.984503
65.101000 515.088892 40.197367 -10.621533 0.041835 0.035058 -0.179602 0.982224
65.200598 515.085575 40.199378 -10.621213 0.041824 0.035059 -0.179709 0.982205
65.300867 517.901789 39.103869 -10.837276 0.040362 0.035835 -0.194020 0.979512
65.500735 520.645434 37.994103 -11.071816 0.039581 0.036738 -0.206362 0.976984
65.601000 521.963101 37.397627 -11.188876 0.039720 0.037473 -0.213267 0.975467
65.800761 524.589253 36.091385 -11.426789 0.040694 0.038280 -0.226173 0.972484
65.900751 525.871973 35.484521 -11.543403 0.039359 0.038594 -0.231708 0.971222
66.000595 527.149029 34.861995 -11.653621 0.039105 0.038158 -0.237814 0.969773
66.101000 528.422995 34.211322 -11.768726 0.037537 0.039019 -0.244367 0.968170
66.300495 530.958893 32.811534 -12.007467 0.034505 0.038998 -0.258836 0.964517
66.400530 532.246880 32.096983 -12.136405 0.033811 0.039115 -0.263128 0.963375
66.600609 534.773848 30.607368 -12.381980 0.032901 0.039786 -0.274963 0.960068
66.700828 536.029977 29.801414 -12.500675 0.032225 0.040937 -0.280178 0.958533
66.900711 538.521380 28.181261 -12.752245 0.030271 0.044400 -0.288636 0.955930
67.000595 539.757988 27.378712 -12.892919 0.030313 0.044230 -0.292332 0.954812
67.101000 540.974621 26.566283 -13.027006 0.029669 0.043939 -0.294415 0.954206
67.300781 543.491665 24.809384 -13.312881 0.027734 0.044101 -0.299435 0.952693
67.400874 544.724650 23.998356 -13.437597 0.026635 0.043098 -0.300133 0.952551
67.600588 547.132821 22.364225 -13.682897 0.026101 0.043615 -0.303085 0.951607
67.700683 548.326963 21.531735 -13.803735 0.026302 0.042482 -0.303763 0.951437
67.900690 550.701948 19.856773 -14.052225 0.023841 0.043403 -0.304531 0.951214
68.000597 551.884701 19.019563 -14.183007 0.021587 0.045429 -0.304633 0.951141
68.101000 553.045600 18.201523 -14.307118 0.020909 0.046277 -0.304072 0.951295
68.300871 555.441020 16.452911 -14.572797 0.019657 0.048131 -0.304441 0.951111
68.400732 556.637298 15.645847 -14.710436 0.019484 0.047374 -0.302958 0.951626
68.500708 557.842745 14.851530 -14.843362 0.018970 0.047375 -0.301521 0.952093
68.700618 560.263396 13.211264 -15.099657 0.017779 0.047640 -0.298223 0.953141
68.800876 561.452059 12.401253 -15.224283 0.016353 0.048619 -0.295904 0.953839
69.000658 563.791355 10.826646 -15.480971 0.016142 0.050353 -0.289782 0.955631
69.100764 564.967384 10.058712 -15.616580 0.016318 0.050041 -0.285815 0.956838
69.300691 567.329014 8.559844 -15.874715 0.013565 0.049270 -0.277468 0.959375
69.400793 568.542263 7.830132 -16.002975 0.013298 0.051250 -0.273380 0.960448
69.600803 570.982821 6.367418 -16.266298 0.013389 0.052059 -0.263676 0.963112
69.700721 572.205568 5.673926 -16.404727 0.013166 0.050614 -0.259196 0.964408
69.800711 573.459182 4.985434 -16.541113 0.011395 0.051111 -0.253797 0.965839
69.900807 574.726530 4.314454 -16.675958 0.010571 0.051620 -0.248824 0.967114
70.100729 577.257911 2.981507 -16.943539 0.008081 0.052466 -0.237101 0.970034
70.200798 578.531657 2.340949 -17.073524 0.007921 0.052579 -0.230801 0.971547
70.400890 581.081887 1.098190 -17.342050 0.008064 0.052153 -0.217039 0.974735
70.501000 582.382947 0.521904 -17.470891 0.008108 0.051947 -0.209425 0.976410
70.695595 585.087740 -0.573005 -17.745995 0.006293 0.053923 -0.193799 0.979538
70.793308 586.411293 -1.118836 -17.873806 0.005474 0.052292 -0.187957 0.980769
70.898500 587.782406 -1.657382 -18.010632 0.004560 0.052359 -0.180498 0.982170
71.098674 590.416994 -2.591275 -18.272938 0.002717 0.053046 -0.166103 0.984677
71.195286 591.678386 -2.983573 -18.398811 0.001240 0.052687 -0.158744 0.985912
71.384333 594.162511 -3.745589 -18.639237 0.000437 0.051782 -0.145864 0.987949
71.501000 595.722478 -4.178703 -18.784956 0.000477 0.051448 -0.137230 0.989202
71.700710 598.549733 -4.848976 -19.039348 0.002130 0.047528 -0.120643 0.991555
71.800717 599.903687 -5.206384 -19.157640 0.002013 0.047657 -0.111914 0.992572
72.001000 602.645835 -5.785814 -19.387024 0.001704 0.047275 -0.094720 0.994379
72.100851 602.643724 -5.790606 -19.386362 0.001664 0.047287 -0.094707 0.994380
72.200704 605.503458 -6.193516 -19.618883 0.001270 0.047154 -0.075996 0.995992
72.400854 608.278828 -6.580858 -19.846309 0.001194 0.046637 -0.057775 0.997239
72.501000 609.602746 -6.742218 -19.955191 0.001379 0.047098 -0.048326 0.997720
72.701000 612.241180 -6.931548 -20.163070 0.001823 0.047249 -0.029895 0.998434
72.801000 613.553266 -6.962495 -20.261458 0.002034 0.046498 -0.020987 0.998696
73.000853 616.272551 -6.875990 -20.462562 0.002355 0.045075 -0.001660 0.998979
73.100691 617.537589 -6.933636 -20.557481 0.002143 0.044884 0.006167 0.998971
