1.365171 0.006377061 0.002526390 -0.000535407 0.000016411 -0.000006043 0.000003977 1.000000000
1.465148 0.014440360 0.002920942 0.000158489 -0.000034949 -0.000013985 -0.000051549 0.999999998
1.565221 0.008766041 -0.001638006 -0.000399746 -0.000012263 -0.000022006 -0.000063823 0.999999998
1.665121 0.006936691 -0.002353527 -0.000055152 0.000028574 0.000018970 -0.000013112 0.999999999
1.765222 0.008244343 -0.002692699 -0.000226343 0.000033770 0.000031228 -0.000091497 0.999999995
1.865220 0.011765178 -0.007033737 -0.000446043 0.000016150 -0.000009396 -0.000113800 0.999999993
1.965147 0.012515792 -0.003889742 -0.001229732 -0.000019373 -0.000012402 -0.000085190 0.999999996
2.065075 0.012627809 -0.007225381 -0.000914295 -0.000017321 0.000049981 -0.000127451 0.999999990
2.165123 -0.029310097 -0.067858470 -0.000101310 -0.000005070 -0.000003505 0.000793229 0.999999685
2.265221 0.006959423 -0.013540514 -0.000503717 -0.000005887 0.000031541 0.000059462 0.999999998
2.365296 0.009185324 -0.014139342 -0.000118901 0.000014181 0.000033626 0.000060055 0.999999998
2.465077 0.014196585 -0.007317827 0.000236696 0.000008068 0.000001768 0.000000771 1.000000000
2.565125 0.015025368 0.001598846 0.000062678 -0.000000716 0.000019103 0.000139252 0.999999990
2.665225 0.018091842 0.008543081 0.000266714 0.000001752 0.000006230 0.000077313 0.999999997
2.765075 0.016022580 0.009884347 0.000216124 0.000030958 -0.000015964 0.000075428 0.999999997
2.865150 0.015923902 0.019136003 0.000405488 0.000055116 0.000017819 -0.000217506 0.999999975
2.965200 0.011567903 0.004802934 0.000233246 0.000024874 -0.000020850 0.000136886 0.999999990
3.065147 0.024399295 0.014302125 0.000089032 0.000009808 -0.000013280 -0.000308847 0.999999952
3.134137 0.031141900 0.024951766 0.001152342 0.000040072 -0.000027593 -0.000531380 0.999999858
3.265171 0.030042113 0.017737735 0.001329929 0.000029184 -0.000007768 -0.000355138 0.999999936
3.365250 0.030565493 0.013076375 -0.000093337 0.000019630 0.000005520 -0.000346443 0.999999940
3.465176 0.024220813 0.007851020 0.000864573 0.000030541 0.000002989 -0.000313377 0.999999950
3.565174 0.023327509 0.007562497 0.000239315 0.000016806 -0.000002820 -0.000316647 0.999999950
3.665221 0.021327189 0.005962739 0.000528641 0.000040272 0.000008578 -0.000357918 0.999999935
3.765075 0.022872390 0.006206942 0.000086355 0.000018551 0.000009641 -0.000380576 0.999999927
3.865150 0.022010115 0.009016794 -0.000014964 0.000002923 0.000009917 -0.000379391 0.999999928
3.965275 0.032920837 0.023166813 0.001112638 0.000067161 0.000001491 -0.000727528 0.999999733
4.065146 0.033053065 0.020504644 0.001220470 0.000075084 0.000019313 -0.000732692 0.999999729
4.165199 0.040014240 0.028188636 0.000823317 0.000058525 0.000008269 -0.000903308 0.999999590
4.265073 0.037207151 0.028374850 0.000064470 0.000035952 -0.000013051 -0.000910782 0.999999585
4.365198 0.045873134 0.045966599 0.000445620 0.000024873 -0.000015673 -0.001255871 0.999999211
4.465122 0.044426875 0.045929819 0.000501382 0.000026639 -0.000037573 -0.001256547 0.999999209
4.565225 0.037625271 0.035630434 0.000139178 0.000029807 -0.000012867 -0.000949892 0.999999548
4.635684 0.039514895 0.034031739 0.000429359 0.000038250 0.000012752 -0.001005187 0.999999494
4.765175 0.043886033 0.052655169 0.000425065 0.000059634 0.000068040 -0.001130798 0.999999357
4.865122 0.047046524 0.048861727 0.000130508 0.000019537 0.000013430 -0.001090103 0.999999406
4.965271 0.046203200 0.043960715 0.000991914 0.000022384 -0.000029590 -0.001016633 0.999999483
5.065096 0.032412896 0.020127145 0.000150430 0.000012691 -0.000013539 -0.000615758 0.999999810
5.165222 0.038861370 0.035205986 0.000202667 0.000033832 -0.000016475 -0.001000816 0.999999498
5.265200 0.042117149 0.037838841 0.000099321 -0.000006607 -0.000015439 -0.000978804 0.999999521
5.365124 0.037508383 0.026906984 0.000951106 0.000069531 -0.000033842 -0.000821511 0.999999660
5.465222 0.041644812 0.034773100 0.000353085 0.000031302 -0.000017715 -0.001068604 0.999999428
5.565220 0.044718608 0.035211594 0.000591003 0.000042796 -0.000020317 -0.001121938 0.999999370
5.665123 0.056035555 0.060735340 0.000889101 0.000040967 0.000000939 -0.001643297 0.999998649
5.765176 0.050516885 0.056256254 0.001174089 0.000076444 0.000009948 -0.001490492 0.999998886
5.865221 0.053074257 0.054976164 0.001654980 0.000051569 -0.000046897 -0.001505016 0.999998865
5.965171 0.051635445 0.052213157 0.000702900 0.000036679 -0.000023388 -0.001396072 0.999999025
6.065123 0.051123498 0.051883807 0.000950932 0.000019935 -0.000000899 -0.001461231 0.999998932
6.165225 0.050151855 0.047657824 0.001160438 0.000064027 -0.000022738 -0.001397664 0.999999021
6.265100 0.050930146 0.052033348 0.000911171 0.000034199 -0.000014764 -0.001343479 0.999999097
6.365097 0.048056624 0.050795063 0.001082660 0.000043883 -0.000013617 -0.001352890 0.999999084
6.465248 0.045259271 0.042413968 0.000520178 0.000040885 0.000003537 -0.001028170 0.999999471
6.565098 0.048984640 0.040362604 0.001330596 0.000055756 -0.000050409 -0.001158945 0.999999326
6.665220 0.043046464 0.030308601 0.001024071 0.000088505 -0.000009667 -0.000882748 0.999999606
6.765175 0.038810834 0.029179605 0.000787262 0.000028849 -0.000007499 -0.000893527 0.999999600
6.865221 0.038204154 0.022626225 0.000414051 0.000015156 -0.000010519 -0.000692879 0.999999760
6.965101 0.034789862 0.023743756 0.000096974 0.000055269 0.000006149 -0.000644000 0.999999791
7.065200 0.035188796 0.025964244 0.000188107 0.000039332 0.000022914 -0.000733023 0.999999730
7.165099 0.034187985 0.029266220 0.000286295 0.000025243 0.000016503 -0.000782415 0.999999693
7.265075 0.041361575 0.039391811 0.000883264 0.000033462 0.000035326 -0.001225649 0.999999248
7.365220 0.054617168 0.057402565 0.001771231 0.000121213 -0.000002014 -0.001538800 0.999998809
7.465124 0.044709836 0.038620912 0.000862650 0.000059034 -0.000037142 -0.001132685 0.999999356
7.565272 0.041086106 0.035746837 0.001560318 0.000091991 0.000003848 -0.001019681 0.999999476
7.665125 0.041318063 0.036818560 0.001003601 0.000038420 0.000046263 -0.000941836 0.999999555
7.765100 0.040777619 0.034300761 0.001340266 0.000041184 -0.000006327 -0.000925669 0.999999571
7.865174 0.034988648 0.024385551 0.001885961 0.000073434 -0.000005790 -0.000740214 0.999999723
7.965172 0.038663382 0.028543912 0.001744392 0.000049864 -0.000037667 -0.000851760 0.999999635
8.065146 0.033159494 0.025539371 0.001574860 0.000044333 -0.000033931 -0.000556948 0.999999843
8.165125 0.037938514 0.027952873 0.001403949 0.000039918 0.000001216 -0.000758541 0.999999712
8.265173 0.040271984 0.032376942 0.001925323 0.000073809 -0.000006355 -0.000967048 0.999999530
8.365174 0.043305920 0.041299456 0.001363006 0.000068079 -0.000007302 -0.001075177 0.999999420
8.465175 0.040103400 0.040252245 0.001721822 0.000069463 -0.000015861 -0.000937810 0.999999558
8.565075 0.039639883 0.038248250 0.001668003 0.000087466 -0.000009779 -0.000949352 0.999999545
8.665249 0.044045139 0.039994996 0.000789215 0.000069420 0.000016672 -0.001009778 0.999999488
8.765171 0.044997010 0.048221941 0.001055966 0.000064524 -0.000014402 -0.001194131 0.999999285
8.865151 0.046025395 0.047960481 0.002170663 0.000063168 0.000005493 -0.001233451 0.999999237
8.965225 0.038918484 0.030441888 0.001909905 0.000083741 0.000016441 -0.000789374 0.999999685
9.065076 0.039009305 0.027370202 0.002545680 0.000079881 -0.000010583 -0.000806820 0.999999671
9.165125 0.033317815 0.021232342 0.002880330 0.000143008 -0.000033784 -0.000658453 0.999999772
9.265173 0.041202568 0.033714927 0.001718605 0.000075646 -0.000005543 -0.001078894 0.999999415
9.365076 0.036142300 0.028698800 0.002097116 0.000052859 0.000019678 -0.000651722 0.999999786
9.465100 0.037481210 0.033917032 0.001929323 0.000060084 -0.000010020 -0.000880683 0.999999610
9.565173 0.047610941 0.042313247 0.002421839 0.000071520 0.000012613 -0.001078601 0.999999416
9.634310 0.051178822 0.043868311 0.002463210 0.000095138 0.000018335 -0.001103482 0.999999386
9.765224 0.055192648 0.051276128 0.002179242 0.000066490 0.000000158 -0.001482796 0.999998898
9.865224 0.055220425 0.058103678 0.001790586 0.000108653 0.000017566 -0.001481585 0.999998896
9.965172 0.061973573 0.065588620 0.002677132 0.000068186 -0.000007716 -0.001751370 0.999998464
10.065222 0.047994226 0.046939642 0.001596929 0.000052198 0.000020414 -0.001442535 0.999998958
10.165123 0.043327008 0.040650402 0.002146326 0.000071331 -0.000011494 -0.001278391 0.999999180
10.265169 0.039378681 0.034678277 0.002136080 0.000115662 0.000038571 -0.001127561 0.999999357
10.365194 0.039848796 0.038636206 0.002288984 0.000084834 -0.000031671 -0.001036374 0.999999459
10.465073 0.039848806 0.032744292 0.002292792 0.000034303 -0.000041129 -0.000963071 0.999999535
10.535705 0.035940431 0.025206834 0.002129877 0.000051462 -0.000056675 -0.000827480 0.999999655
10.665218 0.046157194 0.031689490 0.001895271 0.000085660 0.000025548 -0.000871486 0.999999616
10.765322 0.051951308 0.032786335 0.001212625 0.000056998 -0.000010904 -0.000990389 0.999999508
10.865072 0.052546036 0.038539426 0.002057777 0.000111845 -0.000002448 -0.001008622 0.999999485
10.965148 0.040024876 0.027791659 0.001834503 0.000100549 -0.000011339 -0.000750812 0.999999713
11.065274 0.042209614 0.026428856 0.002420601 0.000096368 0.000016827 -0.000783833 0.999999688
11.165223 0.038291170 0.018289383 0.001892023 0.000095173 0.000016574 -0.000698418 0.999999751
11.265223 0.036825583 0.018165608 0.001197374 0.000063691 0.000037679 -0.000673022 0.999999771
11.365124 0.031492435 0.017640922 0.001990000 0.000064776 -0.000025698 -0.000607132 0.999999813
11.465120 0.030297461 0.019551046 0.002017078 0.000059397 -0.000007427 -0.000597626 0.999999820
11.565075 0.043348614 0.032318187 0.001664651 0.000067513 0.000017066 -0.000912338 0.999999581
11.665147 0.056904495 0.044999067 0.002287645 0.000088557 -0.000021873 -0.001220342 0.999999251
11.765149 0.056326575 0.038671552 0.002159436 0.000098778 -0.000002126 -0.001240066 0.999999226
11.865097 0.046026131 0.023863790 0.000864590 0.000078096 0.000054477 -0.000857573 0.999999628
11.965149 0.048290303 0.027973363 0.001648326 0.000022346 -0.000017596 -0.000958574 0.999999540
12.065127 0.036456201 0.019770441 0.001345886 0.000054270 0.000013294 -0.000655700 0.999999783
12.165147 0.037758789 0.019410724 0.002360154 0.000056456 -0.000026403 -0.000689698 0.999999760
12.200673 0.036044904 0.019970152 0.001846903 0.000046693 0.000006608 -0.000672996 0.999999772
12.365251 0.063680460 0.057896755 0.001653536 0.000099910 0.000028767 -0.001636315 0.999998656
12.500346 0.061662618 0.055914544 0.002360110 0.000081044 -0.000018303 -0.001608578 0.999998703
12.600347 0.063444566 0.055253054 0.002552167 0.000090107 -0.000002489 -0.001640319 0.999998651
12.665250 0.038527585 0.030495493 0.001292622 0.000085210 0.000010294 -0.001324839 0.999999119
12.765102 0.087334996 0.071445618 0.001949196 0.000083946 0.000008262 -0.001977053 0.999998042
12.835878 0.032543540 0.016682384 0.001715249 0.000090952 0.000004673 -0.000749881 0.999999715
12.965074 0.032483087 0.016760030 0.001881066 0.000081013 -0.000002127 -0.000759745 0.999999708
13.065148 0.010095679 0.000999178 0.002665380 0.000069289 0.000009436 -0.000262094 0.999999963
13.165220 0.011489016 -0.001722197 0.001626854 0.000080193 0.000041792 -0.000243614 0.999999966
13.265101 0.024154335 0.014000081 0.001405192 0.000051669 0.000018096 -0.000737284 0.999999727
13.365221 0.021799149 0.025800739 0.001229392 0.000038110 0.000047416 -0.000965963 0.999999532
13.465225 0.024619323 0.022950039 0.002622181 0.000091020 -0.000027732 -0.001011293 0.999999484
13.565123 0.053877496 0.051639227 0.001477842 0.000103692 0.000013980 -0.001639058 0.999998651
13.665222 0.054535886 0.060763538 0.001844313 0.000084691 0.000016864 -0.001984405 0.999998027
13.765224 0.051317218 0.057590353 0.001962737 0.000100690 0.000016965 -0.001991219 0.999998012
13.865126 0.062925759 0.064733090 0.001836211 0.000072121 0.000021901 -0.001922561 0.999998149
13.965123 0.055834524 0.049552191 0.001961299 0.000073200 -0.000005584 -0.001468356 0.999998919
14.065150 0.064269472 0.065451054 0.001763610 0.000077681 0.000007389 -0.001999399 0.999997998
14.165222 0.058056872 0.059409915 0.001930225 0.000082705 0.000005021 -0.001689560 0.999998569
14.265124 0.055778998 0.050760481 0.002967575 0.000133126 0.000003996 -0.001438982 0.999998956
14.365275 0.059244612 0.056361479 0.001348379 0.000093177 0.000038653 -0.001509523 0.999998856
14.465100 0.056188254 0.058983814 0.003173851 0.000101474 -0.000019133 -0.001431189 0.999998971
14.565273 0.062253629 0.065505405 0.002125121 0.000113703 0.000008210 -0.001749127 0.999998464
14.665222 0.060352487 0.054502325 0.002359150 0.000099369 0.000027772 -0.001518428 0.999998842
14.765076 0.052242341 0.034863926 0.003125591 0.000114854 -0.000043622 -0.001172469 0.999999305
14.865392 0.052284554 0.035842646 0.001752659 0.000114010 0.000018181 -0.001171472 0.999999307
14.965249 0.062566660 0.050651219 0.002706399 0.000103958 -0.000014673 -0.001464055 0.999998923
15.065123 0.053830806 0.031028816 0.002071900 0.000085178 0.000014087 -0.000846545 0.999999638
15.165174 0.052372191 0.030097122 0.002566238 0.000095027 -0.000020419 -0.000815031 0.999999663
15.265144 0.054453049 0.035408334 0.001711322 0.000108618 -0.000015598 -0.000987123 0.999999507
15.365172 0.060307258 0.051319035 0.002657312 0.000134875 0.000033888 -0.001550811 0.999998788
15.465174 0.051223653 0.024658589 0.003030476 0.000160845 0.000007824 -0.000808719 0.999999660
15.565269 0.051368520 0.024295894 0.002373103 0.000136294 0.000019898 -0.000776657 0.999999689
15.665271 0.064243926 0.042575760 0.002023608 0.000061674 0.000033195 -0.001354388 0.999999080
15.765126 0.062398296 0.040805638 0.002866031 0.000111308 -0.000035725 -0.001388068 0.999999030
15.865223 0.033536795 0.004253761 0.001659288 0.000117526 0.000054574 -0.000259986 0.999999958
15.965174 0.034885016 0.002629989 0.002599800 0.000122747 0.000007251 -0.000225964 0.999999967
16.065225 0.053268229 0.041248552 0.002613383 0.000095386 -0.000020152 -0.001280042 0.999999176
16.165123 0.056569530 0.041447577 0.002035689 0.000094837 0.000004019 -0.001242305 0.999999224
16.265199 0.049686450 0.039106093 0.001665962 0.000108267 0.000013403 -0.001233637 0.999999233
16.365200 0.052572204 0.041430713 0.002881457 0.000122326 0.000000868 -0.001417797 0.999998987
16.465169 0.052357869 0.043671727 0.002681328 0.000139486 0.000026133 -0.001359760 0.999999065
16.510889 0.049587899 0.040880637 0.002953057 0.000123238 -0.000037801 -0.001284573 0.999999167
16.665099 0.042216708 0.034183704 0.003255753 0.000139403 0.000018375 -0.001086661 0.999999400
16.734133 0.046934747 0.034453602 0.002964232 0.000104185 0.000003863 -0.001110594 0.999999378
16.865175 0.048792241 0.034639017 0.003327930 0.000084204 -0.000014931 -0.001080175 0.999999413
16.965175 0.059061498 0.030867199 0.001887950 0.000081183 0.000027015 -0.000903220 0.999999588
17.065123 0.030841403 0.004983722 0.002818197 0.000110486 0.000002228 -0.000316528 0.999999944
17.165222 0.022816265 -0.009986678 0.001950982 0.000132280 0.000022133 -0.000157815 0.999999979
17.265125 0.021324190 -0.007923934 0.001333851 0.000098467 0.000003950 -0.000157760 0.999999983
17.365125 0.016760340 -0.001375994 0.002441604 0.000094183 -0.000028105 -0.000245143 0.999999965
17.465245 0.017469071 -0.004694092 0.002801219 0.000089562 -0.000055621 -0.000277917 0.999999956
17.565173 0.035324002 0.025185571 0.002646891 0.000129094 -0.000033870 -0.001074290 0.999999414
17.665175 0.041950425 0.034768922 0.002082389 0.000103362 0.000013956 -0.001195346 0.999999280
17.765147 0.043632778 0.036980404 0.002827226 0.000112949 0.000013652 -0.001180953 0.999999296
17.865148 0.059681857 0.054874892 0.002172314 0.000092721 -0.000007309 -0.001680231 0.999998584
17.965245 0.057484922 0.056581039 0.002954056 0.000131707 0.000025163 -0.001759375 0.999998443
18.065148 0.062720285 0.068343693 0.002663336 0.000098666 -0.000010195 -0.001888491 0.999998212
18.165099 0.063994841 0.069174649 0.003229511 0.000124835 -0.000021978 -0.001888954 0.999998208
18.265226 0.058163982 0.055933066 0.002974691 0.000141230 -0.000051826 -0.001542334 0.999998799
18.365272 0.067576778 0.072677562 0.003905871 0.000150520 -0.000059142 -0.002038580 0.999997909
18.465175 0.064986718 0.072547587 0.002470875 0.000111719 -0.000003199 -0.001975530 0.999998042
18.565099 0.061162686 0.063983664 0.003264824 0.000093947 -0.000037945 -0.001982796 0.999998029
18.665222 0.059934179 0.059595273 0.002650862 0.000146605 -0.000011594 -0.001814841 0.999998342
18.765147 0.061679782 0.059222598 0.003779905 0.000148883 -0.000035870 -0.001980621 0.999998027
18.865225 0.058510797 0.059229681 0.002444031 0.000080760 0.000020506 -0.001891232 0.999998208
18.965173 0.070659226 0.072560598 0.002429747 0.000114916 -0.000005821 -0.002140942 0.999997702
19.065127 0.056472517 0.055396199 0.003488122 0.000113588 -0.000015712 -0.001503855 0.999998863
19.165224 0.048598723 0.046196905 0.002919668 0.000125175 -0.000020919 -0.001139127 0.999999343
19.265100 0.054116208 0.053545017 0.002656225 0.000121930 -0.000050441 -0.001407868 0.999999000
19.365172 0.039699741 0.032702495 0.003217463 0.000084509 -0.000019329 -0.000769614 0.999999700
19.435681 0.039139712 0.033523469 0.003303147 0.000141563 0.000002581 -0.000685302 0.999999755
19.565149 0.049631464 0.050093797 0.003036577 0.000121969 -0.000029926 -0.001356010 0.999999073
19.665222 0.043902765 0.038194812 0.003024252 0.000114255 -0.000027693 -0.001026027 0.999999467
19.765223 0.042486807 0.040034972 0.002052003 0.000090234 -0.000033663 -0.000989413 0.999999506
19.865073 0.041083221 0.035104712 0.003679547 0.000153872 -0.000001572 -0.001087212 0.999999397
19.965126 0.047868528 0.048623435 0.001800345 0.000121750 0.000036390 -0.001404710 0.999999005
20.065199 0.031604953 0.023946395 0.002999490 0.000170612 0.000004892 -0.000874577 0.999999603
20.165149 0.035361825 0.024603453 0.002098189 0.000092491 0.000028727 -0.000940729 0.999999553
20.265097 0.030404257 0.021994074 0.002829091 0.000108205 0.000000577 -0.000613214 0.999999806
20.365078 0.035148406 0.029071860 0.002956792 0.000120393 -0.000013403 -0.000806185 0.999999668
20.465248 0.039826704 0.036861011 0.002379815 0.000123783 0.000049145 -0.000941406 0.999999548
20.565073 0.042842326 0.041550663 0.003569402 0.000166702 -0.000012307 -0.000949275 0.999999535
20.665071 0.037319016 0.020920709 0.003132654 0.000134121 -0.000036097 -0.000733024 0.999999722
