1.365171 0.006377 0.002526 -0.000535 0.000016 -0.000006 0.000004 1.000000
1.465148 0.014440 0.002921 0.000158 -0.000035 -0.000014 -0.000052 1.000000
1.565221 0.008766 -0.001638 -0.000400 -0.000012 -0.000022 -0.000064 1.000000
1.665121 0.006937 -0.002354 -0.000055 0.000029 0.000019 -0.000013 1.000000
1.765222 0.008244 -0.002693 -0.000226 0.000034 0.000031 -0.000091 1.000000
1.865220 0.011765 -0.007034 -0.000446 0.000016 -0.000009 -0.000114 1.000000
1.965147 0.012516 -0.003890 -0.001230 -0.000019 -0.000012 -0.000085 1.000000
2.065075 0.012628 -0.007225 -0.000914 -0.000017 0.000050 -0.000127 1.000000
2.165123 0.014700 -0.005961 -0.000101 -0.000005 -0.000003 -0.000118 1.000000
2.265221 0.015319 -0.005498 -0.000504 -0.000006 0.000032 -0.000107 1.000000
2.365296 0.017545 -0.006097 -0.000119 0.000014 0.000034 -0.000106 1.000000
2.465077 0.019031 -0.007188 0.000237 0.000008 0.000002 -0.000179 1.000000
2.565125 0.015999 -0.006617 0.000063 -0.000001 0.000019 -0.000090 1.000000
2.665225 0.016497 -0.005752 0.000267 0.000002 0.000006 -0.000080 1.000000
2.765075 0.014427 -0.004410 0.000216 0.000031 -0.000016 -0.000082 1.000000
2.865150 0.012476 -0.006634 0.000405 0.000055 0.000018 -0.000094 1.000000
2.965200 0.012005 -0.007876 0.000233 0.000025 -0.000021 -0.000064 1.000000
3.065147 0.015048 -0.008310 0.000089 0.000010 -0.000013 -0.000152 1.000000
3.134137 0.016679 -0.004754 0.001152 0.000040 -0.000028 -0.000159 1.000000
3.265171 0.016945 -0.003696 0.001330 0.000029 -0.000008 -0.000114 1.000000
3.365250 0.017468 -0.008357 -0.000093 0.000020 0.000006 -0.000105 1.000000
3.465176 0.015400 -0.006823 0.000865 0.000031 0.000003 -0.000102 1.000000
3.565174 0.014507 -0.007111 0.000239 0.000017 -0.000003 -0.000105 1.000000
3.665221 0.015561 -0.008320 0.000529 0.000040 0.000009 -0.000092 1.000000
3.765075 0.017107 -0.008076 0.000086 0.000019 0.000010 -0.000115 1.000000
3.865150 0.014568 -0.007904 -0.000015 0.000003 0.000010 -0.000070 1.000000
3.965275 0.017555 -0.009236 0.001113 0.000067 0.000002 -0.000087 1.000000
4.065146 0.018113 -0.009907 0.001220 0.000075 0.000019 -0.000109 1.000000
4.165199 0.016980 -0.012789 0.000823 0.000059 0.000008 -0.000137 1.000000
4.265073 0.017198 -0.012574 0.000064 0.000036 -0.000013 -0.000140 1.000000
4.365198 0.016987 -0.010565 0.000446 0.000025 -0.000016 -0.000103 1.000000
4.465122 0.015541 -0.010602 0.000501 0.000027 -0.000038 -0.000104 1.000000
4.565225 0.015595 -0.009092 0.000139 0.000030 -0.000013 -0.000065 1.000000
4.635684 0.017484 -0.010690 0.000429 0.000038 0.000013 -0.000121 1.000000
4.765175 0.015867 -0.003924 0.000425 0.000060 0.000068 0.000015 1.000000
4.865122 0.015254 -0.006465 0.000131 0.000020 0.000013 -0.000047 1.000000
4.965271 0.016434 -0.006612 0.000992 0.000022 -0.000030 -0.000086 1.000000
5.065096 0.014149 -0.008853 0.000150 0.000013 -0.000014 -0.000064 1.000000
5.165222 0.015182 -0.007711 0.000203 0.000034 -0.000016 -0.000106 1.000000
5.265200 0.016094 -0.007034 0.000099 -0.000007 -0.000015 -0.000067 1.000000
5.365124 0.014276 -0.009708 0.000951 0.000070 -0.000034 -0.000082 1.000000
5.465222 0.016018 -0.010387 0.000353 0.000031 -0.000018 -0.000101 1.000000
5.565220 0.020507 -0.009502 0.000591 0.000043 -0.000020 -0.000138 1.000000
5.665123 0.018684 -0.011158 0.000889 0.000041 0.000001 -0.000110 1.000000
5.765176 0.017843 -0.010957 0.001174 0.000076 0.000010 -0.000099 1.000000
5.865221 0.017192 -0.010100 0.001655 0.000052 -0.000047 -0.000146 1.000000
5.965171 0.017126 -0.009758 0.000703 0.000037 -0.000023 -0.000086 1.000000
6.065123 0.017274 -0.011477 0.000951 0.000020 -0.000001 -0.000106 1.000000
6.165225 0.018968 -0.009840 0.001160 0.000064 -0.000023 -0.000140 1.000000
6.265100 0.018260 -0.007348 0.000911 0.000034 -0.000015 -0.000098 1.000000
6.365097 0.015387 -0.008587 0.001083 0.000044 -0.000014 -0.000107 1.000000
6.465248 0.015285 -0.008665 0.000520 0.000041 0.000004 -0.000029 1.000000
6.565098 0.019011 -0.010716 0.001331 0.000056 -0.000050 -0.000160 1.000000
6.665220 0.019112 -0.010769 0.001024 0.000089 -0.000010 -0.000129 1.000000
6.765175 0.014876 -0.011898 0.000787 0.000029 -0.000007 -0.000140 1.000000
6.865221 0.017867 -0.010842 0.000414 0.000015 -0.000011 -0.000109 1.000000
6.965101 0.014453 -0.009724 0.000097 0.000055 0.000006 -0.000060 1.000000
7.065200 0.015215 -0.009447 0.000188 0.000039 0.000023 -0.000085 1.000000
7.165099 0.015110 -0.006800 0.000286 0.000025 0.000017 -0.000094 1.000000
7.265075 0.015456 -0.011110 0.000883 0.000033 0.000035 -0.000107 1.000000
7.365220 0.020238 -0.007221 0.001771 0.000121 -0.000002 -0.000132 1.000000
7.465124 0.016836 -0.011504 0.000863 0.000059 -0.000037 -0.000133 1.000000
7.565272 0.016415 -0.010054 0.001560 0.000092 0.000004 -0.000105 1.000000
7.665125 0.016773 -0.006647 0.001004 0.000038 0.000046 -0.000075 1.000000
7.765100 0.014366 -0.008879 0.001340 0.000041 -0.000006 -0.000056 1.000000
7.865174 0.013867 -0.008562 0.001886 0.000073 -0.000006 -0.000104 1.000000
7.965172 0.016171 -0.009185 0.001744 0.000050 -0.000038 -0.000151 1.000000
8.065146 0.014631 -0.004660 0.001575 0.000044 -0.000034 -0.000088 1.000000
8.165125 0.015609 -0.008632 0.001404 0.000040 0.000001 -0.000098 1.000000
8.265173 0.017138 -0.009259 0.001925 0.000074 -0.000006 -0.000164 1.000000
8.365174 0.015086 -0.007703 0.001363 0.000068 -0.000007 -0.000071 1.000000
8.465175 0.014570 -0.005708 0.001722 0.000069 -0.000016 -0.000052 1.000000
8.565075 0.014107 -0.007712 0.001668 0.000087 -0.000010 -0.000064 1.000000
8.665249 0.016278 -0.005344 0.000789 0.000069 0.000017 -0.000091 1.000000
8.765171 0.012223 -0.006169 0.001056 0.000065 -0.000014 -0.000048 1.000000
8.865151 0.013252 -0.006431 0.002171 0.000063 0.000006 -0.000087 1.000000
8.965225 0.016342 -0.005971 0.001910 0.000084 0.000016 -0.000091 1.000000
9.065076 0.016433 -0.009042 0.002546 0.000080 -0.000011 -0.000109 1.000000
9.165125 0.015823 -0.008557 0.002880 0.000143 -0.000034 -0.000106 1.000000
9.265173 0.015662 -0.011047 0.001719 0.000076 -0.000005 -0.000112 1.000000
9.365076 0.016199 -0.004726 0.002097 0.000053 0.000020 -0.000009 1.000000
9.465100 0.014019 -0.007050 0.001929 0.000060 -0.000010 -0.000058 1.000000
9.565173 0.019047 -0.005509 0.002422 0.000072 0.000013 -0.000127 1.000000
9.634310 0.019665 -0.005623 0.002463 0.000095 0.000018 -0.000084 1.000000
9.765224 0.016576 -0.009521 0.002179 0.000066 0.000000 -0.000126 1.000000
9.865224 0.014266 -0.006029 0.001791 0.000109 0.000018 -0.000055 1.000000
9.965172 0.016160 -0.006311 0.002677 0.000068 -0.000008 -0.000100 1.000000
10.065222 0.014379 -0.007665 0.001597 0.000052 0.000020 -0.000049 1.000000
10.165123 0.015481 -0.006827 0.002146 0.000071 -0.000011 -0.000057 1.000000
10.265169 0.015525 -0.005617 0.002136 0.000116 0.000039 -0.000110 1.000000
10.365194 0.014372 -0.003669 0.002289 0.000085 -0.000032 -0.000038 1.000000
10.465073 0.017180 -0.004530 0.002293 0.000034 -0.000041 -0.000076 1.000000
10.535705 0.015218 -0.007135 0.002130 0.000052 -0.000057 -0.000075 1.000000
10.665218 0.016486 -0.007597 0.001895 0.000086 0.000026 -0.000108 1.000000
10.765322 0.017548 -0.011044 0.001213 0.000057 -0.000011 -0.000088 1.000000
10.865072 0.014699 -0.008599 0.002058 0.000112 -0.000002 -0.000102 1.000000
10.965148 0.016472 -0.004858 0.001835 0.000101 -0.000011 -0.000066 1.000000
11.065274 0.018656 -0.006221 0.002421 0.000096 0.000017 -0.000099 1.000000
11.165223 0.016556 -0.010020 0.001892 0.000095 0.000017 -0.000095 1.000000
11.265223 0.015090 -0.010144 0.001197 0.000064 0.000038 -0.000070 1.000000
11.365124 0.014953 -0.008270 0.001990 0.000065 -0.000026 -0.000087 1.000000
11.465120 0.014339 -0.008410 0.002017 0.000059 -0.000007 -0.000041 1.000000
11.565075 0.015452 -0.008690 0.001665 0.000067 0.000017 -0.000101 1.000000
11.665147 0.015104 -0.007707 0.002288 0.000089 -0.000022 -0.000067 1.000000
11.765149 0.017818 -0.011303 0.002159 0.000099 -0.000002 -0.000126 1.000000
11.865097 0.016501 -0.011794 0.000865 0.000078 0.000055 -0.000141 1.000000
11.965149 0.015289 -0.011384 0.001648 0.000022 -0.000018 -0.000111 1.000000
12.065127 0.014004 -0.008946 0.001346 0.000054 0.000013 -0.000085 1.000000
12.165147 0.015306 -0.009306 0.002360 0.000056 -0.000026 -0.000119 1.000000
12.200673 0.013592 -0.008747 0.001847 0.000047 0.000007 -0.000103 1.000000
12.365251 0.016087 -0.006183 0.001654 0.000100 0.000029 -0.000088 1.000000
12.500346 0.014069 -0.008165 0.002360 0.000081 -0.000018 -0.000061 1.000000
12.600347 0.015851 -0.008827 0.002552 0.000090 -0.000002 -0.000092 1.000000
12.665250 0.016577 -0.011510 0.001293 0.000085 0.000010 -0.000147 1.000000
12.765102 0.017307 -0.010178 0.001949 0.000084 0.000008 -0.000098 1.000000
12.835878 0.019394 -0.007966 0.001715 0.000091 0.000005 -0.000092 1.000000
12.965074 0.019334 -0.007888 0.001881 0.000081 -0.000002 -0.000102 1.000000
13.065148 0.013479 -0.006012 0.002665 0.000069 0.000009 -0.000055 1.000000
13.165220 0.014873 -0.008733 0.001627 0.000080 0.000042 -0.000037 1.000000
13.265101 0.014074 -0.009173 0.001405 0.000052 0.000018 -0.000089 1.000000
13.365221 0.013321 -0.005276 0.001229 0.000038 0.000047 -0.000034 1.000000
13.465225 0.016141 -0.008126 0.002622 0.000091 -0.000028 -0.000079 1.000000
13.565123 0.019628 -0.008759 0.001478 0.000104 0.000014 -0.000078 1.000000
13.665222 0.017646 -0.007637 0.001844 0.000085 0.000017 -0.000117 1.000000
13.765224 0.017349 -0.010918 0.001963 0.000101 0.000017 -0.000134 1.000000
13.865126 0.017492 -0.009514 0.001836 0.000072 0.000022 -0.000108 1.000000
13.965123 0.016019 -0.009558 0.001961 0.000073 -0.000005 -0.000101 1.000000
14.065150 0.018928 -0.011071 0.001764 0.000078 0.000008 -0.000143 1.000000
14.165222 0.016020 -0.010343 0.001930 0.000083 0.000005 -0.000067 1.000000
14.265124 0.017287 -0.010399 0.002968 0.000133 0.000004 -0.000076 1.000000
14.365275 0.017021 -0.007906 0.001348 0.000093 0.000039 -0.000132 1.000000
14.465100 0.013965 -0.005284 0.003174 0.000101 -0.000019 -0.000054 1.000000
14.565273 0.014029 -0.004683 0.002125 0.000114 0.000008 -0.000040 1.000000
14.665222 0.015370 -0.006609 0.002359 0.000099 0.000028 -0.000045 1.000000
14.765076 0.014861 -0.008217 0.003126 0.000115 -0.000043 -0.000101 1.000000
14.865392 0.014903 -0.007238 0.001753 0.000114 0.000018 -0.000100 1.000000
14.965249 0.016063 -0.007685 0.002706 0.000104 -0.000015 -0.000122 1.000000
15.065123 0.016701 -0.006347 0.002072 0.000085 0.000014 -0.000093 1.000000
15.165174 0.017192 -0.004788 0.002566 0.000095 -0.000020 -0.000098 1.000000
15.265144 0.018116 -0.005672 0.001711 0.000109 -0.000016 -0.000084 1.000000
15.365172 0.016653 -0.006188 0.002657 0.000135 0.000034 -0.000118 1.000000
15.465174 0.016212 -0.007883 0.003030 0.000161 0.000008 -0.000120 1.000000
15.565269 0.016357 -0.008246 0.002373 0.000136 0.000020 -0.000088 1.000000
15.665271 0.017765 -0.007500 0.002024 0.000062 0.000033 -0.000110 1.000000
15.765126 0.015919 -0.009270 0.002866 0.000111 -0.000036 -0.000144 1.000000
15.865223 0.016134 -0.007513 0.001659 0.000118 0.000055 -0.000129 1.000000
15.965174 0.017482 -0.009137 0.002600 0.000123 0.000007 -0.000095 1.000000
16.065225 0.015049 -0.009419 0.002613 0.000095 -0.000020 -0.000075 1.000000
16.165123 0.015429 -0.009405 0.002036 0.000095 0.000004 -0.000111 1.000000
16.265199 0.014015 -0.008519 0.001666 0.000108 0.000014 -0.000068 1.000000
16.365200 0.015968 -0.008990 0.002881 0.000122 0.000001 -0.000134 1.000000
16.465169 0.015754 -0.006749 0.002681 0.000139 0.000026 -0.000076 1.000000
16.510889 0.016114 -0.007520 0.002953 0.000123 -0.000038 -0.000068 1.000000
16.665099 0.014512 -0.006900 0.003256 0.000139 0.000019 -0.000062 1.000000
16.734133 0.019230 -0.006630 0.002964 0.000104 0.000004 -0.000086 1.000000
16.865175 0.017247 -0.006105 0.003328 0.000084 -0.000015 -0.000051 1.000000
16.965175 0.018595 -0.009269 0.001888 0.000081 0.000027 -0.000102 1.000000
17.065123 0.015287 -0.009591 0.002818 0.000110 0.000002 -0.000095 1.000000
17.165222 0.016200 -0.013458 0.001951 0.000132 0.000022 -0.000061 1.000000
17.265125 0.014708 -0.011395 0.001334 0.000098 0.000004 -0.000061 1.000000
17.365125 0.016125 -0.007678 0.002442 0.000094 -0.000028 -0.000057 1.000000
17.465245 0.016834 -0.010996 0.002801 0.000090 -0.000056 -0.000090 1.000000
17.565173 0.015213 -0.008498 0.002647 0.000129 -0.000034 -0.000062 1.000000
17.665175 0.014025 -0.008933 0.002082 0.000103 0.000014 -0.000039 1.000000
17.765147 0.015707 -0.006721 0.002827 0.000113 0.000014 -0.000024 1.000000
17.865148 0.013447 -0.009162 0.002172 0.000093 -0.000007 -0.000077 1.000000
17.965245 0.014719 -0.005141 0.002954 0.000132 0.000025 -0.000094 1.000000
18.065148 0.011769 -0.005277 0.002663 0.000099 -0.000010 -0.000007 1.000000
18.165099 0.013044 -0.004446 0.003230 0.000125 -0.000022 -0.000008 1.000000
18.265226 0.012847 -0.004259 0.002975 0.000141 -0.000052 -0.000001 1.000000
18.365272 0.012395 -0.004125 0.003906 0.000151 -0.000059 -0.000083 1.000000
18.465175 0.009805 -0.004255 0.002471 0.000112 -0.000003 -0.000020 1.000000
18.565099 0.011293 -0.007626 0.003265 0.000094 -0.000038 -0.000065 1.000000
18.665222 0.014556 -0.006980 0.002651 0.000147 -0.000011 -0.000073 1.000000
18.765147 0.016345 -0.007926 0.003780 0.000149 -0.000036 -0.000153 1.000000
18.865225 0.013176 -0.007919 0.002444 0.000081 0.000021 -0.000064 1.000000
18.965173 0.015397 -0.006970 0.002430 0.000115 -0.000006 -0.000079 1.000000
19.065127 0.016495 -0.007163 0.003488 0.000114 -0.000016 -0.000114 1.000000
19.165224 0.016363 -0.007083 0.002920 0.000125 -0.000021 -0.000085 1.000000
19.265100 0.016640 -0.008590 0.002656 0.000122 -0.000050 -0.000061 1.000000
19.365172 0.017687 -0.004793 0.003217 0.000085 -0.000019 -0.000090 1.000000
19.435681 0.018670 -0.002820 0.003303 0.000142 0.000003 -0.000059 1.000000
19.565149 0.017223 -0.006791 0.003037 0.000122 -0.000030 -0.000091 1.000000
19.665222 0.017710 -0.008460 0.003024 0.000114 -0.000028 -0.000085 1.000000
19.765223 0.016294 -0.006620 0.002052 0.000090 -0.000034 -0.000048 1.000000
19.865073 0.017351 -0.006526 0.003680 0.000154 -0.000001 -0.000073 1.000000
19.965126 0.016878 -0.006326 0.001800 0.000122 0.000037 -0.000065 1.000000
20.065199 0.015263 -0.009257 0.002999 0.000171 0.000005 -0.000074 1.000000
20.165149 0.019020 -0.008600 0.002098 0.000092 0.000029 -0.000140 1.000000
20.265097 0.017640 -0.006985 0.002829 0.000108 0.000001 -0.000059 1.000000
20.365078 0.017815 -0.006578 0.002957 0.000120 -0.000013 -0.000062 1.000000
20.465248 0.016877 -0.008171 0.002380 0.000124 0.000049 -0.000092 1.000000
20.565073 0.016750 -0.006760 0.003569 0.000167 -0.000012 -0.000071 1.000000
20.665071 0.017735 -0.012655 0.003133 0.000134 -0.000036 -0.000140 1.000000
