1.465148 0.009698 0.006687 0.001022 0.000019 0.000039 -0.000006 1.000000
1.565221 0.004397 0.004235 0.000723 0.000045 0.000049 -0.000025 1.000000
1.665121 0.008189 -0.000626 0.000535 0.000045 0.000056 -0.000058 1.000000
1.765222 0.005441 -0.000680 0.000610 0.000054 0.000087 -0.000061 1.000000
1.865220 0.008011 -0.004238 0.000204 0.000070 0.000044 -0.000093 1.000000
1.965147 0.008884 -0.002049 0.000369 0.000063 0.000046 -0.000079 1.000000
2.065075 0.009245 -0.006089 0.000252 0.000023 0.000075 -0.000090 1.000000
2.165123 0.010393 -0.002896 0.000924 -0.000009 0.000058 -0.000071 1.000000
2.265221 0.008197 -0.002974 0.000308 0.000039 0.000087 -0.000035 1.000000
2.365296 0.013375 -0.002615 0.001268 0.000062 0.000088 -0.000051 1.000000
2.465077 0.009283 -0.002834 0.000468 0.000036 0.000060 -0.000067 1.000000
2.565125 0.012934 -0.003657 0.001370 0.000016 0.000046 -0.000042 1.000000
2.665225 0.008937 -0.001170 0.001078 0.000029 0.000029 -0.000009 1.000000
2.765075 0.008025 -0.004563 0.001268 0.000070 0.000038 -0.000023 1.000000
2.865150 0.009551 -0.004785 0.001216 0.000076 0.000057 -0.000102 1.000000
2.965200 0.010312 -0.007058 0.001066 0.000044 0.000053 -0.000059 1.000000
3.065147 0.009821 -0.006109 0.001559 0.000068 0.000037 -0.000069 1.000000
3.134137 0.010736 -0.003095 0.001494 0.000062 0.000026 -0.000107 1.000000
3.265171 0.009603 -0.001500 0.002299 0.000094 0.000063 -0.000044 1.000000
3.365250 0.013720 -0.006536 0.001091 0.000037 0.000047 -0.000085 1.000000
3.465176 0.010450 -0.006409 0.002454 0.000079 0.000058 -0.000054 1.000000
3.565174 0.011671 -0.005833 0.000933 0.000063 0.000055 -0.000097 1.000000
3.665221 0.009601 -0.006834 0.002487 0.000074 0.000036 -0.000059 1.000000
3.765075 0.012947 -0.008051 0.000956 0.000057 0.000053 -0.000089 1.000000
3.865150 0.008765 -0.004646 0.002294 0.000061 0.000070 -0.000030 1.000000
3.965275 0.013126 -0.008003 0.001553 0.000105 0.000060 -0.000069 1.000000
4.065146 0.009304 -0.007033 0.002466 0.000082 0.000049 -0.000075 1.000000
4.165199 0.012631 -0.008290 0.001843 0.000113 0.000055 -0.000091 1.000000
4.265073 0.011209 -0.007572 0.002198 0.000093 0.000039 -0.000093 1.000000
4.365198 0.012759 -0.005388 0.001766 0.000084 0.000024 -0.000072 1.000000
4.465122 0.010733 -0.007220 0.002627 0.000075 0.000037 -0.000058 1.000000
4.565225 0.011477 -0.007050 0.001287 0.000061 0.000031 -0.000051 1.000000
4.635684 0.011136 -0.006785 0.003172 0.000095 0.000065 -0.000058 1.000000
4.765175 0.010814 -0.005131 0.001449 0.000078 0.000064 -0.000014 1.000000
4.865122 0.008085 -0.003108 0.003240 0.000082 0.000057 0.000027 1.000000
4.965271 0.009159 -0.006955 0.001715 0.000084 0.000020 -0.000037 1.000000
5.065096 0.009912 -0.007777 0.002478 0.000075 0.000050 -0.000051 1.000000
5.165222 0.009984 -0.006053 0.002056 0.000110 0.000013 -0.000061 1.000000
5.265200 0.011855 -0.008450 0.002391 0.000058 0.000035 -0.000059 1.000000
5.365124 0.007827 -0.005851 0.002382 0.000103 0.000029 -0.000033 1.000000
5.465222 0.012465 -0.007782 0.002203 0.000073 0.000018 -0.000078 1.000000
5.565220 0.012178 -0.004945 0.002539 0.000097 0.000034 -0.000081 1.000000
5.665123 0.010115 -0.007188 0.002332 0.000064 0.000042 -0.000048 1.000000
5.765176 0.010408 -0.006987 0.002685 0.000098 0.000040 -0.000042 1.000000
5.865221 0.009283 -0.005912 0.002366 0.000082 0.000003 -0.000057 1.000000
5.965171 0.010622 -0.007446 0.002304 0.000091 0.000046 -0.000047 1.000000
6.065123 0.011596 -0.009355 0.002382 0.000071 0.000034 -0.000092 1.000000
6.165225 0.010641 -0.009298 0.002193 0.000099 0.000018 -0.000116 1.000000
6.265100 0.011553 -0.004222 0.002584 0.000078 0.000039 -0.000064 1.000000
6.365097 0.009753 -0.011355 0.002005 0.000087 0.000028 -0.000094 1.000000
6.465248 0.010244 -0.004738 0.002903 0.000093 0.000020 -0.000010 1.000000
6.565098 0.009642 -0.009346 0.002606 0.000108 0.000003 -0.000065 1.000000
6.665220 0.011513 -0.009380 0.002277 0.000114 0.000029 -0.000062 1.000000
6.765175 0.006515 -0.009067 0.002636 0.000062 0.000013 -0.000076 1.000000
6.865221 0.011298 -0.008607 0.002621 0.000065 0.000027 -0.000058 1.000000
6.965101 0.009824 -0.008607 0.002485 0.000107 0.000031 -0.000050 1.000000
7.065200 0.012470 -0.007648 0.002783 0.000091 0.000021 -0.000054 1.000000
7.165099 0.011276 -0.006632 0.002447 0.000086 0.000056 -0.000083 1.000000
7.265075 0.009476 -0.007981 0.003207 0.000065 0.000032 -0.000011 1.000000
7.365220 0.014147 -0.002402 0.002604 0.000122 0.000026 -0.000048 1.000000
7.465124 0.009105 -0.008293 0.003128 0.000091 0.000019 -0.000033 1.000000
7.565272 0.010903 -0.006651 0.002081 0.000109 0.000050 -0.000041 1.000000
7.665125 0.010068 -0.005465 0.003660 0.000078 0.000050 -0.000048 1.000000
7.765100 0.011072 -0.008845 0.002236 0.000085 0.000015 -0.000044 1.000000
7.865174 0.007737 -0.006618 0.003674 0.000086 0.000025 -0.000038 1.000000
7.965172 0.011656 -0.007742 0.002601 0.000101 -0.000003 -0.000084 1.000000
8.065146 0.008056 -0.003857 0.003468 0.000075 0.000036 -0.000022 1.000000
8.165125 0.011324 -0.009347 0.002094 0.000082 0.000051 -0.000061 1.000000
8.265173 0.009392 -0.007748 0.003540 0.000074 0.000054 -0.000085 1.000000
8.365174 0.012430 -0.008194 0.002225 0.000092 0.000025 -0.000091 1.000000
8.465175 0.010386 -0.007766 0.003587 0.000125 0.000024 -0.000070 1.000000
8.565075 0.008637 -0.007232 0.002179 0.000136 0.000039 -0.000042 1.000000
8.665249 0.010664 -0.006907 0.003074 0.000108 0.000055 -0.000060 1.000000
8.765171 0.010796 -0.007917 0.002611 0.000111 0.000013 -0.000082 1.000000
8.865151 0.007650 -0.005238 0.003423 0.000084 0.000027 -0.000039 1.000000
8.965225 0.012473 -0.007352 0.003232 0.000110 0.000039 -0.000068 1.000000
9.065076 0.010500 -0.010140 0.003700 0.000107 0.000015 -0.000117 1.000000
9.165125 0.012037 -0.010597 0.002959 0.000163 0.000017 -0.000103 1.000000
9.265173 0.010654 -0.009652 0.003293 0.000093 0.000027 -0.000064 1.000000
9.365076 0.012793 -0.005459 0.003209 0.000075 0.000044 -0.000028 1.000000
9.465100 0.010990 -0.009473 0.003350 0.000107 0.000028 -0.000052 1.000000
9.565173 0.014578 -0.005436 0.003028 0.000101 0.000037 -0.000099 1.000000
9.634310 0.012880 -0.010958 0.003593 0.000106 0.000044 -0.000118 1.000000
9.765224 0.012395 -0.008414 0.002905 0.000093 0.000056 -0.000092 1.000000
9.865224 0.010089 -0.007295 0.003471 0.000127 0.000047 -0.000039 1.000000
9.965172 0.014471 -0.006835 0.003233 0.000121 0.000045 -0.000061 1.000000
10.065222 0.010978 -0.008348 0.002885 0.000076 0.000063 -0.000037 1.000000
10.165123 0.012745 -0.004983 0.003499 0.000101 0.000043 -0.000013 1.000000
10.265169 0.012370 -0.007950 0.002897 0.000115 0.000041 -0.000086 1.000000
10.365194 0.010014 -0.002166 0.003548 0.000131 0.000024 -0.000007 1.000000
10.465073 0.012690 -0.008100 0.003144 0.000089 0.000007 -0.000069 1.000000
10.535705 0.010531 -0.006309 0.003401 0.000089 0.000001 -0.000084 1.000000
10.665218 0.011955 -0.006807 0.002935 0.000119 0.000066 -0.000087 1.000000
10.765322 0.012541 -0.008057 0.003415 0.000100 0.000033 -0.000064 1.000000
10.865072 0.009413 -0.006461 0.002853 0.000131 0.000036 -0.000076 1.000000
10.965148 0.010624 -0.004846 0.003129 0.000116 0.000008 -0.000072 1.000000
11.065274 0.012524 -0.006899 0.002743 0.000121 0.000041 -0.000062 1.000000
11.165223 0.011456 -0.009889 0.003061 0.000156 0.000050 -0.000064 1.000000
11.265223 0.011416 -0.007054 0.002781 0.000116 0.000018 -0.000044 1.000000
11.365124 0.010639 -0.006528 0.003245 0.000117 0.000017 -0.000033 1.000000
11.465120 0.009256 -0.007804 0.002994 0.000106 0.000040 0.000001 1.000000
11.565075 0.009720 -0.008163 0.003512 0.000112 0.000024 -0.000060 1.000000
11.665147 0.008563 -0.007551 0.003112 0.000122 0.000008 -0.000070 1.000000
11.765149 0.011929 -0.008095 0.003265 0.000122 0.000049 -0.000087 1.000000
11.865097 0.012543 -0.008207 0.002588 0.000095 0.000044 -0.000078 1.000000
11.965149 0.012495 -0.009764 0.003220 0.000069 0.000022 -0.000074 1.000000
12.065127 0.007805 -0.006327 0.002845 0.000118 0.000039 -0.000031 1.000000
12.165147 0.012044 -0.009739 0.003198 0.000097 0.000076 -0.000079 1.000000
12.200673 0.010951 -0.009419 0.003279 0.000097 0.000069 -0.000072 1.000000
12.365251 0.011841 -0.007906 0.002553 0.000108 0.000043 -0.000068 1.000000
12.500346 0.009415 -0.007816 0.003344 0.000110 0.000026 -0.000043 1.000000
12.600347 0.012291 -0.012049 0.002870 0.000106 0.000036 -0.000085 1.000000
12.665250 0.011049 -0.009133 0.003167 0.000111 0.000012 -0.000102 1.000000
12.765102 0.014082 -0.009293 0.003414 0.000129 0.000024 -0.000050 1.000000
12.835878 0.011890 -0.004478 0.002844 0.000116 0.000026 -0.000032 1.000000
12.965074 0.014215 -0.009575 0.003416 0.000114 0.000016 -0.000063 1.000000
13.065148 0.008021 -0.003996 0.003305 0.000095 0.000011 -0.000027 1.000000
13.165220 0.010958 -0.008863 0.002802 0.000104 0.000056 -0.000001 1.000000
13.265101 0.012811 -0.007779 0.003491 0.000118 0.000039 -0.000117 1.000000
13.365221 0.012019 -0.006512 0.002793 0.000107 0.000036 -0.000053 1.000000
13.465225 0.015473 -0.008934 0.003657 0.000107 0.000022 -0.000058 1.000000
13.565123 0.012783 -0.005139 0.002527 0.000148 0.000055 -0.000045 1.000000
13.665222 0.013214 -0.008056 0.003715 0.000139 0.000035 -0.000071 1.000000
13.765224 0.012701 -0.008705 0.002531 0.000125 0.000038 -0.000094 1.000000
13.865126 0.014619 -0.010038 0.003242 0.000101 0.000031 -0.000085 1.000000
13.965123 0.011534 -0.007902 0.002704 0.000089 0.000021 -0.000078 1.000000
14.065150 0.010242 -0.008012 0.003752 0.000112 0.000031 -0.000046 1.000000
14.165222 0.010665 -0.007250 0.002772 0.000121 0.000038 -0.000023 1.000000
14.265124 0.011313 -0.009086 0.004203 0.000139 0.000031 -0.000043 1.000000
14.365275 0.012608 -0.006971 0.002636 0.000118 0.000042 -0.000101 1.000000
14.465100 0.007921 -0.004656 0.004856 0.000115 0.000013 -0.000020 1.000000
14.565273 0.010827 -0.008474 0.002373 0.000131 0.000041 -0.000048 1.000000
14.665222 0.009735 -0.006594 0.004478 0.000119 0.000026 -0.000051 1.000000
14.765076 0.008945 -0.009111 0.003111 0.000120 -0.000005 -0.000055 1.000000
14.865392 0.011132 -0.006117 0.003219 0.000116 0.000049 -0.000040 1.000000
14.965249 0.010357 -0.010761 0.003746 0.000124 -0.000001 -0.000112 1.000000
15.065123 0.011455 -0.005352 0.003427 0.000145 0.000008 -0.000060 1.000000
15.165174 0.010561 -0.005593 0.003718 0.000133 -0.000008 -0.000065 1.000000
15.265144 0.012067 -0.005861 0.003894 0.000158 -0.000010 -0.000060 1.000000
15.365172 0.011493 -0.007278 0.003654 0.000151 0.000035 -0.000096 1.000000
15.465174 0.010688 -0.009042 0.004405 0.000176 0.000023 -0.000065 1.000000
15.565269 0.010869 -0.007457 0.002801 0.000119 0.000021 -0.000070 1.000000
15.665271 0.010788 -0.006067 0.004602 0.000105 0.000036 -0.000061 1.000000
15.765126 0.011617 -0.008135 0.003694 0.000152 -0.000011 -0.000091 1.000000
15.865223 0.009655 -0.006431 0.004340 0.000132 -0.000012 -0.000072 1.000000
15.965174 0.013667 -0.008658 0.003712 0.000159 0.000032 -0.000093 1.000000
16.065225 0.009527 -0.008487 0.004338 0.000123 0.000032 -0.000053 1.000000
16.165123 0.011053 -0.008452 0.003359 0.000134 0.000040 -0.000065 1.000000
16.265199 0.011413 -0.008212 0.004382 0.000151 0.000032 -0.000066 1.000000
16.365200 0.011647 -0.008494 0.003868 0.000144 0.000011 -0.000097 1.000000
16.465169 0.010073 -0.005711 0.004230 0.000124 0.000022 -0.000050 1.000000
16.510889 0.012260 -0.009546 0.004017 0.000155 0.000014 -0.000070 1.000000
16.665099 0.008243 -0.007091 0.004051 0.000148 0.000023 -0.000011 1.000000
16.734133 0.015109 -0.005794 0.004652 0.000131 0.000011 -0.000067 1.000000
16.865175 0.011474 -0.007015 0.004640 0.000138 0.000019 -0.000036 1.000000
16.965175 0.013231 -0.007457 0.003879 0.000138 0.000016 -0.000066 1.000000
17.065123 0.011502 -0.008453 0.004722 0.000136 0.000011 -0.000089 1.000000
17.165222 0.011508 -0.008766 0.003915 0.000170 0.000004 -0.000018 1.000000
17.265125 0.010291 -0.007361 0.004721 0.000141 -0.000015 -0.000009 1.000000
17.365125 0.010729 -0.008249 0.004080 0.000140 -0.000019 -0.000023 1.000000
17.465245 0.009714 -0.009357 0.004825 0.000121 -0.000020 -0.000055 1.000000
17.565173 0.009162 -0.006011 0.003518 0.000133 0.000008 -0.000027 1.000000
17.665175 0.008900 -0.006011 0.004383 0.000122 0.000022 0.000008 1.000000
17.765147 0.012171 -0.005980 0.004306 0.000162 0.000027 -0.000042 1.000000
17.865148 0.008645 -0.008970 0.003971 0.000119 0.000006 -0.000046 1.000000
17.965245 0.011250 -0.001790 0.004566 0.000133 0.000035 -0.000022 1.000000
18.065148 0.008702 -0.007501 0.004119 0.000108 0.000010 0.000009 1.000000
18.165099 0.011459 -0.008345 0.004221 0.000158 0.000014 -0.000065 1.000000
18.265226 0.009000 -0.008450 0.004089 0.000178 0.000001 -0.000035 1.000000
18.365272 0.008467 -0.004431 0.005431 0.000167 -0.000002 -0.000070 1.000000
18.465175 0.007720 -0.009561 0.003905 0.000132 0.000013 -0.000036 1.000000
18.565099 0.009884 -0.006949 0.005786 0.000120 -0.000013 -0.000041 1.000000
18.665222 0.010253 -0.009866 0.003299 0.000161 0.000019 -0.000068 1.000000
18.765147 0.010081 -0.006075 0.006222 0.000162 0.000020 -0.000066 1.000000
18.865225 0.010536 -0.007373 0.003672 0.000116 -0.000007 -0.000055 1.000000
18.965173 0.011048 -0.006566 0.005475 0.000135 0.000019 -0.000055 1.000000
19.065127 0.008694 -0.007604 0.004362 0.000127 0.000007 -0.000063 1.000000
19.165224 0.011429 -0.006595 0.005584 0.000151 0.000011 -0.000082 1.000000
19.265100 0.011110 -0.009864 0.004050 0.000143 -0.000001 -0.000058 1.000000
19.365172 0.010481 -0.004580 0.005634 0.000122 0.000013 -0.000049 1.000000
19.435681 0.012250 -0.005218 0.004094 0.000173 0.000023 -0.000032 1.000000
19.565149 0.011947 -0.009153 0.004960 0.000153 0.000030 -0.000047 1.000000
19.665222 0.011957 -0.007848 0.004280 0.000142 -0.000006 -0.000072 1.000000
19.765223 0.009303 -0.006314 0.005340 0.000151 -0.000017 -0.000041 1.000000
19.865073 0.011016 -0.008544 0.004156 0.000164 0.000023 -0.000058 1.000000
19.965126 0.008573 -0.005608 0.005268 0.000164 0.000012 -0.000021 1.000000
20.065199 0.009145 -0.009294 0.003947 0.000172 0.000003 -0.000037 1.000000
20.165149 0.010622 -0.006767 0.004662 0.000143 0.000007 -0.000078 1.000000
20.265097 0.011000 -0.008069 0.004321 0.000141 0.000009 -0.000029 1.000000
20.365078 0.010281 -0.007919 0.005180 0.000147 0.000037 -0.000069 1.000000
20.465248 0.011132 -0.005010 0.004623 0.000150 0.000027 -0.000034 1.000000
20.565073 0.010980 -0.008386 0.005759 0.000183 -0.000010 -0.000041 1.000000
20.665071 0.011260 -0.011059 0.004735 0.000151 -0.000013 -0.000087 1.000000
