16.712191 0.235972035 -0.023631365 -0.007448524 -0.000620246 -0.000676791 -0.004005117 0.999991558
16.812040 0.577969353 -0.017750331 -0.013158585 -0.000720068 -0.001608857 -0.007226450 0.999972335
16.912119 0.875458099 -0.021634058 -0.012599329 -0.000948250 -0.001978883 -0.010091651 0.999946670
17.012118 1.287059455 -0.043076359 -0.007925499 -0.000754276 -0.001620961 -0.013257980 0.999910511
17.112092 1.717486071 -0.059572753 -0.000868790 -0.000267114 -0.001023353 -0.016020013 0.999871112
17.212166 2.190593467 -0.071877147 -0.000125773 -0.000211509 -0.000898854 -0.018990156 0.999819244
17.312066 2.689501297 -0.096251256 0.001232173 -0.000425151 -0.000881773 -0.021741086 0.999763155
17.412168 3.238558757 -0.123727378 0.003749278 -0.000209942 -0.001014719 -0.024882074 0.999689856
17.512120 3.764034410 -0.145313577 0.006516230 0.000256648 -0.000812039 -0.028091836 0.999604984
17.612117 4.325473437 -0.179702739 0.008533239 0.000136675 -0.000462348 -0.031019246 0.999518671
17.712017 4.935044108 -0.218196154 0.011567084 -0.000010042 -0.000374985 -0.033761837 0.999429836
17.812070 5.548755874 -0.265216089 0.015766681 0.000157753 -0.000400267 -0.037064346 0.999312788
17.912121 6.158317936 -0.309454387 0.017960442 0.000373961 -0.000237298 -0.040053423 0.999197442
18.012172 6.806329613 -0.351331852 0.020216440 0.000598582 -0.000002239 -0.042789095 0.999083948
18.183871 7.852578547 -0.449372035 0.024366311 0.000734371 0.000306077 -0.046724182 0.998907512
18.279357 8.327101204 -0.466305060 0.027551869 0.000288088 0.000298232 -0.048170656 0.998839034
18.312067 8.494000300 -0.509898077 0.025374248 0.000398433 0.000530019 -0.050418096 0.998727979
18.412022 9.185119107 -0.607280715 0.031537730 0.000837834 0.000518886 -0.053692752 0.998557017
18.512067 9.877788913 -0.686921242 0.030390062 0.000953945 0.000687650 -0.055294264 0.998469409
18.612169 10.569834490 -0.761112583 0.035568531 0.001605876 0.000779748 -0.056222093 0.998416691
18.712166 11.264398200 -0.843058470 0.038825514 0.002111539 0.000816707 -0.056674388 0.998390148
18.812067 11.960445689 -0.916812869 0.040798451 0.001907523 0.000447005 -0.056748896 0.998386561
18.983849 13.172437117 -1.053826254 0.041887555 0.001740364 0.000236659 -0.055276218 0.998469556
19.079934 13.730013024 -1.080474257 0.044860460 0.001492495 -0.000042084 -0.056198435 0.998418503
19.181202 14.367655521 -1.163562380 0.052194263 0.001690937 -0.000282232 -0.055573725 0.998453115
19.277913 14.969329781 -1.243846959 0.052786040 0.001814245 -0.000184667 -0.055173052 0.998475142
19.377064 15.655274937 -1.307622851 0.054870608 0.002010689 -0.000078737 -0.054189055 0.998528666
19.476216 16.349174457 -1.389674952 0.056488831 0.002387407 -0.000246445 -0.052812932 0.998601539
19.576217 17.076666334 -1.458982802 0.063435594 0.002262705 -0.000104299 -0.051166287 0.998687579
19.675669 17.806181357 -1.536847900 0.064525865 0.002148430 0.000593909 -0.049071045 0.998792803
19.774373 18.547901737 -1.612259658 0.073296090 0.002434743 0.001052005 -0.046908471 0.998895671
19.873350 19.277719329 -1.675756228 0.075004494 0.002407526 0.001634853 -0.044577814 0.999001676
19.973102 20.005782792 -1.743267645 0.079885220 0.002661797 0.002159880 -0.042157548 0.999105095
20.072653 20.753530360 -1.797279419 0.084525021 0.002798201 0.002311105 -0.039268792 0.999222093
20.166690 21.454985619 -1.854839419 0.089743057 0.002730314 0.002533688 -0.036651150 0.999321179
20.272228 22.243964162 -1.899117319 0.092240296 0.002828584 0.002555247 -0.033653690 0.999426285
20.372348 22.963480979 -1.947006954 0.097514523 0.002339109 0.002396055 -0.030837179 0.999518812
20.492725 23.882902502 -1.989461130 0.102349890 0.002209658 0.002517613 -0.027272503 0.999622424
20.565317 24.396767950 -2.010900757 0.105875205 0.002272506 0.002445666 -0.026397869 0.999645941
20.665222 25.207199354 -2.037676962 0.111602577 0.002515475 0.002597743 -0.022694983 0.999735896
20.768988 26.017349105 -2.073624070 0.117209338 0.001949720 0.002821802 -0.020002912 0.999794039
20.868940 26.780210241 -2.090898510 0.120038701 0.001532569 0.002879926 -0.017265523 0.999845618
20.969040 27.551281481 -2.114915711 0.126101074 0.001418222 0.002957157 -0.014539227 0.999888921
21.067292 28.286767695 -2.117469781 0.130615829 0.001786600 0.003162745 -0.011882836 0.999922799
21.169019 29.066457428 -2.118028249 0.137050242 0.001714165 0.003180505 -0.008985616 0.999953101
21.273606 29.841961349 -2.131041811 0.136813529 0.001658870 0.003206436 -0.006787380 0.999970449
21.367243 30.530738315 -2.126673161 0.144255863 0.001052925 0.003361300 -0.005045529 0.999981068
21.466718 31.241208410 -2.134448964 0.144682340 0.001046386 0.003364791 -0.002951992 0.999989434
21.566718 31.980448806 -2.131076285 0.150804353 0.000893133 0.003968190 -0.001238513 0.999990961
21.666695 32.727464089 -2.125959340 0.152164003 0.000995307 0.004367198 0.000414748 0.999989882
21.766569 33.487176212 -2.107666272 0.157817224 0.001249772 0.004017217 0.002088046 0.999988970
21.834684 33.995414532 -2.097335545 0.154614409 0.001005962 0.003850242 0.002311419 0.999989410
21.966519 35.084235106 -2.082542089 0.156487855 0.000794901 0.003482976 0.004248513 0.999984593
22.066443 35.794252733 -2.063995100 0.161423243 0.000766850 0.003165913 0.004969269 0.999982347
22.136352 36.310889610 -2.057704209 0.159487266 0.000908705 0.003313351 0.004737617 0.999982875
22.266322 37.361840519 -2.035526688 0.162538160 0.001299739 0.003349674 0.006355258 0.999973350
22.366200 38.005702255 -2.030953056 0.158118775 0.000838200 0.003328359 0.006584961 0.999972428
22.437674 38.550332610 -2.011650244 0.160368332 0.001006945 0.003248318 0.006470389 0.999973284
22.565771 39.602566706 -1.996055257 0.164678693 0.000607940 0.003299027 0.008060038 0.999961891
22.665144 40.341094500 -1.959332565 0.164833152 0.000395887 0.003279250 0.008566189 0.999957854
22.766120 41.113705951 -1.947320790 0.165219142 0.000788610 0.003242457 0.008673097 0.999956820
22.839191 41.661505883 -1.926671923 0.164071296 0.000394666 0.003019059 0.008675813 0.999957729
22.965323 42.738913056 -1.901117257 0.167757884 -0.000237534 0.002901184 0.010528138 0.999940341
23.065173 43.471480365 -1.877829422 0.165029404 -0.000055331 0.002678426 0.010628052 0.999939932
23.138097 44.054957205 -1.862293623 0.168715212 -0.000087948 0.002705049 0.010846188 0.999937516
23.265945 45.140501136 -1.832706302 0.171133087 0.000256625 0.002898591 0.012628198 0.999916027
23.365099 45.894413545 -1.800717096 0.171849820 0.000082374 0.002927746 0.013324850 0.999906931
23.437846 46.497909535 -1.775544962 0.169951561 0.000449111 0.002947316 0.013874040 0.999899306
23.565198 47.631763279 -1.732827541 0.174097070 0.000435960 0.003199232 0.016178226 0.999863911
23.665144 48.442143069 -1.693098229 0.172823384 0.000742259 0.002924964 0.016997697 0.999850975
23.765224 49.282061069 -1.655864063 0.175999498 0.000856021 0.002874830 0.017895164 0.999835369
23.865251 50.120384806 -1.620545909 0.170066356 0.000932993 0.002830173 0.018792530 0.999818964
23.910432 50.525683098 -1.599332733 0.177525338 0.001070953 0.002407778 0.018870842 0.999818457
24.010526 51.540146605 -1.551098923 0.174860958 0.000465260 0.002779197 0.020451199 0.999786881
24.165423 53.015925905 -1.485912214 0.176856763 0.000503686 0.003143303 0.022448497 0.999742932
24.203611 53.273431270 -1.457961689 0.167489549 0.000430538 0.002754649 0.021644205 0.999761849
24.310117 54.304625358 -1.407180754 0.178373262 0.000424864 0.003357638 0.023182745 0.999725515
24.410190 55.282947859 -1.350013722 0.168298539 0.000273955 0.003724810 0.024184542 0.999700534
24.510544 56.185683900 -1.295315985 0.176014718 0.000350286 0.003727293 0.024946670 0.999681773
24.699898 57.921747180 -1.188994275 0.170559065 0.000662477 0.003981646 0.028121739 0.999596356
24.799749 58.674603510 -1.140475678 0.167095263 0.000970170 0.003403076 0.027501527 0.999615498
24.899750 59.446473070 -1.089594422 0.163274323 0.001150621 0.003793254 0.028318016 0.999591105
24.909294 59.516655100 -1.079893743 0.170325357 0.001090063 0.003388783 0.027032506 0.999628217
25.099575 61.201719587 -0.956415794 0.169620929 0.000817602 0.004428400 0.030999272 0.999509263
25.199350 61.953070008 -0.920856223 0.166150002 0.001045418 0.004378901 0.029971681 0.999540610
25.210983 62.050701247 -0.900706636 0.171043437 0.000848483 0.004110487 0.029703936 0.999549929
25.310605 62.971151712 -0.849290971 0.164317928 0.000725966 0.005059881 0.030881804 0.999509972
25.465498 64.355596099 -0.747673490 0.165091573 -0.000208000 0.005788622 0.032121451 0.999467189
25.511089 64.710538278 -0.725403257 0.165508501 0.000012872 0.005441832 0.030992031 0.999504818
25.611319 65.632563147 -0.647123228 0.164575424 -0.000071773 0.005516764 0.031132384 0.999500042
25.711914 66.545197502 -0.576899991 0.167339144 -0.000440433 0.005436953 0.031328042 0.999494272
25.865525 67.902998325 -0.477733814 0.161839024 -0.000595799 0.005320715 0.031741857 0.999481760
25.938493 68.350648238 -0.448661201 0.160555522 -0.000366202 0.004858104 0.030984633 0.999507988
26.039017 69.204571552 -0.375911699 0.161954880 -0.000738683 0.004890296 0.030926008 0.999509440
26.165154 70.267168983 -0.320327941 0.159535442 -0.000796384 0.005106856 0.031325168 0.999495883
26.239346 70.821512590 -0.257354688 0.161154925 -0.001018696 0.004870414 0.030686694 0.999516667
26.365127 71.869840589 -0.178849501 0.160025264 -0.001274864 0.005389644 0.030810485 0.999509900
26.465229 72.681218835 -0.127350917 0.161797937 -0.001445180 0.005433779 0.030424934 0.999521240
26.565102 73.515354433 -0.073432642 0.160100344 -0.001279225 0.005626773 0.030554638 0.999516442
26.665150 74.339773700 -0.013382867 0.159175161 -0.001518804 0.005889026 0.030446670 0.999517890
26.738814 74.983201647 0.030194272 0.158139279 -0.002110579 0.005689481 0.030443326 0.999518073
26.865150 76.097089202 0.110187968 0.155775753 -0.001935884 0.005739567 0.030844229 0.999505850
26.965272 76.909432651 0.159531936 0.155178805 -0.001554853 0.005144234 0.030192116 0.999529667
27.065623 77.748354833 0.232251539 0.155320125 -0.001613675 0.005360084 0.029594874 0.999546302
27.165824 78.607234260 0.279426354 0.158287874 -0.001979709 0.005924893 0.029659400 0.999540543
27.265132 79.453272461 0.330792851 0.164041200 -0.001910245 0.005931839 0.029472247 0.999546172
27.339391 80.080195846 0.380407129 0.162246077 -0.002228637 0.005602207 0.029434952 0.999548514
27.465222 81.217241026 0.473875108 0.167900276 -0.002004051 0.005718384 0.029747578 0.999539076
27.565230 82.059118157 0.522288657 0.158221261 -0.001831949 0.006146962 0.029774224 0.999536070
27.665596 82.908737572 0.583962272 0.160378720 -0.001816488 0.006636050 0.029498284 0.999541152
27.765176 83.741689957 0.637441515 0.161637519 -0.002550260 0.007275481 0.029642904 0.999530821
27.865155 84.582300629 0.681031057 0.159052832 -0.002062557 0.008132429 0.030362849 0.999503730
27.904535 84.907038677 0.718485588 0.153658539 -0.002234250 0.008348394 0.029451937 0.999528837
28.036204 86.083673936 0.810845171 0.149928336 -0.002390542 0.009113847 0.030638515 0.999486120
28.104086 86.633876947 0.847039628 0.146225075 -0.002821999 0.008481445 0.029578326 0.999522498
28.203914 87.504109065 0.900066674 0.139538047 -0.002453582 0.008366620 0.030627422 0.999492842
28.400246 89.181872499 1.033536540 0.131743464 -0.001989884 0.008169071 0.032126304 0.999448451
28.499873 89.884434979 1.060370852 0.128153185 -0.002440939 0.007481603 0.031918948 0.999459478
28.599773 90.635811231 1.113787902 0.126370189 -0.001853931 0.007322308 0.031691211 0.999469166
28.699350 91.343665841 1.173624414 0.127968962 -0.002208683 0.006923061 0.031999448 0.999461469
28.799125 92.066509675 1.222595378 0.128363472 -0.002208147 0.006839999 0.032342572 0.999450998
28.899099 92.784477512 1.274311589 0.129171662 -0.002387033 0.007520360 0.032097083 0.999453612
28.999025 93.494064334 1.336329492 0.126512591 -0.002275731 0.008058363 0.032170835 0.999447308
29.099424 94.194688307 1.388065291 0.128155266 -0.002950986 0.008662915 0.032233267 0.999438473
29.200296 94.921879765 1.435028382 0.117756819 -0.002795824 0.009297456 0.032802738 0.999414689
29.265228 95.357134578 1.451151660 0.124404007 -0.002739248 0.009521711 0.032605766 0.999419180
29.365176 96.141806793 1.515316498 0.121256614 -0.003340801 0.009487742 0.033030581 0.999403724
29.465746 96.887261185 1.586759494 0.115537552 -0.003285166 0.009011078 0.032942937 0.999411212
29.510746 97.244337022 1.607194825 0.112688318 -0.003964217 0.008748387 0.032471585 0.999426509
29.610645 98.109758836 1.665910840 0.105793045 -0.003250005 0.009397359 0.033482877 0.999389826
29.710670 98.898306176 1.715491831 0.100492022 -0.003262953 0.009735112 0.033519662 0.999385318
29.810922 99.685553535 1.795101909 0.092127307 -0.003197980 0.010075030 0.034026196 0.999365041
29.945849 100.728758116 1.886734553 0.081161736 -0.002733981 0.010332847 0.034497166 0.999347639
30.001698 101.102384495 1.895543368 0.074903106 -0.002595107 0.010126038 0.034116341 0.999363199
30.199920 102.633552243 2.020644391 0.059578826 -0.002358053 0.011164781 0.035138582 0.999317301
30.299521 103.281617333 2.070633046 0.044105080 -0.002659879 0.010803460 0.034901919 0.999328808
30.335806 103.507650476 2.091739336 0.053835088 -0.002648413 0.010929619 0.034475240 0.999342277
30.410462 104.037433070 2.130118312 0.050720964 -0.002602760 0.011376720 0.034332046 0.999342337
30.510637 104.732930166 2.182956033 0.048527767 -0.002743716 0.011505981 0.034556426 0.999332746
30.610669 105.454899667 2.227666692 0.038715596 -0.002182783 0.011388900 0.034650143 0.999332225
30.765250 106.495504151 2.314809199 0.028187257 -0.002186028 0.011825475 0.034867092 0.999319601
30.865249 107.124795413 2.347282709 0.024848384 -0.002335453 0.011580145 0.035285521 0.999307449
30.965149 107.705848504 2.406451346 0.021547972 -0.002058019 0.011264577 0.035118021 0.999317566
31.045902 108.177446039 2.435508711 0.014467346 -0.001460194 0.010799314 0.034803460 0.999334760
31.166418 108.913495751 2.494736045 0.011677351 -0.002138598 0.010611999 0.034838145 0.999334336
31.240870 109.334007350 2.539624004 0.004589813 -0.001984792 0.010327900 0.033881855 0.999370509
31.365274 110.116269600 2.590923176 0.000939349 -0.001942360 0.010426057 0.034311925 0.999354900
31.465123 110.702165554 2.641799846 -0.004159414 -0.002294200 0.010252038 0.034634453 0.999344829
31.565100 111.299792716 2.685777693 -0.006670145 -0.002251898 0.010194049 0.034740789 0.999341827
31.665521 111.895614433 2.725721769 -0.011260677 -0.002087960 0.010449976 0.034812735 0.999337036
31.766444 112.495712996 2.775420614 -0.019008321 -0.001728559 0.010625869 0.034745813 0.999338197
31.865673 113.090183156 2.812468845 -0.019589530 -0.001658462 0.010464629 0.034756428 0.999339648
31.965093 113.673960513 2.860456905 -0.027277667 -0.001654488 0.010256789 0.035095647 0.999329954
32.065572 114.256622978 2.914808835 -0.038371107 -0.002086596 0.010392403 0.034990157 0.999331443
32.165201 114.842236781 2.950846564 -0.038912260 -0.001827823 0.010281863 0.035214062 0.999325228
32.265142 115.448828723 2.993029523 -0.039866408 -0.001573133 0.010115429 0.035223928 0.999327013
32.365649 116.054079064 3.042901018 -0.047496285 -0.001781671 0.010273780 0.035006696 0.999332681
32.469637 116.652383152 3.095427976 -0.054841566 -0.002968815 0.010827355 0.035513538 0.999306131
32.564996 117.211763585 3.141755377 -0.058804112 -0.003167134 0.010805185 0.035423400 0.999308961
32.665523 117.806416031 3.186426334 -0.064824864 -0.003670889 0.010892756 0.035870825 0.999290326
32.765148 118.380886697 3.243467531 -0.068740467 -0.003190664 0.010929376 0.035992073 0.999287216
32.865672 119.000601860 3.290149789 -0.075499229 -0.003770595 0.010978547 0.036011380 0.999283961
32.965471 119.600350911 3.329697758 -0.078213869 -0.004049336 0.011307206 0.036368137 0.999266285
33.065268 120.179790272 3.389768977 -0.085574191 -0.005984118 0.011212188 0.036544096 0.999251223
33.165794 120.739947765 3.432135305 -0.091957257 -0.004437214 0.011016741 0.036933094 0.999247161
33.269167 121.335732963 3.477068138 -0.102490661 -0.005417436 0.011342041 0.037866084 0.999203768
33.365190 121.889094349 3.535768819 -0.108705057 -0.006673270 0.011119794 0.036957854 0.999232673
33.468984 122.486152724 3.579286104 -0.117883275 -0.005257121 0.011031327 0.037705903 0.999214160
33.569010 123.060229711 3.632372183 -0.125984222 -0.005688475 0.011086045 0.038318373 0.999187892
33.668983 123.640045351 3.679587820 -0.132251288 -0.005936029 0.011072931 0.037613470 0.999213381
33.712018 123.873645277 3.693481353 -0.129407383 -0.006680476 0.010795909 0.037326132 0.999222487
33.812116 124.519141217 3.759946271 -0.145026055 -0.004459339 0.010695506 0.038694234 0.999183905
33.945899 125.312367868 3.830473956 -0.155733937 -0.005705439 0.011113767 0.039032242 0.999159855
34.045873 125.888395841 3.872903104 -0.153580371 -0.005134283 0.010785181 0.038750556 0.999177518
34.112112 126.239508057 3.908714777 -0.162370615 -0.005521357 0.010486144 0.037881887 0.999211949
34.212136 126.807794673 3.939110693 -0.161307395 -0.004070359 0.010014050 0.038766547 0.999189825
34.312211 127.376281401 3.998398189 -0.166225546 -0.004753148 0.009841051 0.039067336 0.999176813
34.412117 127.954686625 4.051985819 -0.176265318 -0.003010953 0.009771347 0.039164815 0.999180450
34.512065 128.549425259 4.083803941 -0.178351619 -0.003349590 0.009887321 0.039441621 0.999167343
34.612065 129.115219845 4.131927926 -0.184347694 -0.001092948 0.010285428 0.039425522 0.999168977
34.773027 130.030695864 4.228319731 -0.201198458 -0.001286302 0.010376386 0.040402599 0.999128773
34.812114 130.185616732 4.233269698 -0.200489259 -0.001483946 0.009368848 0.039344479 0.999180682
34.968911 131.082816296 4.320179216 -0.205773022 -0.000886792 0.009878914 0.040542783 0.999128572
35.074641 131.602353876 4.348027893 -0.212269949 -0.000632429 0.009777484 0.040826211 0.999118222
35.145339 131.950989466 4.394190732 -0.214476385 -0.000941584 0.009272551 0.040655449 0.999129755
35.210787 132.302007402 4.417587015 -0.217596065 -0.000914996 0.009053149 0.040484761 0.999138723
35.338818 133.042258826 4.493031582 -0.225432465 -0.000442105 0.009405277 0.042050999 0.999071098
35.412111 133.476095827 4.536008227 -0.230691379 -0.000810196 0.009324014 0.041987377 0.999074305
35.592741 134.569424781 4.632533913 -0.242045061 -0.000706591 0.009364725 0.043106603 0.999026338
35.695213 135.122310687 4.679258001 -0.250184849 -0.000347629 0.008800855 0.043262736 0.999024904
35.792021 135.607128061 4.732907758 -0.251141310 -0.000579776 0.008744014 0.043580017 0.999011506
35.891451 136.131281926 4.779771731 -0.257061472 -0.000788041 0.008356956 0.043860473 0.999002402
35.969558 136.566076998 4.816199382 -0.266191169 -0.000482060 0.008124130 0.043790747 0.999007576
36.089928 137.290266500 4.886356243 -0.268648163 -0.001121977 0.008509176 0.044160985 0.998987559
36.193193 137.932113254 4.950969497 -0.277962058 -0.001165000 0.008052922 0.044362546 0.998982361
36.292646 138.543919377 5.014794867 -0.284580223 -0.001037803 0.008154721 0.044332014 0.998983031
36.390930 139.186693203 5.082808006 -0.297780630 -0.001706581 0.008051121 0.044713559 0.998965948
36.469158 139.687267469 5.124983304 -0.302786729 -0.001574149 0.007790308 0.044007178 0.998999600
36.567763 140.383797091 5.214048462 -0.316182034 -0.001634923 0.008310884 0.044107062 0.998990903
36.667639 141.106844040 5.285898316 -0.322465234 -0.001539555 0.008766952 0.044258539 0.998980456
36.711218 141.432935961 5.316453592 -0.325477560 -0.001590741 0.008739363 0.043609058 0.999009181
36.868938 142.715190349 5.437240678 -0.336294060 -0.002373648 0.009413651 0.043709844 0.998997096
36.968962 143.480734959 5.502409577 -0.353030191 -0.002782824 0.008945522 0.043927798 0.998990782
37.010156 143.785515512 5.532754672 -0.354131434 -0.002029901 0.008283907 0.043193929 0.999030300
37.110054 144.607957816 5.611204933 -0.361379006 -0.002723308 0.008931234 0.043015554 0.999030770
37.210205 145.438167011 5.695504596 -0.375175693 -0.002604673 0.008523589 0.043116447 0.999030298
37.310201 146.267867644 5.780586068 -0.387885791 -0.002410494 0.008473633 0.042583077 0.999054087
37.410251 147.096210952 5.848290882 -0.402815014 -0.002784316 0.008355235 0.042534588 0.999056178
37.510252 147.907655084 5.923992591 -0.409378236 -0.002485079 0.008468282 0.042586317 0.999053811
37.610354 148.700244124 5.996815047 -0.419167623 -0.002621090 0.009017170 0.041947715 0.999075678
37.710401 149.505177736 6.068033878 -0.429023468 -0.002248969 0.009335566 0.042295797 0.999058985
37.810349 150.298874519 6.138071218 -0.435020698 -0.002226801 0.009857868 0.042221371 0.999057165
37.999749 151.814779040 6.296387793 -0.455136224 -0.002315679 0.011214204 0.043340391 0.998994740
38.099698 152.450185862 6.351787636 -0.470916893 -0.002189101 0.010612212 0.043279237 0.999004252
38.199674 153.096504745 6.410473558 -0.469697401 -0.002019175 0.010921687 0.043548892 0.998989556
38.299673 153.751173927 6.496647318 -0.481339351 -0.002104373 0.011040480 0.043807392 0.998976772
38.399623 154.428301104 6.563808003 -0.494827574 -0.001785347 0.011049965 0.044135981 0.998962825
38.499423 155.127433335 6.635025083 -0.502250583 -0.001657360 0.010602695 0.044063421 0.998971096
38.599149 155.876978143 6.700881650 -0.515253961 -0.001627497 0.010489450 0.044487102 0.998953563
38.699574 156.653790520 6.767555143 -0.522863200 -0.002079032 0.010069762 0.044664084 0.998949146
38.800322 157.451164366 6.841855308 -0.535866850 -0.001942083 0.010277163 0.045317449 0.998917883
38.810781 157.548098450 6.859314038 -0.537226382 -0.001783380 0.009739520 0.044478903 0.998961255
38.938646 158.705492713 6.959378271 -0.542027462 -0.001854436 0.010555818 0.046317120 0.998869291
39.040866 159.613374747 7.053596279 -0.566147716 -0.001926765 0.010394772 0.046537325 0.998860608
39.169138 160.756605180 7.168911062 -0.578642689 -0.001554641 0.009760513 0.047295547 0.998832041
39.267210 161.577993871 7.257189112 -0.595479462 -0.001557121 0.009541480 0.047521330 0.998823437
39.366792 162.410437832 7.343248967 -0.606216170 -0.001200164 0.009671335 0.047841383 0.998807402
39.467162 163.269633956 7.451459477 -0.614882046 -0.001345275 0.009404802 0.048294217 0.998787970
39.566663 164.149495406 7.547494760 -0.632677768 -0.001276696 0.009198758 0.049049882 0.998753154
39.667710 165.063225048 7.646611498 -0.644261511 -0.001533905 0.009529940 0.049986883 0.998703229
39.767143 165.954848680 7.734012667 -0.659527932 -0.001362954 0.010012442 0.050244909 0.998685808
39.869339 166.885284459 7.845796967 -0.669861122 -0.001207740 0.010789600 0.051424887 0.998617848
39.966665 167.775789300 7.951649199 -0.681039745 -0.001161148 0.010766752 0.052274902 0.998574015
40.066673 168.692542374 8.058420254 -0.694958666 -0.001092889 0.011065881 0.052827222 0.998541755
40.166840 169.609157982 8.163053570 -0.709910574 -0.001067864 0.011589063 0.053720007 0.998488214
40.267011 170.574878458 8.281432527 -0.723507365 -0.001191707 0.011994836 0.054460075 0.998443190
40.367145 171.543627589 8.395938539 -0.740873101 -0.001074501 0.011878522 0.055055889 0.998412037
40.410667 171.963374431 8.438922936 -0.743538336 -0.001076462 0.011261520 0.055072011 0.998418296
40.510868 173.030963453 8.577595570 -0.765706875 -0.001155310 0.011609976 0.055811436 0.998373155
40.667260 174.669187789 8.770819308 -0.792758007 -0.001168814 0.012587645 0.057244130 0.998280168
40.769034 175.683878449 8.901199035 -0.808018649 -0.000781694 0.012277042 0.057575781 0.998265342
40.812113 176.090587993 8.953729748 -0.812040453 -0.000717574 0.012231025 0.057317834 0.998280799
40.910657 177.089181141 9.064329138 -0.823429418 -0.000762348 0.012529662 0.057558719 0.998263202
41.010779 178.131549840 9.208901802 -0.841904726 -0.000737584 0.012531956 0.057685621 0.998255867
41.183741 179.935496861 9.441105698 -0.870979511 -0.000330021 0.012285203 0.058884302 0.998189162
41.279829 180.843252834 9.532971458 -0.894472923 -0.000327244 0.011805569 0.058802943 0.998199747
41.338648 181.393528298 9.611708470 -0.895804513 -0.000177165 0.011679012 0.058256524 0.998233313
41.473048 182.713058049 9.785792498 -0.914012650 -0.000516066 0.011873170 0.058470238 0.998218409
41.507437 183.017834469 9.811096872 -0.922878655 -0.000683110 0.011058865 0.058098494 0.998249368
41.608781 184.099975104 9.956028691 -0.941995877 -0.000377709 0.009748197 0.057572534 0.998293661
41.707013 185.128660701 10.082601831 -0.958524449 -0.000399535 0.010640543 0.056692056 0.998334929
41.806339 186.195986113 10.219031094 -0.982878875 -0.000180175 0.012461186 0.056000524 0.998352957
41.906467 187.249173778 10.354594782 -0.988502502 0.000075569 0.013464041 0.055747555 0.998354108
42.006338 188.287382416 10.462854190 -1.012141216 0.000361767 0.013343172 0.054854727 0.998405122
42.106490 189.329309399 10.577961097 -1.032771736 0.000910376 0.012728459 0.054154197 0.998451041
42.206390 190.372622122 10.714717276 -1.055048334 0.001384950 0.012427861 0.053896148 0.998468245
42.306440 191.438424896 10.826187592 -1.068684437 0.001246802 0.011555361 0.053445985 0.998503103
42.406511 192.502941770 10.954499040 -1.090733292 0.001531314 0.011137950 0.052682836 0.998548006
42.506489 193.566068022 11.079596262 -1.105379451 0.001825512 0.010599749 0.052016305 0.998588312
42.606415 194.657100807 11.204949718 -1.129886087 0.001905772 0.010680080 0.051485626 0.998614808
42.706437 195.777323306 11.328531405 -1.147974339 0.001485829 0.011086005 0.051307478 0.998620266
42.806438 196.902013964 11.448080982 -1.169480832 0.001320604 0.011802110 0.050633111 0.998646711
42.999848 199.125931380 11.696381150 -1.210947398 0.001190337 0.012837753 0.051792333 0.998574649
43.006425 199.152946329 11.696551769 -1.216218045 0.001519719 0.012188797 0.050956179 0.998625351
43.106259 200.361261357 11.833960663 -1.241451807 0.001509774 0.012779326 0.051737640 0.998577802
43.206515 201.576191203 11.967597157 -1.265640769 0.001062142 0.012148368 0.052557682 0.998543429
43.306515 202.785364024 12.111265308 -1.291018949 0.001140364 0.012498508 0.053161897 0.998507035
43.406419 203.993517981 12.250964125 -1.312692379 0.000890915 0.012472471 0.053622769 0.998482971
43.572429 206.012532519 12.484706487 -1.359547581 0.000500073 0.013086385 0.054627464 0.998420922
43.606439 206.205922445 12.494154932 -1.355482169 0.000446310 0.012945644 0.054113022 0.998450796
43.712064 207.434533828 12.631128695 -1.392816462 -0.000299694 0.012205489 0.054089496 0.998461448
43.806537 208.526576374 12.767673250 -1.410869775 0.000321693 0.012227033 0.053838511 0.998474742
43.974048 210.589974599 13.013482913 -1.458165171 0.000490470 0.013398086 0.055037777 0.998394258
44.072379 211.577215142 13.106487200 -1.468878770 -0.000009691 0.013537044 0.055085367 0.998389879
44.172554 212.712330894 13.247949954 -1.505650453 0.000527379 0.013141584 0.055511233 0.998371436
44.206390 213.097805592 13.304393803 -1.509775786 0.000433641 0.012610450 0.054746188 0.998420574
44.380955 215.326217773 13.578038791 -1.564609303 0.000535334 0.011818742 0.057359408 0.998283491
44.406388 215.575549460 13.599137996 -1.565199297 0.000329658 0.011843520 0.056240348 0.998346957
44.572404 217.717947545 13.860168021 -1.610629499 0.000230908 0.012582240 0.058300534 0.998219756
44.600823 217.728390744 13.865362490 -1.607163783 0.000175853 0.012595797 0.058251334 0.998222469
44.700897 219.620336907 14.094068047 -1.652438037 0.000424937 0.012581139 0.059178775 0.998168025
44.800898 220.906824591 14.262428346 -1.664685203 0.000409390 0.012975162 0.059497151 0.998144061
44.900823 222.260103442 14.456455115 -1.704560930 0.000802214 0.012774915 0.060601916 0.998079940
45.000898 223.629162480 14.634347669 -1.734237960 0.001515287 0.012843148 0.061466567 0.998025360
45.100823 224.977059173 14.816743518 -1.761036582 0.001238513 0.013231544 0.061825874 0.997998474
45.200873 226.332951628 15.014295954 -1.795485914 0.001877862 0.013247200 0.062227425 0.997972311
45.300797 227.689644066 15.187344189 -1.821694123 0.001687185 0.012912239 0.062807016 0.997940733
45.400773 229.065679980 15.373792111 -1.859494252 0.001207199 0.013161009 0.063638657 0.997885490
45.500773 230.467147697 15.567618526 -1.887494135 0.001043096 0.013434479 0.064433133 0.997831047
45.600873 231.881297032 15.779873427 -1.922627435 0.001284709 0.013953489 0.065461700 0.997756692
45.700773 233.300039104 15.972674321 -1.954780253 0.001450590 0.014834497 0.066620748 0.997667033
45.800773 234.734172714 16.185631795 -1.984870131 0.001670709 0.014878418 0.067280322 0.997621772
45.910229 236.354627174 16.427138444 -2.025201861 0.001408627 0.014790975 0.068699611 0.997526745
46.010131 237.763729766 16.635433275 -2.065880948 0.001058578 0.014268049 0.068279507 0.997563638
46.146047 239.748886400 16.924076628 -2.107688016 0.001298783 0.014243177 0.068797970 0.997528087
46.210180 240.610276226 17.038941890 -2.129083919 0.001687638 0.014239360 0.069218634 0.997498458
46.310354 242.116533649 17.294708356 -2.161753489 0.002128603 0.015266157 0.068904576 0.997504172
46.410404 243.624635703 17.518043172 -2.197859886 0.001746516 0.015428737 0.069151648 0.997485315
46.568938 246.032811895 17.877132421 -2.258377258 0.001406142 0.016342792 0.070485093 0.997377956
46.615829 246.648193119 17.949574835 -2.275593338 0.000548326 0.015872725 0.070130062 0.997411415
46.715732 248.099703430 18.168155493 -2.308448040 0.001181668 0.016058667 0.070290476 0.997396597
46.814291 249.549449478 18.384252902 -2.347852344 0.000774860 0.016156388 0.070610809 0.997372791
46.914371 251.028721885 18.614203123 -2.384529271 0.001358691 0.017198241 0.070910131 0.997333509
47.036101 252.861561487 18.891950799 -2.427269834 0.001256131 0.018073462 0.071983672 0.997241256
47.180010 254.942191683 19.208361478 -2.481729536 0.001700411 0.018556038 0.072655477 0.997183014
47.265548 256.050306234 19.375127151 -2.505627559 0.001111193 0.018738636 0.072312048 0.997205393
47.366048 257.404926833 19.565133930 -2.541979971 0.001490012 0.019098860 0.072910304 0.997154502
47.466517 258.749994202 19.791311701 -2.576719809 0.001612544 0.019112900 0.072856243 0.997157994
47.569116 260.162069359 20.004446632 -2.621859872 0.001912650 0.018479462 0.073252363 0.997140383
47.666494 261.540924036 20.221862337 -2.652659718 0.002102931 0.018149881 0.073850477 0.997101934
47.766593 263.003845244 20.453023628 -2.696691535 0.001888363 0.018244324 0.074091565 0.997082754
47.866344 264.441477611 20.685492034 -2.727283534 0.002007852 0.018379834 0.074252947 0.997068027
47.966641 265.889798483 20.911128907 -2.767276328 0.001532686 0.018143031 0.074485136 0.997055889
48.066347 267.332852741 21.147555880 -2.807724048 0.001474776 0.018309365 0.074920482 0.997020318
48.166472 268.777073319 21.401262654 -2.840991560 0.001205831 0.018095489 0.074949026 0.997022438
48.266966 270.222590924 21.624343332 -2.882200664 0.000831259 0.018065958 0.075384157 0.996990551
48.365174 271.658246823 21.850540298 -2.921750645 0.001373184 0.018504694 0.075981797 0.996936536
48.466344 273.164564282 22.117603849 -2.960582409 0.001362330 0.018768670 0.076093330 0.996923109
48.566220 274.646342790 22.353784963 -3.002628662 0.001606814 0.019021561 0.076826390 0.996861728
48.669638 276.209036775 22.601666529 -3.041835669 0.002230515 0.019369626 0.077299407 0.996817257
48.765121 277.608157422 22.834007714 -3.082112542 0.002357751 0.018915316 0.077875274 0.996780865
48.872614 279.224765687 23.090508477 -3.122566362 0.002619555 0.018713152 0.078632995 0.996724540
48.965993 280.565049075 23.312467921 -3.159874188 0.002071982 0.018776454 0.078529711 0.996732781
49.069562 282.128097488 23.578571642 -3.203633166 0.001899159 0.019948008 0.078623098 0.996703004
49.166970 283.526008214 23.819440225 -3.242765964 0.001764706 0.020266120 0.078699673 0.996690790
49.267865 285.028000887 24.070158584 -3.287773348 0.002292123 0.020191992 0.079197427 0.996651793
49.302888 285.538668806 24.155088498 -3.299755203 0.002249204 0.019871824 0.078834929 0.996687065
49.499599 288.500043336 24.663636311 -3.383802063 0.001568719 0.019652185 0.079866323 0.996610607
49.599349 289.896548402 24.869278917 -3.432524588 0.001806673 0.018726741 0.080764046 0.996555675
49.699099 291.274112045 25.122658358 -3.460290593 0.001485252 0.018737084 0.080867342 0.996547635
49.798875 292.615695204 25.346592115 -3.498951247 0.001443709 0.018570222 0.080762857 0.996559293
49.899300 293.974462414 25.549216062 -3.527136332 0.001240101 0.019150089 0.080837353 0.996542552
49.965648 294.834328228 25.719950799 -3.551822703 0.000982589 0.019495668 0.080569488 0.996557831
50.065796 296.195279567 25.956360548 -3.580672929 0.001025220 0.021155399 0.080748410 0.996509454
50.165693 297.561661640 26.188530080 -3.621980357 0.000777551 0.021847735 0.081144396 0.996462573
50.247798 298.686187393 26.373679299 -3.653127883 0.001255382 0.021284516 0.081142798 0.996474405
50.365273 300.323204935 26.652760591 -3.702210612 0.001017244 0.020531573 0.082005552 0.996419846
50.500122 302.091966209 26.972717040 -3.762761084 0.001774448 0.020756772 0.082951605 0.996335806
50.599149 303.284933074 27.163947211 -3.793728788 0.002559343 0.020432481 0.082919174 0.996343502
50.699024 304.542880355 27.386848127 -3.833272905 0.004062721 0.020210653 0.083755062 0.996273112
50.798924 305.838529067 27.602376604 -3.868546063 0.005272814 0.020035272 0.084388416 0.996217537
50.898875 307.102335112 27.848891594 -3.906550050 0.005434294 0.020882526 0.084429351 0.996195801
50.998725 308.383521160 28.061482482 -3.938976491 0.005784210 0.021899299 0.084886112 0.996133180
51.098650 309.667732503 28.314395424 -3.983258228 0.005107638 0.022308860 0.085126547 0.996107272
51.198226 310.956022654 28.534026927 -4.030217827 0.005111393 0.023125703 0.085306740 0.996073208
51.298625 312.285126796 28.780723741 -4.063914181 0.004726055 0.023430079 0.085501964 0.996051259
51.398873 313.584177975 29.019920639 -4.116867432 0.005560570 0.023142863 0.085974718 0.996012970
51.499347 314.851886311 29.235601794 -4.151305042 0.006063149 0.022753830 0.086213652 0.995998347
51.599849 316.142046275 29.468298026 -4.196867668 0.005965247 0.023249486 0.086577167 0.995955959
51.697964 317.393089439 29.697997808 -4.227391711 0.006059960 0.023764694 0.087070658 0.995900204
51.797846 318.664485451 29.935467080 -4.278359106 0.005979951 0.024060148 0.087384282 0.995866124
51.825033 319.021862180 30.001570015 -4.279000920 0.006271903 0.023449746 0.087352336 0.995881691
51.947747 320.701671758 30.305644948 -4.346234742 0.005640517 0.023532962 0.088132806 0.995814738
52.067766 322.344457705 30.626275455 -4.396884330 0.006162529 0.023237177 0.088747987 0.995763954
52.123987 323.039033992 30.738336029 -4.428619884 0.006222232 0.022570603 0.088800556 0.995774228
52.210203 324.184003124 30.964086068 -4.460330406 0.006490953 0.022922186 0.089433528 0.995707831
52.325105 325.738163282 31.247901514 -4.517789291 0.006177482 0.023401778 0.089968086 0.995650511
52.465196 327.566471184 31.603019271 -4.578293686 0.006021394 0.023905699 0.090748551 0.995568662
52.566747 328.787753494 31.830477804 -4.619079826 0.005871434 0.023991512 0.091226246 0.995523835
52.666668 329.948752470 32.065960670 -4.658622158 0.005807259 0.023923007 0.091453582 0.995505001
52.710642 330.439417849 32.165871788 -4.677542986 0.005794326 0.023567115 0.091474746 0.995511621
52.810697 331.663542371 32.394027405 -4.716947886 0.005206722 0.024110681 0.091627574 0.995487796
52.947094 333.306534304 32.719034095 -4.770837139 0.004811573 0.024488294 0.092103965 0.995436604
53.065222 334.623434800 32.987908583 -4.820206042 0.004705721 0.024303273 0.091975123 0.995453557
53.110553 335.083411270 33.073100379 -4.832096844 0.004911435 0.023731858 0.091779367 0.995484417
53.247602 336.636864255 33.369367518 -4.883740875 0.004846354 0.023556975 0.091962615 0.995471978
53.365246 337.919105830 33.626063232 -4.932232017 0.005087186 0.023431131 0.092275770 0.995444767
53.461454 338.920427165 33.817634981 -4.963828715 0.004557840 0.023723666 0.092170914 0.995450117
53.561129 339.967801141 34.023353593 -5.002012972 0.004666254 0.024041097 0.092262958 0.995433473
53.665270 341.035004276 34.234095727 -5.042321786 0.005206294 0.024200551 0.092090465 0.995442903
53.765174 342.068393694 34.432103848 -5.080307733 0.005605174 0.024033940 0.092864119 0.995372899
53.865270 343.103838743 34.635886373 -5.115191460 0.005491131 0.023934581 0.093146627 0.995349531
53.965222 344.116739890 34.839492132 -5.155434667 0.005502196 0.023758171 0.093797238 0.995292597
54.065296 345.155473241 35.040068538 -5.187330157 0.005455568 0.023738587 0.094316504 0.995244248
54.147672 345.992131524 35.219182393 -5.219983268 0.005304728 0.023471722 0.094710605 0.995213967
54.265195 347.275368859 35.477040974 -5.262848972 0.004972008 0.023607291 0.095715642 0.995116320
54.365494 348.273635790 35.675118433 -5.299215181 0.004982153 0.023679386 0.096257305 0.995062308
54.466815 349.316684351 35.884110599 -5.336110053 0.005083864 0.023755504 0.096539809 0.995032610
54.567068 350.353135512 36.103145477 -5.369984623 0.005510361 0.023720644 0.097217389 0.994965199
54.666193 351.393125564 36.315952457 -5.404875403 0.005376812 0.023700363 0.097570069 0.994931889
54.765196 352.423509748 36.526574740 -5.443288703 0.005294861 0.023949961 0.097992583 0.994884826
54.865172 353.472053431 36.745266532 -5.476624949 0.006065784 0.024564266 0.098717013 0.994793825
54.946699 354.332463372 36.932485107 -5.508227452 0.005827009 0.024718522 0.098830928 0.994780121
55.047096 355.437769953 37.168038960 -5.544517150 0.005661564 0.025198349 0.099174431 0.994734850
55.147049 356.507366847 37.378356848 -5.586769509 0.005735409 0.025220999 0.099887558 0.994662497
55.265221 357.712486674 37.635411877 -5.625548941 0.005516469 0.024872171 0.100439897 0.994616897
55.365869 358.685213393 37.828890309 -5.663779984 0.005331862 0.024326310 0.100834486 0.994591478
55.466423 359.668519348 38.044166550 -5.692993231 0.005296049 0.024182463 0.101209997 0.994557035
55.566420 360.626860602 38.256514462 -5.734840710 0.005323258 0.024484135 0.101212632 0.994549241
55.666395 361.590664670 38.463743399 -5.763625171 0.005481755 0.024687951 0.101502009 0.994513850
55.710829 362.020633201 38.555480000 -5.783240655 0.005077210 0.024529099 0.101492056 0.994520944
55.865520 363.729629385 38.933096782 -5.847400674 0.004212277 0.024930695 0.102281980 0.994434067
55.965620 364.670047915 39.121712714 -5.889778265 0.004028676 0.024431201 0.102215642 0.994454046
56.065942 365.620647944 39.334711513 -5.918705703 0.003394061 0.024249526 0.102190474 0.994463447
56.166241 366.536303369 39.531042023 -5.953917129 0.002808722 0.024623097 0.101844141 0.994491621
56.266241 367.455837547 39.729938907 -5.988748624 0.002670000 0.025149535 0.102054104 0.994457305
56.348195 368.179980249 39.894902546 -6.015488138 0.002288709 0.025437086 0.101652423 0.994492082
56.465272 369.282002106 40.149616076 -6.057679834 0.001786669 0.026039258 0.101593641 0.994483533
56.565221 370.117299074 40.310289586 -6.088731023 0.001339087 0.026054857 0.101499223 0.994493469
56.602987 370.438184756 40.395295015 -6.102735590 0.001267200 0.025808924 0.101120877 0.994538517
56.702886 371.424505671 40.598233491 -6.136621843 0.000423116 0.025160680 0.101368553 0.994530632
56.900371 373.288616559 40.986936844 -6.206759626 0.000084868 0.024956734 0.101489000 0.994523573
56.999798 374.034906787 41.133978843 -6.244650555 -0.000217757 0.024083407 0.101005692 0.994594285
57.099723 374.855117819 41.318975891 -6.266222580 0.000100753 0.024280458 0.101014833 0.994588585
57.199847 375.657729975 41.484637196 -6.303916821 -0.000245340 0.024590722 0.101189531 0.994563178
57.300022 376.488496266 41.675084414 -6.331197538 -0.000004874 0.024805372 0.101227976 0.994553966
57.365671 377.024944042 41.781726866 -6.357043859 -0.000160051 0.024354797 0.101124588 0.994575606
57.467638 377.901915104 41.987178364 -6.386445293 -0.000063630 0.024480595 0.101312996 0.994553354
57.567092 378.736198645 42.162321890 -6.423152683 -0.000084886 0.024704561 0.101742347 0.994503983
57.666568 379.582861948 42.353052388 -6.450713164 0.000017158 0.025200581 0.102017605 0.994463342
57.767115 380.422245976 42.530498390 -6.487419480 -0.000264573 0.025067474 0.102230522 0.994444806
57.865148 381.251267594 42.712890907 -6.519640002 -0.000183730 0.024885170 0.102378469 0.994434183
57.966819 382.139660424 42.904923878 -6.558190278 -0.000112656 0.025186401 0.102672618 0.994396282
58.065194 382.984864741 43.080030282 -6.592042987 -0.000356491 0.025703883 0.102659787 0.994384308
58.165097 383.874615568 43.283031168 -6.623649216 -0.000332519 0.025924310 0.103109816 0.994332030
58.266442 384.767103480 43.469725159 -6.664575561 -0.000201809 0.026068716 0.103222292 0.994316619
58.366020 385.618568792 43.653473574 -6.698050886 -0.000306170 0.026154484 0.103385078 0.994297428
58.466272 386.486669382 43.842405421 -6.737542196 -0.000117102 0.026097162 0.103406952 0.994296700
58.565568 387.357483769 44.034265528 -6.773455171 0.000083394 0.026534041 0.103099273 0.994317091
58.648069 388.083989505 44.189361214 -6.805068270 0.000205012 0.026882789 0.102745948 0.994344278
58.765172 389.186533881 44.437684749 -6.852714912 0.001250489 0.027585272 0.102664456 0.994332690
58.811021 389.551936166 44.508125490 -6.870704880 0.001685371 0.027102908 0.102207483 0.994392389
58.911022 390.559509222 44.733035133 -6.913852283 0.002790758 0.027410957 0.101891348 0.994413900
59.069038 392.101873916 45.059808591 -6.983339526 0.003510746 0.027501741 0.101199322 0.994479777
59.110479 392.396055355 45.103768287 -6.994648576 0.003608576 0.026772840 0.100782331 0.994541661
59.266493 393.849470921 45.414897843 -7.059934176 0.005056474 0.027393780 0.099483270 0.994649231
59.366768 394.742896531 45.589396708 -7.098818770 0.005505161 0.026827862 0.098397322 0.994770288
59.466395 395.585949984 45.763580376 -7.140047777 0.006672766 0.026746754 0.097363325 0.994867061
59.540118 396.208442181 45.888820434 -7.165541575 0.007615832 0.026373177 0.096164303 0.994986875
59.634780 397.079906807 46.063234656 -7.208327523 0.009150217 0.026496051 0.094318798 0.995147324
59.720295 397.881913229 46.215494546 -7.242401186 0.009889059 0.026757614 0.092997708 0.995257586
59.837550 399.001568407 46.419732621 -7.292913108 0.010906359 0.027418781 0.091683401 0.995350901
59.936404 399.881443789 46.590508959 -7.329931207 0.012024148 0.027186381 0.090248610 0.995475519
60.033759 400.789445673 46.747964723 -7.374545753 0.013084137 0.026844176 0.088000183 0.995672719
60.131315 401.701082980 46.920150831 -7.418398750 0.014168607 0.026972638 0.086775411 0.995761897
60.231043 402.645286582 47.109268505 -7.461964097 0.014451519 0.027670448 0.085034889 0.995888833
60.327679 403.557904003 47.265257831 -7.500035665 0.015349400 0.028061455 0.083540155 0.995990960
60.429425 404.588073949 47.427709976 -7.546280538 0.016342415 0.027565803 0.082096762 0.996109017
60.528776 405.567795087 47.597252952 -7.596015793 0.016486174 0.026739049 0.080126390 0.996289612
60.627329 406.558680115 47.761798905 -7.645750130 0.016388317 0.026227432 0.078021778 0.996471850
60.726654 407.582982678 47.926388722 -7.695784068 0.017066744 0.026248798 0.076445250 0.996582084
60.816881 408.501779564 48.063711723 -7.738760996 0.017584694 0.026335648 0.074489787 0.996718859
60.917104 409.626712023 48.236661015 -7.795010560 0.019498717 0.026632710 0.072210475 0.996843090
61.025284 410.794694725 48.410710168 -7.849124891 0.020468969 0.027092130 0.070110321 0.996961173
61.117105 411.777621212 48.534215124 -7.897171342 0.022012140 0.027511984 0.068123592 0.997054528
61.223915 413.002199785 48.717467436 -7.953425668 0.024252256 0.028206227 0.064741503 0.997208491
61.325036 414.086443176 48.839454231 -8.009565782 0.025490897 0.028610868 0.062381833 0.997316469
61.423513 415.176835101 48.973799341 -8.061247045 0.026751158 0.029093833 0.059441619 0.997449056
61.523267 416.311306759 49.109649316 -8.120186173 0.027661402 0.029158552 0.056349176 0.997601822
61.624212 417.478374997 49.238478411 -8.180956025 0.028179440 0.029371564 0.052827656 0.997773757
61.725533 418.657541074 49.362676026 -8.241629756 0.028470453 0.030315315 0.048991365 0.997932994
61.826258 419.824350585 49.471914890 -8.303157973 0.028741346 0.030673071 0.045313607 0.998088060
61.928477 421.056872644 49.582519816 -8.370175848 0.029017398 0.030262846 0.041092382 0.998275296
62.031515 422.259847044 49.688421740 -8.435603731 0.028071918 0.029631781 0.036569837 0.998497157
62.141891 423.579995955 49.799897303 -8.508034048 0.027751542 0.030186475 0.031724613 0.998655185
62.208866 424.340721264 49.845854737 -8.550171034 0.026811921 0.029890123 0.028762250 0.998779472
62.309318 425.688461596 49.899870284 -8.629058524 0.026705872 0.029697287 0.022558241 0.998947443
62.409541 426.991974943 49.971492078 -8.699479082 0.026872796 0.028808143 0.016930407 0.999080230
62.509893 428.317939917 50.018030715 -8.776781047 0.028044381 0.028985481 0.011646746 0.999118465
62.609719 429.634621178 50.030705549 -8.847506201 0.028725152 0.029306631 0.006756078 0.999134797
62.709570 430.925349400 50.038000518 -8.914627842 0.030676149 0.029264970 0.001226587 0.999100111
62.810917 432.267128724 50.041008876 -8.990045246 0.033030413 0.029517107 -0.004420615 0.999008604
62.909896 433.576814453 50.026568266 -9.057017239 0.033456595 0.030720174 -0.010023894 0.998917639
63.031614 435.228521252 49.965687208 -9.162175496 0.035728572 0.031312209 -0.017153172 0.998723577
63.136401 436.552152096 49.944974700 -9.225397557 0.035762031 0.029495566 -0.022489651 0.998671770
63.239843 437.862179716 49.861543881 -9.325583772 0.036157155 0.028913693 -0.028589221 0.998518560
63.333934 439.051916663 49.802923398 -9.376144049 0.036812787 0.029410614 -0.034100292 0.998307069
63.426254 440.301681289 49.690474453 -9.465694906 0.037451709 0.030978663 -0.040529645 0.997995511
63.529671 441.736341182 49.572664550 -9.532936598 0.038058694 0.032095008 -0.047654648 0.997622414
63.674325 443.758362358 49.381828640 -9.671676151 0.038508339 0.033452981 -0.057333500 0.997051090
63.768963 444.952444867 49.279611382 -9.736627919 0.038206228 0.033934769 -0.062504057 0.996735651
63.829441 445.725685086 49.172178705 -9.799094770 0.038393870 0.034769563 -0.066498832 0.996441114
63.969263 447.669290032 48.867484246 -9.923708309 0.038711083 0.035833466 -0.076569215 0.995667901
64.068916 448.998270475 48.690424951 -10.016869945 0.038010866 0.035150472 -0.083296808 0.995179009
64.169015 450.363356375 48.445136568 -10.113603851 0.037881962 0.034820819 -0.090593929 0.994557795
64.268968 451.749953969 48.206208998 -10.207679199 0.037750751 0.034842803 -0.097645682 0.993894451
64.369017 453.147595809 47.912959837 -10.305322554 0.037793850 0.035178014 -0.105143062 0.993115839
64.469017 454.538790370 47.624514720 -10.404012612 0.037491246 0.035659857 -0.112871922 0.992261412
64.569163 455.957758444 47.298149816 -10.503270083 0.037638336 0.035993866 -0.120323915 0.991367718
64.632687 456.849425198 47.077988661 -10.570175257 0.037244268 0.035923360 -0.125248926 0.990774991
64.732766 458.347698521 46.680156893 -10.677605231 0.038249024 0.036204450 -0.133650772 0.989628072
64.834609 459.872539840 46.251019422 -10.792553761 0.037795480 0.035920237 -0.142102074 0.988477738
64.928251 461.258824644 45.848538997 -10.897898187 0.037711802 0.035307812 -0.149356305 0.987432971
65.025806 462.692668615 45.409038173 -11.004277677 0.037979955 0.034994008 -0.156473174 0.986331125
65.125010 464.152017205 44.940638528 -11.115862021 0.038180385 0.034887620 -0.163221223 0.985232939
65.225958 465.619237050 44.441910328 -11.221291163 0.038062793 0.034985867 -0.170550480 0.983991741
65.327153 467.083457147 43.915517313 -11.337595480 0.037530871 0.035206508 -0.177358596 0.982800012
65.423169 468.427472606 43.424840598 -11.437105465 0.037068105 0.035404576 -0.184027392 0.981583614
65.524512 469.839748761 42.884523652 -11.555317614 0.036367833 0.035825872 -0.190866945 0.980287558
65.624663 471.226644612 42.326534062 -11.661371543 0.036148962 0.036576141 -0.197815861 0.978889332
65.725510 472.614634715 41.749239310 -11.786063499 0.036310769 0.037167495 -0.203471606 0.977701085
65.826005 473.970947281 41.168246137 -11.889539630 0.037102060 0.037441416 -0.210289857 0.976217063
65.925584 475.304774117 40.557779598 -12.014486374 0.036625704 0.037766494 -0.216632788 0.974834594
66.027302 476.674596193 39.921758627 -12.121648215 0.036357641 0.037579071 -0.223159679 0.973378494
66.122839 477.949216675 39.301968320 -12.243975365 0.035153552 0.037825526 -0.229336230 0.971976518
66.227877 479.370676450 38.598060468 -12.361749082 0.034779465 0.038384356 -0.236317241 0.970294384
66.328973 480.700452438 37.901284353 -12.485594619 0.032645210 0.038468078 -0.242234920 0.968904918
66.431441 482.023190370 37.211464804 -12.600992641 0.031649461 0.038445273 -0.248965753 0.967231268
66.533584 483.330304629 36.481280768 -12.721281949 0.030586960 0.038738990 -0.255703672 0.965494361
66.628951 484.524743361 35.811610740 -12.829517460 0.030555081 0.038803711 -0.260999269 0.964074707
66.726282 485.758836303 35.091487980 -12.941847324 0.029870462 0.039163588 -0.266894717 0.962466196
66.825954 487.024444393 34.335377690 -13.061911044 0.029701984 0.040456229 -0.272326460 0.960895096
66.929270 488.331249011 33.534640309 -13.186044232 0.028409453 0.042092729 -0.276659368 0.959625291
67.021196 489.475918389 32.818625804 -13.308116456 0.027745860 0.042633749 -0.280551281 0.958490224
67.122140 490.745919347 32.021078614 -13.429826117 0.027215033 0.042609395 -0.283884529 0.957524598
67.221316 491.977972091 31.219335798 -13.563658218 0.026073477 0.043004227 -0.286450899 0.956774108
67.322040 493.250364519 30.394537926 -13.683763806 0.025504662 0.042888663 -0.288654720 0.956132066
67.423563 494.525582030 29.564795064 -13.826294983 0.024001342 0.042409684 -0.291022965 0.955474222
67.524385 495.767940671 28.738758239 -13.943841785 0.022946631 0.042323168 -0.292696195 0.954992743
67.625454 496.989786702 27.917522503 -14.072920900 0.022323152 0.042836913 -0.294274922 0.954499317
67.724163 498.188527546 27.120096898 -14.188683027 0.022166615 0.042278951 -0.295114362 0.954268644
67.823787 499.385448466 26.296835324 -14.312191955 0.021136284 0.041678663 -0.295947446 0.954060405
67.923836 500.598998078 25.469970308 -14.425879635 0.020707952 0.041887500 -0.296675167 0.953834610
68.024185 501.817899930 24.651443703 -14.551780228 0.019237653 0.043040594 -0.297310783 0.953616127
68.122891 503.007100838 23.846693211 -14.664620564 0.018015588 0.043926937 -0.297516366 0.953535461
68.223691 504.237886764 23.010677114 -14.795933705 0.016838672 0.044881417 -0.297577363 0.953493487
68.323088 505.441431440 22.211424682 -14.915143236 0.016923496 0.045252543 -0.297203750 0.953590968
68.421743 506.641760350 21.392027137 -15.047965483 0.015522023 0.045951774 -0.296659862 0.953750716
68.521965 507.875465572 20.563176268 -15.168010898 0.015747359 0.045845985 -0.295999656 0.953957216
68.622293 509.084425764 19.742522721 -15.300128830 0.014187141 0.046243773 -0.294552929 0.954410190
68.708109 510.114027160 19.056083134 -15.397481802 0.013865451 0.046049907 -0.293462789 0.954760047
68.807961 511.378216640 18.202640334 -15.536914044 0.012482943 0.046902615 -0.291726779 0.955269495
68.907637 512.625625138 17.371434814 -15.660691531 0.012420688 0.047344327 -0.289365912 0.955966323
69.007313 513.869527268 16.575868010 -15.794161385 0.011675703 0.048470655 -0.286503321 0.956781125
69.120148 515.263133125 15.688753681 -15.934874961 0.011604368 0.048838877 -0.282821684 0.957858026
69.221193 516.444270847 14.947068033 -16.059010036 0.010716240 0.048092647 -0.279364200 0.958920176
69.321394 517.639522958 14.206007930 -16.187300255 0.009650011 0.047889717 -0.275235678 0.960134769
69.421767 518.845044833 13.468399481 -16.308484386 0.009579448 0.048734776 -0.271854791 0.961055736
69.521369 520.073726853 12.722124386 -16.437827803 0.009280598 0.050324316 -0.266761601 0.962403025
69.622215 521.340245611 11.975722197 -16.567219520 0.008470786 0.050890655 -0.262363120 0.963589114
69.719670 522.552721025 11.284412094 -16.697975985 0.008221644 0.050312108 -0.257875402 0.964832303
69.819476 523.834846634 10.573659508 -16.828213412 0.007032140 0.050414450 -0.252766892 0.966187265
69.918927 525.102009844 9.899386033 -16.963709835 0.006197559 0.050462967 -0.247824869 0.967469852
70.018877 526.373243063 9.218720351 -17.088064937 0.004573106 0.051045657 -0.242240922 0.968861581
70.119074 527.651523625 8.551773681 -17.224628963 0.003064899 0.051534186 -0.236824266 0.970179932
70.220697 528.948475815 7.906407513 -17.350639615 0.002486628 0.051835454 -0.230778464 0.971621430
70.318100 530.198021396 7.303487310 -17.488391927 0.002307089 0.052064469 -0.224607406 0.973054717
70.417631 531.502692851 6.677587389 -17.612449297 0.002349790 0.052001873 -0.217783615 0.974607911
70.517556 532.819061975 6.078398128 -17.744713346 0.002312210 0.051505405 -0.210570621 0.976218142
70.700322 535.261573644 5.038149025 -17.985886962 0.000982727 0.052900579 -0.197780590 0.978817348
70.798824 536.477761074 4.509416806 -18.103465631 0.000845190 0.052155767 -0.192499608 0.979909671
70.898774 537.761264523 4.021474178 -18.227579163 -0.000215506 0.052294988 -0.185576691 0.981237219
70.998625 539.037459251 3.557344198 -18.355228172 -0.000828147 0.051942372 -0.178467845 0.982573423
71.098600 540.318885615 3.095904795 -18.481655904 -0.001783386 0.052523435 -0.171649816 0.983755279
71.198525 541.638223518 2.646582712 -18.605058064 -0.002652513 0.052885632 -0.164866311 0.984893483
71.298875 542.975479756 2.215111159 -18.741668378 -0.004003555 0.052823764 -0.157541360 0.986090433
71.399449 544.323135041 1.802606619 -18.867520806 -0.004578334 0.052575684 -0.149786944 0.987308821
71.499998 545.683066172 1.399594570 -19.004244187 -0.005433472 0.052337611 -0.142557667 0.988386849
71.600171 547.047328530 1.019488835 -19.128947738 -0.005957445 0.052418469 -0.135419617 0.989382808
71.600673 547.047189170 1.021476995 -19.128184718 -0.005975813 0.052401295 -0.135374994 0.989389713
71.718377 548.822975844 0.605967260 -19.303776455 -0.005376769 0.050679282 -0.124358863 0.990927633
71.817653 550.290916532 0.231936814 -19.430547697 -0.004693289 0.049368101 -0.115295074 0.992092642
71.917577 551.768021857 -0.091593588 -19.564993139 -0.004544036 0.048763116 -0.106071437 0.993151731
72.017577 553.258160465 -0.393095840 -19.688610975 -0.004621583 0.048148500 -0.097080106 0.994100506
72.118148 554.731605776 -0.665087671 -19.817565343 -0.005007610 0.048163049 -0.088173562 0.994927468
72.217903 556.203298025 -0.906930691 -19.938162568 -0.004913814 0.047796474 -0.079001295 0.995715897
72.317578 557.644652152 -1.110942178 -20.062191899 -0.004969062 0.047455950 -0.069659778 0.996429002
72.418673 559.070106208 -1.294171237 -20.180089686 -0.005060545 0.047344715 -0.059867507 0.997070083
72.518502 560.453392033 -1.433549876 -20.297230340 -0.005266643 0.047518278 -0.050826098 0.997562521
72.617525 561.823121543 -1.548435188 -20.411746452 -0.004813357 0.047601806 -0.041566186 0.997989555
72.718126 563.205288310 -1.631651205 -20.522586998 -0.004583288 0.047937773 -0.031915886 0.998329775
72.818849 564.571121660 -1.706135936 -20.636422846 -0.004542781 0.048073247 -0.022831586 0.998572503
72.910266 565.808928666 -1.743376175 -20.732946314 -0.003956728 0.047673020 -0.014181133 0.998754486
73.010320 567.156337817 -1.747403145 -20.839157351 -0.004126107 0.047229560 -0.004879458 0.998863622
73.110398 568.489655004 -1.739294939 -20.944398167 -0.004074263 0.046722195 0.004215211 0.998890719
73.210596 569.798158458 -1.695916616 -21.044822633 -0.004211205 0.046131113 0.013586537 0.998834116
73.310679 571.059068555 -1.639226470 -21.142970585 -0.005099658 0.045757845 0.022367462 0.998689096
73.411132 572.283231127 -1.576029423 -21.231584462 -0.005970297 0.045740518 0.030330451 0.998474949
73.540544 573.851696056 -1.438766222 -21.350912528 -0.006917805 0.045817164 0.040482501 0.998105254
73.641786 574.959678531 -1.360787246 -21.431345884 -0.007625291 0.045199724 0.047721938 0.997808327
73.746727 576.113088135 -1.217805969 -21.518692380 -0.008546189 0.044452197 0.054412169 0.997491995
73.848294 577.185095345 -1.080984690 -21.603113752 -0.009536965 0.043912435 0.060276295 0.997169751
73.912095 577.862543835 -0.985404160 -21.650039229 -0.009683777 0.043363898 0.063400695 0.996998570
74.012016 578.974168446 -0.798850502 -21.734748981 -0.009422685 0.042206547 0.066981334 0.996816594
74.112065 580.084701025 -0.628924175 -21.816287821 -0.008390523 0.040935627 0.070297923 0.996650428
74.212067 581.194485991 -0.475060931 -21.894662240 -0.007095767 0.040400442 0.073307893 0.996465457
74.312065 582.275415211 -0.308363703 -21.965449725 -0.005537315 0.040547137 0.076349736 0.996240927
74.412019 583.342635231 -0.139317180 -22.034069377 -0.003985170 0.040833423 0.079070076 0.996024434
74.512067 584.369938591 0.019602213 -22.101883298 -0.003172972 0.041424846 0.081800378 0.995782412
74.612165 585.342575234 0.184702237 -22.166148123 -0.002505704 0.041978174 0.083744179 0.995599551
74.712021 586.265930103 0.343464490 -22.225983567 -0.001686791 0.042400315 0.085227046 0.995457542
74.865150 587.636778955 0.577896994 -22.313827116 -0.001042758 0.043261060 0.087122592 0.995257277
74.912017 587.944224319 0.620897758 -22.338421676 -0.001156449 0.042263692 0.088977795 0.995135868
75.012048 588.792427071 0.804419138 -22.387185504 -0.000551972 0.042404966 0.087390616 0.995271016
75.112145 589.616632301 0.959478683 -22.452646601 -0.000382506 0.041804678 0.088423964 0.995205218
75.212068 590.437580207 1.105006303 -22.499954637 0.000392944 0.041060182 0.088708729 0.995210866
75.312144 591.243927078 1.268272573 -22.561489500 0.000597311 0.040113817 0.089471808 0.995181049
75.412068 592.051946793 1.413742733 -22.610567920 0.000905409 0.038892513 0.089647833 0.995213454
75.511996 592.850969074 1.562150300 -22.667784900 0.001240480 0.038346052 0.089918080 0.995209918
75.612071 593.623776827 1.709587249 -22.715463962 0.001271790 0.038589992 0.090195894 0.995175309
75.712069 594.376527832 1.853340835 -22.765055633 0.001211508 0.039119295 0.090176705 0.995156458
75.812043 595.130012416 1.989585724 -22.814453964 0.000914259 0.039573024 0.090123484 0.995143657
75.965170 596.244499579 2.207413611 -22.885331461 0.001097077 0.040149497 0.089981405 0.995133238
76.065122 596.845283938 2.299518590 -22.926912505 0.001045717 0.039647808 0.090787140 0.995080224
76.112122 597.107278583 2.365844688 -22.943207560 0.001137894 0.039118730 0.089698294 0.995199802
76.265149 598.110294370 2.578445587 -23.010807565 0.001890738 0.040473142 0.088736507 0.995230718
76.312170 598.386177459 2.617773810 -23.028409624 0.002227349 0.039483323 0.089611843 0.995191350
76.465147 599.384231414 2.810778043 -23.090582531 0.002583662 0.040914876 0.089366985 0.995154681
76.512168 599.653561484 2.849543539 -23.113872327 0.002595661 0.039802604 0.090016497 0.995141219
76.600673 599.652535777 2.850297241 -23.114138072 0.002595133 0.039847253 0.089997939 0.995141112
76.800247 601.427912872 3.189374867 -23.231730002 0.003760863 0.041781699 0.089845338 0.995071837
76.900022 601.925740584 3.262332017 -23.262279253 0.003706752 0.040761038 0.091035677 0.995006183
76.999997 602.383081328 3.363559840 -23.291971555 0.003735113 0.041161344 0.091020917 0.994990947
77.099922 602.831378097 3.435253171 -23.321331897 0.003662744 0.041332355 0.090622476 0.995020496
77.200121 603.276003099 3.532552903 -23.350781309 0.003920259 0.041447581 0.090403724 0.995034621
77.299897 603.711783796 3.619196065 -23.378589935 0.004530447 0.041666060 0.090524006 0.995011969
77.399798 604.134893263 3.703543412 -23.406835546 0.004787028 0.041962259 0.090085034 0.995038160
77.500321 604.540561152 3.791691890 -23.430757989 0.004811781 0.042232109 0.090142286 0.995021439
77.600347 604.921240439 3.855382124 -23.457135395 0.004621961 0.042091121 0.089600163 0.995077276
77.665247 605.147867601 3.895792121 -23.472684091 0.004521092 0.041783603 0.089272198 0.995120176
77.765097 605.511972172 3.967786204 -23.497877128 0.004747338 0.042265321 0.088115924 0.995201833
77.865149 605.877386752 4.040006694 -23.521727132 0.004818400 0.042337826 0.087905917 0.995216982
77.965174 606.202057030 4.102701570 -23.543519208 0.004468965 0.042383916 0.087289871 0.995270873
78.065123 606.525495304 4.155429561 -23.568604649 0.004537501 0.042746604 0.087330066 0.995251525
78.166244 606.789144962 4.201741598 -23.582732172 0.004650543 0.042653466 0.087329063 0.995255087
78.211969 606.896250785 4.219309279 -23.591768238 0.004819782 0.041922277 0.087014129 0.995312933
78.365174 607.300923507 4.296549677 -23.616867866 0.004991248 0.042926220 0.086244169 0.995336310
78.466418 607.493430127 4.331535010 -23.628675439 0.005043165 0.042365021 0.086439533 0.995343146
78.565122 607.648506068 4.365925152 -23.640262445 0.004768734 0.042145687 0.086383856 0.995358644
78.665220 607.806872288 4.394285173 -23.651914690 0.004576212 0.042207296 0.086217567 0.995371355
78.712119 607.861860978 4.397184223 -23.656040543 0.004592035 0.041830478 0.086150168 0.995393024
78.812171 607.996802085 4.434778543 -23.665226961 0.004888916 0.042254404 0.085788490 0.995404942
78.912116 608.118676138 4.450834447 -23.673172313 0.004700476 0.042141038 0.085971432 0.995394872
79.012165 608.218248330 4.463876701 -23.680232906 0.004701455 0.041837678 0.085819970 0.995420734
79.112018 608.324297874 4.493698802 -23.687852167 0.004804988 0.041146886 0.085796985 0.995451015
79.212143 608.425390033 4.506108380 -23.694211252 0.004767780 0.040434347 0.085816317 0.995478725
79.312069 608.506229285 4.518125710 -23.699852467 0.004953413 0.039973581 0.085516687 0.995522211
79.412067 608.575407869 4.527501153 -23.706747688 0.005009794 0.040052701 0.085465671 0.995523130
79.511970 608.642548473 4.541812366 -23.708450709 0.004758479 0.040025140 0.085303646 0.995539368
79.612017 608.694592511 4.559242890 -23.714911323 0.004692029 0.039961154 0.085136696 0.995556545
79.712066 608.745965156 4.568922586 -23.717292347 0.004807909 0.040126477 0.085360902 0.995530143
79.812093 608.804481954 4.575143110 -23.721104359 0.004787304 0.040208402 0.085100121 0.995549263
79.912118 608.844231618 4.579340030 -23.721854958 0.004818031 0.040135612 0.085282963 0.995536406
80.012017 608.877692515 4.593082397 -23.726028543 0.004643267 0.040208077 0.085143700 0.995546232
80.112118 608.906609105 4.599915018 -23.726729805 0.004715349 0.040179946 0.084891096 0.995568601
80.212068 608.930197214 4.600685943 -23.728639571 0.004745993 0.040053729 0.084922075 0.995570899
80.312067 608.948555498 4.603487938 -23.730834921 0.004937748 0.039996876 0.084953105 0.995569605
80.412167 608.964517201 4.605313905 -23.730810810 0.004878743 0.039774570 0.084951425 0.995578946
80.512168 608.980736817 4.604983753 -23.732662384 0.004767624 0.039570554 0.085038737 0.995580160
80.612070 608.993762125 4.612051663 -23.735543392 0.004705033 0.039538605 0.085017711 0.995583522
80.712167 609.011248777 4.606202709 -23.735700806 0.004753505 0.039568618 0.085096754 0.995575347
80.812071 609.033013618 4.617231684 -23.739270795 0.004753647 0.039527293 0.085130839 0.995574074
80.912118 609.033165276 4.623288420 -23.736630751 0.004771732 0.039639199 0.085026535 0.995578451
81.012142 609.030486207 4.623545395 -23.737977030 0.004681002 0.039681429 0.085324296 0.995551725
81.111969 609.016186923 4.621814160 -23.734858476 0.004717093 0.039494357 0.085056422 0.995581915
81.212168 609.011534561 4.617839253 -23.735805330 0.004749592 0.039294122 0.085076055 0.995588006
81.312145 609.001846869 4.620185188 -23.735028568 0.004744573 0.039473581 0.085010479 0.995586533
81.412166 609.003348936 4.621035195 -23.734310655 0.004787520 0.039452217 0.084954657 0.995591939
81.512043 609.002522294 4.621676398 -23.734884602 0.004796560 0.039283865 0.085043150 0.995590997
81.612167 609.004213142 4.616989355 -23.735171586 0.004759775 0.039382408 0.085016180 0.995589584
81.712066 609.010432056 4.618816278 -23.734893446 0.004710009 0.039401043 0.084994688 0.995590918
81.812043 609.007192577 4.618474989 -23.735728455 0.004801759 0.039334260 0.085219720 0.995573884
81.912118 609.008182935 4.620163100 -23.735028695 0.004723112 0.039350467 0.085082885 0.995585323
82.012017 609.011990717 4.617410599 -23.736077211 0.004718628 0.039417135 0.084881775 0.995599874
82.112019 609.021207040 4.620330240 -23.736416877 0.004777522 0.039391407 0.085099447 0.995582029
82.212021 609.023854335 4.622804829 -23.736997455 0.004773587 0.039344498 0.085073581 0.995586113
82.311968 609.027605529 4.625782791 -23.736778728 0.004719869 0.039351263 0.085325798 0.995564518
82.411995 609.022630355 4.617829789 -23.737282179 0.004751928 0.039422795 0.085185755 0.995573528
82.512041 609.022418640 4.619308465 -23.735518400 0.004703544 0.039376862 0.085282226 0.995567316
82.612195 609.019233141 4.624362943 -23.738550050 0.004809738 0.039391031 0.085055895 0.995585610
82.712095 609.015591660 4.620359806 -23.735226013 0.004777845 0.039380853 0.084999371 0.995590994
82.812142 609.014952690 4.619320923 -23.735847739 0.004668973 0.039378859 0.085267741 0.995568641
82.912092 609.030079391 4.620723454 -23.737137384 0.004766378 0.039376441 0.085325216 0.995563351
83.012166 609.025674911 4.622702255 -23.735862638 0.004713989 0.039383860 0.085181280 0.995575632
83.112119 609.028532882 4.621571660 -23.737314762 0.004786047 0.039357894 0.085153639 0.995578680
83.265148 609.033243048 4.627965525 -23.737633591 0.004688739 0.039773399 0.085305463 0.995549632
83.312020 609.033884893 4.622457353 -23.737449161 0.004801661 0.038962199 0.085079858 0.995600477
83.412064 609.029603098 4.622661307 -23.736742049 0.004767559 0.039382708 0.085017001 0.995589465
83.512041 609.033251045 4.620223350 -23.737369742 0.004770481 0.039392486 0.085359550 0.995559753
