16.712191 0.235972 -0.023631 -0.007449 -0.000620 -0.000677 -0.004005 0.999992
16.812040 0.577969 -0.017750 -0.013159 -0.000720 -0.001609 -0.007226 0.999972
16.912119 0.875458 -0.021634 -0.012599 -0.000948 -0.001979 -0.010092 0.999947
17.012118 1.287059 -0.043076 -0.007925 -0.000754 -0.001621 -0.013258 0.999911
17.112092 1.717486 -0.059573 -0.000869 -0.000267 -0.001023 -0.016020 0.999871
17.212166 2.190593 -0.071877 -0.000126 -0.000212 -0.000899 -0.018990 0.999819
17.312066 2.689501 -0.096251 0.001232 -0.000425 -0.000882 -0.021741 0.999763
17.412168 3.238559 -0.123727 0.003749 -0.000210 -0.001015 -0.024882 0.999690
17.512120 3.764034 -0.145314 0.006516 0.000257 -0.000812 -0.028092 0.999605
17.612117 4.325473 -0.179703 0.008533 0.000137 -0.000462 -0.031019 0.999519
17.712017 4.935044 -0.218196 0.011567 -0.000010 -0.000375 -0.033762 0.999430
17.812070 5.548756 -0.265216 0.015767 0.000158 -0.000400 -0.037064 0.999313
17.912121 6.158318 -0.309454 0.017960 0.000374 -0.000237 -0.040053 0.999197
18.012172 6.806330 -0.351332 0.020216 0.000599 -0.000002 -0.042789 0.999084
18.183871 7.852579 -0.449372 0.024366 0.000734 0.000306 -0.046724 0.998908
18.279357 8.327101 -0.466305 0.027552 0.000288 0.000298 -0.048171 0.998839
18.312067 8.494000 -0.509898 0.025374 0.000398 0.000530 -0.050418 0.998728
18.412022 9.185119 -0.607281 0.031538 0.000838 0.000519 -0.053693 0.998557
18.512067 9.877789 -0.686921 0.030390 0.000954 0.000688 -0.055294 0.998469
18.612169 10.569834 -0.761113 0.035569 0.001606 0.000780 -0.056222 0.998417
18.712166 11.264398 -0.843058 0.038826 0.002112 0.000817 -0.056674 0.998390
18.812067 11.960446 -0.916813 0.040798 0.001908 0.000447 -0.056749 0.998387
18.983849 13.172437 -1.053826 0.041888 0.001740 0.000237 -0.055276 0.998470
19.079934 13.730013 -1.080474 0.044860 0.001492 -0.000042 -0.056198 0.998419
19.181202 14.367656 -1.163562 0.052194 0.001691 -0.000282 -0.055574 0.998453
19.277913 14.969330 -1.243847 0.052786 0.001814 -0.000185 -0.055173 0.998475
19.377064 15.655275 -1.307623 0.054871 0.002011 -0.000079 -0.054189 0.998529
19.476216 16.349174 -1.389675 0.056489 0.002387 -0.000246 -0.052813 0.998602
19.576217 17.076666 -1.458983 0.063436 0.002263 -0.000104 -0.051166 0.998688
19.675669 17.806181 -1.536848 0.064526 0.002148 0.000594 -0.049071 0.998793
19.774373 18.547902 -1.612260 0.073296 0.002435 0.001052 -0.046908 0.998896
19.873350 19.277719 -1.675756 0.075004 0.002408 0.001635 -0.044578 0.999002
19.973102 20.005783 -1.743268 0.079885 0.002662 0.002160 -0.042158 0.999105
20.072653 20.753530 -1.797279 0.084525 0.002798 0.002311 -0.039269 0.999222
20.166690 21.454986 -1.854839 0.089743 0.002730 0.002534 -0.036651 0.999321
20.272228 22.243964 -1.899117 0.092240 0.002829 0.002555 -0.033654 0.999426
20.372348 22.963481 -1.947007 0.097515 0.002339 0.002396 -0.030837 0.999519
20.492725 23.882903 -1.989461 0.102350 0.002210 0.002518 -0.027273 0.999622
20.565317 24.396768 -2.010901 0.105875 0.002273 0.002446 -0.026398 0.999646
20.665222 25.207199 -2.037677 0.111603 0.002515 0.002598 -0.022695 0.999736
20.768988 26.017349 -2.073624 0.117209 0.001950 0.002822 -0.020003 0.999794
20.868940 26.780210 -2.090899 0.120039 0.001533 0.002880 -0.017266 0.999846
20.969040 27.551281 -2.114916 0.126101 0.001418 0.002957 -0.014539 0.999889
21.067292 28.286768 -2.117470 0.130616 0.001787 0.003163 -0.011883 0.999923
21.169019 29.066457 -2.118028 0.137050 0.001714 0.003181 -0.008986 0.999953
21.273606 29.841961 -2.131042 0.136814 0.001659 0.003206 -0.006787 0.999970
21.367243 30.530738 -2.126673 0.144256 0.001053 0.003361 -0.005046 0.999981
21.466718 31.241208 -2.134449 0.144682 0.001046 0.003365 -0.002952 0.999989
21.566718 31.980449 -2.131076 0.150804 0.000893 0.003968 -0.001239 0.999991
21.666695 32.727464 -2.125959 0.152164 0.000995 0.004367 0.000415 0.999990
21.766569 33.487176 -2.107666 0.157817 0.001250 0.004017 0.002088 0.999989
21.834684 33.995415 -2.097336 0.154614 0.001006 0.003850 0.002311 0.999989
21.966519 35.084235 -2.082542 0.156488 0.000795 0.003483 0.004249 0.999985
22.066443 35.794253 -2.063995 0.161423 0.000767 0.003166 0.004969 0.999982
22.136352 36.310890 -2.057704 0.159487 0.000909 0.003313 0.004738 0.999983
22.266322 37.361841 -2.035527 0.162538 0.001300 0.003350 0.006355 0.999973
22.366200 38.005702 -2.030953 0.158119 0.000838 0.003328 0.006585 0.999972
22.437674 38.550333 -2.011650 0.160368 0.001007 0.003248 0.006470 0.999973
22.565771 39.602567 -1.996055 0.164679 0.000608 0.003299 0.008060 0.999962
22.665144 40.341094 -1.959333 0.164833 0.000396 0.003279 0.008566 0.999958
22.766120 41.113706 -1.947321 0.165219 0.000789 0.003242 0.008673 0.999957
22.839191 41.661506 -1.926672 0.164071 0.000395 0.003019 0.008676 0.999958
22.965323 42.738913 -1.901117 0.167758 -0.000238 0.002901 0.010528 0.999940
23.065173 43.471480 -1.877829 0.165029 -0.000055 0.002678 0.010628 0.999940
23.138097 44.054957 -1.862294 0.168715 -0.000088 0.002705 0.010846 0.999938
23.265945 45.140501 -1.832706 0.171133 0.000257 0.002899 0.012628 0.999916
23.365099 45.894414 -1.800717 0.171850 0.000082 0.002928 0.013325 0.999907
23.437846 46.497910 -1.775545 0.169952 0.000449 0.002947 0.013874 0.999899
23.565198 47.631763 -1.732828 0.174097 0.000436 0.003199 0.016178 0.999864
23.665144 48.442143 -1.693098 0.172823 0.000742 0.002925 0.016998 0.999851
23.765224 49.282061 -1.655864 0.175999 0.000856 0.002875 0.017895 0.999835
23.865251 50.120385 -1.620546 0.170066 0.000933 0.002830 0.018793 0.999819
23.910432 50.525683 -1.599333 0.177525 0.001071 0.002408 0.018871 0.999818
24.010526 51.540147 -1.551099 0.174861 0.000465 0.002779 0.020451 0.999787
24.165423 53.015926 -1.485912 0.176857 0.000504 0.003143 0.022448 0.999743
24.203611 53.273431 -1.457962 0.167490 0.000431 0.002755 0.021644 0.999762
24.310117 54.304625 -1.407181 0.178373 0.000425 0.003358 0.023183 0.999726
24.410190 55.282948 -1.350014 0.168299 0.000274 0.003725 0.024185 0.999701
24.510544 56.185684 -1.295316 0.176015 0.000350 0.003727 0.024947 0.999682
24.699898 57.921747 -1.188994 0.170559 0.000662 0.003982 0.028122 0.999596
24.799749 58.674604 -1.140476 0.167095 0.000970 0.003403 0.027502 0.999615
24.899750 59.446473 -1.089594 0.163274 0.001151 0.003793 0.028318 0.999591
24.909294 59.516655 -1.079894 0.170325 0.001090 0.003389 0.027033 0.999628
25.099575 61.201720 -0.956416 0.169621 0.000818 0.004428 0.030999 0.999509
25.199350 61.953070 -0.920856 0.166150 0.001045 0.004379 0.029972 0.999541
25.210983 62.050701 -0.900707 0.171043 0.000848 0.004110 0.029704 0.999550
25.310605 62.971152 -0.849291 0.164318 0.000726 0.005060 0.030882 0.999510
25.465498 64.355596 -0.747673 0.165092 -0.000208 0.005789 0.032121 0.999467
25.511089 64.710538 -0.725403 0.165509 0.000013 0.005442 0.030992 0.999505
25.611319 65.632563 -0.647123 0.164575 -0.000072 0.005517 0.031132 0.999500
25.711914 66.545198 -0.576900 0.167339 -0.000440 0.005437 0.031328 0.999494
25.865525 67.902998 -0.477734 0.161839 -0.000596 0.005321 0.031742 0.999482
25.938493 68.350648 -0.448661 0.160556 -0.000366 0.004858 0.030985 0.999508
26.039017 69.204572 -0.375912 0.161955 -0.000739 0.004890 0.030926 0.999509
26.165154 70.267169 -0.320328 0.159535 -0.000796 0.005107 0.031325 0.999496
26.239346 70.821513 -0.257355 0.161155 -0.001019 0.004870 0.030687 0.999517
26.365127 71.869841 -0.178850 0.160025 -0.001275 0.005390 0.030810 0.999510
26.465229 72.681219 -0.127351 0.161798 -0.001445 0.005434 0.030425 0.999521
26.565102 73.515354 -0.073433 0.160100 -0.001279 0.005627 0.030555 0.999516
26.665150 74.339774 -0.013383 0.159175 -0.001519 0.005889 0.030447 0.999518
26.738814 74.983202 0.030194 0.158139 -0.002111 0.005689 0.030443 0.999518
26.865150 76.097089 0.110188 0.155776 -0.001936 0.005740 0.030844 0.999506
26.965272 76.909433 0.159532 0.155179 -0.001555 0.005144 0.030192 0.999530
27.065623 77.748355 0.232252 0.155320 -0.001614 0.005360 0.029595 0.999546
27.165824 78.607234 0.279426 0.158288 -0.001980 0.005925 0.029659 0.999541
27.265132 79.453272 0.330793 0.164041 -0.001910 0.005932 0.029472 0.999546
27.339391 80.080196 0.380407 0.162246 -0.002229 0.005602 0.029435 0.999549
27.465222 81.217241 0.473875 0.167900 -0.002004 0.005718 0.029748 0.999539
27.565230 82.059118 0.522289 0.158221 -0.001832 0.006147 0.029774 0.999536
27.665596 82.908738 0.583962 0.160379 -0.001816 0.006636 0.029498 0.999541
27.765176 83.741690 0.637442 0.161638 -0.002550 0.007275 0.029643 0.999531
27.865155 84.582301 0.681031 0.159053 -0.002063 0.008132 0.030363 0.999504
27.904535 84.907039 0.718486 0.153659 -0.002234 0.008348 0.029452 0.999529
28.036204 86.083674 0.810845 0.149928 -0.002391 0.009114 0.030639 0.999486
28.104086 86.633877 0.847040 0.146225 -0.002822 0.008481 0.029578 0.999522
28.203914 87.504109 0.900067 0.139538 -0.002454 0.008367 0.030627 0.999493
28.400246 89.181872 1.033537 0.131743 -0.001990 0.008169 0.032126 0.999448
28.499873 89.884435 1.060371 0.128153 -0.002441 0.007482 0.031919 0.999459
28.599773 90.635811 1.113788 0.126370 -0.001854 0.007322 0.031691 0.999469
28.699350 91.343666 1.173624 0.127969 -0.002209 0.006923 0.031999 0.999461
28.799125 92.066510 1.222595 0.128363 -0.002208 0.006840 0.032343 0.999451
28.899099 92.784478 1.274312 0.129172 -0.002387 0.007520 0.032097 0.999454
28.999025 93.494064 1.336329 0.126513 -0.002276 0.008058 0.032171 0.999447
29.099424 94.194688 1.388065 0.128155 -0.002951 0.008663 0.032233 0.999438
29.200296 94.921880 1.435028 0.117757 -0.002796 0.009297 0.032803 0.999415
29.265228 95.357135 1.451152 0.124404 -0.002739 0.009522 0.032606 0.999419
29.365176 96.141807 1.515316 0.121257 -0.003341 0.009488 0.033031 0.999404
29.465746 96.887261 1.586759 0.115538 -0.003285 0.009011 0.032943 0.999411
29.510746 97.244337 1.607195 0.112688 -0.003964 0.008748 0.032472 0.999427
29.610645 98.109759 1.665911 0.105793 -0.003250 0.009397 0.033483 0.999390
29.710670 98.898306 1.715492 0.100492 -0.003263 0.009735 0.033520 0.999385
29.810922 99.685554 1.795102 0.092127 -0.003198 0.010075 0.034026 0.999365
29.945849 100.728758 1.886735 0.081162 -0.002734 0.010333 0.034497 0.999348
30.001698 101.102384 1.895543 0.074903 -0.002595 0.010126 0.034116 0.999363
30.199920 102.633552 2.020644 0.059579 -0.002358 0.011165 0.035139 0.999317
30.299521 103.281617 2.070633 0.044105 -0.002660 0.010803 0.034902 0.999329
30.335806 103.507650 2.091739 0.053835 -0.002648 0.010930 0.034475 0.999342
30.410462 104.037433 2.130118 0.050721 -0.002603 0.011377 0.034332 0.999342
30.510637 104.732930 2.182956 0.048528 -0.002744 0.011506 0.034556 0.999333
30.610669 105.454900 2.227667 0.038716 -0.002183 0.011389 0.034650 0.999332
30.765250 106.495504 2.314809 0.028187 -0.002186 0.011825 0.034867 0.999320
30.865249 107.124795 2.347283 0.024848 -0.002335 0.011580 0.035286 0.999307
30.965149 107.705849 2.406451 0.021548 -0.002058 0.011265 0.035118 0.999318
31.045902 108.177446 2.435509 0.014467 -0.001460 0.010799 0.034803 0.999335
31.166418 108.913496 2.494736 0.011677 -0.002139 0.010612 0.034838 0.999334
31.240870 109.334007 2.539624 0.004590 -0.001985 0.010328 0.033882 0.999371
31.365274 110.116270 2.590923 0.000939 -0.001942 0.010426 0.034312 0.999355
31.465123 110.702166 2.641800 -0.004159 -0.002294 0.010252 0.034634 0.999345
31.565100 111.299793 2.685778 -0.006670 -0.002252 0.010194 0.034741 0.999342
31.665521 111.895614 2.725722 -0.011261 -0.002088 0.010450 0.034813 0.999337
31.766444 112.495713 2.775421 -0.019008 -0.001729 0.010626 0.034746 0.999338
31.865673 113.090183 2.812469 -0.019590 -0.001658 0.010465 0.034756 0.999340
31.965093 113.673961 2.860457 -0.027278 -0.001654 0.010257 0.035096 0.999330
32.065572 114.256623 2.914809 -0.038371 -0.002087 0.010392 0.034990 0.999331
32.165201 114.842237 2.950847 -0.038912 -0.001828 0.010282 0.035214 0.999325
32.265142 115.448829 2.993030 -0.039866 -0.001573 0.010115 0.035224 0.999327
32.365649 116.054079 3.042901 -0.047496 -0.001782 0.010274 0.035007 0.999333
32.469637 116.652383 3.095428 -0.054842 -0.002969 0.010827 0.035514 0.999306
32.564996 117.211764 3.141755 -0.058804 -0.003167 0.010805 0.035423 0.999309
32.665523 117.806416 3.186426 -0.064825 -0.003671 0.010893 0.035871 0.999290
32.765148 118.380887 3.243468 -0.068740 -0.003191 0.010929 0.035992 0.999287
32.865672 119.000602 3.290150 -0.075499 -0.003771 0.010979 0.036011 0.999284
32.965471 119.600351 3.329698 -0.078214 -0.004049 0.011307 0.036368 0.999266
33.065268 120.179790 3.389769 -0.085574 -0.005984 0.011212 0.036544 0.999251
33.165794 120.739948 3.432135 -0.091957 -0.004437 0.011017 0.036933 0.999247
33.269167 121.335733 3.477068 -0.102491 -0.005417 0.011342 0.037866 0.999204
33.365190 121.889094 3.535769 -0.108705 -0.006673 0.011120 0.036958 0.999233
33.468984 122.486153 3.579286 -0.117883 -0.005257 0.011031 0.037706 0.999214
33.569010 123.060230 3.632372 -0.125984 -0.005688 0.011086 0.038318 0.999188
33.668983 123.640045 3.679588 -0.132251 -0.005936 0.011073 0.037613 0.999213
33.712018 123.873645 3.693481 -0.129407 -0.006680 0.010796 0.037326 0.999222
33.812116 124.519141 3.759946 -0.145026 -0.004459 0.010696 0.038694 0.999184
33.945899 125.312368 3.830474 -0.155734 -0.005705 0.011114 0.039032 0.999160
34.045873 125.888396 3.872903 -0.153580 -0.005134 0.010785 0.038751 0.999178
34.112112 126.239508 3.908715 -0.162371 -0.005521 0.010486 0.037882 0.999212
34.212136 126.807795 3.939111 -0.161307 -0.004070 0.010014 0.038767 0.999190
34.312211 127.376281 3.998398 -0.166226 -0.004753 0.009841 0.039067 0.999177
34.412117 127.954687 4.051986 -0.176265 -0.003011 0.009771 0.039165 0.999180
34.512065 128.549425 4.083804 -0.178352 -0.003350 0.009887 0.039442 0.999167
34.612065 129.115220 4.131928 -0.184348 -0.001093 0.010285 0.039426 0.999169
34.773027 130.030696 4.228320 -0.201198 -0.001286 0.010376 0.040403 0.999129
34.812114 130.185617 4.233270 -0.200489 -0.001484 0.009369 0.039344 0.999181
34.968911 131.082816 4.320179 -0.205773 -0.000887 0.009879 0.040543 0.999129
35.074641 131.602354 4.348028 -0.212270 -0.000632 0.009777 0.040826 0.999118
35.145339 131.950989 4.394191 -0.214476 -0.000942 0.009273 0.040655 0.999130
35.210787 132.302007 4.417587 -0.217596 -0.000915 0.009053 0.040485 0.999139
35.338818 133.042259 4.493032 -0.225432 -0.000442 0.009405 0.042051 0.999071
35.412111 133.476096 4.536008 -0.230691 -0.000810 0.009324 0.041987 0.999074
35.592741 134.569425 4.632534 -0.242045 -0.000707 0.009365 0.043107 0.999026
35.695213 135.122311 4.679258 -0.250185 -0.000348 0.008801 0.043263 0.999025
35.792021 135.607128 4.732908 -0.251141 -0.000580 0.008744 0.043580 0.999012
35.891451 136.131282 4.779772 -0.257061 -0.000788 0.008357 0.043860 0.999002
35.969558 136.566077 4.816199 -0.266191 -0.000482 0.008124 0.043791 0.999008
36.089928 137.290267 4.886356 -0.268648 -0.001122 0.008509 0.044161 0.998988
36.193193 137.932113 4.950969 -0.277962 -0.001165 0.008053 0.044363 0.998982
36.292646 138.543919 5.014795 -0.284580 -0.001038 0.008155 0.044332 0.998983
36.390930 139.186693 5.082808 -0.297781 -0.001707 0.008051 0.044714 0.998966
36.469158 139.687267 5.124983 -0.302787 -0.001574 0.007790 0.044007 0.999000
36.567763 140.383797 5.214048 -0.316182 -0.001635 0.008311 0.044107 0.998991
36.667639 141.106844 5.285898 -0.322465 -0.001540 0.008767 0.044259 0.998980
36.711218 141.432936 5.316454 -0.325478 -0.001591 0.008739 0.043609 0.999009
36.868938 142.715190 5.437241 -0.336294 -0.002374 0.009414 0.043710 0.998997
36.968962 143.480735 5.502410 -0.353030 -0.002783 0.008946 0.043928 0.998991
37.010156 143.785516 5.532755 -0.354131 -0.002030 0.008284 0.043194 0.999030
37.110054 144.607958 5.611205 -0.361379 -0.002723 0.008931 0.043016 0.999031
37.210205 145.438167 5.695505 -0.375176 -0.002605 0.008524 0.043116 0.999030
37.310201 146.267868 5.780586 -0.387886 -0.002410 0.008474 0.042583 0.999054
37.410251 147.096211 5.848291 -0.402815 -0.002784 0.008355 0.042535 0.999056
37.510252 147.907655 5.923993 -0.409378 -0.002485 0.008468 0.042586 0.999054
37.610354 148.700244 5.996815 -0.419168 -0.002621 0.009017 0.041948 0.999076
37.710401 149.505178 6.068034 -0.429023 -0.002249 0.009336 0.042296 0.999059
37.810349 150.298875 6.138071 -0.435021 -0.002227 0.009858 0.042221 0.999057
37.999749 151.814779 6.296388 -0.455136 -0.002316 0.011214 0.043340 0.998995
38.099698 152.450186 6.351788 -0.470917 -0.002189 0.010612 0.043279 0.999004
38.199674 153.096505 6.410474 -0.469697 -0.002019 0.010922 0.043549 0.998990
38.299673 153.751174 6.496647 -0.481339 -0.002104 0.011040 0.043807 0.998977
38.399623 154.428301 6.563808 -0.494828 -0.001785 0.011050 0.044136 0.998963
38.499423 155.127433 6.635025 -0.502251 -0.001657 0.010603 0.044063 0.998971
38.599149 155.876978 6.700882 -0.515254 -0.001627 0.010489 0.044487 0.998954
38.699574 156.653791 6.767555 -0.522863 -0.002079 0.010070 0.044664 0.998949
38.800322 157.451164 6.841855 -0.535867 -0.001942 0.010277 0.045317 0.998918
38.810781 157.548098 6.859314 -0.537226 -0.001783 0.009740 0.044479 0.998961
38.938646 158.705493 6.959378 -0.542027 -0.001854 0.010556 0.046317 0.998869
39.040866 159.613375 7.053596 -0.566148 -0.001927 0.010395 0.046537 0.998861
39.169138 160.756605 7.168911 -0.578643 -0.001555 0.009761 0.047296 0.998832
39.267210 161.577994 7.257189 -0.595479 -0.001557 0.009541 0.047521 0.998823
39.366792 162.410438 7.343249 -0.606216 -0.001200 0.009671 0.047841 0.998807
39.467162 163.269634 7.451459 -0.614882 -0.001345 0.009405 0.048294 0.998788
39.566663 164.149495 7.547495 -0.632678 -0.001277 0.009199 0.049050 0.998753
39.667710 165.063225 7.646611 -0.644262 -0.001534 0.009530 0.049987 0.998703
39.767143 165.954849 7.734013 -0.659528 -0.001363 0.010012 0.050245 0.998686
39.869339 166.885284 7.845797 -0.669861 -0.001208 0.010790 0.051425 0.998618
39.966665 167.775789 7.951649 -0.681040 -0.001161 0.010767 0.052275 0.998574
40.066673 168.692542 8.058420 -0.694959 -0.001093 0.011066 0.052827 0.998542
40.166840 169.609158 8.163054 -0.709911 -0.001068 0.011589 0.053720 0.998488
40.267011 170.574878 8.281433 -0.723507 -0.001192 0.011995 0.054460 0.998443
40.367145 171.543628 8.395939 -0.740873 -0.001075 0.011879 0.055056 0.998412
40.410667 171.963374 8.438923 -0.743538 -0.001076 0.011262 0.055072 0.998418
40.510868 173.030963 8.577596 -0.765707 -0.001155 0.011610 0.055811 0.998373
40.667260 174.669188 8.770819 -0.792758 -0.001169 0.012588 0.057244 0.998280
40.769034 175.683878 8.901199 -0.808019 -0.000782 0.012277 0.057576 0.998265
40.812113 176.090588 8.953730 -0.812040 -0.000718 0.012231 0.057318 0.998281
40.910657 177.089181 9.064329 -0.823429 -0.000762 0.012530 0.057559 0.998263
41.010779 178.131550 9.208902 -0.841905 -0.000738 0.012532 0.057686 0.998256
41.183741 179.935497 9.441106 -0.870980 -0.000330 0.012285 0.058884 0.998189
41.279829 180.843253 9.532971 -0.894473 -0.000327 0.011806 0.058803 0.998200
41.338648 181.393528 9.611708 -0.895805 -0.000177 0.011679 0.058257 0.998233
41.473048 182.713058 9.785792 -0.914013 -0.000516 0.011873 0.058470 0.998218
41.507437 183.017834 9.811097 -0.922879 -0.000683 0.011059 0.058098 0.998249
41.608781 184.099975 9.956029 -0.941996 -0.000378 0.009748 0.057573 0.998294
41.707013 185.128661 10.082602 -0.958524 -0.000400 0.010641 0.056692 0.998335
41.806339 186.195986 10.219031 -0.982879 -0.000180 0.012461 0.056001 0.998353
41.906467 187.249174 10.354595 -0.988503 0.000076 0.013464 0.055748 0.998354
42.006338 188.287382 10.462854 -1.012141 0.000362 0.013343 0.054855 0.998405
42.106490 189.329309 10.577961 -1.032772 0.000910 0.012728 0.054154 0.998451
42.206390 190.372622 10.714717 -1.055048 0.001385 0.012428 0.053896 0.998468
42.306440 191.438425 10.826188 -1.068684 0.001247 0.011555 0.053446 0.998503
42.406511 192.502942 10.954499 -1.090733 0.001531 0.011138 0.052683 0.998548
42.506489 193.566068 11.079596 -1.105379 0.001826 0.010600 0.052016 0.998588
42.606415 194.657101 11.204950 -1.129886 0.001906 0.010680 0.051486 0.998615
42.706437 195.777323 11.328531 -1.147974 0.001486 0.011086 0.051307 0.998620
42.806438 196.902014 11.448081 -1.169481 0.001321 0.011802 0.050633 0.998647
42.999848 199.125931 11.696381 -1.210947 0.001190 0.012838 0.051792 0.998575
43.006425 199.152946 11.696552 -1.216218 0.001520 0.012189 0.050956 0.998625
43.106259 200.361261 11.833961 -1.241452 0.001510 0.012779 0.051738 0.998578
43.206515 201.576191 11.967597 -1.265641 0.001062 0.012148 0.052558 0.998543
43.306515 202.785364 12.111265 -1.291019 0.001140 0.012499 0.053162 0.998507
43.406419 203.993518 12.250964 -1.312692 0.000891 0.012472 0.053623 0.998483
43.572429 206.012533 12.484706 -1.359548 0.000500 0.013086 0.054627 0.998421
43.606439 206.205922 12.494155 -1.355482 0.000446 0.012946 0.054113 0.998451
43.712064 207.434534 12.631129 -1.392816 -0.000300 0.012205 0.054089 0.998461
43.806537 208.526576 12.767673 -1.410870 0.000322 0.012227 0.053839 0.998475
43.974048 210.589975 13.013483 -1.458165 0.000490 0.013398 0.055038 0.998394
44.072379 211.577215 13.106487 -1.468879 -0.000010 0.013537 0.055085 0.998390
44.172554 212.712331 13.247950 -1.505650 0.000527 0.013142 0.055511 0.998371
44.206390 213.097806 13.304394 -1.509776 0.000434 0.012610 0.054746 0.998421
44.380955 215.326218 13.578039 -1.564609 0.000535 0.011819 0.057359 0.998283
44.406388 215.575549 13.599138 -1.565199 0.000330 0.011844 0.056240 0.998347
44.572404 217.717948 13.860168 -1.610629 0.000231 0.012582 0.058301 0.998220
44.600823 217.728391 13.865362 -1.607164 0.000176 0.012596 0.058251 0.998222
44.700897 219.620337 14.094068 -1.652438 0.000425 0.012581 0.059179 0.998168
44.800898 220.906825 14.262428 -1.664685 0.000409 0.012975 0.059497 0.998144
44.900823 222.260103 14.456455 -1.704561 0.000802 0.012775 0.060602 0.998080
45.000898 223.629162 14.634348 -1.734238 0.001515 0.012843 0.061467 0.998025
45.100823 224.977059 14.816744 -1.761037 0.001239 0.013232 0.061826 0.997998
45.200873 226.332952 15.014296 -1.795486 0.001878 0.013247 0.062227 0.997972
45.300797 227.689644 15.187344 -1.821694 0.001687 0.012912 0.062807 0.997941
45.400773 229.065680 15.373792 -1.859494 0.001207 0.013161 0.063639 0.997885
45.500773 230.467148 15.567619 -1.887494 0.001043 0.013434 0.064433 0.997831
45.600873 231.881297 15.779873 -1.922627 0.001285 0.013953 0.065462 0.997757
45.700773 233.300039 15.972674 -1.954780 0.001451 0.014834 0.066621 0.997667
45.800773 234.734173 16.185632 -1.984870 0.001671 0.014878 0.067280 0.997622
45.910229 236.354627 16.427138 -2.025202 0.001409 0.014791 0.068700 0.997527
46.010131 237.763730 16.635433 -2.065881 0.001059 0.014268 0.068280 0.997564
46.146047 239.748886 16.924077 -2.107688 0.001299 0.014243 0.068798 0.997528
46.210180 240.610276 17.038942 -2.129084 0.001688 0.014239 0.069219 0.997498
46.310354 242.116534 17.294708 -2.161753 0.002129 0.015266 0.068905 0.997504
46.410404 243.624636 17.518043 -2.197860 0.001747 0.015429 0.069152 0.997485
46.568938 246.032812 17.877132 -2.258377 0.001406 0.016343 0.070485 0.997378
46.615829 246.648193 17.949575 -2.275593 0.000548 0.015873 0.070130 0.997411
46.715732 248.099703 18.168155 -2.308448 0.001182 0.016059 0.070290 0.997397
46.814291 249.549449 18.384253 -2.347852 0.000775 0.016156 0.070611 0.997373
46.914371 251.028722 18.614203 -2.384529 0.001359 0.017198 0.070910 0.997334
47.036101 252.861561 18.891951 -2.427270 0.001256 0.018073 0.071984 0.997241
47.180010 254.942192 19.208361 -2.481730 0.001700 0.018556 0.072655 0.997183
47.265548 256.050306 19.375127 -2.505628 0.001111 0.018739 0.072312 0.997205
47.366048 257.404927 19.565134 -2.541980 0.001490 0.019099 0.072910 0.997155
47.466517 258.749994 19.791312 -2.576720 0.001613 0.019113 0.072856 0.997158
47.569116 260.162069 20.004447 -2.621860 0.001913 0.018479 0.073252 0.997140
47.666494 261.540924 20.221862 -2.652660 0.002103 0.018150 0.073850 0.997102
47.766593 263.003845 20.453024 -2.696692 0.001888 0.018244 0.074092 0.997083
47.866344 264.441478 20.685492 -2.727284 0.002008 0.018380 0.074253 0.997068
47.966641 265.889798 20.911129 -2.767276 0.001533 0.018143 0.074485 0.997056
48.066347 267.332853 21.147556 -2.807724 0.001475 0.018309 0.074920 0.997020
48.166472 268.777073 21.401263 -2.840992 0.001206 0.018095 0.074949 0.997022
48.266966 270.222591 21.624343 -2.882201 0.000831 0.018066 0.075384 0.996991
48.365174 271.658247 21.850540 -2.921751 0.001373 0.018505 0.075982 0.996937
48.466344 273.164564 22.117604 -2.960582 0.001362 0.018769 0.076093 0.996923
48.566220 274.646343 22.353785 -3.002629 0.001607 0.019022 0.076826 0.996862
48.669638 276.209037 22.601667 -3.041836 0.002231 0.019370 0.077299 0.996817
48.765121 277.608179 22.833980 -3.082141 0.002359 0.018915 0.077876 0.996781
48.872614 279.224805 23.090587 -3.122519 0.002620 0.018714 0.078633 0.996725
48.965993 280.564258 23.312281 -3.159792 0.002073 0.018775 0.078524 0.996733
49.069562 282.127451 23.577971 -3.203677 0.001912 0.019928 0.078624 0.996703
49.166970 283.526086 23.820602 -3.242651 0.001784 0.020287 0.078747 0.996687
49.267865 285.027869 24.071051 -3.287200 0.002233 0.020206 0.079267 0.996646
49.302888 285.536332 24.156383 -3.299781 0.002240 0.019892 0.078866 0.996684
49.499599 288.499475 24.667516 -3.384752 0.001673 0.019667 0.079908 0.996607
49.599349 289.906698 24.875476 -3.433054 0.001810 0.018807 0.080689 0.996560
49.699099 291.294220 25.121749 -3.463878 0.001476 0.018762 0.080900 0.996545
49.798875 292.645225 25.356366 -3.496583 0.001371 0.018585 0.080731 0.996562
49.899300 294.001298 25.553171 -3.528682 0.001124 0.019059 0.080888 0.996540
49.965648 294.865468 25.727311 -3.550689 0.000880 0.019439 0.080658 0.996552
50.065796 296.226079 25.969332 -3.582787 0.000979 0.021055 0.080917 0.996498
50.165693 297.573901 26.202013 -3.624072 0.000935 0.021757 0.081019 0.996475
50.247798 298.689218 26.383000 -3.652901 0.001135 0.021226 0.081249 0.996467
50.365273 300.309224 26.664522 -3.704833 0.001060 0.020616 0.082305 0.996393
50.500122 302.072866 26.973601 -3.760610 0.001694 0.020720 0.082881 0.996343
50.599149 303.259243 27.167440 -3.792233 0.002275 0.020443 0.082834 0.996351
50.699024 304.510139 27.386918 -3.834082 0.003935 0.020217 0.083993 0.996253
50.798924 305.787044 27.617456 -3.867890 0.005232 0.020144 0.084080 0.996242
50.898875 307.048830 27.848558 -3.907148 0.005874 0.020893 0.084765 0.996165
50.998725 308.330672 28.063066 -3.939211 0.005777 0.021880 0.084719 0.996148
51.098650 309.618034 28.316291 -3.982472 0.005041 0.022402 0.084974 0.996119
51.198226 310.900375 28.533936 -4.029284 0.005021 0.023162 0.085063 0.996094
51.298625 312.247676 28.778439 -4.064838 0.004715 0.023459 0.085550 0.996046
51.398873 313.564853 29.019458 -4.115201 0.005241 0.023126 0.085859 0.996025
51.499347 314.881163 29.246161 -4.152024 0.005918 0.022703 0.086214 0.996000
51.599849 316.168267 29.476157 -4.198346 0.005938 0.023306 0.086900 0.995927
51.697964 317.422238 29.703786 -4.227607 0.005896 0.023637 0.087253 0.995888
51.797846 318.694394 29.945354 -4.279716 0.005812 0.024073 0.087368 0.995868
51.825033 319.050703 30.004400 -4.279149 0.006111 0.023479 0.087487 0.995870
51.947747 320.744202 30.312501 -4.349398 0.005336 0.023510 0.088437 0.995790
52.067766 322.402348 30.626340 -4.401855 0.005889 0.023271 0.089103 0.995733
52.123987 323.088037 30.748675 -4.430180 0.005974 0.022394 0.089345 0.995731
52.210203 324.242083 30.982213 -4.463843 0.006278 0.022922 0.089687 0.995686
52.325105 325.792570 31.260557 -4.519569 0.006017 0.023294 0.090266 0.995627
52.465196 327.616094 31.627631 -4.580826 0.005890 0.023688 0.091022 0.995550
52.566747 328.812697 31.842150 -4.625459 0.005953 0.023731 0.091416 0.995512
52.666668 329.962640 32.071818 -4.658623 0.005708 0.023770 0.091861 0.995472
52.710642 330.453540 32.177371 -4.682086 0.005936 0.023489 0.091947 0.995469
52.810697 331.682783 32.423991 -4.717982 0.005304 0.023964 0.091855 0.995470
52.947094 333.334630 32.740981 -4.772413 0.004804 0.024523 0.092593 0.995390
53.065222 334.669681 32.997494 -4.820939 0.004710 0.024252 0.092615 0.995395
53.110553 335.135399 33.091861 -4.833959 0.004736 0.023567 0.092265 0.995444
53.247602 336.695989 33.388063 -4.885466 0.004712 0.023474 0.092570 0.995418
53.365246 337.981978 33.637835 -4.931792 0.005036 0.023322 0.092868 0.995392
53.461454 338.996632 33.835403 -4.968751 0.004616 0.023538 0.092946 0.995382
53.561129 340.042551 34.028390 -5.002615 0.004583 0.023892 0.092961 0.995373
53.665270 341.118690 34.264025 -5.043484 0.005198 0.024084 0.092773 0.995382
53.765174 342.167124 34.467168 -5.081288 0.005788 0.023984 0.093224 0.995339
53.865270 343.218220 34.675515 -5.118844 0.005670 0.023752 0.093540 0.995316
53.965222 344.252019 34.873765 -5.157191 0.005425 0.023697 0.094290 0.995248
54.065296 345.288475 35.076635 -5.190453 0.005423 0.023543 0.094926 0.995191
54.147672 346.137193 35.259833 -5.223125 0.005316 0.023265 0.095113 0.995180
54.265195 347.399252 35.518369 -5.265453 0.005197 0.023509 0.095905 0.995099
54.365494 348.412999 35.718461 -5.301923 0.004732 0.023454 0.096437 0.995051
54.466815 349.474839 35.938511 -5.336084 0.005032 0.023598 0.096988 0.994993
54.567068 350.541991 36.173736 -5.373063 0.005016 0.023341 0.097477 0.994951
54.666193 351.581953 36.378391 -5.407472 0.004895 0.023452 0.098088 0.994889
54.765196 352.626813 36.598271 -5.444741 0.005014 0.023734 0.098252 0.994866
54.865172 353.675963 36.810818 -5.478713 0.005486 0.024391 0.098875 0.994786
54.946699 354.523862 36.996150 -5.509805 0.005550 0.024614 0.099403 0.994727
55.047096 355.627794 37.221502 -5.543671 0.005573 0.025189 0.099877 0.994665
55.147049 356.677144 37.440266 -5.583015 0.005405 0.025170 0.100556 0.994598
55.265221 357.893982 37.697644 -5.621183 0.005340 0.024775 0.101081 0.994555
55.365869 358.865053 37.902999 -5.660077 0.005124 0.024164 0.101390 0.994540
55.466423 359.850103 38.120745 -5.692623 0.005142 0.024130 0.101564 0.994523
55.566420 360.804890 38.323207 -5.730393 0.005069 0.024488 0.101885 0.994482
55.666395 361.760853 38.533668 -5.762539 0.005252 0.024642 0.102129 0.994452
55.710829 362.186528 38.616142 -5.779706 0.004923 0.024422 0.102029 0.994469
55.865520 363.894635 38.983610 -5.842143 0.003966 0.024966 0.102867 0.994374
55.965620 364.850137 39.199391 -5.889952 0.003697 0.024297 0.103042 0.994373
56.065942 365.808072 39.413530 -5.915022 0.003241 0.024129 0.103209 0.994362
56.166241 366.736582 39.604909 -5.953623 0.002501 0.024571 0.102649 0.994411
56.266241 367.642028 39.803423 -5.983301 0.002458 0.025161 0.102596 0.994402
56.348195 368.387780 39.970306 -6.012411 0.001992 0.025369 0.102490 0.994408
56.465272 369.460420 40.227498 -6.053762 0.001623 0.025989 0.102126 0.994431
56.565221 370.318325 40.395695 -6.084551 0.001180 0.025934 0.101914 0.994454
56.602987 370.662695 40.475212 -6.099582 0.000877 0.025662 0.101948 0.994458
56.702886 371.685259 40.693441 -6.136515 0.000164 0.025119 0.102120 0.994455
56.900371 373.583068 41.098810 -6.206461 -0.000281 0.024842 0.102076 0.994466
56.999798 374.373123 41.246997 -6.246855 -0.000427 0.023924 0.101807 0.994516
57.099723 375.178682 41.441642 -6.268175 -0.000260 0.024121 0.101802 0.994512
57.199847 375.974464 41.599839 -6.303944 -0.000454 0.024462 0.101750 0.994509
57.300022 376.772710 41.773682 -6.326880 -0.000331 0.024663 0.101707 0.994509
57.365671 377.304290 41.884082 -6.355790 -0.000411 0.024283 0.101729 0.994516
57.467638 378.168886 42.085645 -6.380414 -0.000331 0.024410 0.101790 0.994506
57.567092 379.025049 42.269368 -6.422125 -0.000420 0.024717 0.102157 0.994461
57.666568 379.873545 42.454341 -6.448358 -0.000315 0.025035 0.102695 0.994398
57.767115 380.732702 42.654607 -6.487387 -0.000474 0.025014 0.102845 0.994383
57.865148 381.572199 42.831249 -6.517456 -0.000534 0.024908 0.102658 0.994405
57.966819 382.466168 43.020884 -6.554858 -0.000530 0.025141 0.103171 0.994346
58.065194 383.310922 43.212282 -6.591252 -0.000502 0.025489 0.103458 0.994307
58.165097 384.187247 43.401590 -6.622238 -0.000469 0.025699 0.103701 0.994276
58.266442 385.066666 43.585836 -6.661015 -0.000413 0.025862 0.103871 0.994254
58.366020 385.933644 43.785080 -6.694587 -0.000689 0.025981 0.104168 0.994220
58.466272 386.799024 43.968673 -6.735188 -0.000387 0.025904 0.103966 0.994243
58.565568 387.647095 44.153922 -6.765429 -0.000281 0.026384 0.103767 0.994252
58.648069 388.339802 44.298453 -6.799096 -0.000228 0.026714 0.103424 0.994279
58.765172 389.418072 44.532154 -6.842267 0.000843 0.027422 0.103143 0.994288
58.811021 389.801758 44.616044 -6.864430 0.001228 0.027060 0.102620 0.994352
58.911022 390.786953 44.817327 -6.902729 0.002087 0.027267 0.102498 0.994357
59.069038 392.320174 45.137513 -6.973954 0.002954 0.027374 0.101868 0.994417
59.110479 392.609753 45.191755 -6.985288 0.003259 0.026661 0.101339 0.994489
59.266493 394.052622 45.504082 -7.049859 0.004600 0.027229 0.100156 0.994588
59.366768 394.937771 45.687612 -7.090130 0.005254 0.026678 0.099278 0.994688
59.466395 395.810448 45.859547 -7.130026 0.006224 0.026723 0.097561 0.994851
59.540118 396.449376 45.988863 -7.158284 0.007216 0.026260 0.096720 0.994939
59.634780 397.341138 46.160504 -7.198408 0.008496 0.026448 0.095138 0.995076
59.720295 398.141295 46.325982 -7.233482 0.009325 0.026784 0.094024 0.995166
59.837550 399.274649 46.542680 -7.285528 0.010554 0.027412 0.092450 0.995284
59.936404 400.160399 46.700951 -7.322607 0.011571 0.027213 0.090890 0.995422
60.033759 401.066289 46.872555 -7.367926 0.012832 0.026801 0.089172 0.995573
60.131315 401.993142 47.040764 -7.409811 0.013733 0.026930 0.087616 0.995696
60.231043 402.939802 47.230242 -7.453862 0.014326 0.027622 0.085791 0.995827
60.327679 403.870887 47.385311 -7.494075 0.014949 0.027958 0.084339 0.995933
60.429425 404.884643 47.571708 -7.540026 0.015908 0.027459 0.082224 0.996109
60.528776 405.888597 47.730680 -7.588839 0.015970 0.026698 0.080690 0.996254
60.627329 406.885385 47.901647 -7.640135 0.016494 0.026221 0.078860 0.996404
60.726654 407.920962 48.058117 -7.687483 0.017043 0.026261 0.077183 0.996525
60.816881 408.832436 48.213836 -7.733266 0.017981 0.026160 0.075140 0.996668
60.917104 409.960143 48.380352 -7.789458 0.018661 0.026487 0.072710 0.996827
61.025284 411.124839 48.555671 -7.846538 0.019856 0.026887 0.070619 0.996943
61.117105 412.089338 48.674857 -7.886933 0.021636 0.027371 0.068843 0.997017
61.223915 413.327788 48.844265 -7.946206 0.023827 0.028228 0.065411 0.997174
61.325036 414.413734 48.994940 -8.001789 0.025545 0.028651 0.063170 0.997264
61.423513 415.507348 49.125557 -8.055930 0.026450 0.029005 0.060290 0.997409
61.523267 416.625995 49.258610 -8.112153 0.027638 0.029130 0.057083 0.997562
61.624212 417.778302 49.394375 -8.171881 0.027907 0.029367 0.053519 0.997745
61.725533 418.957542 49.512362 -8.235754 0.028434 0.030284 0.049874 0.997891
61.826258 420.135228 49.634819 -8.294472 0.028748 0.030618 0.046005 0.998058
61.928477 421.369015 49.751106 -8.359783 0.028870 0.030324 0.041569 0.998258
62.031515 422.574083 49.854503 -8.428817 0.027997 0.029626 0.037240 0.998475
62.141891 423.894919 49.947100 -8.498786 0.027316 0.030000 0.032470 0.998649
62.208866 424.651154 50.012567 -8.543850 0.026532 0.029931 0.029322 0.998769
62.309318 426.007614 50.074355 -8.619358 0.026792 0.029598 0.022951 0.998939
62.409541 427.303761 50.150881 -8.694033 0.027104 0.028689 0.017564 0.999066
62.509893 428.633539 50.176420 -8.765241 0.027836 0.028954 0.012149 0.999119
62.609719 429.944170 50.207947 -8.839078 0.028445 0.029257 0.007304 0.999140
62.709570 431.260842 50.204760 -8.905070 0.030330 0.029079 0.001846 0.999115
62.810917 432.598374 50.220081 -8.982321 0.032233 0.029319 -0.003956 0.999042
62.909896 433.902939 50.197156 -9.046172 0.033135 0.030497 -0.009293 0.998942
63.031614 435.549224 50.146968 -9.149641 0.035485 0.031114 -0.016062 0.998757
63.136401 436.852941 50.129285 -9.211160 0.035479 0.029421 -0.021477 0.998706
63.239843 438.148000 50.061182 -9.309097 0.035909 0.028670 -0.027624 0.998562
63.333934 439.354987 49.984452 -9.360280 0.036426 0.029325 -0.033547 0.998343
63.426254 440.589443 49.886896 -9.449773 0.037031 0.030832 -0.039515 0.998056
63.529671 442.032115 49.759270 -9.517991 0.037731 0.031946 -0.046614 0.997689
63.674325 444.054252 49.566297 -9.654171 0.037936 0.033237 -0.056185 0.997146
63.768963 445.254154 49.465525 -9.718177 0.037376 0.033711 -0.061899 0.996812
63.829441 446.050653 49.355965 -9.782106 0.037833 0.034523 -0.065585 0.996532
63.969263 448.015496 49.069157 -9.908356 0.038588 0.035670 -0.075477 0.995762
64.068916 449.367279 48.887227 -10.002332 0.037551 0.035014 -0.082094 0.995301
64.169015 450.721206 48.652515 -10.096470 0.037438 0.034627 -0.089593 0.994672
64.268968 452.061083 48.404524 -10.185868 0.037002 0.034691 -0.096761 0.994014
64.369017 453.432402 48.129551 -10.281827 0.037387 0.035106 -0.103990 0.993255
64.469017 454.819068 47.832806 -10.381535 0.037371 0.035339 -0.111785 0.992400
64.569163 456.234975 47.508018 -10.478041 0.037630 0.035677 -0.119152 0.991521
64.632687 457.121165 47.298016 -10.545405 0.037295 0.035759 -0.124108 0.990923
64.732766 458.636917 46.900091 -10.654643 0.038217 0.035988 -0.132421 0.989803
64.834609 460.180977 46.473726 -10.766880 0.037731 0.035693 -0.140334 0.988741
64.928251 461.571738 46.083979 -10.874117 0.037404 0.035021 -0.147736 0.987699
65.025806 463.004438 45.640810 -10.974759 0.038140 0.034688 -0.155580 0.986477
65.125010 464.437719 45.182738 -11.086838 0.038009 0.034622 -0.162308 0.985400
65.225958 465.884589 44.696647 -11.186442 0.037768 0.034760 -0.169325 0.984223
65.327153 467.331568 44.176477 -11.303824 0.037201 0.034914 -0.176444 0.982988
65.423169 468.657514 43.704204 -11.399457 0.036879 0.035204 -0.182695 0.981847
65.524512 470.068550 43.158008 -11.519988 0.035911 0.035705 -0.189316 0.980610
65.624663 471.449529 42.608895 -11.622578 0.036034 0.036383 -0.196185 0.979229
65.725510 472.844707 42.026932 -11.746193 0.036318 0.036953 -0.202451 0.977921
65.826005 474.218177 41.435298 -11.852245 0.036469 0.037352 -0.209175 0.976484
65.925584 475.566098 40.836248 -11.975927 0.036453 0.037549 -0.215346 0.975135
66.027302 476.917847 40.190272 -12.079716 0.036171 0.037339 -0.221963 0.973668
66.122839 478.195779 39.583694 -12.202188 0.034839 0.037628 -0.228081 0.972291
66.227877 479.610217 38.885266 -12.317717 0.034386 0.038161 -0.235113 0.970610
66.328973 480.934239 38.209708 -12.440254 0.032344 0.038229 -0.241353 0.969145
66.431441 482.253753 37.517890 -12.555451 0.031377 0.038181 -0.247589 0.967604
66.533584 483.559244 36.796863 -12.674153 0.030235 0.038590 -0.254008 0.965959
66.628951 484.774656 36.118719 -12.784015 0.029936 0.038572 -0.259505 0.964507
66.726282 486.026230 35.394771 -12.897581 0.029284 0.039022 -0.265777 0.962799
66.825954 487.306562 34.633857 -13.016720 0.029365 0.040170 -0.271022 0.961286
66.929270 488.609659 33.846876 -13.136683 0.028153 0.041804 -0.275409 0.960005
67.021196 489.757334 33.126628 -13.262104 0.027201 0.042424 -0.279319 0.958875
67.122140 491.028089 32.334835 -13.379429 0.026847 0.042321 -0.282691 0.957901
67.221316 492.287426 31.514551 -13.520898 0.025606 0.042861 -0.285121 0.957190
67.322040 493.565792 30.713583 -13.635696 0.025272 0.042656 -0.287467 0.956507
67.423563 494.818744 29.888811 -13.776845 0.023346 0.042301 -0.289939 0.955825
67.524385 496.063326 29.050620 -13.891034 0.022036 0.042235 -0.291749 0.955308
67.625454 497.297845 28.229989 -14.021873 0.021647 0.042572 -0.293304 0.954825
67.724163 498.503650 27.421920 -14.134450 0.021754 0.042113 -0.294153 0.954582
67.823787 499.719691 26.604790 -14.261980 0.020445 0.041488 -0.295038 0.954366
67.923836 500.931976 25.792273 -14.372365 0.020306 0.041653 -0.295577 0.954194
68.024185 502.163353 24.968926 -14.500120 0.018542 0.042942 -0.296017 0.954037
68.122891 503.341327 24.164020 -14.609172 0.017735 0.043600 -0.296342 0.953921
68.223691 504.578517 23.340343 -14.740215 0.016391 0.044648 -0.296440 0.953866
68.323088 505.779802 22.532001 -14.856198 0.016210 0.045012 -0.296426 0.953857
68.421743 506.968933 21.713599 -14.987225 0.015325 0.045648 -0.295595 0.954099
68.521965 508.177632 20.891521 -15.104483 0.014823 0.045806 -0.294716 0.954371
68.622293 509.409036 20.067115 -15.238731 0.013111 0.046236 -0.293594 0.954721
68.708109 510.461144 19.363863 -15.336414 0.013312 0.045894 -0.292334 0.955122
68.807961 511.738685 18.520963 -15.478189 0.011733 0.046822 -0.290483 0.955662
68.907637 512.979526 17.705035 -15.596171 0.011989 0.047065 -0.288429 0.956269
69.007313 514.228131 16.892254 -15.730609 0.010733 0.048363 -0.285400 0.957127
69.120148 515.636276 15.990462 -15.871066 0.010971 0.048734 -0.281537 0.958249
69.221193 516.815723 15.265949 -15.995686 0.010260 0.047866 -0.278072 0.959312
69.321394 518.015873 14.536331 -16.122634 0.009394 0.047623 -0.274393 0.960392
69.421767 519.249214 13.797726 -16.245174 0.008877 0.048551 -0.270726 0.961390
69.521369 520.471035 13.054468 -16.374096 0.008752 0.050044 -0.266035 0.962624
69.622215 521.725749 12.320797 -16.498971 0.008137 0.050752 -0.261163 0.963925
69.719670 522.949142 11.625023 -16.633163 0.007721 0.050105 -0.256784 0.965138
69.819476 524.226751 10.922718 -16.757468 0.006361 0.050149 -0.252208 0.966352
69.918927 525.480353 10.238560 -16.892433 0.005686 0.050292 -0.246999 0.967693
70.018877 526.750626 9.573889 -17.013951 0.004006 0.050879 -0.241449 0.969070
70.119074 528.040208 8.902556 -17.155674 0.002480 0.051450 -0.235808 0.970434
70.220697 529.350538 8.257722 -17.277534 0.002032 0.051668 -0.229556 0.971921
70.318100 530.616163 7.645396 -17.419452 0.001883 0.051848 -0.223552 0.973310
70.417631 531.917591 7.030469 -17.539171 0.001905 0.051840 -0.216742 0.974850
70.517556 533.218821 6.440300 -17.673661 0.001824 0.051299 -0.209771 0.976402
70.700322 535.634851 5.401300 -17.907807 0.000573 0.052764 -0.196628 0.979057
70.798824 536.862256 4.892532 -18.026758 0.000445 0.052039 -0.191097 0.980191
70.898774 538.146290 4.405972 -18.149829 -0.000591 0.052060 -0.184290 0.981492
70.998625 539.431332 3.938954 -18.278036 -0.001136 0.051771 -0.177279 0.982797
71.098600 540.732885 3.481128 -18.404523 -0.001898 0.052396 -0.170393 0.983980
71.198525 542.057928 3.038610 -18.530777 -0.002917 0.052724 -0.163232 0.985173
71.298875 543.398419 2.609835 -18.662819 -0.004230 0.052646 -0.156258 0.986303
71.399449 544.740733 2.196276 -18.791524 -0.004952 0.052350 -0.148891 0.987455
71.499998 546.100736 1.804502 -18.923582 -0.005771 0.052164 -0.141675 0.988521
71.600171 547.459761 1.415608 -19.051876 -0.006206 0.052230 -0.134224 0.989554
71.600673 547.457677 1.417034 -19.050755 -0.006240 0.052227 -0.134121 0.989568
71.718377 549.224490 1.008212 -19.218882 -0.005730 0.050527 -0.123097 0.991091
71.817653 550.691209 0.636268 -19.349003 -0.005138 0.049293 -0.114030 0.992240
71.917577 552.151132 0.338916 -19.480157 -0.004810 0.048571 -0.105516 0.993219
72.017577 553.614770 0.045089 -19.603509 -0.004917 0.048080 -0.096021 0.994205
72.118148 555.067771 -0.226559 -19.727597 -0.005342 0.048065 -0.087290 0.995008
72.217903 556.516256 -0.465449 -19.846671 -0.005397 0.047739 -0.078172 0.995782
72.317578 557.944706 -0.660548 -19.967279 -0.005405 0.047431 -0.068916 0.996480
72.418673 559.380109 -0.850851 -20.088664 -0.005488 0.047259 -0.059437 0.997098
72.518502 560.767604 -0.992067 -20.206025 -0.005525 0.047365 -0.049852 0.997618
72.617525 562.137056 -1.098047 -20.320817 -0.005144 0.047518 -0.040678 0.998029
72.718126 563.511467 -1.176559 -20.430326 -0.004972 0.047885 -0.031108 0.998356
72.818849 564.865670 -1.236855 -20.542864 -0.004951 0.047947 -0.021955 0.998596
72.910266 566.085254 -1.275224 -20.636800 -0.004365 0.047562 -0.013410 0.998769
73.010320 567.451816 -1.292455 -20.745963 -0.004404 0.047154 -0.004266 0.998869
73.110398 568.788640 -1.279867 -20.849529 -0.004526 0.046705 0.005228 0.998885
73.210596 570.089268 -1.244315 -20.949462 -0.004724 0.046082 0.014125 0.998827
73.310679 571.334035 -1.181893 -21.047058 -0.005511 0.045657 0.023006 0.998677
73.411132 572.573909 -1.097112 -21.135780 -0.006313 0.045706 0.031088 0.998451
73.540544 574.132147 -0.968234 -21.255109 -0.007295 0.045769 0.041100 0.998080
73.641786 575.246421 -0.873418 -21.337396 -0.007912 0.045148 0.048616 0.997765
73.746727 576.380604 -0.730221 -21.420131 -0.008913 0.044442 0.055123 0.997450
73.848294 577.471903 -0.589148 -21.507994 -0.009861 0.043841 0.061062 0.997122
73.912095 578.140192 -0.502238 -21.553913 -0.010036 0.043321 0.064269 0.996941
74.012016 579.280162 -0.321711 -21.640989 -0.009924 0.042192 0.067890 0.996751
74.112065 580.399209 -0.154264 -21.721521 -0.008922 0.040847 0.071318 0.996577
74.212067 581.507652 0.007969 -21.801650 -0.007622 0.040383 0.074380 0.996383
74.312065 582.597780 0.169761 -21.872220 -0.005993 0.040503 0.077448 0.996155
74.412019 583.646177 0.339616 -21.937468 -0.004645 0.040901 0.080396 0.995913
74.512067 584.668528 0.503401 -22.007109 -0.003691 0.041444 0.082755 0.995701
74.612165 585.648347 0.672279 -22.069890 -0.002920 0.041942 0.084736 0.995516
74.712021 586.577862 0.831334 -22.132562 -0.002131 0.042454 0.086131 0.995377
74.865150 587.945119 1.076469 -22.220709 -0.001420 0.043253 0.088202 0.995162
74.912017 588.262025 1.118925 -22.246662 -0.001562 0.042337 0.090163 0.995026
75.012048 589.077784 1.315569 -22.293279 -0.000861 0.042459 0.088368 0.995182
75.112145 589.909632 1.460788 -22.357211 -0.000715 0.041846 0.089068 0.995146
75.212068 590.707487 1.606809 -22.405137 0.000132 0.041067 0.089692 0.995123
75.312144 591.512045 1.771036 -22.462699 0.000151 0.040100 0.090242 0.995112
75.412068 592.318307 1.918336 -22.516015 0.000509 0.038865 0.090278 0.995158
75.511996 593.120522 2.072470 -22.569936 0.000850 0.038354 0.090425 0.995164
75.612071 593.917404 2.214935 -22.624609 0.000784 0.038591 0.090971 0.995105
75.712069 594.687980 2.361549 -22.672543 0.000861 0.039208 0.091363 0.995045
75.812043 595.439212 2.502742 -22.722339 0.000422 0.039544 0.091130 0.995053
75.965170 596.560216 2.719336 -22.792216 0.000578 0.040164 0.091053 0.995036
76.065122 597.183763 2.833552 -22.836696 0.000558 0.039658 0.091682 0.994998
76.112122 597.465082 2.879445 -22.854415 0.000694 0.039128 0.090950 0.995086
76.265149 598.481999 3.093055 -22.920502 0.001425 0.040493 0.089890 0.995127
76.312170 598.749094 3.136256 -22.940968 0.001629 0.039404 0.090451 0.995120
76.465147 599.717941 3.333454 -22.999211 0.002053 0.040877 0.089650 0.995132
76.512168 599.977346 3.375006 -23.024390 0.002079 0.039805 0.090706 0.995080
76.600673 599.969981 3.370679 -23.024153 0.002092 0.039853 0.090661 0.995082
76.800247 601.695465 3.701265 -23.138301 0.003255 0.041793 0.090062 0.995054
76.900022 602.181491 3.790830 -23.167788 0.003300 0.040704 0.091879 0.994932
76.999997 602.651612 3.885656 -23.196984 0.003288 0.041111 0.091795 0.994923
77.099922 603.114204 3.974068 -23.228674 0.003238 0.041316 0.091423 0.994949
77.200121 603.566146 4.066352 -23.258514 0.003542 0.041432 0.090985 0.994984
77.299897 604.009272 4.151784 -23.286536 0.004016 0.041664 0.090988 0.994972
77.399798 604.441729 4.227053 -23.314897 0.004393 0.041986 0.091074 0.994949
77.500321 604.858365 4.314700 -23.341566 0.004376 0.042234 0.090853 0.994959
77.600347 605.258774 4.383742 -23.367621 0.004302 0.042159 0.090509 0.994994
77.665247 605.504355 4.429831 -23.386798 0.004060 0.041750 0.090084 0.995050
77.765097 605.889931 4.504209 -23.410360 0.004216 0.042275 0.089364 0.995093
77.865149 606.268250 4.582991 -23.437095 0.004352 0.042315 0.089105 0.995113
77.965174 606.609285 4.642039 -23.457488 0.004065 0.042399 0.088787 0.995140
78.065123 606.922224 4.705577 -23.482699 0.004041 0.042745 0.088509 0.995150
78.166244 607.196098 4.747823 -23.497390 0.004183 0.042661 0.088433 0.995159
78.211969 607.294788 4.766403 -23.506492 0.004419 0.041933 0.088404 0.995192
78.365174 607.695428 4.846745 -23.532121 0.004652 0.042905 0.087864 0.995197
78.466418 607.884017 4.880165 -23.543817 0.004531 0.042396 0.088222 0.995188
78.565122 608.050286 4.908485 -23.556304 0.004341 0.042196 0.087642 0.995248
78.665220 608.218864 4.951486 -23.570126 0.004183 0.042234 0.087557 0.995255
78.712119 608.270463 4.953061 -23.571542 0.004199 0.041869 0.087394 0.995285
78.812171 608.412925 4.977082 -23.583170 0.004294 0.042251 0.087333 0.995274
78.912116 608.524862 5.003229 -23.589343 0.004281 0.042158 0.087161 0.995293
79.012165 608.633918 5.012536 -23.596679 0.004200 0.041778 0.087196 0.995306
79.112018 608.734739 5.034045 -23.605410 0.004344 0.041149 0.087067 0.995343
79.212143 608.829358 5.047040 -23.608971 0.004348 0.040410 0.086817 0.995395
79.312069 608.888135 5.066556 -23.614666 0.004477 0.039965 0.086430 0.995446
79.412067 608.954025 5.074655 -23.619146 0.004569 0.040033 0.086062 0.995475
79.511970 609.019442 5.090961 -23.623089 0.004438 0.040022 0.086411 0.995446
79.612017 609.080565 5.096201 -23.627875 0.004220 0.039928 0.086223 0.995466
79.712066 609.143293 5.107341 -23.632310 0.004329 0.040114 0.086173 0.995463
79.812093 609.201783 5.119399 -23.635943 0.004422 0.040162 0.086143 0.995463
79.912118 609.259831 5.136042 -23.638506 0.004406 0.040100 0.086435 0.995440
80.012017 609.303956 5.139141 -23.643245 0.004250 0.040146 0.086154 0.995464
80.112118 609.336852 5.145009 -23.645167 0.004297 0.040143 0.086180 0.995461
80.212068 609.374994 5.154882 -23.647801 0.004387 0.040032 0.086226 0.995461
80.312067 609.389609 5.154116 -23.648158 0.004416 0.039984 0.086243 0.995462
80.412167 609.399247 5.158351 -23.649057 0.004365 0.039797 0.086094 0.995482
80.512168 609.418639 5.163551 -23.651523 0.004321 0.039564 0.086242 0.995479
80.612070 609.427723 5.169790 -23.654228 0.004253 0.039547 0.086228 0.995481
80.712167 609.437644 5.173497 -23.652444 0.004310 0.039548 0.086090 0.995493
80.812071 609.445623 5.172155 -23.655907 0.004354 0.039554 0.086061 0.995495
80.912118 609.455420 5.174589 -23.652762 0.004366 0.039670 0.086077 0.995489
81.012142 609.455639 5.173906 -23.655374 0.004270 0.039677 0.086419 0.995459
81.111969 609.452866 5.171217 -23.651524 0.004255 0.039469 0.086190 0.995487
81.212168 609.451913 5.168232 -23.654614 0.004327 0.039297 0.086205 0.995493
81.312145 609.443878 5.172112 -23.652751 0.004292 0.039452 0.086340 0.995475
81.412166 609.446413 5.169857 -23.652407 0.004269 0.039449 0.086273 0.995481
81.512043 609.437019 5.169127 -23.653342 0.004355 0.039280 0.086295 0.995485
81.612167 609.435917 5.169935 -23.652192 0.004304 0.039384 0.086224 0.995488
81.712066 609.439704 5.165662 -23.653389 0.004342 0.039433 0.086329 0.995476
81.812043 609.436408 5.172508 -23.652418 0.004345 0.039323 0.086364 0.995478
81.912118 609.437485 5.168694 -23.653133 0.004337 0.039358 0.086090 0.995500
82.012017 609.448438 5.170811 -23.653032 0.004276 0.039430 0.086411 0.995470
82.112019 609.448656 5.170898 -23.654168 0.004310 0.039400 0.086186 0.995490
82.212021 609.456609 5.172616 -23.653090 0.004302 0.039349 0.086330 0.995480
82.311968 609.457783 5.172441 -23.655362 0.004280 0.039384 0.086437 0.995469
82.411995 609.460879 5.174405 -23.654023 0.004359 0.039413 0.086155 0.995492
82.512041 609.461293 5.175416 -23.655037 0.004273 0.039391 0.086302 0.995481
82.612195 609.450881 5.176770 -23.654497 0.004343 0.039373 0.086164 0.995493
82.712095 609.445318 5.168101 -23.653467 0.004358 0.039391 0.086230 0.995487
82.812142 609.430706 5.168327 -23.652628 0.004289 0.039377 0.086121 0.995497
82.912092 609.431915 5.174516 -23.653380 0.004303 0.039375 0.085969 0.995510
83.012166 609.433928 5.179135 -23.653332 0.004332 0.039408 0.086154 0.995493
83.112119 609.440906 5.175056 -23.653726 0.004333 0.039378 0.086234 0.995487
83.265148 609.443379 5.174186 -23.653160 0.004286 0.039758 0.086327 0.995464
83.312020 609.437746 5.173160 -23.653714 0.004303 0.038999 0.085995 0.995523
83.412064 609.437780 5.175313 -23.652353 0.004276 0.039402 0.085998 0.995507
83.512041 609.442632 5.177050 -23.653844 0.004299 0.039381 0.086136 0.995495
