7.000072 0.517733 0.001979 0.007946 -0.000331 0.000095 0.000301 1.000000
7.100097 1.081047 0.006684 0.013876 -0.000216 0.000001 0.000431 1.000000
7.199973 1.519245 0.014320 0.013128 -0.000351 0.000263 0.001186 0.999999
7.299773 2.063097 0.021655 0.021837 -0.000051 0.000346 0.001226 0.999999
7.399748 2.635650 0.033925 0.023694 -0.000027 0.000625 0.001294 0.999999
7.499898 3.223441 0.039326 0.028973 -0.000320 0.000821 0.001606 0.999998
7.600247 3.801316 0.039960 0.036396 -0.000425 0.000703 0.001847 0.999998
7.610686 3.877041 0.041236 0.036691 -0.000207 0.001080 0.001690 0.999998
7.712064 4.604489 0.051884 0.040740 -0.000380 0.000998 0.001808 0.999998
7.812070 5.249323 0.057799 0.047331 -0.000511 0.001017 0.001982 0.999997
7.912018 5.861058 0.073298 0.052759 -0.000520 0.000923 0.002053 0.999997
8.012019 6.458488 0.079211 0.058867 -0.000630 0.000954 0.001969 0.999997
8.112092 7.041059 0.085203 0.062881 -0.000659 0.001149 0.002470 0.999996
8.212115 7.610058 0.099448 0.069044 -0.000371 0.000823 0.002565 0.999996
8.312068 8.174674 0.104234 0.074613 -0.000415 0.000531 0.002679 0.999996
8.412115 8.715529 0.113607 0.078561 -0.000419 0.000313 0.002695 0.999996
8.512071 9.263236 0.125909 0.084387 -0.000068 0.000142 0.002959 0.999996
8.612217 9.791909 0.132767 0.089777 -0.000098 -0.000206 0.002920 0.999996
8.712023 10.303920 0.136206 0.098019 -0.000369 -0.000116 0.002908 0.999996
8.812020 10.836913 0.143232 0.103679 -0.000643 -0.000031 0.002967 0.999995
8.912220 11.373554 0.139549 0.114795 -0.000595 -0.000065 0.002885 0.999996
9.012020 11.939629 0.152149 0.119722 -0.000395 -0.000296 0.002748 0.999996
9.112167 12.487200 0.162374 0.123521 -0.000370 -0.000330 0.002691 0.999996
9.212113 13.034140 0.174629 0.130233 -0.000316 -0.000308 0.002587 0.999997
9.312113 13.547824 0.184848 0.132091 -0.000156 -0.000220 0.002353 0.999997
9.412067 14.079782 0.194414 0.141339 -0.000299 -0.000011 0.002394 0.999997
9.512018 14.629220 0.202717 0.147120 -0.000574 0.000211 0.002521 0.999997
9.612091 15.153474 0.212308 0.151965 -0.000390 0.000014 0.002300 0.999997
9.712219 15.680663 0.215894 0.162751 -0.000231 0.000187 0.002254 0.999997
9.812168 16.221777 0.223645 0.169586 -0.000022 0.000253 0.002289 0.999997
9.912170 16.762314 0.237367 0.172927 -0.000063 0.000079 0.002031 0.999998
10.012067 17.302809 0.246484 0.179229 -0.000109 0.000176 0.001918 0.999998
10.112042 17.826464 0.251895 0.180139 -0.000383 0.000348 0.002021 0.999998
10.212165 18.344058 0.253304 0.188791 -0.000339 0.000409 0.002048 0.999998
10.312069 18.842306 0.255274 0.195373 -0.000030 0.000405 0.001988 0.999998
10.412218 19.341187 0.260416 0.202596 0.000141 0.000509 0.001939 0.999998
10.512092 19.840563 0.270931 0.208594 0.000027 0.000975 0.002211 0.999997
10.612065 20.337754 0.283507 0.210069 -0.000041 0.000893 0.002606 0.999996
10.712163 20.860143 0.292210 0.216247 0.000068 0.000874 0.002786 0.999996
10.812066 21.360709 0.300629 0.222335 0.000293 0.000858 0.002798 0.999996
10.912168 21.878532 0.310936 0.228975 0.000409 0.001211 0.003357 0.999994
11.012166 22.384797 0.314746 0.233028 0.000206 0.001407 0.003853 0.999992
11.112067 22.881208 0.324209 0.233954 0.000293 0.001303 0.003999 0.999991
11.212020 23.385235 0.335302 0.240378 0.000623 0.001217 0.004442 0.999989
11.312191 23.857410 0.338707 0.247083 0.000241 0.001424 0.004921 0.999987
11.412066 24.333727 0.348266 0.248272 0.000133 0.001603 0.005500 0.999984
11.500673 24.338027 0.347402 0.249566 0.000099 0.001639 0.005483 0.999984
11.700022 25.697113 0.373873 0.264061 0.000143 0.000970 0.006691 0.999977
11.799922 26.057192 0.387363 0.263807 0.000256 0.001512 0.006818 0.999976
11.899798 26.419945 0.397186 0.266950 0.000143 0.001619 0.007318 0.999972
11.999598 26.785944 0.411078 0.271315 0.000267 0.001480 0.007576 0.999970
12.099723 27.146769 0.415820 0.274010 0.000197 0.001423 0.007900 0.999968
12.199672 27.538587 0.419493 0.277317 0.000043 0.001485 0.008233 0.999965
12.299648 27.914041 0.443939 0.279267 -0.000051 0.001748 0.008954 0.999958
12.399598 28.304214 0.454822 0.282689 -0.000001 0.001699 0.008806 0.999960
12.499698 28.700561 0.461658 0.288936 -0.000177 0.001813 0.008965 0.999958
12.599624 29.098143 0.477972 0.294354 -0.000329 0.002266 0.009277 0.999954
12.699424 29.512253 0.490078 0.295145 -0.000545 0.002249 0.009724 0.999950
12.799373 29.948920 0.500593 0.300096 -0.000805 0.002084 0.009808 0.999949
12.899623 30.335543 0.506533 0.304146 -0.000701 0.001997 0.009642 0.999951
12.999599 30.749766 0.521680 0.306610 -0.000532 0.002177 0.009812 0.999949
13.099847 31.169364 0.533728 0.313362 -0.000722 0.002201 0.009753 0.999950
13.200297 31.587243 0.545307 0.311346 -0.001109 0.002154 0.009752 0.999950
13.300347 32.040126 0.562927 0.312145 -0.001124 0.002046 0.009673 0.999950
13.312065 32.108889 0.565831 0.315430 -0.001031 0.002174 0.009678 0.999950
13.412070 32.617717 0.575834 0.323804 -0.001001 0.002058 0.009251 0.999955
13.512120 33.069230 0.584854 0.326591 -0.001117 0.002014 0.009208 0.999955
13.612139 33.513460 0.594959 0.332376 -0.001302 0.002162 0.009313 0.999953
13.712065 33.934710 0.606200 0.333874 -0.001419 0.002373 0.009262 0.999953
13.812068 34.337223 0.606286 0.336618 -0.001664 0.002119 0.009567 0.999951
13.910779 34.754489 0.619304 0.345011 -0.001632 0.001966 0.009679 0.999950
14.010754 35.160592 0.623952 0.346715 -0.001811 0.001862 0.010045 0.999946
14.110779 35.561834 0.637187 0.352499 -0.001723 0.002077 0.010247 0.999944
14.210827 35.934529 0.639221 0.352332 -0.001774 0.002074 0.010526 0.999941
14.310879 36.300974 0.670325 0.361581 -0.001617 0.001821 0.010595 0.999941
14.412118 36.672771 0.681623 0.362981 -0.001719 0.001864 0.010716 0.999939
14.512218 37.042127 0.693907 0.361859 -0.001842 0.001685 0.011018 0.999936
14.612166 37.379085 0.709905 0.365802 -0.001708 0.001595 0.011095 0.999936
14.712067 37.713872 0.726509 0.372187 -0.001575 0.001464 0.011078 0.999936
14.812170 38.064166 0.731267 0.372746 -0.001565 0.001341 0.011034 0.999937
14.912191 38.399697 0.747552 0.370211 -0.001736 0.001316 0.010864 0.999939
15.012118 38.747708 0.753977 0.378089 -0.001780 0.001227 0.010968 0.999938
15.112072 39.095048 0.766886 0.380292 -0.001904 0.001209 0.010666 0.999941
15.212217 39.442134 0.776816 0.381306 -0.001909 0.000983 0.010687 0.999941
15.312169 39.786988 0.784780 0.383162 -0.001514 0.000872 0.010504 0.999943
15.412119 40.133705 0.799209 0.392475 -0.001444 0.000671 0.010454 0.999944
15.512165 40.501527 0.803147 0.393085 -0.001674 0.000709 0.010564 0.999943
15.612169 40.861788 0.813723 0.391615 -0.001944 0.000544 0.010758 0.999940
15.712091 41.232883 0.827820 0.395338 -0.001673 -0.000193 0.010750 0.999941
15.812190 41.609729 0.829114 0.403505 -0.001179 -0.001255 0.010174 0.999947
15.912117 41.989904 0.831530 0.407835 -0.001139 -0.001449 0.009146 0.999956
16.012216 42.384584 0.846641 0.412455 -0.001398 -0.001140 0.008118 0.999965
16.112194 42.768967 0.861947 0.409946 -0.001926 -0.000380 0.007231 0.999972
16.212018 43.159346 0.871907 0.413267 -0.002450 -0.000318 0.006067 0.999979
16.312118 43.551597 0.873805 0.412764 -0.002563 -0.000405 0.003432 0.999991
16.412219 43.976932 0.890320 0.417404 -0.001937 -0.000261 0.000665 0.999998
16.512067 44.412742 0.889968 0.425604 -0.001089 0.000272 -0.001641 0.999998
16.612170 44.860950 0.876892 0.433279 -0.000767 0.000281 -0.003749 0.999993
16.712191 45.316378 0.865183 0.432143 -0.001203 -0.000195 -0.006576 0.999978
16.812040 45.792437 0.857396 0.428620 -0.001419 -0.001142 -0.009414 0.999954
16.912119 46.285980 0.841476 0.429482 -0.001894 -0.001425 -0.012616 0.999918
17.012118 46.794761 0.822399 0.435411 -0.001607 -0.001092 -0.015585 0.999877
17.112092 47.317326 0.796112 0.441268 -0.001091 -0.000505 -0.018269 0.999832
17.212166 47.873762 0.767975 0.444731 -0.001034 -0.000574 -0.021260 0.999773
17.312066 48.415578 0.745538 0.446321 -0.001306 -0.000564 -0.024274 0.999704
17.412168 48.982816 0.724134 0.447318 -0.000943 -0.000665 -0.027003 0.999635
17.512120 49.576274 0.694285 0.452886 -0.000588 -0.000620 -0.030270 0.999541
17.612117 50.165707 0.661236 0.456889 -0.000647 -0.000165 -0.033150 0.999450
17.712017 50.758352 0.616920 0.457108 -0.000769 0.000048 -0.035978 0.999352
17.812070 51.361983 0.568488 0.461314 -0.000455 -0.000172 -0.039264 0.999229
17.912121 51.989653 0.512966 0.466416 -0.000425 0.000008 -0.042201 0.999109
18.012172 52.626904 0.453045 0.471037 -0.000574 0.000249 -0.044871 0.998993
18.183871 53.746575 0.340798 0.478964 -0.000449 -0.000086 -0.049413 0.998778
18.279357 54.293486 0.315953 0.479804 -0.000786 0.000339 -0.050405 0.998728
18.312067 54.486222 0.294991 0.479708 -0.000809 0.000945 -0.051527 0.998671
18.412022 55.179142 0.203361 0.482846 -0.000076 0.000644 -0.055356 0.998466
18.512067 55.866341 0.113018 0.484697 0.000204 0.000578 -0.056913 0.998379
18.612169 56.559539 0.030223 0.486852 0.000627 0.000808 -0.058069 0.998312
18.712166 57.243522 -0.047798 0.494867 0.001138 0.000834 -0.058948 0.998260
18.812067 57.949286 -0.140382 0.497786 0.000986 0.000435 -0.058723 0.998274
18.983849 59.180784 -0.289538 0.501318 0.000528 -0.000023 -0.058694 0.998276
19.079934 59.841045 -0.323720 0.499761 0.000254 0.000045 -0.058030 0.998315
19.181202 60.556321 -0.388433 0.507371 0.000581 -0.000317 -0.057490 0.998346
19.277913 61.216365 -0.458055 0.514938 0.001072 -0.000365 -0.056775 0.998386
19.377064 61.938387 -0.543104 0.521037 0.000997 -0.000314 -0.055715 0.998446
19.476216 62.650691 -0.623216 0.524776 0.001093 -0.000449 -0.054482 0.998514
19.576217 63.386610 -0.700732 0.529606 0.001097 -0.000296 -0.052524 0.998619
19.675669 64.132784 -0.778032 0.536650 0.000839 0.000260 -0.050480 0.998725
19.774373 64.855362 -0.853916 0.539934 0.001288 0.000981 -0.048480 0.998823
19.873350 65.567933 -0.929089 0.544011 0.001228 0.001484 -0.046072 0.998936
19.973102 66.303125 -0.995086 0.548940 0.001610 0.001730 -0.043370 0.999056
20.072653 67.033281 -1.054624 0.553035 0.001806 0.001809 -0.040730 0.999167
20.166690 67.722075 -1.109971 0.557106 0.001666 0.001997 -0.038026 0.999273
20.272228 68.512492 -1.173223 0.560180 0.001673 0.002142 -0.035336 0.999372
20.372348 69.240428 -1.220482 0.565310 0.001278 0.001888 -0.032202 0.999479
20.492725 70.153633 -1.268168 0.566877 0.001063 0.002497 -0.029196 0.999570
20.565317 70.667094 -1.294169 0.576537 0.001063 0.002242 -0.027487 0.999619
20.665222 71.427691 -1.325878 0.579805 0.001392 0.002374 -0.024814 0.999688
20.768988 72.221674 -1.349015 0.589832 0.000998 0.002326 -0.021838 0.999758
20.868940 72.967227 -1.375998 0.591277 0.000598 0.002526 -0.019073 0.999815
20.969040 73.721107 -1.393138 0.597705 0.000566 0.002550 -0.016226 0.999865
21.067292 74.453267 -1.411802 0.601347 0.000800 0.002867 -0.013945 0.999898
21.169019 75.198463 -1.429506 0.601870 0.000711 0.002912 -0.011464 0.999930
21.273606 75.976301 -1.431678 0.610064 0.000604 0.002797 -0.008836 0.999957
21.367243 76.669097 -1.428648 0.610997 0.000278 0.002924 -0.007199 0.999970
21.466718 77.418035 -1.430552 0.620514 0.000225 0.002987 -0.004973 0.999983
21.566718 78.173612 -1.437810 0.623920 -0.000068 0.003525 -0.003184 0.999989
21.666695 78.929499 -1.433488 0.630662 0.000092 0.003993 -0.001561 0.999991
21.766569 79.688198 -1.431827 0.635273 0.000214 0.003652 0.000153 0.999993
21.834684 80.217940 -1.418940 0.640562 -0.000209 0.003395 0.000862 0.999994
21.966519 81.278722 -1.415743 0.647346 -0.000575 0.002725 0.002073 0.999994
22.066443 82.001886 -1.410042 0.646278 -0.000474 0.002671 0.003301 0.999991
22.136352 82.520392 -1.396515 0.650757 -0.000301 0.003034 0.003353 0.999990
22.266322 83.571236 -1.389502 0.654669 -0.000006 0.002760 0.003921 0.999989
22.366200 84.313312 -1.376814 0.653436 -0.000217 0.002721 0.004868 0.999984
22.437674 84.856317 -1.365472 0.652480 -0.000218 0.002569 0.005840 0.999980
22.565771 85.913688 -1.346924 0.658425 -0.000422 0.002582 0.006122 0.999978
22.665144 86.675803 -1.324252 0.658893 -0.000736 0.002749 0.006541 0.999975
22.766120 87.450806 -1.309478 0.659793 -0.000472 0.002729 0.006874 0.999973
22.839191 88.018840 -1.285673 0.659894 -0.000529 0.002511 0.007820 0.999966
22.965323 89.067753 -1.259985 0.660043 -0.001044 0.002374 0.008110 0.999964
23.065173 89.844545 -1.241888 0.662062 -0.001118 0.002189 0.009146 0.999955
23.138097 90.402232 -1.224890 0.664220 -0.000962 0.002285 0.009720 0.999950
23.265945 91.468213 -1.190046 0.665116 -0.001009 0.002443 0.010270 0.999944
23.365099 92.269043 -1.171033 0.663695 -0.000809 0.002655 0.010888 0.999937
23.437846 92.873538 -1.152730 0.663586 -0.000418 0.002491 0.012417 0.999920
23.565198 94.000334 -1.115884 0.667379 -0.000596 0.002566 0.014306 0.999894
23.665144 94.820107 -1.088144 0.668256 -0.000477 0.002515 0.015079 0.999883
23.765224 95.670446 -1.051620 0.671857 0.000052 0.002449 0.016190 0.999866
23.865251 96.530451 -1.014117 0.669281 0.000090 0.002384 0.016595 0.999859
23.910432 96.922087 -0.997424 0.671540 0.000282 0.002407 0.017525 0.999843
24.010526 97.972179 -0.956777 0.674645 -0.000408 0.002449 0.019361 0.999809
24.165423 99.432476 -0.880094 0.678668 -0.000283 0.002676 0.019959 0.999797
24.203611 99.737373 -0.876635 0.675246 -0.000591 0.002869 0.020149 0.999793
24.310117 100.768808 -0.810331 0.676687 -0.000430 0.003039 0.021731 0.999759
24.410190 101.721929 -0.745714 0.674249 -0.000173 0.003505 0.022407 0.999743
24.510544 102.669707 -0.703284 0.679484 -0.000260 0.003219 0.024166 0.999703
24.699898 104.473589 -0.602951 0.681824 0.000017 0.002949 0.025139 0.999680
24.799749 105.355287 -0.557600 0.680898 0.000086 0.003092 0.025267 0.999676
24.899750 106.207693 -0.496879 0.671353 0.000390 0.003794 0.026360 0.999645
24.909294 106.257521 -0.484215 0.675624 0.000349 0.003489 0.026921 0.999631
25.099575 108.048838 -0.363840 0.677571 0.000310 0.003601 0.028234 0.999595
25.199350 108.908228 -0.315911 0.681761 0.000350 0.004004 0.028590 0.999583
25.210983 109.001871 -0.311651 0.687130 0.000422 0.004457 0.028833 0.999574
25.310605 110.007774 -0.236212 0.683766 0.000426 0.004747 0.029611 0.999550
25.465498 111.505408 -0.119428 0.683321 -0.000525 0.004975 0.030109 0.999534
25.511089 111.885192 -0.113432 0.683544 0.000072 0.005431 0.029843 0.999540
25.611319 112.876656 -0.045565 0.685818 -0.000509 0.005028 0.030068 0.999535
25.711914 113.827217 0.021925 0.685065 -0.000825 0.004987 0.029906 0.999540
25.865525 115.264707 0.125384 0.682083 -0.000784 0.004684 0.029689 0.999548
25.938493 115.895339 0.162212 0.689626 -0.000427 0.004153 0.029958 0.999542
26.039017 116.811901 0.227306 0.688574 -0.001191 0.004231 0.029655 0.999551
26.165154 117.942652 0.295879 0.685598 -0.001408 0.004477 0.029473 0.999555
26.239346 118.526628 0.332927 0.688066 -0.001411 0.004263 0.030734 0.999518
26.365127 119.666898 0.415163 0.694081 -0.002218 0.004746 0.029509 0.999551
26.465229 120.517914 0.478112 0.694173 -0.001916 0.005126 0.029386 0.999553
26.565102 121.397943 0.542648 0.698904 -0.002235 0.005089 0.029118 0.999561
26.665150 122.260259 0.595064 0.696643 -0.002001 0.005476 0.029444 0.999549
26.738814 122.911349 0.637495 0.696118 -0.002514 0.005415 0.029629 0.999543
26.865150 124.082939 0.724821 0.694062 -0.002639 0.005347 0.029984 0.999533
26.965272 124.927826 0.776244 0.693170 -0.002157 0.005120 0.029108 0.999561
27.065623 125.821878 0.828392 0.696525 -0.001577 0.004454 0.028419 0.999585
27.165824 126.700063 0.887380 0.694486 -0.001719 0.005582 0.029120 0.999559
27.265132 127.607422 0.958331 0.697506 -0.001282 0.005610 0.028306 0.999583
27.339391 128.281800 0.997230 0.695220 -0.001392 0.005797 0.029003 0.999562
27.465222 129.476860 1.083886 0.694311 -0.001463 0.005168 0.029670 0.999545
27.565230 130.311280 1.133562 0.694425 -0.000837 0.006044 0.029455 0.999547
27.665596 131.189186 1.195779 0.698940 -0.001581 0.006210 0.029074 0.999557
27.765176 132.052028 1.259741 0.701412 -0.002414 0.007017 0.028420 0.999569
27.865155 132.921466 1.320905 0.697738 -0.001802 0.007727 0.028816 0.999553
27.904535 133.272387 1.342948 0.694995 -0.001907 0.008519 0.028894 0.999544
28.036204 134.487693 1.422632 0.689802 -0.002509 0.008427 0.028880 0.999544
28.104086 135.082398 1.463841 0.686456 -0.002706 0.008415 0.029055 0.999539
28.203914 135.951749 1.522528 0.669924 -0.001986 0.008533 0.030093 0.999509
28.400246 137.692166 1.634023 0.680339 -0.002185 0.006948 0.030815 0.999499
28.499873 138.361384 1.682433 0.667484 -0.001686 0.007365 0.033300 0.999417
28.599773 139.156339 1.739517 0.670775 -0.001487 0.006975 0.031684 0.999472
28.699350 139.922297 1.791633 0.671069 -0.001984 0.006458 0.031624 0.999477
28.799125 140.660543 1.877850 0.660796 -0.000782 0.006788 0.031289 0.999487
28.899099 141.376989 1.924076 0.662252 -0.001348 0.007413 0.030951 0.999493
28.999025 142.125751 1.984524 0.659373 -0.001033 0.007974 0.031685 0.999466
29.099424 142.846391 2.029375 0.665263 -0.002428 0.008400 0.031646 0.999461
29.200296 143.604178 2.080443 0.663352 -0.002874 0.008966 0.032056 0.999442
29.265228 144.113070 2.115813 0.663853 -0.003198 0.009269 0.032112 0.999436
29.365176 144.931604 2.170461 0.663254 -0.003840 0.009172 0.032232 0.999431
29.465746 145.708803 2.226670 0.664176 -0.003291 0.008571 0.032595 0.999426
29.510746 146.059338 2.256521 0.658842 -0.003682 0.008675 0.032827 0.999417
29.610645 146.957830 2.304452 0.645602 -0.001627 0.009125 0.034569 0.999359
29.710670 147.745764 2.364587 0.642542 -0.002061 0.009453 0.033722 0.999384
29.810922 148.511171 2.423145 0.631329 -0.002061 0.009642 0.033768 0.999381
29.945849 149.557603 2.501239 0.632093 -0.001957 0.009884 0.033787 0.999378
30.001698 149.955238 2.534885 0.627999 -0.001740 0.010151 0.034301 0.999358
30.199920 151.493753 2.659999 0.622169 -0.001961 0.010108 0.033540 0.999384
30.299521 152.225650 2.717726 0.613847 -0.001966 0.010261 0.034382 0.999354
30.335806 152.485127 2.742793 0.614024 -0.001942 0.010487 0.033933 0.999367
30.410462 153.052924 2.783640 0.614818 -0.001434 0.010812 0.034138 0.999358
30.510637 153.787228 2.844721 0.608298 -0.001512 0.011077 0.034488 0.999343
30.610669 154.512302 2.893745 0.607318 -0.001493 0.010640 0.033716 0.999374
30.765250 155.603407 2.978927 0.598215 -0.001442 0.010871 0.034080 0.999359
30.865249 156.267582 3.023973 0.596473 -0.001497 0.010908 0.034082 0.999358
30.965149 156.925725 3.080843 0.589412 -0.001171 0.010348 0.034401 0.999354
31.045902 157.454547 3.125354 0.588568 -0.000827 0.010200 0.034335 0.999358
31.166418 158.221403 3.192141 0.584634 -0.001256 0.009750 0.033548 0.999389
31.240870 158.674842 3.212239 0.579251 -0.001570 0.009453 0.034203 0.999369
31.365274 159.470651 3.273404 0.576428 -0.001098 0.009318 0.033594 0.999392
31.465123 160.081780 3.318049 0.574370 -0.001516 0.009570 0.034116 0.999371
31.565100 160.681036 3.360343 0.571271 -0.001532 0.009182 0.033902 0.999382
31.665521 161.281123 3.393510 0.565431 -0.001643 0.009142 0.033575 0.999393
31.766444 161.891559 3.429723 0.561259 -0.001371 0.009349 0.034553 0.999358
31.865673 162.473013 3.485048 0.560804 -0.001038 0.009131 0.033820 0.999386
31.965093 163.058125 3.535616 0.558163 -0.001171 0.008907 0.034063 0.999379
32.065572 163.651078 3.568737 0.555721 -0.002218 0.008858 0.033635 0.999392
32.165201 164.223067 3.620082 0.549843 -0.001862 0.009083 0.033419 0.999398
32.265142 164.795802 3.661602 0.553601 -0.001411 0.009226 0.034210 0.999371
32.365649 165.393437 3.709088 0.549758 -0.001347 0.009416 0.034242 0.999368
32.469637 165.992253 3.762713 0.543915 -0.001793 0.009395 0.033790 0.999383
32.564996 166.524363 3.799418 0.540370 -0.003400 0.010082 0.034180 0.999359
32.665523 167.092029 3.842030 0.528899 -0.005057 0.010107 0.034966 0.999325
32.765148 167.660727 3.890743 0.521894 -0.002266 0.009765 0.034483 0.999355
32.865672 168.225431 3.930525 0.522124 -0.002952 0.010231 0.035180 0.999324
32.965471 168.782440 3.977879 0.514535 -0.003059 0.010480 0.036107 0.999288
33.065268 169.340704 4.017958 0.509951 -0.004008 0.010334 0.035460 0.999310
33.165794 169.913307 4.058606 0.513206 -0.004001 0.009551 0.035368 0.999321
33.269167 170.509884 4.104798 0.507639 -0.003609 0.010180 0.036419 0.999278
33.365190 171.050845 4.150653 0.503356 -0.004711 0.010300 0.037180 0.999244
33.468984 171.631248 4.195911 0.494212 -0.003660 0.010036 0.036936 0.999261
33.569010 172.170925 4.242962 0.486662 -0.002880 0.009986 0.036946 0.999263
33.668983 172.729961 4.293394 0.481833 -0.004084 0.010186 0.036910 0.999258
33.712018 172.965314 4.303287 0.485395 -0.002289 0.009567 0.035812 0.999310
33.812116 173.564033 4.359290 0.479856 -0.004269 0.009616 0.036896 0.999264
33.945899 174.319357 4.418584 0.472859 -0.004693 0.009668 0.037520 0.999238
34.045873 174.858583 4.474003 0.464755 -0.004862 0.009853 0.037751 0.999227
34.112112 175.206422 4.493866 0.462843 -0.002881 0.009895 0.037616 0.999239
34.212136 175.758117 4.535451 0.463170 -0.003078 0.009327 0.037910 0.999233
34.312211 176.310762 4.584285 0.458811 -0.003649 0.008978 0.037782 0.999239
34.412117 176.858646 4.618554 0.456023 -0.003539 0.008422 0.037822 0.999243
34.512065 177.420230 4.664860 0.453016 -0.002510 0.009032 0.037842 0.999240
34.612065 177.986107 4.718325 0.449016 -0.001270 0.008942 0.038152 0.999231
34.773027 178.897608 4.800995 0.445001 -0.000713 0.009179 0.038632 0.999211
34.812114 179.071718 4.814002 0.444559 -0.000697 0.008655 0.038823 0.999208
34.968911 179.979583 4.891402 0.441634 -0.000303 0.008598 0.038763 0.999211
35.074641 180.563854 4.939294 0.442586 -0.000288 0.008308 0.039505 0.999185
35.145339 180.940464 4.976200 0.435586 -0.000399 0.008656 0.039658 0.999176
35.210787 181.313788 5.001532 0.432853 -0.000341 0.008480 0.039095 0.999199
35.338818 182.075579 5.071197 0.427433 0.000095 0.008563 0.039890 0.999167
35.412111 182.502193 5.102991 0.421043 -0.000603 0.008027 0.040794 0.999135
35.592741 183.607307 5.201602 0.410842 -0.000414 0.008125 0.041192 0.999118
35.695213 184.211580 5.266818 0.404331 0.000593 0.007903 0.042150 0.999080
35.792021 184.783190 5.317421 0.396673 -0.000038 0.007838 0.042725 0.999056
35.891451 185.383719 5.383249 0.388844 0.000292 0.007406 0.042620 0.999064
35.969558 185.857487 5.423678 0.388855 0.000177 0.007406 0.042574 0.999066
36.089928 186.613391 5.496257 0.385637 -0.000064 0.007560 0.042885 0.999051
36.193193 187.242771 5.553246 0.383282 -0.000651 0.007321 0.042854 0.999054
36.292646 187.857922 5.607843 0.378243 -0.000735 0.007366 0.041775 0.999100
36.390930 188.477349 5.671533 0.369510 -0.001466 0.007232 0.041485 0.999112
36.469158 189.004090 5.730081 0.364740 -0.000773 0.007412 0.041549 0.999109
36.567763 189.714863 5.801054 0.360276 -0.001150 0.007690 0.040155 0.999163
36.667639 190.434747 5.867079 0.351136 -0.001607 0.008197 0.040926 0.999127
36.711218 190.763298 5.899166 0.347295 -0.001089 0.008221 0.040817 0.999132
36.868938 192.068623 6.025093 0.327459 -0.002189 0.008684 0.038956 0.999201
36.968962 192.796255 6.074644 0.318735 -0.002371 0.007701 0.041563 0.999103
37.010156 193.087515 6.098975 0.315736 -0.001815 0.007784 0.041136 0.999122
37.110054 193.901112 6.182367 0.305807 -0.002180 0.008022 0.038854 0.999210
37.210205 194.722805 6.264430 0.295972 -0.001728 0.007779 0.039592 0.999184
37.310201 195.550605 6.335335 0.287102 -0.001961 0.007719 0.039866 0.999173
37.410251 196.386955 6.413438 0.272472 -0.002286 0.007492 0.039631 0.999184
37.510252 197.194143 6.489986 0.265361 -0.001758 0.007694 0.039743 0.999179
37.610354 198.028911 6.553389 0.262532 -0.002145 0.008223 0.038787 0.999211
37.710401 198.876835 6.617126 0.256613 -0.002009 0.008297 0.039232 0.999194
37.810349 199.675492 6.688860 0.247866 -0.001691 0.008775 0.039757 0.999169
37.999749 201.236125 6.824108 0.229791 -0.001525 0.009715 0.040184 0.999144
38.099698 201.896650 6.900033 0.215200 -0.001424 0.009216 0.041310 0.999103
38.199674 202.631259 6.956338 0.216213 -0.001262 0.009703 0.041742 0.999081
38.299673 203.362334 7.023451 0.209979 -0.001351 0.009903 0.041871 0.999073
38.399623 204.084330 7.084840 0.204940 -0.001414 0.009779 0.042135 0.999063
38.499423 204.810276 7.149668 0.197763 -0.001499 0.009390 0.042144 0.999066
38.599149 205.565314 7.233809 0.191305 -0.001324 0.009142 0.041624 0.999091
38.699574 206.338881 7.297413 0.180481 -0.001563 0.008599 0.042079 0.999076
38.800322 207.122774 7.363609 0.170227 -0.001201 0.009209 0.042929 0.999035
38.810781 207.215143 7.371350 0.169899 -0.001324 0.009024 0.042695 0.999047
38.938646 208.331049 7.465900 0.151746 -0.000939 0.009482 0.043728 0.998998
39.040866 209.203320 7.554377 0.145018 -0.000959 0.009050 0.043926 0.998993
39.169138 210.292139 7.679060 0.134972 -0.000801 0.008479 0.044828 0.998958
39.267210 211.113430 7.757828 0.123312 -0.000543 0.008004 0.045048 0.998953
39.366792 211.982186 7.846215 0.115912 -0.000274 0.008104 0.045527 0.998930
39.467162 212.875409 7.930333 0.109118 -0.000533 0.008138 0.046128 0.998902
39.566663 213.766634 8.026741 0.099562 -0.001038 0.008082 0.046851 0.998869
39.667710 214.685775 8.127574 0.088009 -0.000900 0.008124 0.047395 0.998843
39.767143 215.595087 8.223950 0.074357 -0.000606 0.008859 0.047995 0.998808
39.869339 216.544438 8.323832 0.063956 -0.000527 0.009574 0.049030 0.998751
39.966665 217.457925 8.417964 0.059468 -0.000631 0.009697 0.049811 0.998711
40.066673 218.393373 8.536439 0.047151 -0.000632 0.009861 0.050327 0.998684
40.166840 219.332847 8.650174 0.034644 -0.000282 0.010770 0.051732 0.998603
40.267011 220.305016 8.763709 0.022620 -0.000307 0.010762 0.052659 0.998555
40.367145 221.250852 8.883635 0.012056 -0.000246 0.010792 0.052837 0.998545
40.410667 221.671896 8.931002 0.005782 -0.000256 0.010308 0.053187 0.998531
40.510868 222.779207 9.053621 -0.008623 0.000728 0.010330 0.053662 0.998505
40.667260 224.369339 9.254933 -0.035452 0.000245 0.011158 0.054372 0.998458
40.769034 225.407112 9.360803 -0.048054 0.000234 0.011261 0.055147 0.998415
40.812113 225.832115 9.408439 -0.049071 0.000042 0.011359 0.055412 0.998399
40.910657 226.848480 9.543379 -0.064464 -0.000211 0.011560 0.055109 0.998413
41.010779 227.891412 9.663801 -0.076168 0.000172 0.011363 0.055983 0.998367
41.183741 229.700276 9.865749 -0.101627 0.000384 0.010766 0.056064 0.998369
41.279829 230.670625 9.970311 -0.117371 0.000251 0.010269 0.056793 0.998333
41.338648 231.264301 10.046306 -0.123441 -0.000196 0.010704 0.057046 0.998314
41.473048 232.687206 10.228438 -0.136120 -0.000061 0.010466 0.056881 0.998326
41.507437 233.020036 10.262390 -0.145028 -0.000469 0.010482 0.056270 0.998360
41.608781 234.098207 10.399971 -0.162743 0.000169 0.008694 0.055634 0.998413
41.707013 235.144561 10.518912 -0.177125 0.000144 0.009287 0.054854 0.998451
41.806339 236.226851 10.645943 -0.189919 -0.000385 0.010702 0.054459 0.998459
41.906467 237.315159 10.767514 -0.203547 0.000154 0.012207 0.053896 0.998472
42.006338 238.368141 10.888814 -0.214140 0.000905 0.011761 0.052781 0.998536
42.106490 239.432834 11.012663 -0.228937 0.001122 0.011536 0.052544 0.998551
42.206390 240.508003 11.139334 -0.251884 0.001790 0.011010 0.051980 0.998586
42.306440 241.569446 11.256754 -0.264011 0.001410 0.010258 0.051304 0.998629
42.406511 242.644598 11.373011 -0.279325 0.002115 0.009994 0.050773 0.998658
42.506489 243.717808 11.497506 -0.296465 0.002308 0.009486 0.050094 0.998697
42.606415 244.806126 11.608007 -0.314780 0.002170 0.009591 0.049438 0.998729
42.706437 245.928108 11.719121 -0.336966 0.001773 0.009787 0.049207 0.998739
42.806438 247.043380 11.844687 -0.353747 0.001708 0.010878 0.048745 0.998751
42.999848 249.251689 12.072002 -0.388363 0.002072 0.011210 0.049336 0.998717
43.006425 249.288530 12.072981 -0.389447 0.002097 0.010659 0.049506 0.998715
43.106259 250.457534 12.196002 -0.406714 0.001865 0.011277 0.049612 0.998703
43.206515 251.638989 12.324540 -0.427285 0.001557 0.010976 0.050244 0.998675
43.306515 252.829942 12.467823 -0.451774 0.001835 0.011030 0.050873 0.998643
43.406419 254.018278 12.612571 -0.468789 0.001865 0.011159 0.051404 0.998614
43.572429 256.028997 12.834862 -0.505224 0.001377 0.011294 0.051757 0.998595
43.606439 256.323627 12.864590 -0.502761 0.000976 0.011958 0.052183 0.998565
43.712064 257.619317 12.997753 -0.531289 0.000880 0.010950 0.051482 0.998614
43.806537 258.780929 13.129615 -0.548932 0.000929 0.011069 0.051624 0.998605
43.974048 260.880997 13.369757 -0.589801 0.001153 0.011914 0.052066 0.998572
44.072379 262.001551 13.525250 -0.607549 0.001362 0.012319 0.052680 0.998535
44.172554 263.237364 13.664181 -0.633785 0.001113 0.011993 0.053267 0.998508
44.206390 263.649953 13.712265 -0.642888 0.001211 0.011576 0.053641 0.998492
44.380955 265.906816 13.974307 -0.681220 0.001362 0.010162 0.054456 0.998464
44.406388 266.178960 14.012219 -0.685670 0.000772 0.011540 0.054450 0.998450
44.572404 268.338364 14.275169 -0.720361 0.001370 0.011136 0.055399 0.998401
44.600823 268.337501 14.273638 -0.719614 0.001383 0.011214 0.055276 0.998407
44.700897 270.155559 14.504176 -0.762088 0.002290 0.011037 0.056140 0.998359
44.800898 271.437518 14.647125 -0.774708 0.002256 0.012299 0.056803 0.998307
44.900823 272.786713 14.808357 -0.803448 0.002191 0.011875 0.057999 0.998244
45.000898 274.158255 14.976640 -0.833270 0.002828 0.011925 0.058927 0.998187
45.100823 275.508568 15.149082 -0.857149 0.002487 0.012222 0.059292 0.998163
45.200873 276.846050 15.334823 -0.874213 0.002208 0.012374 0.059350 0.998158
45.300797 278.197983 15.504776 -0.904874 0.002698 0.012444 0.060266 0.998101
45.400773 279.584715 15.698130 -0.933962 0.001991 0.012597 0.061531 0.998024
45.500773 280.991898 15.871404 -0.964671 0.002405 0.012066 0.060522 0.998091
45.600873 282.400371 16.060392 -0.992640 0.002522 0.012677 0.061963 0.997995
45.700773 283.823662 16.256858 -1.015883 0.002816 0.013534 0.063698 0.997873
45.800773 285.278682 16.459514 -1.047125 0.002732 0.013998 0.064470 0.997818
45.910229 286.874479 16.686927 -1.080187 0.003211 0.013450 0.064230 0.997839
46.010131 288.319373 16.880246 -1.113464 0.002613 0.012315 0.065435 0.997777
46.146047 290.332738 17.169242 -1.153469 0.003072 0.012787 0.065540 0.997763
46.210180 291.188278 17.275554 -1.169683 0.003104 0.013018 0.067697 0.997616
46.310354 292.714417 17.480151 -1.195650 0.002752 0.013723 0.065457 0.997757
46.410404 294.247169 17.705662 -1.223700 0.003154 0.014059 0.066138 0.997706
46.568938 296.683728 18.070612 -1.276739 0.002117 0.014801 0.066621 0.997666
46.615829 297.329063 18.153008 -1.294363 0.002072 0.014182 0.067191 0.997637
46.715732 298.848112 18.370725 -1.326110 0.002506 0.014698 0.067425 0.997613
46.814291 300.369620 18.588013 -1.363109 0.001835 0.014974 0.067451 0.997609
46.914371 301.919045 18.818330 -1.390153 0.002247 0.015837 0.067435 0.997595
47.036101 303.793901 19.085216 -1.429026 0.002125 0.016341 0.068283 0.997530
47.180010 305.814177 19.386369 -1.479350 0.002971 0.016707 0.068762 0.997489
47.265548 306.944371 19.557967 -1.501012 0.002514 0.017612 0.068184 0.997514
47.366048 308.328232 19.757873 -1.534955 0.002370 0.017788 0.069503 0.997420
47.466517 309.724071 19.966795 -1.565852 0.002674 0.017558 0.069609 0.997416
47.569116 311.184537 20.182433 -1.600924 0.002923 0.016925 0.069765 0.997416
47.666494 312.596266 20.388765 -1.633224 0.002880 0.016597 0.070119 0.997396
47.766593 314.096116 20.631744 -1.666149 0.003035 0.016856 0.070169 0.997388
47.866344 315.617291 20.857363 -1.697606 0.002805 0.016717 0.070569 0.997363
47.966641 317.130958 21.085255 -1.731318 0.002833 0.016983 0.071131 0.997318
48.066347 318.639142 21.302770 -1.766251 0.002322 0.016696 0.071769 0.997279
48.166472 320.135773 21.553212 -1.803101 0.001848 0.016311 0.071754 0.997287
48.266966 321.643126 21.774317 -1.834740 0.001572 0.016365 0.072398 0.997240
48.365174 323.123593 22.001958 -1.871183 0.002441 0.016509 0.073052 0.997189
48.466344 324.659604 22.249374 -1.904505 0.002483 0.017167 0.072951 0.997185
48.566220 326.160657 22.505126 -1.942328 0.002598 0.017130 0.073754 0.997126
48.669638 327.710576 22.738804 -1.975491 0.002589 0.017232 0.074042 0.997103
48.765121 329.105032 22.943708 -2.005730 0.002678 0.016718 0.074687 0.997063
48.872614 330.715186 23.186990 -2.037903 0.003173 0.016813 0.075407 0.997006
48.965993 332.054882 23.394877 -2.067855 0.003007 0.017252 0.075973 0.996956
49.069562 333.614034 23.650348 -2.104852 0.002829 0.018356 0.076077 0.996929
49.166970 335.034478 23.882315 -2.134990 0.002789 0.018465 0.076812 0.996871
49.267865 336.540794 24.124434 -2.171171 0.003180 0.018632 0.077066 0.996847
49.302888 337.061063 24.207949 -2.187875 0.003052 0.018292 0.077103 0.996851
49.499599 340.015768 24.667470 -2.253962 0.002362 0.017259 0.077242 0.996860
49.599349 341.350380 24.879538 -2.294482 0.002197 0.017063 0.077474 0.996846
49.699099 342.733037 25.101623 -2.324830 0.001807 0.016892 0.077923 0.996815
49.798875 344.092208 25.308824 -2.347143 0.001944 0.016878 0.078695 0.996754
49.899300 345.448684 25.530325 -2.380741 0.002334 0.017687 0.078532 0.996752
49.965648 346.336691 25.686992 -2.398818 0.002283 0.018056 0.078332 0.996761
50.065796 347.747558 25.938437 -2.430655 0.001911 0.019305 0.078120 0.996755
50.165693 349.120022 26.176670 -2.464318 0.001640 0.019914 0.078491 0.996715
50.247798 350.243341 26.358967 -2.487936 0.002091 0.019394 0.079067 0.996678
50.365273 351.879831 26.637474 -2.532037 0.002486 0.018862 0.078377 0.996742
50.500122 353.693510 26.945033 -2.583467 0.002895 0.018702 0.079577 0.996649
50.599149 354.986751 27.157782 -2.619909 0.002387 0.018381 0.080560 0.996577
50.699024 356.331913 27.381359 -2.653545 0.005037 0.018337 0.081308 0.996508
50.798924 357.659094 27.611449 -2.683718 0.006595 0.018206 0.081991 0.996445
50.898875 358.961166 27.830618 -2.711648 0.006699 0.019385 0.082737 0.996360
50.998725 360.279623 28.060631 -2.745373 0.006519 0.020175 0.081643 0.996436
51.098650 361.586280 28.293038 -2.779341 0.006262 0.020710 0.082376 0.996366
51.198226 362.904821 28.541191 -2.818834 0.005914 0.021387 0.082084 0.996378
51.298625 364.233102 28.772328 -2.851070 0.006080 0.021819 0.082552 0.996329
51.398873 365.545088 29.001270 -2.890615 0.006641 0.021489 0.083004 0.996295
51.499347 366.851929 29.223175 -2.927762 0.007371 0.021231 0.083525 0.996252
51.599849 368.131229 29.457066 -2.965505 0.007426 0.021705 0.084076 0.996195
51.697964 369.366841 29.685084 -2.998759 0.007623 0.021869 0.084308 0.996171
51.797846 370.594228 29.893778 -3.029361 0.007335 0.022154 0.084184 0.996177
51.825033 370.947559 29.961138 -3.037708 0.007414 0.021560 0.084414 0.996170
51.947747 372.565033 30.238392 -3.083524 0.006951 0.021610 0.084759 0.996143
52.067766 374.123415 30.527103 -3.131980 0.007430 0.021180 0.085611 0.996076
52.123987 374.834379 30.658322 -3.156072 0.007702 0.020920 0.085676 0.996074
52.210203 375.951847 30.863111 -3.190604 0.007695 0.021172 0.086058 0.996035
52.325105 377.463996 31.131371 -3.235039 0.007735 0.021649 0.086576 0.995980
52.465196 379.236026 31.463111 -3.287270 0.007557 0.021923 0.087437 0.995900
52.566747 380.463890 31.685729 -3.327872 0.007538 0.021853 0.087705 0.995878
52.666668 381.642459 31.892300 -3.357602 0.007046 0.022211 0.088069 0.995842
52.710642 382.139926 31.992908 -3.374949 0.006969 0.021946 0.088390 0.995820
52.810697 383.361020 32.225013 -3.410187 0.006701 0.022401 0.088358 0.995814
52.947094 384.977288 32.529165 -3.455715 0.006237 0.022435 0.088678 0.995788
53.065222 386.311386 32.776256 -3.495141 0.006265 0.022398 0.088864 0.995772
53.110553 386.787997 32.860583 -3.508566 0.006151 0.022029 0.088873 0.995780
53.247602 388.366059 33.163421 -3.556268 0.006313 0.021378 0.088423 0.995834
53.365246 389.687125 33.416934 -3.596758 0.006482 0.021482 0.088736 0.995802
53.461454 390.698816 33.612957 -3.628738 0.006336 0.021821 0.089111 0.995763
53.561129 391.793966 33.814252 -3.666330 0.006339 0.022045 0.089203 0.995749
53.665270 392.928317 34.023031 -3.701205 0.006792 0.022223 0.089647 0.995702
53.765174 394.006255 34.225838 -3.730665 0.006692 0.022119 0.090065 0.995668
53.865270 395.083557 34.433066 -3.765060 0.006929 0.022032 0.090585 0.995621
53.965222 396.155297 34.636147 -3.799190 0.006956 0.021942 0.091794 0.995512
54.065296 397.209139 34.835229 -3.830812 0.007001 0.021805 0.091643 0.995529
54.147672 398.070315 35.009323 -3.858967 0.006860 0.021649 0.092088 0.995492
54.265195 399.350659 35.259491 -3.897950 0.006590 0.021677 0.092420 0.995462
54.365494 400.366998 35.459183 -3.927977 0.006400 0.021875 0.093049 0.995401
54.466815 401.421092 35.664381 -3.958600 0.006607 0.021972 0.093450 0.995360
54.567068 402.469952 35.871731 -3.989891 0.006732 0.021854 0.094525 0.995260
54.666193 403.506491 36.081285 -4.023263 0.006590 0.021795 0.094401 0.995274
54.765196 404.544684 36.297566 -4.057037 0.007209 0.022372 0.094707 0.995228
54.865172 405.580074 36.511169 -4.084069 0.007360 0.022849 0.094962 0.995191
54.946699 406.423495 36.678407 -4.110361 0.007369 0.023093 0.095541 0.995130
55.047096 407.477260 36.892097 -4.141979 0.007262 0.023415 0.095892 0.995090
55.147049 408.514160 37.104691 -4.175339 0.007252 0.023317 0.096074 0.995075
55.265221 409.713371 37.363747 -4.212699 0.007172 0.022923 0.097391 0.994956
55.365869 410.701003 37.560605 -4.243269 0.006945 0.022546 0.097626 0.994943
55.466423 411.687792 37.755904 -4.271889 0.006916 0.022549 0.097883 0.994918
55.566420 412.679453 37.950261 -4.305811 0.006698 0.022895 0.098340 0.994867
55.666395 413.631781 38.154803 -4.336312 0.007032 0.022850 0.098758 0.994824
55.710829 414.065819 38.247519 -4.349165 0.006568 0.023042 0.098768 0.994822
55.865520 415.743407 38.605326 -4.410135 0.005744 0.022926 0.099502 0.994757
55.965620 416.684453 38.793913 -4.441383 0.005450 0.022829 0.099719 0.994739
56.065942 417.669292 38.994382 -4.471200 0.004630 0.022598 0.099732 0.994747
56.166241 418.617607 39.185729 -4.499862 0.004173 0.022989 0.099593 0.994754
56.266241 419.548351 39.395269 -4.532621 0.003957 0.023484 0.099476 0.994755
56.348195 420.314029 39.566070 -4.559833 0.003774 0.023757 0.099361 0.994761
56.465272 421.409692 39.820849 -4.596849 0.003203 0.024353 0.099016 0.994783
56.565221 422.288899 39.999262 -4.624192 0.002832 0.024372 0.098883 0.994797
56.602987 422.620960 40.065999 -4.635429 0.002743 0.024466 0.098991 0.994784
56.702886 423.578886 40.267348 -4.668882 0.001972 0.023423 0.098995 0.994810
56.900371 425.445495 40.648205 -4.731123 0.001584 0.022695 0.098419 0.994885
56.999798 426.074721 40.773679 -4.755283 0.001368 0.022455 0.099751 0.994758
57.099723 426.886262 40.941218 -4.780762 0.001570 0.022745 0.100853 0.994640
57.199847 427.693048 41.101321 -4.808265 0.001208 0.022989 0.099064 0.994815
57.300022 428.511418 41.275404 -4.833951 0.001313 0.023199 0.099234 0.994793
57.365671 429.068306 41.392472 -4.854919 0.001251 0.023139 0.098792 0.994838
57.467638 429.955879 41.587907 -4.882218 0.001354 0.023048 0.098061 0.994913
57.567092 430.829262 41.774314 -4.915557 0.001251 0.023227 0.098653 0.994850
57.666568 431.702763 41.960162 -4.942742 0.001404 0.023624 0.099504 0.994756
57.767115 432.590418 42.153260 -4.975450 0.001099 0.023686 0.099694 0.994736
57.865148 433.439850 42.333674 -5.008349 0.001251 0.023602 0.100026 0.994704
57.966819 434.328797 42.518640 -5.038315 0.001170 0.023720 0.100203 0.994684
58.065194 435.186668 42.692372 -5.070453 0.001161 0.024151 0.100327 0.994661
58.165097 436.071952 42.878297 -5.100905 0.001217 0.024326 0.100744 0.994614
58.266442 436.983165 43.063898 -5.136016 0.001131 0.024439 0.101090 0.994576
58.366020 437.855654 43.257775 -5.167664 0.000945 0.024542 0.101294 0.994553
58.466272 438.739370 43.447316 -5.201835 0.001292 0.024607 0.100865 0.994595
58.565568 439.610042 43.633060 -5.235279 0.001515 0.025002 0.100799 0.994591
58.648069 440.340891 43.787644 -5.265442 0.001676 0.025518 0.100519 0.994606
58.765172 441.446826 44.022481 -5.309658 0.002406 0.026040 0.100308 0.994613
58.811021 441.844633 44.101287 -5.324046 0.003103 0.025914 0.100242 0.994621
58.911022 442.879690 44.318109 -5.367708 0.003943 0.026052 0.099394 0.994699
59.069038 444.477708 44.641775 -5.432115 0.005011 0.025817 0.098383 0.994801
59.110479 444.829217 44.700812 -5.449800 0.004745 0.025710 0.099110 0.994733
59.266493 446.380308 45.019131 -5.511229 0.006556 0.025620 0.097033 0.994930
59.366768 447.299672 45.190995 -5.554260 0.007117 0.025191 0.096433 0.994995
59.466395 448.243869 45.373458 -5.589844 0.008223 0.025363 0.095319 0.995090
59.540118 448.902368 45.501754 -5.615387 0.009185 0.025106 0.094009 0.995212
59.634780 449.820257 45.681593 -5.655941 0.010521 0.025128 0.092239 0.995364
59.720295 450.624254 45.844311 -5.686326 0.011387 0.025433 0.091116 0.995450
59.837550 451.748399 46.044304 -5.734386 0.012773 0.025876 0.089447 0.995573
59.936404 452.671530 46.205004 -5.770789 0.013803 0.025816 0.088135 0.995678
60.033759 453.601045 46.372422 -5.810186 0.014842 0.025690 0.086824 0.995782
60.131315 454.532188 46.541567 -5.850621 0.015827 0.025642 0.085045 0.995921
60.231043 455.500651 46.723772 -5.891442 0.016500 0.026219 0.083825 0.995999
60.327679 456.445351 46.879398 -5.933587 0.016888 0.026490 0.081646 0.996166
60.429425 457.457059 47.039794 -5.975000 0.017745 0.026240 0.079777 0.996309
60.528776 458.440224 47.198951 -6.019702 0.017986 0.025411 0.079018 0.996387
60.627329 459.435444 47.366055 -6.066538 0.018368 0.024914 0.077197 0.996535
60.726654 460.458978 47.530160 -6.108049 0.019953 0.024964 0.074775 0.996688
60.816881 461.402235 47.680896 -6.157065 0.019250 0.024824 0.072100 0.996903
60.917104 462.508247 47.839915 -6.204828 0.021514 0.025243 0.069776 0.997011
61.025284 463.703639 47.995229 -6.255967 0.022634 0.025681 0.067586 0.997126
61.117105 464.684905 48.133848 -6.294834 0.024779 0.026045 0.066189 0.997159
61.223915 465.888676 48.294005 -6.346709 0.026649 0.026835 0.062447 0.997331
61.325036 466.972849 48.426191 -6.396720 0.028125 0.027452 0.060605 0.997388
61.423513 468.085061 48.548877 -6.448922 0.028991 0.027676 0.057647 0.997532
61.523267 469.217124 48.684130 -6.501296 0.030153 0.027936 0.054530 0.997666
61.624212 470.396509 48.808202 -6.559542 0.030495 0.028141 0.051064 0.997833
61.725533 471.575581 48.931530 -6.620405 0.030557 0.028855 0.047196 0.998001
61.826258 472.764600 49.046962 -6.676963 0.031209 0.029341 0.043467 0.998136
61.928477 473.984154 49.145956 -6.737874 0.031241 0.028946 0.038971 0.998332
62.031515 475.217058 49.245393 -6.802159 0.030439 0.028546 0.034872 0.998520
62.141891 476.548523 49.335582 -6.871601 0.029813 0.028840 0.030137 0.998685
62.208866 477.306370 49.379193 -6.911260 0.029171 0.028855 0.027658 0.998775
62.309318 478.638743 49.448719 -6.984678 0.029098 0.028316 0.020362 0.998968
62.409541 479.926784 49.513849 -7.053448 0.029411 0.027592 0.015117 0.999072
62.509893 481.256109 49.547259 -7.120514 0.030422 0.027700 0.009982 0.999103
62.609719 482.573705 49.564779 -7.193696 0.031291 0.028118 0.005030 0.999102
62.709570 483.893723 49.570212 -7.258879 0.032961 0.028001 -0.001027 0.999064
62.810917 485.255763 49.568522 -7.328267 0.035062 0.028397 -0.006171 0.998963
62.909896 486.583228 49.542343 -7.395968 0.036004 0.029604 -0.011479 0.998847
63.031614 488.231100 49.491207 -7.492167 0.037914 0.030086 -0.018474 0.998657
63.136401 489.594022 49.458344 -7.562412 0.038125 0.028355 -0.023530 0.998593
63.239843 490.927560 49.396959 -7.647783 0.038553 0.027824 -0.029752 0.998426
63.333934 492.148951 49.321110 -7.712461 0.039153 0.028412 -0.035499 0.998198
63.426254 493.386963 49.217485 -7.783688 0.039794 0.030045 -0.042104 0.997868
63.529671 494.819496 49.077767 -7.860006 0.040361 0.030980 -0.049786 0.997463
63.674325 496.842472 48.864492 -7.985364 0.040556 0.032338 -0.059534 0.996878
63.768963 498.020727 48.769170 -8.057097 0.040520 0.033111 -0.063801 0.996590
63.829441 498.813906 48.656661 -8.109777 0.040948 0.034018 -0.067988 0.996265
63.969263 500.778008 48.352962 -8.237614 0.040951 0.034612 -0.079054 0.995427
64.068916 502.122648 48.155203 -8.326302 0.040505 0.034380 -0.085031 0.994961
64.169015 503.485896 47.907969 -8.421900 0.040028 0.033886 -0.092393 0.994341
64.268968 504.836417 47.647869 -8.511186 0.039934 0.034100 -0.099171 0.993684
64.369017 506.193476 47.371724 -8.602538 0.040099 0.034441 -0.106428 0.992914
64.469017 507.568945 47.065862 -8.698058 0.039973 0.034840 -0.113973 0.992068
64.569163 508.935223 46.745684 -8.790763 0.039878 0.035318 -0.121492 0.991162
64.632687 509.806760 46.534895 -8.855237 0.039670 0.035491 -0.126020 0.990599
64.732766 511.245798 46.153035 -8.960506 0.040345 0.035480 -0.135152 0.989367
64.834609 512.692720 45.736921 -9.063766 0.040344 0.035279 -0.142061 0.988406
64.928251 514.021003 45.358335 -9.165409 0.040364 0.034739 -0.149432 0.987337
65.025806 515.406089 44.924685 -9.265133 0.040810 0.034381 -0.156678 0.986207
65.125010 516.816565 44.468412 -9.372105 0.040865 0.034287 -0.163255 0.985141
65.225958 518.240388 43.982395 -9.474449 0.040678 0.034423 -0.170112 0.983983
65.327153 519.657674 43.479319 -9.582690 0.040129 0.034709 -0.177248 0.982735
65.423169 521.005623 42.982746 -9.686829 0.039436 0.034975 -0.183921 0.981527
65.524512 522.422003 42.437811 -9.798869 0.039121 0.035471 -0.190368 0.980291
65.624663 523.811625 41.887806 -9.908865 0.039120 0.036085 -0.197225 0.978913
65.725510 525.225179 41.288886 -10.028476 0.039352 0.036709 -0.204178 0.977453
65.826005 526.612032 40.682482 -10.140242 0.039940 0.036933 -0.210767 0.976022
65.925584 527.982036 40.073470 -10.261419 0.039298 0.037465 -0.216907 0.974681
66.027302 529.358392 39.413990 -10.378985 0.039170 0.037214 -0.223433 0.973221
66.122839 530.649173 38.801405 -10.493205 0.037926 0.037484 -0.230068 0.971712
66.227877 532.070903 38.093809 -10.618895 0.037327 0.038050 -0.236822 0.970090
66.328973 533.407105 37.415212 -10.739247 0.035748 0.038148 -0.242820 0.968662
66.431441 534.745264 36.696372 -10.861530 0.034555 0.038149 -0.249573 0.966987
66.533584 536.071320 35.965127 -10.981016 0.033373 0.038527 -0.255900 0.965358
66.628951 537.291951 35.273736 -11.095181 0.033167 0.038574 -0.261778 0.963786
66.726282 538.533958 34.542681 -11.210045 0.032772 0.038924 -0.267701 0.962158
66.825954 539.790839 33.789347 -11.329061 0.032450 0.040317 -0.272710 0.960703
66.929270 541.093860 32.980397 -11.453371 0.031065 0.041925 -0.277218 0.959389
67.021196 542.249676 32.258351 -11.573742 0.030651 0.042553 -0.280989 0.958277
67.122140 543.523864 31.452216 -11.702909 0.029836 0.042620 -0.284160 0.957364
67.221316 544.773517 30.650511 -11.834807 0.029256 0.042983 -0.286940 0.956536
67.322040 546.042256 29.827974 -11.963159 0.028081 0.042934 -0.289603 0.955771
67.423563 547.304625 29.003964 -12.098407 0.026657 0.042481 -0.291823 0.955157
67.524385 548.545090 28.172843 -12.224957 0.025839 0.042324 -0.293579 0.954648
67.625454 549.777818 27.355086 -12.350076 0.025699 0.042572 -0.295223 0.954134
67.724163 550.984400 26.538162 -12.472123 0.025455 0.042118 -0.296084 0.953893
67.823787 552.213550 25.706910 -12.598925 0.024470 0.041474 -0.296926 0.953686
67.923836 553.435881 24.876348 -12.718513 0.024012 0.041647 -0.297777 0.953424
68.024185 554.656166 24.053659 -12.839061 0.022850 0.042708 -0.298261 0.953255
68.122891 555.850007 23.237376 -12.960337 0.021929 0.043536 -0.298375 0.953203
68.223691 557.058414 22.406362 -13.084978 0.020526 0.044558 -0.298331 0.953201
68.323088 558.253760 21.603920 -13.210987 0.020530 0.044869 -0.298388 0.953168
68.421743 559.453263 20.782850 -13.338052 0.019806 0.045491 -0.297736 0.953358
68.521965 560.667038 19.957371 -13.463221 0.019404 0.045574 -0.296998 0.953592
68.622293 561.892141 19.118708 -13.591580 0.017682 0.046004 -0.295532 0.954061
68.708109 562.929660 18.417390 -13.699356 0.017418 0.045892 -0.294157 0.954496
68.807961 564.179065 17.579665 -13.829574 0.016216 0.046524 -0.292599 0.954965
68.907637 565.419517 16.749303 -13.960695 0.016185 0.046947 -0.290197 0.955678
69.007313 566.667691 15.934997 -14.090496 0.015414 0.047998 -0.287233 0.956533
69.120148 568.074085 15.024460 -14.238240 0.015299 0.048502 -0.283087 0.957745
69.221193 569.289179 14.259068 -14.363459 0.014620 0.047555 -0.279375 0.958892
69.321394 570.517059 13.503406 -14.496632 0.013150 0.047521 -0.275744 0.959966
69.421767 571.757740 12.752037 -14.622894 0.012834 0.048374 -0.271808 0.961049
69.521369 573.009956 11.990533 -14.752087 0.012907 0.049801 -0.267097 0.962295
69.622215 574.276157 11.248715 -14.884698 0.012454 0.050238 -0.262314 0.963594
69.719670 575.511310 10.546320 -15.016738 0.012417 0.049576 -0.257605 0.964898
69.819476 576.781248 9.844896 -15.145265 0.010803 0.049636 -0.252723 0.966204
69.918927 578.048530 9.155132 -15.274756 0.010152 0.049756 -0.247624 0.967524
70.018877 579.322687 8.484977 -15.405349 0.008110 0.050366 -0.242279 0.968864
70.119074 580.609620 7.824519 -15.539813 0.007356 0.050710 -0.236523 0.970274
70.220697 581.920143 7.167595 -15.669609 0.006621 0.050964 -0.230191 0.971788
70.318100 583.184172 6.563361 -15.801797 0.006558 0.051109 -0.224056 0.973213
70.417631 584.473834 5.951272 -15.931521 0.006383 0.051059 -0.217436 0.974717
70.517556 585.783386 5.360981 -16.056629 0.006954 0.050461 -0.210402 0.976287
70.700322 588.201622 4.326703 -16.291014 0.005005 0.051529 -0.197882 0.978858
70.798824 589.486924 3.783638 -16.417886 0.004968 0.051138 -0.192143 0.980021
70.898774 590.826930 3.263074 -16.544774 0.003816 0.051094 -0.185103 0.981383
70.998625 592.164177 2.779748 -16.675222 0.003430 0.050858 -0.177612 0.982779
71.098600 593.501923 2.300436 -16.806070 0.002419 0.051263 -0.170281 0.984058
71.198525 594.858053 1.848471 -16.932779 0.001641 0.051596 -0.162979 0.985278
71.298875 596.225788 1.403660 -17.062797 -0.000098 0.051612 -0.155409 0.986501
71.399449 597.594789 0.989457 -17.195493 -0.000614 0.051185 -0.148300 0.987617
71.499998 598.960112 0.610748 -17.322271 -0.001425 0.050927 -0.140964 0.988703
71.600171 600.311839 0.227402 -17.445966 -0.001943 0.050954 -0.133724 0.989706
71.600673 600.308054 0.226778 -17.444912 -0.001956 0.050953 -0.133735 0.989704
71.718377 601.979248 -0.167816 -17.600967 -0.001207 0.048998 -0.124327 0.991030
71.817653 603.325477 -0.471634 -17.716554 -0.000591 0.047913 -0.114854 0.992226
71.917577 604.685983 -0.754089 -17.833223 -0.000341 0.047217 -0.106456 0.993196
72.017577 606.064049 -1.035683 -17.948526 -0.000563 0.046759 -0.097901 0.994097
72.118148 607.466700 -1.297812 -18.062490 -0.000857 0.046644 -0.089718 0.994874
72.217903 608.865318 -1.531522 -18.177153 -0.000937 0.046414 -0.080681 0.995658
72.317578 610.261417 -1.727118 -18.290916 -0.000952 0.046077 -0.072069 0.996334
72.418673 611.666730 -1.915353 -18.402135 -0.001199 0.045807 -0.062360 0.997001
72.518502 613.049400 -2.062569 -18.516108 -0.001237 0.045947 -0.052791 0.997547
72.617525 614.414471 -2.183100 -18.624426 -0.000925 0.046141 -0.043407 0.997991
72.718126 615.800125 -2.289230 -18.732989 -0.000682 0.046414 -0.034581 0.998323
72.818849 617.158172 -2.356400 -18.836955 -0.000771 0.046353 -0.025203 0.998607
72.910266 618.382864 -2.393531 -18.927278 -0.000181 0.045987 -0.016537 0.998805
73.010320 619.739418 -2.417092 -19.030400 -0.000369 0.045464 -0.007113 0.998941
73.110398 621.074846 -2.409247 -19.130777 -0.000181 0.044934 0.002089 0.998988
73.210596 622.363938 -2.377826 -19.223167 -0.000422 0.044261 0.011017 0.998959
73.310679 623.628924 -2.330293 -19.316618 -0.001276 0.043887 0.020084 0.998834
73.411132 624.875053 -2.259465 -19.401738 -0.002287 0.043969 0.028370 0.998627
73.540544 626.433970 -2.139839 -19.509076 -0.003293 0.043806 0.038448 0.998295
73.641786 627.584891 -2.030547 -19.592411 -0.003799 0.043291 0.046725 0.997962
73.746727 628.766883 -1.895206 -19.672174 -0.004785 0.042551 0.053285 0.997661
73.848294 629.867763 -1.776026 -19.753470 -0.005772 0.041886 0.059099 0.997356
73.912095 630.552128 -1.691942 -19.798372 -0.006070 0.041571 0.062154 0.997182
74.012016 631.668204 -1.535616 -19.874685 -0.005910 0.040250 0.065192 0.997043
74.112065 632.777358 -1.364974 -19.950645 -0.004833 0.038926 0.068818 0.996858
74.212067 633.854842 -1.205871 -20.019683 -0.003429 0.038404 0.071531 0.996693
74.312065 634.915655 -1.048086 -20.083998 -0.001700 0.038416 0.074347 0.996491
74.412019 635.956115 -0.886098 -20.143699 -0.000439 0.038907 0.076966 0.996274
74.512067 636.959737 -0.723807 -20.203675 0.000528 0.039444 0.079285 0.996071
74.612165 637.929812 -0.566646 -20.262107 0.001266 0.039853 0.081125 0.995906
74.712021 638.865247 -0.415019 -20.318864 0.002011 0.040402 0.082816 0.995744
74.865150 640.250209 -0.179186 -20.401902 0.002556 0.040999 0.084867 0.995545
74.912017 640.621174 -0.117013 -20.427225 0.002646 0.040451 0.087000 0.995383
75.012048 641.484195 0.046144 -20.478486 0.003172 0.040305 0.085929 0.995481
75.112145 642.337465 0.195867 -20.532781 0.003396 0.039740 0.086809 0.995426
75.212068 643.176193 0.347314 -20.584583 0.004007 0.038964 0.087515 0.995393
75.312144 643.999124 0.496334 -20.634718 0.004283 0.037870 0.087809 0.995408
75.412068 644.813688 0.652682 -20.684408 0.004545 0.036732 0.088212 0.995414
75.511996 645.615964 0.804412 -20.732251 0.004857 0.036238 0.088169 0.995434
75.612071 646.403214 0.952049 -20.780744 0.004866 0.036411 0.088610 0.995389
75.712069 647.170420 1.090351 -20.823908 0.004908 0.037052 0.088601 0.995366
75.812043 647.924268 1.238011 -20.868042 0.004458 0.037435 0.088681 0.995346
75.965170 649.060166 1.440196 -20.935259 0.004620 0.037793 0.088305 0.995366
76.065122 649.718426 1.540058 -20.976935 0.004605 0.037535 0.090015 0.995222
76.112122 650.010132 1.597485 -20.994982 0.004600 0.037145 0.089545 0.995279
76.265149 651.042775 1.789507 -21.058854 0.005621 0.038086 0.087640 0.995408
76.312170 651.327507 1.844493 -21.074740 0.005627 0.037603 0.088837 0.995320
76.465147 652.314697 2.032289 -21.131622 0.006098 0.038501 0.087554 0.995397
76.512168 652.588110 2.088345 -21.150856 0.006128 0.037975 0.088741 0.995312
76.600673 652.584276 2.088635 -21.151111 0.006217 0.038018 0.088801 0.995304
76.800247 654.301405 2.411553 -21.253705 0.007304 0.039163 0.087717 0.995349
76.900022 654.800824 2.493256 -21.282772 0.007441 0.038596 0.089842 0.995180
76.999997 655.298520 2.590151 -21.312625 0.007302 0.038950 0.089521 0.995196
77.099922 655.774473 2.684784 -21.342300 0.007354 0.039157 0.089386 0.995200
77.200121 656.233637 2.778752 -21.371609 0.007685 0.039217 0.089568 0.995179
77.299897 656.668854 2.857994 -21.395908 0.008322 0.039489 0.089228 0.995193
77.399798 657.096791 2.944131 -21.420321 0.008491 0.039775 0.089413 0.995164
77.500321 657.511478 3.020283 -21.445792 0.008547 0.040025 0.088648 0.995222
77.600347 657.910263 3.095823 -21.469127 0.008449 0.039983 0.088657 0.995224
77.665247 658.143925 3.128694 -21.484415 0.008238 0.039755 0.088367 0.995260
77.765097 658.506334 3.194702 -21.507236 0.008440 0.040110 0.087335 0.995335
77.865149 658.844108 3.256080 -21.528173 0.008559 0.040207 0.086672 0.995388
77.965174 659.158180 3.315197 -21.546919 0.008310 0.040255 0.086192 0.995430
78.065123 659.463984 3.371243 -21.569482 0.008322 0.040624 0.086153 0.995419
78.166244 659.738969 3.421730 -21.585136 0.008488 0.040487 0.085819 0.995452
78.211969 659.848856 3.444606 -21.591301 0.008649 0.040006 0.086048 0.995450
78.365174 660.246548 3.508099 -21.615672 0.008826 0.040506 0.085029 0.995516
78.466418 660.463854 3.551441 -21.627381 0.008776 0.040266 0.085578 0.995479
78.565122 660.645087 3.590462 -21.639431 0.008486 0.040049 0.085290 0.995515
78.665220 660.818962 3.624218 -21.651692 0.008373 0.040105 0.085112 0.995529
78.712119 660.889456 3.631751 -21.656350 0.008474 0.039970 0.085451 0.995504
78.812171 661.043095 3.653878 -21.665620 0.008546 0.040083 0.084717 0.995562
78.912116 661.188116 3.677488 -21.674053 0.008442 0.040002 0.084998 0.995542
79.012165 661.310427 3.695522 -21.681604 0.008392 0.039595 0.085030 0.995556
79.112018 661.422811 3.718912 -21.689017 0.008383 0.038954 0.085290 0.995559
79.212143 661.518150 3.735566 -21.695947 0.008566 0.038195 0.085192 0.995595
79.312069 661.592811 3.751694 -21.700675 0.008729 0.037785 0.085224 0.995607
79.412067 661.663711 3.762559 -21.705120 0.008646 0.037795 0.084443 0.995674
79.511970 661.714972 3.776191 -21.708406 0.008598 0.037815 0.084529 0.995666
79.612017 661.772277 3.789180 -21.712359 0.008493 0.037775 0.084732 0.995651
79.712066 661.827698 3.803761 -21.714452 0.008478 0.037909 0.084670 0.995652
79.812093 661.867312 3.809735 -21.717000 0.008540 0.037981 0.084087 0.995698
79.912118 661.911710 3.814071 -21.719194 0.008554 0.037915 0.084099 0.995699
80.012017 661.945641 3.818458 -21.721630 0.008430 0.037989 0.084000 0.995706
80.112118 661.980499 3.826472 -21.725120 0.008480 0.037960 0.084220 0.995688
80.212068 661.993070 3.824047 -21.725523 0.008571 0.037878 0.084174 0.995694
80.312067 662.011116 3.827595 -21.726424 0.008587 0.037810 0.084125 0.995701
80.412167 662.020900 3.828098 -21.726458 0.008502 0.037622 0.084014 0.995718
80.512168 662.030446 3.829572 -21.726760 0.008425 0.037394 0.084140 0.995716
80.612070 662.037571 3.831505 -21.729952 0.008367 0.037371 0.084336 0.995701
80.712167 662.046709 3.840023 -21.729739 0.008417 0.037385 0.083653 0.995758
80.812071 662.056315 3.838326 -21.730641 0.008518 0.037388 0.083855 0.995740
80.912118 662.052925 3.835228 -21.730273 0.008508 0.037501 0.084049 0.995719
81.012142 662.049357 3.838693 -21.730150 0.008564 0.037523 0.084075 0.995716
81.111969 662.049722 3.830544 -21.728800 0.008469 0.037328 0.084100 0.995722
81.212168 662.044636 3.829208 -21.727941 0.008433 0.037163 0.084162 0.995723
81.312145 662.049388 3.835474 -21.729293 0.008430 0.037309 0.083700 0.995757
81.412166 662.050934 3.837090 -21.728769 0.008517 0.037299 0.084260 0.995709
81.512043 662.048885 3.834438 -21.727998 0.008431 0.037120 0.083838 0.995752
81.612167 662.050190 3.836270 -21.729978 0.008509 0.037189 0.083878 0.995745
81.712066 662.053510 3.840373 -21.728882 0.008471 0.037267 0.084087 0.995725
81.812043 662.050894 3.836147 -21.728302 0.008421 0.037163 0.084122 0.995727
81.912118 662.050024 3.831428 -21.729222 0.008412 0.037180 0.083938 0.995742
82.012017 662.048712 3.826944 -21.728195 0.008419 0.037248 0.084378 0.995702
82.112019 662.049214 3.826198 -21.729059 0.008440 0.037246 0.084075 0.995727
82.212021 662.042641 3.824959 -21.727060 0.008406 0.037175 0.083891 0.995746
82.311968 662.037692 3.826094 -21.728605 0.008421 0.037197 0.084174 0.995721
82.411995 662.035541 3.823264 -21.729150 0.008501 0.037248 0.084374 0.995701
82.512041 662.037568 3.830665 -21.728147 0.008449 0.037248 0.084187 0.995718
82.612195 662.046149 3.831807 -21.729609 0.008474 0.037215 0.084364 0.995704
82.712095 662.056812 3.838988 -21.729745 0.008508 0.037233 0.083965 0.995737
82.812142 662.065547 3.842372 -21.730474 0.008483 0.037212 0.083832 0.995749
82.912092 662.070590 3.840261 -21.730945 0.008450 0.037199 0.083805 0.995752
83.012166 662.074535 3.837595 -21.730374 0.008412 0.037231 0.083955 0.995738
83.112119 662.076962 3.840230 -21.730909 0.008403 0.037200 0.083718 0.995759
83.265148 662.074791 3.838812 -21.730421 0.008415 0.037393 0.084235 0.995708
83.312020 662.073183 3.839110 -21.729873 0.008404 0.037004 0.084224 0.995724
83.412064 662.070530 3.835034 -21.729777 0.008428 0.037206 0.084414 0.995700
83.512041 662.064608 3.838680 -21.729503 0.008432 0.037210 0.083997 0.995735
