10.912168 0.393805083 0.015981574 0.004919779 0.000207029 0.000373503 0.000795302 0.999999593
11.012166 0.758562708 0.017638456 0.011255401 0.000062114 0.000491037 0.001484112 0.999998776
11.112067 1.074927332 0.024707496 0.004350102 0.000228587 0.000390404 0.001697233 0.999998457
11.212020 1.488681618 0.037566597 0.011695004 0.000550233 0.000462388 0.001941474 0.999997857
11.312191 1.865882323 0.036333695 0.015664287 0.000279040 0.000556888 0.002181749 0.999997426
11.412066 2.287201027 0.050480841 0.015790782 0.000231036 0.000778048 0.003101267 0.999994862
11.500673 2.311069057 0.051473610 0.016784964 0.000230071 0.000777132 0.003090889 0.999994895
11.700022 3.614687506 0.071702660 0.028029819 0.000265119 0.000459008 0.003944233 0.999992081
11.799922 3.995361302 0.072723820 0.033256700 0.000203825 0.000552852 0.004264850 0.999990732
11.899798 4.384596530 0.086326754 0.036044206 0.000168079 0.000620616 0.004779209 0.999988373
11.999598 4.760560012 0.090882720 0.041101077 0.000231519 0.000465329 0.005046459 0.999987131
12.099723 5.151084504 0.107326579 0.041448944 0.000411458 0.000424570 0.005259265 0.999985995
12.199673 5.590395653 0.120114066 0.045199703 0.000401104 0.000638229 0.005683993 0.999983562
12.299648 6.011277338 0.127457990 0.053828227 0.000163334 0.000649721 0.005984758 0.999981867
12.399598 6.433242871 0.136900498 0.056963566 0.000066779 0.000622419 0.006457138 0.999978957
12.499698 6.854615856 0.142643386 0.062182772 0.000065026 0.000794512 0.006568998 0.999978106
12.599624 7.273180335 0.165685835 0.064933731 -0.000070450 0.001195606 0.006995904 0.999974811
12.699424 7.698307344 0.168948885 0.067969536 -0.000321697 0.001323383 0.007050267 0.999974219
12.799373 8.121523099 0.172924735 0.071086401 -0.000612145 0.001302960 0.007512994 0.999970741
12.899623 8.561079877 0.176600889 0.079367541 -0.000532324 0.001112398 0.006892154 0.999975488
12.999599 8.966304114 0.191944316 0.082616433 -0.000470238 0.001231398 0.006903691 0.999975300
13.099847 9.369935830 0.207163503 0.088463518 -0.000443838 0.001215923 0.006952326 0.999974995
13.200297 9.769310818 0.215956707 0.086095380 -0.000815224 0.001320903 0.007187488 0.999972965
13.300347 10.167886272 0.220645419 0.088983775 -0.000940605 0.001125756 0.006994673 0.999974461
13.312065 10.209396514 0.222516262 0.087524256 -0.000828019 0.001039904 0.006699494 0.999976675
13.412070 10.724548084 0.235690887 0.095323786 -0.000830425 0.001378533 0.006552114 0.999977240
13.512120 11.173303524 0.245033122 0.102475289 -0.000884450 0.001217972 0.006674003 0.999976596
13.612139 11.638430867 0.255372740 0.105860575 -0.001080112 0.001071215 0.007050970 0.999973984
13.712065 12.042727702 0.265972125 0.109676017 -0.001131244 0.001335966 0.006729820 0.999975822
13.812068 12.470101248 0.270566178 0.111362793 -0.001312429 0.001303598 0.006721224 0.999975701
13.910779 12.892535854 0.275523052 0.121130884 -0.001356256 0.001013191 0.007068488 0.999973585
14.010754 13.306354805 0.281007532 0.127092314 -0.001579348 0.001049706 0.007347931 0.999971205
14.110779 13.717740960 0.295661614 0.132133091 -0.001530915 0.001272521 0.007706315 0.999968324
14.210827 14.122419627 0.297310706 0.135163624 -0.001347724 0.001191207 0.007950336 0.999966778
14.310879 14.481286134 0.306638664 0.140856194 -0.001476258 0.001063970 0.007889027 0.999967225
14.412118 14.853005445 0.321431211 0.142425620 -0.001444813 0.001109956 0.007918674 0.999966987
14.512218 15.223061414 0.327011316 0.145661254 -0.001695174 0.000837074 0.008464417 0.999962389
14.612166 15.576956584 0.340330804 0.149525156 -0.001706160 0.000786946 0.008438664 0.999962629
14.712067 15.906697397 0.353783845 0.152453875 -0.001407261 0.000693068 0.008483153 0.999962787
14.812170 16.262341823 0.362658106 0.156799113 -0.001495118 0.000526507 0.008227925 0.999964894
14.912191 16.590501708 0.373953941 0.157442680 -0.001589113 0.000575834 0.008245053 0.999964580
15.012118 16.929891393 0.386547826 0.162180630 -0.001552026 0.000492718 0.008282143 0.999964377
15.112072 17.288031765 0.391036897 0.165010935 -0.001682448 0.000401789 0.008258402 0.999964403
15.212217 17.631992379 0.403528677 0.166021053 -0.001697597 0.000107726 0.008102152 0.999965730
15.312169 17.989782996 0.413320592 0.169625884 -0.001288901 0.000053414 0.007789546 0.999968829
15.412119 18.345438495 0.421899965 0.176673769 -0.001152744 -0.000034168 0.007824604 0.999968722
15.512165 18.714765227 0.424753408 0.180839863 -0.001403261 -0.000038702 0.008052361 0.999966594
15.612169 19.073673109 0.434168966 0.175989416 -0.001677711 -0.000397595 0.008037979 0.999966208
15.712091 19.425584561 0.443156106 0.175388067 -0.001303194 -0.001185040 0.007939135 0.999966933
15.812190 19.810322262 0.455240403 0.186736632 -0.000758677 -0.001866022 0.007543394 0.999969519
15.912117 20.201216578 0.462601540 0.194893296 -0.000672177 -0.002085152 0.006709672 0.999975090
16.012216 20.600009552 0.475127121 0.199235349 -0.001058506 -0.001917842 0.005500795 0.999982471
16.112194 21.004601429 0.485887228 0.196636638 -0.001498308 -0.001276512 0.004428714 0.999988256
16.212018 21.415620421 0.493384809 0.199738976 -0.002037324 -0.001008767 0.003338374 0.999991843
16.312118 21.838908974 0.497289009 0.202234432 -0.002245451 -0.001058435 0.000994889 0.999996424
16.412219 22.276577376 0.490599955 0.208949633 -0.001837802 -0.000831233 -0.001425928 0.999996949
16.512067 22.729269326 0.476564707 0.217816296 -0.001055230 -0.000243691 -0.003997958 0.999991422
16.612170 23.208407663 0.475994076 0.223434276 -0.000649435 -0.000276510 -0.006456589 0.999978907
16.712191 11.091587537 0.169675313 0.219966147 -0.001060720 -0.000669098 -0.009311949 0.999955856
16.812040 11.587190443 0.169645181 0.219423375 -0.001202470 -0.001606090 -0.012277109 0.999922621
16.912119 12.091736461 0.170568971 0.221609046 -0.001511940 -0.001991836 -0.015211451 0.999881172
17.012118 12.625689677 0.142793791 0.225241408 -0.001142743 -0.001514008 -0.018300741 0.999830728
17.112092 13.161507051 0.119641200 0.233158041 -0.000525611 -0.000987709 -0.020774816 0.999783554
17.212166 13.709287529 0.101071762 0.238964874 -0.000655847 -0.000950000 -0.023874303 0.999714302
17.312066 14.269885428 0.063478626 0.240624402 -0.001038097 -0.000988538 -0.026609767 0.999644870
17.412168 14.841247576 0.038053295 0.242071234 -0.000660154 -0.001068355 -0.029682378 0.999558592
17.512120 15.424619523 0.005972656 0.249531082 -0.000104536 -0.000933175 -0.032812285 0.999461091
17.612117 16.016109165 -0.029553321 0.252056297 -0.000439687 -0.000608225 -0.034874747 0.999391409
17.712017 29.165359009 0.216879277 0.250159808 -0.000455031 -0.000307662 -0.038403989 0.999262144
17.812070 29.772372683 0.162411324 0.255967826 -0.000225135 -0.000544544 -0.041638093 0.999132585
17.912121 30.403306246 0.107566304 0.261740063 -0.000176854 -0.000390768 -0.044402967 0.999013610
18.012172 31.061906463 0.038081126 0.268245518 -0.000286053 -0.000275368 -0.047432650 0.998874359
18.183871 32.209220514 -0.070986292 0.277564719 -0.000171676 -0.000098861 -0.052105972 0.998641541
18.279357 32.792380076 -0.100658795 0.277727081 -0.000764271 0.000007808 -0.052179895 0.998637409
18.312067 32.983435493 -0.121539503 0.275854448 -0.000597740 0.000337664 -0.053605729 0.998561943
18.412022 33.678273624 -0.212560464 0.277954287 0.000389602 0.000360671 -0.058016762 0.998315468
18.512067 34.371641526 -0.305581292 0.280565490 0.000567760 0.000650216 -0.060039975 0.998195600
18.612169 35.072645773 -0.395296885 0.280068680 0.001192574 0.000560080 -0.060854522 0.998145777
18.712166 35.764767113 -0.489442056 0.286177126 0.001557651 0.000607660 -0.061066681 0.998132288
18.812067 36.476743926 -0.570115798 0.289564172 0.001277369 0.000263959 -0.061236530 0.998122430
18.983849 37.743965265 -0.713604608 0.293417361 0.001182445 -0.000081587 -0.061009469 0.998136484
19.079934 38.358465739 -0.760714512 0.291100513 0.000631314 -0.000079292 -0.060696513 0.998156064
19.181202 39.060753890 -0.828164834 0.302621646 0.000936515 -0.000470857 -0.059937686 0.998201570
19.277913 39.723188349 -0.907115856 0.307998446 0.001395287 -0.000581741 -0.059265318 0.998241122
19.377064 40.428408618 -0.989123578 0.309426957 0.001486337 -0.000379988 -0.058369306 0.998293880
19.476216 41.150987883 -1.075093985 0.314361988 0.001616452 -0.000578656 -0.056905657 0.998378084
19.576217 41.870877021 -1.155154968 0.316930227 0.001651703 -0.000316519 -0.055109306 0.998478911
19.675669 42.607589909 -1.227396227 0.319575488 0.001615215 0.000160419 -0.052773371 0.998605196
19.774373 43.348055503 -1.312221569 0.327050652 0.001926656 0.000786091 -0.050674841 0.998713037
19.873350 44.067847230 -1.384653311 0.331818608 0.001776911 0.001541131 -0.048153138 0.998837195
19.973102 44.816834758 -1.449833907 0.335706121 0.002169812 0.001827850 -0.045955051 0.998939480
20.072653 45.570203833 -1.512446963 0.336679243 0.002382230 0.002209317 -0.043214614 0.999060529
20.166690 46.270548451 -1.578722049 0.340843422 0.002279700 0.002308793 -0.040927923 0.999156833
20.272228 47.078164646 -1.638397890 0.347469419 0.002064280 0.002381056 -0.037984309 0.999273367
20.372348 47.827726080 -1.685156172 0.349560723 0.001718251 0.002386106 -0.034857006 0.999387984
20.492725 48.748037293 -1.731451525 0.351910747 0.001698906 0.002374414 -0.031793667 0.999490189
20.565317 49.257468704 -1.756786864 0.356582894 0.001904491 0.002319809 -0.029945778 0.999547018
20.665222 50.010341300 -1.790706994 0.360750479 0.002132102 0.002438266 -0.027203966 0.999624656
20.768988 50.779428919 -1.832933888 0.368691085 0.001638762 0.002615917 -0.024058696 0.999705782
20.868940 51.521547001 -1.859475812 0.370158212 0.001205699 0.002790612 -0.021634339 0.999761329
20.969040 52.281750416 -1.880326778 0.371366448 0.001337195 0.002900644 -0.018873889 0.999816770
21.067292 53.001735102 -1.896474878 0.376417244 0.001762092 0.002968625 -0.016378953 0.999859896
21.169019 53.748332398 -1.917877668 0.380972646 0.001638260 0.003083686 -0.014167804 0.999893534
21.273606 32.893228985 0.455301771 0.386797936 0.001445955 0.003024051 0.011789281 0.999924886
21.367243 33.587182992 0.452965841 0.388387652 0.000881128 0.003366260 0.013526999 0.999902451
21.466718 34.342858597 0.448121635 0.393268715 0.000705370 0.003587825 0.015746705 0.999869327
21.566718 35.099298750 0.442185699 0.396147567 0.000788762 0.003742933 0.017707063 0.999835901
21.666695 35.844072342 0.440273733 0.399694496 0.000710308 0.004192811 0.019251766 0.999805624
21.766569 36.588453255 0.434324720 0.406566485 0.000882953 0.003932280 0.020715432 0.999777289
21.834684 37.111001485 0.431640905 0.407750249 0.000318777 0.003545247 0.021447239 0.999763645
21.966519 38.206972885 0.441228857 0.406438578 0.000315729 0.003037661 0.022702569 0.999737599
22.066443 38.945502145 0.454820883 0.407562404 0.000628366 0.003001113 0.023476162 0.999719695
22.136352 39.473306379 0.455857853 0.409618181 0.000582400 0.003045299 0.024100254 0.999704739
22.266322 40.553852562 0.462736461 0.410961734 0.000983248 0.003015632 0.024561951 0.999693278
22.366200 41.306211496 0.486162502 0.408849207 0.000703021 0.002715258 0.025691954 0.999665973
22.437674 63.471132249 -1.896022398 0.412999056 0.000858720 0.002551780 0.003528145 0.999990152
22.565771 64.519395145 -1.886186125 0.421050619 0.000531994 0.002759713 0.003554123 0.999989735
22.665144 65.299923294 -1.873240131 0.422483168 0.000459264 0.002981438 0.003803848 0.999988215
22.766120 66.072957249 -1.867849861 0.420276107 0.000553698 0.002667233 0.003872200 0.999988793
22.839191 66.642975611 -1.854490497 0.417932801 0.000305757 0.002496898 0.005083621 0.999983914
22.965323 67.706859733 -1.814450713 0.415813528 0.000003629 0.002288850 0.005829050 0.999980391
23.065173 68.469894344 -1.804655325 0.415936536 0.000118274 0.002495761 0.006033019 0.999978680
23.138097 69.024117923 -1.799316989 0.418541680 0.000180180 0.001834805 0.006791318 0.999975239
23.265945 70.119843533 -1.783556797 0.421478027 0.000294180 0.002288527 0.007863515 0.999966420
23.365099 70.931000884 -1.751062973 0.422408033 0.000252391 0.002339099 0.008968242 0.999957017
23.437846 71.541648377 -1.735117508 0.427557024 0.000424795 0.002427999 0.009874093 0.999948212
23.565198 72.729492396 -1.698638325 0.430371901 0.000686762 0.002363380 0.010918043 0.999937368
23.665144 73.546322925 -1.665317137 0.418701628 0.000926944 0.002013716 0.012598856 0.999918174
23.765224 74.393008966 -1.630418057 0.426164241 0.001235389 0.002266078 0.013573494 0.999904545
23.865251 75.243714535 -1.606200512 0.430933215 0.000979557 0.002122665 0.014945018 0.999885584
23.910432 75.633553740 -1.591891486 0.431062749 0.001187290 0.001868606 0.015396720 0.999879013
24.010526 76.586960332 -1.558528432 0.426444654 0.000772306 0.002430482 0.015587276 0.999875259
24.165423 78.027564680 -1.505481845 0.431342968 0.000895798 0.002770110 0.016908329 0.999852805
24.203611 78.306539903 -1.484530689 0.433874782 0.000515017 0.002143738 0.018361066 0.999828991
24.310117 79.321870607 -1.439755166 0.435702881 0.000559316 0.002740867 0.018993047 0.999815703
24.410190 80.251165866 -1.397292676 0.436246942 0.000309634 0.002993552 0.020024824 0.999794954
24.510544 81.185219060 -1.368623163 0.440287615 0.000273711 0.003072097 0.020923412 0.999776324
24.699898 82.960435968 -1.276350647 0.443416986 0.000684902 0.002762069 0.022411040 0.999744791
24.799749 83.863820822 -1.237702884 0.445779831 0.001076037 0.001961158 0.023132485 0.999729906
24.899750 84.756345739 -1.188001532 0.450770350 0.000882881 0.002783150 0.024123172 0.999704730
24.909294 84.814403527 -1.174896386 0.453139286 0.000838251 0.002596924 0.024468602 0.999696874
25.099575 86.657870871 -1.056308953 0.461284935 0.000797413 0.003559044 0.025693212 0.999663221
25.199350 87.520483700 -1.020313262 0.452349734 0.000898429 0.003955100 0.025703877 0.999661373
25.210983 87.601721805 -1.003102302 0.456512429 0.001305056 0.003369641 0.026687953 0.999637282
25.310605 88.606710812 -0.940926657 0.462150959 0.001296011 0.003817298 0.026719407 0.999634844
25.465498 90.121366529 -0.825206828 0.461718653 0.000268770 0.004494480 0.027088945 0.999622887
25.511089 90.484221496 -0.811790946 0.461368545 0.000810048 0.004472935 0.027332979 0.999616049
25.611319 91.472770305 -0.745582578 0.470048820 0.000210046 0.004340561 0.027625296 0.999608903
25.711914 92.444062559 -0.678465694 0.465982580 0.000300917 0.004117446 0.027179887 0.999622033
25.865525 93.904704734 -0.576644825 0.468862297 0.000178741 0.003991700 0.027213615 0.999621655
25.938493 94.577252500 -0.541057049 0.467355931 0.000221150 0.003232251 0.027512621 0.999616206
26.039017 95.515407360 -0.476552556 0.475242805 -0.000417980 0.003478532 0.027242436 0.999622716
26.165154 96.666238657 -0.401123285 0.475593123 -0.000575709 0.003948089 0.026732505 0.999634660
26.239346 97.282017286 -0.372177022 0.472963260 -0.000736113 0.003216016 0.027450824 0.999617711
26.365127 98.438022770 -0.293530404 0.479486248 -0.001189690 0.004135103 0.026619533 0.999636377
26.465229 99.288685040 -0.245763943 0.479642867 -0.001230346 0.004456749 0.027209795 0.999619053
26.565102 100.172015767 -0.183674791 0.480581654 -0.001107519 0.004415154 0.027049211 0.999623739
26.665150 101.040282808 -0.126993676 0.481879966 -0.001070455 0.004499129 0.026903597 0.999627335
26.738814 101.581525150 -0.107219767 0.476225111 -0.001580248 0.005327031 0.028337039 0.999582982
26.865150 102.759985212 -0.041034209 0.478803880 -0.001405602 0.004406662 0.027449956 0.999612478
26.965272 103.704863234 0.027793106 0.474113327 -0.001809921 0.005321754 0.026776713 0.999625635
27.065623 104.558429665 0.065444607 0.475589570 -0.000522245 0.004032064 0.026667860 0.999636081
27.165824 105.411915983 0.116047420 0.485278572 -0.000741113 0.004804909 0.026618977 0.999633830
27.265132 106.328532186 0.224957737 0.493360597 -0.000712964 0.004660065 0.025715559 0.999658184
27.339391 106.982617390 0.235952063 0.490854973 -0.001288148 0.004419072 0.026009630 0.999651095
27.465222 108.181584017 0.320820455 0.497725122 -0.000347488 0.004517686 0.025969731 0.999652461
27.565230 109.075612557 0.388733855 0.496818904 -0.000375502 0.005073103 0.025563495 0.999660257
27.665596 109.957536895 0.449543876 0.491786679 -0.000552762 0.005771291 0.025492084 0.999658212
27.765176 110.742456855 0.474039558 0.493796959 -0.000864046 0.005944499 0.026437757 0.999632413
27.865155 111.588596825 0.525368502 0.498159919 -0.000942293 0.006884193 0.026439865 0.999626257
27.904535 111.961930077 0.563890953 0.495013996 -0.001395279 0.007729054 0.025649054 0.999640156
28.036204 113.136398852 0.632551942 0.497883440 -0.002263536 0.007604209 0.025318299 0.999647956
28.104086 113.724690117 0.687185204 0.486292008 -0.001657127 0.007608128 0.025596712 0.999642025
28.203914 114.656325420 0.750181712 0.469086267 -0.000750522 0.007626164 0.025920056 0.999634648
28.400246 116.371238564 0.867196620 0.467260839 -0.000854630 0.006846255 0.026158806 0.999633991
28.499873 117.006239312 0.889339529 0.459560452 -0.000881076 0.006624700 0.029480526 0.999543013
28.599773 117.795907443 0.929531375 0.466137999 -0.000313962 0.006377129 0.027806227 0.999592941
28.699350 118.485008770 0.951247224 0.465255129 -0.000976039 0.005679686 0.028550744 0.999575732
28.799125 119.147805074 0.981089906 0.474912376 -0.000940647 0.005554392 0.030006631 0.999533824
28.899099 119.894089843 1.041354010 0.478262674 -0.001155978 0.006164901 0.029331011 0.999550074
28.999025 120.677810680 1.088719745 0.473097885 -0.000506047 0.006454388 0.029126981 0.999554753
29.099424 121.413672336 1.138093852 0.477278393 -0.001529693 0.007289010 0.029206333 0.999545657
29.200296 122.151877743 1.196339297 0.471010946 -0.001481778 0.008043202 0.029180835 0.999540690
29.265228 122.632839086 1.228547614 0.471987382 -0.001341666 0.008793351 0.028850770 0.999544151
29.365176 123.427911084 1.279801769 0.469630243 -0.001560294 0.008499815 0.028902060 0.999544891
29.465746 124.172046916 1.336142719 0.465910929 -0.000797991 0.007873196 0.029586321 0.999530903
29.510746 124.553664834 1.367886424 0.456409864 -0.001085684 0.008044535 0.029681188 0.999526455
29.610645 125.438416092 1.444856496 0.451702014 -0.000497586 0.008436836 0.029484917 0.999529495
29.710670 126.217412605 1.502209204 0.443327013 -0.000076835 0.008835407 0.029823732 0.999516120
29.810922 127.040496865 1.562993870 0.439518508 0.000006089 0.009202640 0.030005407 0.999507372
29.945849 128.084502471 1.648788441 0.432334584 -0.000173841 0.009336749 0.029826495 0.999511468
30.001698 128.486210716 1.663561332 0.423928628 -0.000184745 0.009066349 0.030922070 0.999480662
30.199920 130.015860607 1.778210966 0.407869500 0.000249885 0.009507566 0.030617998 0.999485909
30.299521 130.669333975 1.821533168 0.403446878 -0.000159968 0.009637223 0.031393425 0.999460630
30.335806 130.851964349 1.823448383 0.403648266 -0.000282505 0.009681036 0.031628370 0.999452772
30.410462 131.410818096 1.857931846 0.404922554 0.000108669 0.010140513 0.031508501 0.999452036
30.510637 132.174900467 1.907474371 0.403745779 -0.000043817 0.010222504 0.031213981 0.999460447
30.610669 132.889063961 1.951339737 0.397890592 0.000483834 0.010171907 0.031373211 0.999455862
30.765250 133.990972799 2.027500800 0.390104545 0.000703409 0.010790364 0.030924067 0.999463244
30.865249 134.639647243 2.058517818 0.385498464 -0.000306891 0.009646369 0.032045688 0.999439807
30.965149 135.290353811 2.119597593 0.383099462 0.000524191 0.010197510 0.032467278 0.999420638
31.045902 135.798589699 2.160486393 0.381126538 0.000755327 0.009726529 0.032016966 0.999439712
31.166418 136.591872934 2.227163611 0.375332065 0.000346737 0.009157397 0.031262359 0.999469203
31.240870 137.104985382 2.266772672 0.363361540 0.000635855 0.008895295 0.030799761 0.999485790
31.365274 137.888562955 2.327359037 0.364265320 0.000776229 0.008902758 0.030698021 0.999488754
31.465123 138.525840941 2.376489284 0.355865766 0.000634190 0.008714788 0.030782839 0.999487902
31.565100 139.157562234 2.425776643 0.353793877 0.000585656 0.008785214 0.030993845 0.999480795
31.665521 139.737169840 2.455305123 0.347562824 0.000653060 0.008828792 0.030983670 0.999480684
31.766444 140.349293421 2.487217190 0.340402033 0.000902965 0.008413003 0.030872520 0.999487515
31.865673 140.951957192 2.520350949 0.337418797 0.001109467 0.008138636 0.031650374 0.999465250
31.965093 141.556239540 2.557986766 0.334916459 0.001097708 0.008175014 0.031782667 0.999460768
32.065572 142.173155730 2.596611680 0.332802619 0.000368417 0.008119346 0.031420656 0.999473203
32.165201 142.754841449 2.633279646 0.331248978 0.000184848 0.008557427 0.032085971 0.999448461
32.265142 143.376439511 2.719793878 0.334022378 0.000402780 0.008554539 0.030721933 0.999491281
32.365649 143.953440989 2.765336873 0.333205153 -0.000070103 0.009033277 0.031093757 0.999475649
32.469637 144.554178646 2.869743632 0.323004579 -0.001107482 0.009380617 0.029609039 0.999516924
32.564996 145.107905866 2.922357372 0.317978189 -0.000269863 0.008930975 0.028724497 0.999547432
32.665523 145.689666133 2.958540765 0.313169311 -0.001647946 0.009054922 0.030119348 0.999503936
32.765148 146.275139178 2.911142224 0.309764743 -0.000928851 0.009236278 0.032355282 0.999433322
32.865672 146.854662672 2.966168210 0.304958066 -0.001392969 0.009270206 0.031913769 0.999446664
32.965471 147.410924581 3.024291215 0.302197089 -0.003071250 0.009696544 0.032260934 0.999427725
33.065268 147.969121057 3.055421707 0.298759270 -0.004788345 0.009879873 0.032494880 0.999411598
33.165794 148.543927614 3.115568365 0.297421652 -0.004143444 0.009117125 0.031570178 0.999451366
33.269167 149.136119324 3.158930665 0.292826895 -0.005015553 0.009521977 0.032656492 0.999408690
33.365190 149.669122349 3.190541657 0.287274056 -0.004663964 0.009324887 0.032781724 0.999408151
33.468984 150.242543530 3.238158040 0.280024049 -0.003928512 0.009150963 0.032502063 0.999422054
33.569010 150.794737119 3.278992336 0.276686821 -0.003442026 0.009259968 0.032709762 0.999416068
33.668983 151.338555020 3.334424329 0.272528198 -0.002879888 0.009232263 0.032673038 0.999419303
33.712018 151.582785236 3.344780269 0.269537354 -0.003946443 0.009109816 0.032040750 0.999437255
33.812116 152.186605694 3.378457281 0.266957513 -0.003181090 0.008918388 0.033870122 0.999381388
33.945899 152.997906489 3.439907808 0.261195469 -0.003226896 0.009034495 0.033853332 0.999380767
34.045873 153.554766653 3.477103794 0.256863174 -0.003988185 0.009132090 0.034626072 0.999350656
34.112112 153.929117461 3.505499610 0.252874223 -0.001451688 0.008366551 0.034647261 0.999363528
34.212136 154.436216073 3.508901966 0.252960637 0.000219470 0.008026113 0.035156656 0.999349560
34.312211 155.005935468 3.559490069 0.248431535 -0.000996494 0.008084771 0.036038357 0.999317207
34.412117 155.596500614 3.606572538 0.241924036 0.000087561 0.007775207 0.035810398 0.999328351
34.512065 156.141851844 3.646350989 0.240734071 0.000550839 0.008132460 0.036010906 0.999318155
34.612065 156.726317619 3.690110279 0.244743629 0.001910529 0.007786627 0.036343292 0.999307202
34.773027 157.652438002 3.767942450 0.243345255 0.002828272 0.008231487 0.037967294 0.999241076
34.812114 157.844251536 3.784406533 0.237994214 0.002294616 0.007939897 0.037287767 0.999270391
34.968911 158.733964335 3.857054547 0.243014998 0.002455906 0.007531667 0.037129421 0.999279064
35.074641 159.319110074 3.905187852 0.244065304 0.002525190 0.007413506 0.037807857 0.999254337
35.145339 159.712733734 3.949844409 0.239007656 0.002112803 0.007244841 0.037801593 0.999256768
35.210787 160.137635243 3.995784440 0.236571979 0.002537275 0.007189331 0.037352947 0.999273052
35.338818 160.909634857 4.051029073 0.237675899 0.002611513 0.007251828 0.037756775 0.999257233
35.412111 161.310306951 4.094200863 0.231137785 0.002360067 0.006979145 0.038541430 0.999229843
35.592741 162.423243798 4.181752547 0.230553369 0.002444779 0.006599901 0.038809283 0.999221849
35.695213 163.020714904 4.222233488 0.220410845 0.003038175 0.006744443 0.039905413 0.999176081
35.792021 163.537531506 4.257634099 0.215118887 0.002444990 0.006491099 0.040407627 0.999159202
35.891451 164.139165051 4.330602400 0.212572012 0.002632889 0.006226556 0.040922015 0.999139473
35.969558 164.605009054 4.366718995 0.206562388 0.002721379 0.006041424 0.040720295 0.999148614
36.089928 165.352005401 4.436531975 0.207725001 0.002588163 0.006295428 0.041210222 0.999127312
36.193193 166.000406272 4.495525813 0.203583010 0.002102139 0.005879695 0.041050295 0.999137570
36.292646 166.621177584 4.555617416 0.198014695 0.001486102 0.005387718 0.041574578 0.999119772
36.390930 167.249037802 4.613008285 0.196194281 0.001208781 0.005692614 0.041113083 0.999137552
36.469158 167.750930582 4.664985987 0.188630821 0.001374077 0.005424866 0.040707252 0.999155445
36.567763 168.465871528 4.744252757 0.184969195 0.001649749 0.006071150 0.039508356 0.999199434
36.667639 169.193179263 4.807164815 0.181290076 0.001169105 0.006392878 0.040379514 0.999163280
36.711218 169.538549860 4.837780506 0.177181667 0.001691822 0.006371607 0.040665831 0.999151055
36.868938 170.897210080 4.961532907 0.165235572 0.001111410 0.007113904 0.038498144 0.999232731
36.968962 171.619533390 5.016161885 0.155277158 0.000074403 0.005396506 0.041518918 0.999123141
37.010156 171.920507940 5.044512632 0.159073691 0.001100114 0.005648756 0.041819108 0.999108624
37.110054 172.769346641 5.113836977 0.153538624 0.000477091 0.006448580 0.039266523 0.999207850
37.210205 173.658794588 5.203196206 0.151182612 0.000452949 0.005892129 0.039378951 0.999206873
37.310201 174.471986894 5.269724814 0.143145310 0.000413506 0.006117271 0.038951040 0.999222310
37.410251 175.290970036 5.337663687 0.137331735 0.000266786 0.005737059 0.039057649 0.999220454
37.510252 176.114946841 5.424425564 0.128494665 0.000882563 0.006157801 0.038923661 0.999222824
37.610354 176.927657042 5.485462772 0.120890163 0.000879915 0.006378192 0.039192102 0.999210950
37.710401 177.749081833 5.542362594 0.122867351 0.000954580 0.006643494 0.040039764 0.999175545
37.810349 178.541221444 5.622303186 0.118210076 0.000925619 0.007127501 0.040093206 0.999170094
37.999749 180.082397077 5.734447922 0.106982521 0.000970018 0.008173420 0.040262410 0.999155239
38.099698 180.769214815 5.777371176 0.096989169 0.000993835 0.007793092 0.040802307 0.999136353
38.199674 181.466328674 5.805554493 0.100159425 0.000728394 0.008070319 0.042407010 0.999067558
38.299673 182.229918209 5.876151262 0.101713237 0.000589046 0.008298682 0.042385972 0.999066672
38.399623 182.959833303 5.942557960 0.095357209 0.000507017 0.008176150 0.042472116 0.999064068
38.499423 183.728535189 6.017225356 0.088298658 0.000847389 0.007705967 0.042972483 0.999046178
38.599149 184.480123126 6.070076907 0.089283623 0.000815489 0.006863708 0.042483845 0.999073244
38.699574 185.240513223 6.156973544 0.085758049 0.000641986 0.006913633 0.043101773 0.999046559
38.800322 186.038741066 6.245454520 0.072858582 0.001064128 0.007337000 0.043823443 0.999011783
38.810781 186.121017502 6.251013956 0.075341853 0.001113576 0.007341827 0.043267766 0.999035914
38.938646 187.364421823 6.425912977 0.066725989 0.001568426 0.007908791 0.043209612 0.999033493
39.040866 188.275504288 6.513015675 0.054947907 0.001569284 0.007441662 0.043674463 0.999016867
39.169138 189.403990950 6.614365073 0.045934022 0.001796977 0.006897917 0.044332295 0.998991410
39.267210 190.236089580 6.687605128 0.037149896 0.001925029 0.006381120 0.045125669 0.998959083
39.366792 191.085031885 6.759375306 0.033557995 0.001902506 0.006566856 0.045804165 0.998927042
39.467162 192.005268217 6.851589715 0.032469663 0.001769740 0.006386263 0.046371077 0.998902301
39.566663 192.932397618 6.943168997 0.023684080 0.001474170 0.006382649 0.046369199 0.998902891
39.667710 193.904596607 7.043449439 0.012770079 0.001511951 0.006563460 0.047162097 0.998864541
39.767143 194.872493254 7.147449090 0.005809759 0.001660300 0.007273332 0.047707875 0.998833470
39.869339 195.874958832 7.264567203 0.001442566 0.001819001 0.007792337 0.048392730 0.998796333
39.966665 196.853559634 7.390244913 -0.007331890 0.001982659 0.008174609 0.048657702 0.998780092
40.066673 197.854589240 7.511378324 -0.016307379 0.001954251 0.008536644 0.048588901 0.998780469
40.166840 198.811858167 7.621256493 -0.024415068 0.002042530 0.008762737 0.049946099 0.998711385
40.267011 199.763978787 7.731456452 -0.029202693 0.001922339 0.009122920 0.050511277 0.998679973
40.367145 200.723378652 7.832236700 -0.037318130 0.001751226 0.009145970 0.051028630 0.998653776
40.410667 201.141660173 7.877292265 -0.042536993 0.002020772 0.008807638 0.051484860 0.998632891
40.510868 202.166783306 8.000333765 -0.052960643 0.002094375 0.008667365 0.051596224 0.998628219
40.667260 203.743434083 8.200023827 -0.073198259 0.001778672 0.009804121 0.052386043 0.998577197
40.769034 204.694420106 8.301384950 -0.082047193 0.002445709 0.009533736 0.054119997 0.998485930
40.812113 205.021346995 8.315152993 -0.084229369 0.002277120 0.009669976 0.054351287 0.998472455
40.910657 206.034848631 8.435864921 -0.090187254 0.001896632 0.010041835 0.054488510 0.998462101
41.010779 207.123269193 8.573464427 -0.100091669 0.002226227 0.009905786 0.054081941 0.998484884
41.183741 208.873561612 8.786701238 -0.123174274 0.002494802 0.009099179 0.055169790 0.998432409
41.279829 209.783228642 8.888603024 -0.138631134 0.002643399 0.008903001 0.056009214 0.998387058
41.338648 210.267665194 8.930193079 -0.136217115 0.002817484 0.009307769 0.056880910 0.998333606
41.473048 211.684260165 9.108837058 -0.144661025 0.001971990 0.008918649 0.055869769 0.998396283
41.507437 212.076993697 9.155501727 -0.148912726 0.001852868 0.008612397 0.055102474 0.998441841
41.608781 213.053487388 9.257112352 -0.163180503 0.002395152 0.007110877 0.055198686 0.998447196
41.707013 214.144743124 9.383190380 -0.176748974 0.002506094 0.008023658 0.054013360 0.998504831
41.806339 215.209600960 9.519544217 -0.189117496 0.002400879 0.009488937 0.053705805 0.998508829
41.906467 216.288457945 9.642621173 -0.198635961 0.002852700 0.010498724 0.053044907 0.998532862
42.006338 217.352326539 9.761264219 -0.209200190 0.003653050 0.010425224 0.052074273 0.998582115
42.106490 218.407612631 9.871895512 -0.220799237 0.004090111 0.009539254 0.051979922 0.998594193
42.206390 219.450086042 9.973068691 -0.235355972 0.004199470 0.009364575 0.051622840 0.998613915
42.306440 220.553739123 10.100744512 -0.248645328 0.004066157 0.008512668 0.050962699 0.998655999
42.406511 221.606988058 10.218419219 -0.261316503 0.004630090 0.008049161 0.050642199 0.998673691
42.506489 222.685605300 10.339459130 -0.272609553 0.004495877 0.007857124 0.049732963 0.998721525
42.606415 223.790234823 10.461413173 -0.285909660 0.004762709 0.007689272 0.049426848 0.998736791
42.706437 224.913198966 10.587635384 -0.302267489 0.004538325 0.008331918 0.048844586 0.998761327
42.806438 226.043159065 10.700514063 -0.313878845 0.004080535 0.009040683 0.048687116 0.998764827
42.999848 228.288020390 10.924670251 -0.342165685 0.004483935 0.009357827 0.049314421 0.998729399
43.006425 228.318614276 10.932903148 -0.342186942 0.004472804 0.009168120 0.049661049 0.998714033
43.106259 229.423181351 11.042263716 -0.352621380 0.004419987 0.009800200 0.050095068 0.998686589
43.206515 230.687379683 11.179344829 -0.371520223 0.004104904 0.009296386 0.050148077 0.998690091
43.306515 231.883325415 11.321719848 -0.385780314 0.004154674 0.009214985 0.050828848 0.998656223
43.406419 233.083647577 11.451259054 -0.403414728 0.003747962 0.009533969 0.051577971 0.998616427
43.572429 235.101936405 11.671685275 -0.433002147 0.003438575 0.009584384 0.051822422 0.998604402
43.606439 235.381238946 11.702829481 -0.428417693 0.003430210 0.010248726 0.052282327 0.998573861
43.712064 236.593241721 11.827998305 -0.450156704 0.003217555 0.009045947 0.052304234 0.998585042
43.806537 237.853452271 11.991414709 -0.463093799 0.003431681 0.008897983 0.051462776 0.998629377
43.974048 239.958035902 12.232732548 -0.496969224 0.003581433 0.009910274 0.051884376 0.998597502
44.072379 241.102462187 12.348789030 -0.508158622 0.003368416 0.010728351 0.053051691 0.998528454
44.172554 242.253457484 12.474744551 -0.531371639 0.003572787 0.010256864 0.053877041 0.998488506
44.206390 242.714586299 12.538848020 -0.538252693 0.003491322 0.009947960 0.053912955 0.998489981
44.380955 245.112387359 12.832280745 -0.569938888 0.004094560 0.007953325 0.054264109 0.998486548
44.406388 245.358780952 12.852289610 -0.572655176 0.003324403 0.010036661 0.054406401 0.998462897
44.572404 247.600646754 13.125763657 -0.597503074 0.003894121 0.009178618 0.055045324 0.998434074
44.600823 247.614945949 13.128404541 -0.596456495 0.003815451 0.009266618 0.055261646 0.998421616
44.700897 249.629415685 13.394140125 -0.630467697 0.004831328 0.009261463 0.055685605 0.998393708
44.800898 250.725898630 13.510301109 -0.639073380 0.004233743 0.011475642 0.056934823 0.998302966
44.900823 252.055272275 13.673048062 -0.664516044 0.004336718 0.009839784 0.058264479 0.998243268
45.000898 253.472398594 13.865041759 -0.688419372 0.004930339 0.010101065 0.058657274 0.998214899
45.100823 254.816659533 14.020949306 -0.703653363 0.004561801 0.010247764 0.058850551 0.998203780
45.200873 256.199600311 14.200600555 -0.719827085 0.004511188 0.010448146 0.059058957 0.998189624
45.300797 257.575858872 14.377636366 -0.744930423 0.004538583 0.010572310 0.060051889 0.998128949
45.400773 258.983172321 14.563010098 -0.768835848 0.004116088 0.011100932 0.061246881 0.998052427
45.500773 260.372283761 14.742409221 -0.792061943 0.004969437 0.010612043 0.061464982 0.998040453
45.600873 261.764413931 14.931759881 -0.814105712 0.004784585 0.011167739 0.062984815 0.997940531
45.700773 263.241005633 15.137011647 -0.838486753 0.004848981 0.012154293 0.063253637 0.997911688
45.800773 264.720652835 15.350188998 -0.864276962 0.005075595 0.012013829 0.063776423 0.997878988
45.910229 266.319716590 15.569371946 -0.893605773 0.005375614 0.011792998 0.064965833 0.997803322
46.010131 267.883455329 15.783021523 -0.920442284 0.004594182 0.010884015 0.066031701 0.997747586
46.146047 269.897132801 16.072737227 -0.957676151 0.005793291 0.011285291 0.066440933 0.997709719
46.210180 270.741148853 16.172834528 -0.971452925 0.005656246 0.011197424 0.068452665 0.997575489
46.310354 272.146592210 16.337601796 -0.989464865 0.006165701 0.012296347 0.066884018 0.997665932
46.410404 273.688072726 16.586873613 -1.017766061 0.005955050 0.012921487 0.067297355 0.997631514
46.568938 276.093218700 16.907186428 -1.056688640 0.004682099 0.012942286 0.067528109 0.997622438
46.615829 276.700259911 17.010842386 -1.070087854 0.004638958 0.013047564 0.068794889 0.997534713
46.715732 278.235066348 17.235439592 -1.094337882 0.004535460 0.013024528 0.067965225 0.997592361
46.814291 279.813553056 17.481451365 -1.119720014 0.004934951 0.013565979 0.067677879 0.997602784
46.914371 281.365470677 17.718329896 -1.145171888 0.004681224 0.014624279 0.067537840 0.997598545
47.036101 283.271692759 17.992456854 -1.178157388 0.005026980 0.015112940 0.068286724 0.997538597
47.180010 285.310717817 18.291749324 -1.215538362 0.005321431 0.015210646 0.068502605 0.997520783
47.265548 286.377749594 18.435309255 -1.237893739 0.004310819 0.015622359 0.066882771 0.997629217
47.366048 287.677235638 18.625830903 -1.267873492 0.005357499 0.016383772 0.069054927 0.997463927
47.466517 289.070061660 18.844608814 -1.293128779 0.005847063 0.016250042 0.069495402 0.997432773
47.569116 290.582731864 19.071696517 -1.328151629 0.005466774 0.015481073 0.069051229 0.997478009
47.666494 291.980446789 19.275928454 -1.354500789 0.005735066 0.014958361 0.069937277 0.997422746
47.766593 293.621030134 19.538375591 -1.383475287 0.005232315 0.014926412 0.069504283 0.997456255
47.866344 295.113344835 19.764193302 -1.407789864 0.005514986 0.015095790 0.069584178 0.997446612
47.966641 296.842450099 20.027303682 -1.436288869 0.005524333 0.015077293 0.070236794 0.997401098
48.066347 298.368276127 20.261278683 -1.460553845 0.005172260 0.015020468 0.070450483 0.997388772
48.166472 299.891792878 20.521675396 -1.491671796 0.004655016 0.014604576 0.070712355 0.997378965
48.266966 301.394277197 20.741513678 -1.517452171 0.004598397 0.014890166 0.071186802 0.997341254
48.365174 302.869303181 20.965098469 -1.546668568 0.005115777 0.015412352 0.071930367 0.997277449
48.466344 304.406284472 21.200954845 -1.575321892 0.005402488 0.015393651 0.071749376 0.997289264
48.566220 305.901148759 21.437505712 -1.604849879 0.004914496 0.015635968 0.072042127 0.997266913
48.669638 307.481226005 21.679418035 -1.629833981 0.005693642 0.016143804 0.072479779 0.997222965
48.765121 308.868136798 21.892376193 -1.656953205 0.005137694 0.015237669 0.073027710 0.997200266
48.872614 310.486540141 22.133302161 -1.687565466 0.005198104 0.015010576 0.073012139 0.997204538
48.965993 311.827473556 22.349046907 -1.717158257 0.005816379 0.015916462 0.073757239 0.997132241
49.069562 313.339065767 22.590111591 -1.751243164 0.005900613 0.016676690 0.074418677 0.997070174
49.166970 314.768722901 22.814132347 -1.778101092 0.005447703 0.016927769 0.074721110 0.997045901
49.267865 316.271022865 23.054553972 -1.809915575 0.005986912 0.016896297 0.075115844 0.997013682
49.302888 316.805476778 23.143174733 -1.820708618 0.006027851 0.016537207 0.075214480 0.997012020
49.499599 319.738066057 23.607757822 -1.875432717 0.004436064 0.015427311 0.074506046 0.997091354
49.599349 321.168739380 23.826213506 -1.911759316 0.004593937 0.015038975 0.075457370 0.997025030
49.699099 322.567184453 24.050585114 -1.937483138 0.005012120 0.015185725 0.075750096 0.996998593
49.798875 323.686587934 24.185800726 -1.951982309 0.004758567 0.015017031 0.077339779 0.996880336
49.899300 325.042519839 24.377822975 -1.969582039 0.004842700 0.016058641 0.077436881 0.996856157
49.965648 325.940702210 24.556542460 -1.991287315 0.004717128 0.016352885 0.077361214 0.996857851
50.065796 327.227464113 24.765757789 -2.014391962 0.004056711 0.017780326 0.076751281 0.996883466
50.165693 328.600156179 25.008161081 -2.044595152 0.004283440 0.018165323 0.077070183 0.996850972
50.247798 329.740573361 25.205521458 -2.067207161 0.004796844 0.017842939 0.078316397 0.996757323
50.365273 331.417668012 25.494284376 -2.106891783 0.004603626 0.017181739 0.077944563 0.996798997
50.500122 333.282721326 25.823462412 -2.146035433 0.005710645 0.017024277 0.078653178 0.996740307
50.599149 334.502745738 26.016937706 -2.178161222 0.005832749 0.017005472 0.079265064 0.996691448
50.699024 335.873458921 26.235460845 -2.206563645 0.008302579 0.016707357 0.080342649 0.996592690
50.798924 337.199448884 26.448038945 -2.233066018 0.009322865 0.016561988 0.081448726 0.996496307
50.898875 338.505183854 26.678027669 -2.261061287 0.009437412 0.017606154 0.081581809 0.996466441
50.998725 339.789159471 26.894288081 -2.288853070 0.008788185 0.018509158 0.082364664 0.996391610
51.098650 341.095673596 27.070461552 -2.320259775 0.008944338 0.018767267 0.082999099 0.996332745
51.198226 342.379857808 27.312274904 -2.348388227 0.008943259 0.019691600 0.082804886 0.996331074
51.298625 343.741837939 27.557673635 -2.379741280 0.008481053 0.020090226 0.083064005 0.996305589
51.398873 345.028125940 27.779436258 -2.414156223 0.008888577 0.019761620 0.083166085 0.996300092
51.499347 346.321861227 27.997082753 -2.444363987 0.009507364 0.019436130 0.083815570 0.996246354
51.599849 347.606433760 28.220452478 -2.475212854 0.009777097 0.019999250 0.084987076 0.996133342
51.697964 348.857773209 28.432389303 -2.503175453 0.009817613 0.020276148 0.085097139 0.996117949
51.797846 350.100887204 28.665053240 -2.533088008 0.009959366 0.020518317 0.084998536 0.996120002
51.825033 350.440355459 28.741286016 -2.539612549 0.009901500 0.020300768 0.084832507 0.996139190
51.947747 352.056099247 29.064136111 -2.587974399 0.010012209 0.019913790 0.084522127 0.996172278
52.067766 353.689712049 29.362858528 -2.626326950 0.010251315 0.019652813 0.084498520 0.996177031
52.123987 354.361403591 29.472976784 -2.645818452 0.010242619 0.019278073 0.085311968 0.996115110
52.210203 355.420335079 29.661553495 -2.674673005 0.010346924 0.019520517 0.085513502 0.996092030
52.325105 356.981972960 29.948238806 -2.708800752 0.010224412 0.020063056 0.085841947 0.996054263
52.465196 358.762528491 30.273849693 -2.755877513 0.010096659 0.020404520 0.086745557 0.995970342
52.566747 359.990257311 30.491551895 -2.789458795 0.009743508 0.020349037 0.087099595 0.995944095
52.666668 361.121871048 30.687071722 -2.820109224 0.009688347 0.020462600 0.088025419 0.995860906
52.710642 361.662235933 30.795195353 -2.834876799 0.009658128 0.020335435 0.088521113 0.995819865
52.810697 362.962960138 31.035845668 -2.865683913 0.009146807 0.020920316 0.087824834 0.995874226
52.947094 364.743341200 31.374963360 -2.906903323 0.008740298 0.020860305 0.088166710 0.995848927
53.065222 366.026293066 31.612649432 -2.943451846 0.008630911 0.020770927 0.088453346 0.995826331
53.110553 366.466675857 31.694120848 -2.953080177 0.008790812 0.020416248 0.088356662 0.995840850
53.247602 367.995009509 31.975023905 -2.993710560 0.009093110 0.019838559 0.088299956 0.995854841
53.365246 369.393916831 32.257786352 -3.029750662 0.008995274 0.019906539 0.088387495 0.995846607
53.461454 370.345764807 32.450467514 -3.063229353 0.008567025 0.020027894 0.087895550 0.995891491
53.561129 371.368864300 32.616362350 -3.090615029 0.008841902 0.020627945 0.089181229 0.995762530
53.665270 372.503099761 32.829541582 -3.123121007 0.009483912 0.020514741 0.089442944 0.995735487
53.765174 373.605710708 33.042195203 -3.153222881 0.009777520 0.020377638 0.089326823 0.995745887
53.865270 374.719397507 33.247066653 -3.179694451 0.009597643 0.020321079 0.089641203 0.995720540
53.965222 375.879036932 33.477626277 -3.208839542 0.009577392 0.020325174 0.089918170 0.995695678
54.065296 376.998842754 33.705443997 -3.237122173 0.009564992 0.020022652 0.090468475 0.995652077
54.147672 377.871680997 33.878314213 -3.259925238 0.009411859 0.020019825 0.090507004 0.995650092
54.265195 379.227180897 34.158438549 -3.292801047 0.009037420 0.020243879 0.090653903 0.995635666
54.365494 380.279219204 34.363935150 -3.322140850 0.008849212 0.020112075 0.091313326 0.995579767
54.466815 381.225752216 34.540830208 -3.347901525 0.009258692 0.020249447 0.092155949 0.995495614
54.567068 382.242427472 34.733109141 -3.373202635 0.009392134 0.020200251 0.093307084 0.995388128
54.666193 383.243529649 34.918059155 -3.401312805 0.009226878 0.020270828 0.093533903 0.995366951
54.765196 384.281172977 35.117831496 -3.429891635 0.009652002 0.020714579 0.094103390 0.995300104
54.865172 385.331099229 35.348083587 -3.456006822 0.009761495 0.021217345 0.094072590 0.995291357
54.946699 386.188553052 35.540922011 -3.480919090 0.010029337 0.021454743 0.094119677 0.995279153
55.047096 387.253456157 35.770270178 -3.508941439 0.009751272 0.021753787 0.093808070 0.995304843
55.147049 388.356948150 35.984925448 -3.536749134 0.009787843 0.021612038 0.094288392 0.995262185
55.265221 389.463451888 36.188056379 -3.566559524 0.009490131 0.021132361 0.095749602 0.995135857
55.365869 390.332531916 36.354238631 -3.591169991 0.009358121 0.020826539 0.096606545 0.995060730
55.466423 391.221083720 36.529405516 -3.616354951 0.009354684 0.020823273 0.097185531 0.995004449
55.566420 392.214925395 36.723993922 -3.645825694 0.009277588 0.021185200 0.097787941 0.994938507
55.666395 393.188564054 36.920532596 -3.670120495 0.009358768 0.021352190 0.098558152 0.994858175
55.710829 393.611639801 37.011817573 -3.683603532 0.009120546 0.021349278 0.098669025 0.994849460
55.865520 395.334873254 37.364258935 -3.733105555 0.008169549 0.021238394 0.099492657 0.994778066
55.965620 396.427339502 37.619830187 -3.767088136 0.007882433 0.020986999 0.098270560 0.994907187
56.065942 397.386103818 37.808375022 -3.793188833 0.007312637 0.020921841 0.098923876 0.994848164
56.166241 398.422454692 38.024813881 -3.818943275 0.006715923 0.021346095 0.098325498 0.994902677
56.266241 399.348221210 38.247742562 -3.845910556 0.006661955 0.021854719 0.097260713 0.994996655
56.348195 400.073484979 38.443944060 -3.867298300 0.006276084 0.022177684 0.095596003 0.995153338
56.465272 401.146250311 38.730212162 -3.899921463 0.005766299 0.022636358 0.093804259 0.995316586
56.565221 402.014469597 38.966270621 -3.925306560 0.005495012 0.022713779 0.091394210 0.995540550
56.602987 402.241473151 39.007633012 -3.937196132 0.005343862 0.022780993 0.091596305 0.995521264
56.702886 403.206826154 39.235426895 -3.962645107 0.004673673 0.021621462 0.090448717 0.995655412
56.900371 405.056042457 39.605050700 -4.016302832 0.004301656 0.020912456 0.090903202 0.995630842
56.999798 405.618674127 39.681793659 -4.035801126 0.004066165 0.020545142 0.093075796 0.995438727
57.099723 406.352669782 39.743536718 -4.056797186 0.004139735 0.020896903 0.095809502 0.995171704
57.199847 407.198226294 39.826069548 -4.083044841 0.003924289 0.021361237 0.099212718 0.994829198
57.300022 407.966829059 39.980488873 -4.106354147 0.003919013 0.021371985 0.100203601 0.994729671
57.365671 408.530027822 40.099417108 -4.122120933 0.003882476 0.021254402 0.099355476 0.994817403
57.467638 409.400857943 40.289897720 -4.148676421 0.003842657 0.021240146 0.099028283 0.994850486
57.567092 410.263227357 40.481323527 -4.177599338 0.003673316 0.021521143 0.099496493 0.994798369
57.666568 411.151764414 40.678817141 -4.201194347 0.003903637 0.021982528 0.099351646 0.994801880
57.767115 412.060404268 40.878648414 -4.231017249 0.003743335 0.021854338 0.098920265 0.994848308
57.865148 412.925614243 41.066340084 -4.257829997 0.003877677 0.021627136 0.099355031 0.994809433
57.966819 413.846477225 41.262978940 -4.286963932 0.003864325 0.021870140 0.099428018 0.994796880
58.065194 414.716419892 41.444588633 -4.317023513 0.003780329 0.022387936 0.099104048 0.994818012
58.165097 415.593855242 41.632054111 -4.340871632 0.003926395 0.022289613 0.099121034 0.994817962
58.266442 416.544226690 41.818384115 -4.371330678 0.003761898 0.022743758 0.100318460 0.994688281
58.366020 417.418936854 42.004607219 -4.399568006 0.003646856 0.022728890 0.101001716 0.994619903
58.466272 418.288694433 42.235725542 -4.430434139 0.003717638 0.022774593 0.098288211 0.994890408
58.565568 419.151887953 42.415784377 -4.458481085 0.004125153 0.023131147 0.098470778 0.994862523
58.648069 419.863663823 42.593340670 -4.485607542 0.004361286 0.023715629 0.097205457 0.994972184
58.765172 420.947873896 42.856228710 -4.524761317 0.005363914 0.024056184 0.095257835 0.995147463
58.811021 421.330499832 42.969720264 -4.537292023 0.005689063 0.024032270 0.093499460 0.995312984
58.911022 422.332736403 43.135115972 -4.576972253 0.006823582 0.024216706 0.094640952 0.995193489
59.069038 423.916889825 43.491261681 -4.633719075 0.007608364 0.024009710 0.092462375 0.995397587
59.110479 424.224337845 43.513077837 -4.647871502 0.007778884 0.023661587 0.093553594 0.995302639
59.266493 425.719998784 43.749949978 -4.701691917 0.009040177 0.023771357 0.094238768 0.995224725
59.366768 426.632947124 43.941680095 -4.736340157 0.009690221 0.023453888 0.092871341 0.995354675
59.466395 427.495245885 44.031376460 -4.771716064 0.010743515 0.023537755 0.095790601 0.995065180
59.540118 428.162268988 44.148073846 -4.794812625 0.011656570 0.023376071 0.095262635 0.995109398
59.634780 429.104653846 44.407855103 -4.830168304 0.013189082 0.023429489 0.089931157 0.995585001
59.720295 429.925922038 44.555698926 -4.858663485 0.013899392 0.023681403 0.089005859 0.995652527
59.837550 431.041291846 44.747542801 -4.901280983 0.014979480 0.024168736 0.088902061 0.995634426
59.936404 431.938676180 44.904020382 -4.932715364 0.016341408 0.024021812 0.088148027 0.995683602
60.033759 432.808718969 45.005362602 -4.968986135 0.017565014 0.023798264 0.089046171 0.995588214
60.131315 433.719988999 45.158127810 -5.008411432 0.017832259 0.023935205 0.088590050 0.995620871
60.231043 434.606909228 45.274947769 -5.041330399 0.018575768 0.024606777 0.087944878 0.995648103
60.327679 435.477075148 45.396211437 -5.078622303 0.018931237 0.024816704 0.086794501 0.995737141
60.429425 436.455498632 45.508743019 -5.115966945 0.020071852 0.024585124 0.085721772 0.995813472
60.528776 437.443462100 45.672340085 -5.155502689 0.020050048 0.023832372 0.084278574 0.995955388
60.627329 438.447524064 45.869520580 -5.198997792 0.021022301 0.023168590 0.081360371 0.996193640
60.726654 439.465558398 45.997729448 -5.233439231 0.022324679 0.023277346 0.079852736 0.996284756
60.816881 440.416575695 46.195822693 -5.277054791 0.021592791 0.023215750 0.076667154 0.996552521
60.917104 441.521841747 46.410428392 -5.320504441 0.023930052 0.023512289 0.073055010 0.996763508
61.025284 442.693230946 46.627997710 -5.368803140 0.024785257 0.024091878 0.070051987 0.996944327
61.117105 443.665687880 46.765515354 -5.403458324 0.026768555 0.024451397 0.068178177 0.997014197
61.223915 444.891180094 46.939554270 -5.452448164 0.028852923 0.025154563 0.064340509 0.997193590
61.325036 445.988862923 47.076654769 -5.499005708 0.030347864 0.025716239 0.062228555 0.997268915
61.423513 447.093593690 47.211521305 -5.546987950 0.031325737 0.026091188 0.058762521 0.997439178
61.523267 448.236795222 47.348587347 -5.597015337 0.032643732 0.026391858 0.055735295 0.997562747
61.624212 449.403514949 47.482201779 -5.651140894 0.032604592 0.026516505 0.052402745 0.997741333
61.725533 450.585441104 47.615296831 -5.706984527 0.033024521 0.027325957 0.048367741 0.997909432
61.826258 451.761236970 47.728362062 -5.760003682 0.033696442 0.027760118 0.044986541 0.998033134
61.928477 452.953665020 47.835482187 -5.814929521 0.033763088 0.027462725 0.041184024 0.998203250
62.031515 454.172441952 47.938535557 -5.873892643 0.033034094 0.027010596 0.036467056 0.998423422
62.141891 455.491646848 48.030172079 -5.938754964 0.032259519 0.027280458 0.032186305 0.998588575
62.208866 456.256559516 48.076827303 -5.976132026 0.031914509 0.027487197 0.029919485 0.998664479
62.309318 457.580120631 48.168298751 -6.046691959 0.031619739 0.026729254 0.022318315 0.998893203
62.409541 458.885980970 48.227042934 -6.110826449 0.031943928 0.026128505 0.016332346 0.999014585
62.509893 460.272738100 48.270537799 -6.180137704 0.032742392 0.026455526 0.011292720 0.999049806
62.609719 461.597231643 48.298133208 -6.247568670 0.033735162 0.026746775 0.006472459 0.999051879
62.709570 462.926952621 48.316453418 -6.307225085 0.035715636 0.026580006 0.000699526 0.999008212
62.810917 464.295631742 48.322339509 -6.375092621 0.037941135 0.027017277 -0.004872285 0.998902797
62.909896 465.600164477 48.299834159 -6.432351215 0.038410064 0.028161234 -0.010199666 0.998813085
63.031614 467.235763259 48.260440199 -6.524109389 0.040626999 0.028638675 -0.017539476 0.998609854
63.136401 468.604408480 48.230138509 -6.591166999 0.041026481 0.026805405 -0.023063938 0.998532099
63.239843 469.927561283 48.167007356 -6.670178877 0.041384845 0.026431370 -0.028555910 0.998385315
63.333934 471.118183237 48.092302290 -6.732166628 0.041772699 0.027077366 -0.034291162 0.998171315
63.426254 472.341794193 47.978195119 -6.799479156 0.042596716 0.028706869 -0.039597685 0.997894513
63.529671 473.754001463 47.847472442 -6.872310966 0.042683676 0.029771038 -0.046632009 0.997555635
63.674325 475.750028721 47.633642666 -6.991277937 0.043115795 0.031082874 -0.056369920 0.996994140
63.768963 476.905012709 47.523804462 -7.059178988 0.043015575 0.031717409 -0.060462426 0.996738662
63.829441 477.665066948 47.397954189 -7.108935547 0.043303700 0.032814092 -0.062650414 0.996555543
63.969263 479.601374148 47.103672257 -7.230318962 0.043312697 0.033589549 -0.074085060 0.995744524
64.068916 481.007477506 46.937519636 -7.317389347 0.042968077 0.033150316 -0.082460936 0.995115569
64.169015 482.361433355 46.678686820 -7.409769849 0.042526421 0.032764625 -0.088585362 0.994620841
64.268968 483.781047851 46.476871875 -7.498180161 0.042788986 0.032689002 -0.098054333 0.993723241
64.369017 485.222928411 46.283623158 -7.587920260 0.042898814 0.033032407 -0.109076519 0.992557739
64.469017 486.602185316 45.988746683 -7.681669818 0.042874493 0.033469372 -0.115678025 0.991796438
64.569163 488.011345357 45.678752796 -7.773309293 0.043172985 0.033833942 -0.124577182 0.990692628
64.632687 488.931905401 45.497335038 -7.836947679 0.043232106 0.033925253 -0.130804087 0.989884010
64.732766 490.384638609 45.114175426 -7.938328485 0.043372862 0.034138063 -0.138673836 0.988798743
64.834609 491.898108251 44.783371890 -8.039742160 0.043532093 0.033716682 -0.149545213 0.987220528
64.928251 493.249053366 44.389626951 -8.140719479 0.043678643 0.033203964 -0.156218530 0.986197467
65.025806 494.638131598 43.960720549 -8.238419175 0.043769904 0.033014233 -0.162466842 0.985189718
65.125010 496.046256261 43.501666449 -8.342461585 0.043783703 0.033048587 -0.168330478 0.984203042
65.225958 497.428503853 43.032326128 -8.444390053 0.043525544 0.033108351 -0.174523427 0.983133225
65.327153 498.639426388 42.173957240 -8.551941447 0.043054215 0.033733506 -0.173198081 0.983367078
65.423169 500.131639944 41.861546809 -8.655897341 0.042515920 0.033860663 -0.183689433 0.981480537
65.524512 501.570086082 41.308263443 -8.769424958 0.041867062 0.034451511 -0.190600549 0.980169206
65.624663 502.977599555 40.738030739 -8.880721272 0.041721145 0.035175272 -0.197535616 0.978775626
65.725510 504.378892920 40.147570691 -8.996399108 0.042303727 0.035739010 -0.203735923 0.977458332
65.826005 505.714154866 39.487397412 -9.110920780 0.042484097 0.036126872 -0.209051063 0.976313271
65.925584 507.084938468 38.866817516 -9.228900711 0.042228381 0.036541229 -0.214884169 0.975041690
66.027302 508.463230518 38.222789325 -9.344764746 0.042001856 0.036358589 -0.221965195 0.973470775
66.122839 509.762822131 37.605323066 -9.459615164 0.041162606 0.036619891 -0.228131706 0.972070238
66.227877 511.193760221 36.903112437 -9.586257001 0.040265689 0.037306073 -0.235259860 0.970381229
66.328973 512.545552089 36.213487923 -9.707654453 0.038556725 0.037377639 -0.241460925 0.968923585
66.431441 513.879638560 35.502087812 -9.829949232 0.037179820 0.037458419 -0.247998210 0.967321775
66.533584 515.225560660 34.766372138 -9.952205076 0.036591211 0.037708603 -0.254568543 0.965626222
66.628951 516.465821702 34.043382979 -10.067183706 0.036162942 0.037821371 -0.259729455 0.964262618
66.726282 517.728560481 33.301578194 -10.183550489 0.035527341 0.038252842 -0.265531035 0.962687799
66.825954 519.004021578 32.541029654 -10.305801284 0.035158939 0.039620045 -0.270744736 0.961192691
66.929270 520.343099155 31.746135859 -10.432152950 0.034181480 0.041168293 -0.275394175 0.959841053
67.021196 521.493263254 31.016365335 -10.553365803 0.033549686 0.041810823 -0.279103392 0.958763563
67.122140 522.806846471 30.252656467 -10.683311648 0.033045938 0.041909950 -0.283140075 0.957592408
67.221316 524.061591111 29.451478527 -10.817166039 0.032246794 0.042248054 -0.286134144 0.956714429
67.322040 525.330461450 28.640660191 -10.946360512 0.031246898 0.042186289 -0.288663881 0.955990121
67.423563 526.581277970 27.813459322 -11.083061851 0.029727514 0.041769161 -0.291192679 0.955289713
67.524385 527.809300529 26.977277109 -11.210355191 0.029331182 0.041530013 -0.292649331 0.954867168
67.625454 529.028187992 26.145114025 -11.336239599 0.028866225 0.041909504 -0.293932265 0.954470617
67.724163 530.223648564 25.315424666 -11.457574949 0.028550817 0.041491718 -0.294750665 0.954245950
67.823787 531.431582722 24.478296855 -11.583681198 0.027405834 0.040889902 -0.295330295 0.954126277
67.923836 532.653223141 23.638956789 -11.705162294 0.026670570 0.041130219 -0.296325995 0.953828019
68.024185 533.870722428 22.816056760 -11.826764770 0.025397925 0.042183685 -0.296890527 0.953641178
68.122891 535.053784572 22.009674916 -11.946393134 0.024672349 0.042941177 -0.296853888 0.953637824
68.223691 536.280788169 21.190515828 -12.073608996 0.023429869 0.043970461 -0.297104943 0.953544070
68.323088 537.473752003 20.387474274 -12.198874849 0.023766572 0.044248676 -0.296879265 0.953593156
68.421743 538.666684061 19.575505931 -12.325870689 0.022918052 0.044861835 -0.296525691 0.953695283
68.521965 539.883006770 18.741417568 -12.453086883 0.022264167 0.045067482 -0.295860913 0.953907516
68.622293 541.099945802 17.898763384 -12.584360132 0.020435353 0.045435918 -0.294466095 0.954362453
68.708109 542.138581591 17.198615403 -12.691525366 0.020297138 0.045268826 -0.293423887 0.954694287
68.807961 543.397128818 16.350642282 -12.825845137 0.019509648 0.045903261 -0.291104614 0.955390165
68.907637 544.632813767 15.539995822 -12.955786615 0.019264754 0.046307316 -0.289076445 0.955991271
69.007313 545.881255203 14.734770172 -13.086799090 0.018611058 0.047405747 -0.286343587 0.956772530
69.120148 547.291980458 13.846809972 -13.235184779 0.018321646 0.047779477 -0.282857843 0.957795844
69.221193 548.512977315 13.071787556 -13.363906090 0.017804795 0.046887344 -0.279028649 0.958972147
69.321394 549.728932962 12.322832669 -13.494890411 0.016757382 0.046680514 -0.275351755 0.960063295
69.421767 550.959687941 11.531748515 -13.621075053 0.016479510 0.047563975 -0.271384325 0.961153808
69.521369 552.195331851 10.762149914 -13.751508239 0.016508494 0.048954312 -0.266529901 0.962441041
69.622215 553.448560841 10.019805725 -13.881349065 0.015938854 0.049499519 -0.261424173 0.963822158
69.719670 554.669039805 9.293408102 -14.011793447 0.015176033 0.048898257 -0.257157627 0.965012230
69.819476 555.929609362 8.582337143 -14.138890082 0.014122790 0.048882493 -0.251872051 0.966422019
69.918927 557.202626070 7.892331035 -14.272876461 0.013096567 0.049036028 -0.246798401 0.967736791
70.018877 558.477393651 7.186458084 -14.402172252 0.011435079 0.049589006 -0.240630298 0.969281811
70.119074 559.763089369 6.518779778 -14.536254302 0.010400432 0.049878419 -0.235203207 0.970609822
70.220697 561.070034521 5.870330032 -14.664771311 0.009758792 0.050173505 -0.229137929 0.972051025
70.318100 562.332333732 5.256597617 -14.797025518 0.009594704 0.050311098 -0.223000308 0.973471930
70.417631 563.636649395 4.658919210 -14.928058278 0.009702691 0.050114537 -0.216864214 0.974866300
70.517556 564.952498684 4.060097358 -15.054027478 0.009847657 0.049537751 -0.209609715 0.976479801
70.700322 567.384244163 3.023134584 -15.288088427 0.007995721 0.050561561 -0.197302706 0.979005229
70.798824 568.661680207 2.491836660 -15.412424396 0.008164414 0.050062972 -0.191758057 0.980130547
70.898774 569.982580799 1.934211803 -15.539030986 0.006840741 0.050033662 -0.184480545 0.981537959
70.998625 571.311684284 1.405094967 -15.664089507 0.006328197 0.049839580 -0.175988177 0.983109420
71.098600 572.684181365 1.009417104 -15.793422213 0.005194304 0.050347746 -0.170655994 0.984029804
71.198525 574.038006942 0.582999255 -15.917538694 0.004396650 0.050531827 -0.163952912 0.985163259
71.298875 575.410348466 0.137102433 -16.046019608 0.002778876 0.050591245 -0.156406850 0.986392265
71.399449 576.775529147 -0.277279374 -16.176733137 0.002413652 0.050137451 -0.148912592 0.987575542
71.499998 578.139848084 -0.661483027 -16.302382059 0.001539437 0.049829172 -0.141932163 0.988620223
71.600171 579.512840560 -1.043838031 -16.427917914 0.001117081 0.049849487 -0.134571789 0.989648531
71.600673 579.521115764 -1.052627746 -16.427099617 0.001063298 0.049858384 -0.134428210 0.989667655
71.718377 581.173042986 -1.521958499 -16.579372397 0.001585595 0.047955029 -0.123691354 0.991160053
71.817653 582.519887763 -1.870222169 -16.693476054 0.002230195 0.046771432 -0.113924649 0.992385325
71.917577 583.929145376 -2.064832491 -16.808130593 0.002432469 0.046043151 -0.107095689 0.993179050
72.017577 585.329074343 -2.326574415 -16.922914800 0.002322361 0.045626037 -0.098960982 0.994042049
72.118148 586.733980225 -2.595772472 -17.036111142 0.002092962 0.045363088 -0.090827129 0.994830761
72.217903 588.113306465 -2.828152864 -17.144518795 0.001884288 0.045081425 -0.081729298 0.995632681
72.317578 589.509190762 -3.057202281 -17.254776824 0.001878504 0.044703102 -0.072704618 0.996349408
72.418673 590.915226005 -3.266210411 -17.364873725 0.001571163 0.044482972 -0.063036909 0.997018127
72.518502 592.309266615 -3.415479071 -17.474857430 0.001458890 0.044465703 -0.053699522 0.997565554
72.617525 593.669337722 -3.589545716 -17.580039685 0.001794329 0.044749359 -0.043781493 0.998036801
72.718126 595.047329465 -3.660578744 -17.684212813 0.002011371 0.045091328 -0.034945678 0.998369434
72.818849 596.421653463 -3.737123781 -17.787035109 0.002000617 0.044902493 -0.025577044 0.998661894
72.910266 597.639764086 -3.779339681 -17.872229779 0.002538473 0.044483856 -0.016972874 0.998862685
73.010320 598.985909133 -3.880725463 -17.969230419 0.002212398 0.043998073 -0.006904750 0.999005305
73.110398 600.308313604 -3.899153497 -18.063947616 0.002196259 0.043482010 0.002525186 0.999048605
73.210596 601.611347562 -3.869461094 -18.152994424 0.002015248 0.042671527 0.011619569 0.999019552
73.310679 602.885946499 -3.844120628 -18.238338934 0.001002432 0.042326626 0.021092255 0.998880658
73.411132 604.148492117 -3.790812898 -18.324019334 0.000158670 0.042321179 0.029350147 0.998672850
73.540544 605.723566484 -3.663085817 -18.427362166 -0.000960546 0.042167644 0.039903134 0.998312930
73.641786 606.902462623 -3.553361763 -18.506159361 -0.001507589 0.041624039 0.046872102 0.998032150
73.746727 608.110951294 -3.425639454 -18.586457417 -0.002399858 0.040876534 0.054531986 0.997672096
73.848294 609.256984680 -3.316675538 -18.664837524 -0.003437049 0.040242488 0.059915340 0.997386024
73.912095 609.960830055 -3.260549378 -18.710643529 -0.003639909 0.039919148 0.064155727 0.997134522
74.012016 611.081468077 -3.092994922 -18.784822900 -0.003335356 0.038428362 0.067013767 0.997006164
74.112065 612.211950324 -3.111105014 -18.856234370 -0.002414498 0.037201974 0.073365627 0.996608081
74.212067 613.312463912 -2.982751084 -18.920479152 -0.001334080 0.036628454 0.077137736 0.996346499
74.312065 614.386272784 -2.811033400 -18.983761380 0.000525199 0.036756077 0.079874717 0.996126872
74.412019 615.436443886 -2.606334216 -19.037451811 0.001902609 0.037165263 0.082284302 0.995913860
74.512067 616.441200039 -2.442529953 -19.093863142 0.002840199 0.037666820 0.084692555 0.995690873
74.612165 617.426049609 -2.103782685 -19.150291957 0.003637942 0.038136870 0.084751522 0.995665367
74.712021 618.376183181 -1.945384616 -19.204057104 0.004497416 0.038585577 0.086481447 0.995495799
74.865150 619.783976508 -1.609002280 -19.282109359 0.005157387 0.039184571 0.087095604 0.995415655
74.912017 620.154994610 -1.553783213 -19.305958740 0.005111241 0.038674748 0.089639845 0.995209946
75.012048 621.037853676 -1.384897194 -19.354218289 0.005515106 0.038563168 0.088288544 0.995332908
75.112145 621.884277241 -1.230929953 -19.403527573 0.005802558 0.037893753 0.089254900 0.995270796
75.212068 622.731370905 -1.046155805 -19.452371468 0.006480492 0.037179122 0.089220780 0.995296623
75.312144 623.559635703 -0.866003593 -19.502605266 0.006804682 0.036080324 0.089542230 0.995306031
75.412068 624.364929751 -0.713466307 -19.547679968 0.006992725 0.034963139 0.090103833 0.995293916
75.511996 625.168561901 -0.559779776 -19.590848627 0.007287888 0.034420053 0.089795654 0.995338579
75.612071 625.967041821 -0.390638754 -19.638389337 0.007371481 0.034590623 0.090040892 0.995309895
75.712069 626.754607205 -0.270273930 -19.681081695 0.007524747 0.035221380 0.090445840 0.995249910
75.812043 627.511498854 -0.130932514 -19.720793752 0.006930312 0.035630891 0.090592337 0.995226325
75.965170 628.655624499 0.085126095 -19.783536812 0.007171628 0.035954596 0.089972776 0.995269177
76.065122 629.305010615 0.203733624 -19.822070828 0.007120744 0.035630939 0.091796873 0.995114599
76.112122 629.562759434 0.239450436 -19.836833547 0.007130395 0.035343898 0.091916468 0.995113727
76.265149 630.565364055 0.430445741 -19.892359857 0.007907190 0.036291189 0.090061580 0.995243356
76.312170 630.887219156 0.528462219 -19.909340482 0.008254549 0.035777598 0.090177333 0.995248650
76.465147 631.844708738 0.717353276 -19.959704320 0.008699397 0.036784109 0.089063571 0.995308460
76.512168 632.106954821 0.765152464 -19.975545404 0.008854219 0.036129182 0.090030611 0.995244078
76.600673 632.102190662 0.767014767 -19.975584345 0.008858024 0.036169908 0.090055287 0.995240332
76.800247 633.744610573 1.080684018 -20.071348997 0.009909592 0.037243100 0.088698200 0.995312705
76.900022 634.319221244 1.194614251 -20.098299594 0.009975100 0.036816025 0.090255403 0.995187942
76.999997 634.821761345 1.294741684 -20.127193606 0.009957711 0.037177729 0.090523412 0.995150326
77.099922 635.261814621 1.382148499 -20.154703214 0.010064636 0.037402312 0.090107437 0.995178587
77.200121 635.676506316 1.454044412 -20.182009570 0.010302766 0.037446840 0.090672664 0.995123136
77.299897 636.114439071 1.538783964 -20.206412036 0.011029030 0.037720529 0.090462749 0.995124119
77.399798 636.523477323 1.608430853 -20.227974337 0.011134021 0.038015799 0.089837255 0.995168378
77.500321 636.934987628 1.679545314 -20.251890964 0.011170709 0.038244320 0.089724903 0.995169347
77.600347 637.338334385 1.765473988 -20.273173588 0.010986345 0.038160391 0.089372195 0.995206358
77.665247 637.564012880 1.805551508 -20.286620464 0.010861713 0.037969465 0.089131389 0.995236624
77.765097 637.927569552 1.862763421 -20.307450227 0.011068659 0.038320098 0.087948561 0.995326130
77.865149 638.277710978 1.929212311 -20.326599579 0.011146553 0.038377545 0.087633812 0.995350809
77.965174 638.622115332 1.998140929 -20.344091769 0.010829243 0.038482058 0.086858299 0.995418251
78.065123 638.922457348 2.059163447 -20.362617331 0.010816380 0.038776565 0.087036187 0.995391424
78.166244 639.237814731 2.113766016 -20.379502299 0.011099139 0.038691565 0.086835525 0.995409144
78.211969 639.354928474 2.150126540 -20.384070998 0.011364820 0.038225313 0.086069293 0.995490705
78.365174 639.749491438 2.219034812 -20.406871320 0.011479673 0.038767260 0.085440945 0.995522557
78.466418 639.993255562 2.236148985 -20.417725504 0.011459514 0.038471933 0.087336208 0.995369769
78.565122 640.174129667 2.276587667 -20.428154336 0.011039353 0.038257333 0.086962384 0.995415518
78.665220 640.308011172 2.300192852 -20.438871341 0.010846051 0.038286831 0.086848223 0.995426475
78.712119 640.366823163 2.307525327 -20.442576935 0.010970534 0.038161306 0.086812783 0.995433023
78.812171 640.509834623 2.336255156 -20.453057971 0.011194993 0.038210141 0.086313932 0.995472030
78.912116 640.624632939 2.359712664 -20.457241483 0.011044575 0.038196395 0.086049358 0.995497143
79.012165 640.729425442 2.379055977 -20.463707334 0.011000839 0.037838427 0.085955206 0.995519431
79.112018 640.816358202 2.393745251 -20.470752150 0.011065824 0.037163253 0.085907795 0.995548236
79.212143 640.899193145 2.411847410 -20.475118520 0.011216285 0.036459209 0.085265039 0.995627839
79.312069 640.965288779 2.428666690 -20.479054559 0.011277330 0.036022042 0.085344230 0.995636277
79.412067 641.032136223 2.441237706 -20.483281528 0.011275569 0.036074265 0.085082088 0.995656842
79.511970 641.090970208 2.445038042 -20.486938671 0.011040015 0.036025764 0.085154016 0.995655089
79.612017 641.156877412 2.466759730 -20.491573289 0.011007392 0.035998331 0.085283953 0.995645321
79.712066 641.213578059 2.474896849 -20.494239497 0.011047549 0.036147583 0.085050407 0.995659446
79.812093 641.260505674 2.489426442 -20.496897628 0.011177620 0.036200662 0.084751413 0.995681561
79.912118 641.297501423 2.494428436 -20.497684123 0.011129161 0.036148318 0.085036643 0.995659686
80.012017 641.323018749 2.500213081 -20.501125093 0.011098917 0.036196972 0.084872455 0.995672265
80.112118 641.341791317 2.504180763 -20.500843635 0.011040024 0.036204909 0.084657429 0.995690937
80.212068 641.364580456 2.506566735 -20.501672306 0.011096444 0.036082892 0.084618708 0.995698031
80.312067 641.393204665 2.509405391 -20.503963197 0.011125315 0.036023350 0.084599912 0.995701462
80.412167 641.399824526 2.511141554 -20.503972330 0.011104087 0.035831549 0.084805942 0.995691092
80.512168 641.415638348 2.517019296 -20.506094936 0.011085545 0.035614719 0.084706197 0.995707569
80.612070 641.422959722 2.516081504 -20.508455696 0.011015083 0.035576691 0.084623384 0.995716752
80.712167 641.434363778 2.522239752 -20.507496491 0.011017420 0.035582194 0.084515912 0.995725657
80.812071 641.439083777 2.514928030 -20.508144722 0.011082746 0.035590348 0.084421465 0.995732653
80.912118 641.444778652 2.514296350 -20.508177773 0.011095750 0.035712467 0.084486562 0.995722614
81.012142 641.442749590 2.515232744 -20.508015948 0.011059853 0.035744504 0.084636407 0.995709139
81.111969 641.444587771 2.517725641 -20.507485003 0.011052619 0.035525676 0.084753012 0.995707132
81.212168 641.441845477 2.515462768 -20.506469243 0.011002474 0.035340377 0.084378039 0.995746127
81.312145 641.443876112 2.516207734 -20.508572661 0.011097345 0.035495213 0.084578187 0.995722586
81.412166 641.442774023 2.518462599 -20.507753243 0.011159435 0.035510930 0.084922049 0.995692064
81.512043 641.446516186 2.522478320 -20.507823436 0.011113200 0.035364958 0.084850205 0.995703901
81.612167 641.452062283 2.522732618 -20.508912379 0.011060107 0.035428558 0.084688217 0.995716022
81.712066 641.455486381 2.523172452 -20.508518648 0.011142429 0.035491879 0.084608579 0.995719620
81.812043 641.456914855 2.528352034 -20.508737710 0.011105635 0.035366824 0.084822690 0.995706264
81.912118 641.460180736 2.527302528 -20.508274643 0.011055022 0.035395570 0.084714884 0.995714984
82.012017 641.457479831 2.524294306 -20.508711540 0.011096707 0.035437615 0.084746972 0.995710294
82.112019 641.465125847 2.524501359 -20.510133777 0.011077901 0.035435110 0.084626322 0.995720854
82.212021 641.462459627 2.522720185 -20.509106106 0.011080626 0.035381811 0.084655823 0.995720211
82.311968 641.460850915 2.527665021 -20.508551854 0.010989199 0.035403132 0.084572950 0.995727509
82.411995 641.459925208 2.530120492 -20.508352344 0.011098769 0.035434972 0.084617005 0.995721418
82.512041 641.458187738 2.525998106 -20.508295988 0.011053657 0.035446168 0.084558422 0.995726498
82.612195 641.455201625 2.526405416 -20.508809732 0.011074873 0.035424072 0.084676667 0.995717000
82.712095 641.457259844 2.526900272 -20.508930305 0.011080260 0.035440529 0.084580644 0.995724516
82.812142 641.447390904 2.523825911 -20.507362862 0.011072309 0.035419010 0.084571047 0.995726185
82.912092 641.445635788 2.522858351 -20.507861641 0.011103314 0.035452928 0.084718407 0.995712106
83.012166 641.439146686 2.522119680 -20.507474508 0.011133837 0.035426104 0.084639570 0.995719424
83.112119 641.439789201 2.517639040 -20.508059818 0.011162260 0.035419934 0.084435894 0.995736618
83.265148 641.442464608 2.517120237 -20.508441310 0.010952183 0.035597984 0.084452405 0.995731201
83.312020 641.437799260 2.518418054 -20.506562879 0.011056456 0.035225350 0.084507061 0.995738664
83.412064 641.437820899 2.517394748 -20.506463238 0.011026253 0.035422289 0.084835914 0.995704048
83.512041 641.439709192 2.519096816 -20.507369785 0.011066514 0.035427713 0.084908548 0.995697217
