1.401000 0.406592989 0.006605426 0.007955737 0.000697616 -0.000868434 -0.000615759 0.999999190
1.501000 0.850260777 0.008241328 0.010108908 0.001250188 -0.002120969 -0.000771866 0.999996671
1.598436 0.847596786 0.007227853 0.009960879 0.001126831 -0.002104631 -0.000797329 0.999996833
1.694750 2.298175577 -0.003591688 0.035888931 0.000384848 -0.003900250 -0.001477234 0.999991229
1.801000 2.688728182 -0.003111594 0.041006599 0.000902095 -0.002585456 -0.001261706 0.999995455
1.901000 3.012995615 0.003295025 0.048728336 0.000588892 -0.002413832 -0.001350048 0.999996002
1.991625 2.989863383 0.004057996 0.048813479 0.000548331 -0.002431611 -0.001311098 0.999996034
2.101000 3.682618808 0.008989065 0.058895376 -0.000500746 -0.002549274 -0.001338790 0.999995729
2.192429 3.665001277 0.009429983 0.058977174 -0.000449731 -0.002557127 -0.001316321 0.999995763
2.301000 3.526551257 0.041250879 0.072262772 -0.000385461 -0.002967685 -0.003451165 0.999989567
2.392176 3.542951117 0.042047299 0.072300063 -0.000378891 -0.002986569 -0.003718194 0.999988556
2.498059 4.549821741 0.045217362 0.087720365 -0.000479198 -0.004080622 -0.003862767 0.999984099
2.601000 4.940426730 0.031018242 0.093984765 -0.000826027 -0.003705711 -0.003006443 0.999988273
2.690655 4.917585362 0.028693387 0.094305833 -0.000893960 -0.003739720 -0.003036151 0.999987998
2.796833 5.997173969 0.023238777 0.113303647 -0.002717927 -0.003861664 -0.003011364 0.999984316
2.883353 6.040156334 0.019324375 0.113328456 -0.002166599 -0.003843258 -0.001819518 0.999988612
2.984333 6.383180359 0.025234030 0.118356341 -0.002048157 -0.004153899 -0.003099306 0.999984472
3.096152 6.784262297 0.034558769 0.126342278 -0.002104031 -0.004761529 -0.003959236 0.999978612
3.201000 7.150127630 0.035877679 0.133513921 -0.001988370 -0.005696234 -0.003976431 0.999973893
3.300703 7.143959548 0.035851526 0.134179379 -0.002027351 -0.005696351 -0.004004838 0.999973701
3.400703 8.181759973 0.020663977 0.153061836 -0.001967526 -0.006991451 -0.005408964 0.999958995
3.500700 8.461952288 0.010480712 0.157941965 -0.001457907 -0.006555969 -0.004357357 0.999967953
3.600793 8.789589875 0.007117124 0.165051903 -0.001064747 -0.007003461 -0.004536620 0.999964618
3.700794 9.218136001 0.003214019 0.172291063 -0.000665593 -0.007499177 -0.005034183 0.999958987
3.800900 9.581952794 -0.001021937 0.180129502 -0.000243886 -0.007814899 -0.005393657 0.999954887
3.900707 9.919257504 -0.003753441 0.188826946 -0.000119509 -0.007967087 -0.005671450 0.999952172
4.000909 10.301826605 -0.004990837 0.198872360 -0.000527959 -0.008067980 -0.006088062 0.999948781
4.100818 10.676373098 -0.006332849 0.207336288 -0.000271430 -0.008094994 -0.006342289 0.999947085
4.200719 11.062648362 -0.011998502 0.215590414 0.000810249 -0.008459954 -0.006527322 0.999942582
4.316483 11.299397235 -0.019251251 0.217991040 0.001093517 -0.008335618 -0.006111263 0.999945986
4.401000 11.762952396 -0.027305392 0.229905963 0.001708144 -0.008675884 -0.007262438 0.999934532
4.501000 12.267103011 -0.031966544 0.243338213 0.001544824 -0.008191925 -0.007422830 0.999937702
4.600904 12.294367821 -0.028510783 0.244221830 0.001583997 -0.008197550 -0.007410310 0.999937687
4.701000 13.241959412 -0.033791522 0.259958838 0.000947739 -0.007347436 -0.007735953 0.999942634
4.800729 13.249659195 -0.032922712 0.262077166 0.000954205 -0.007291121 -0.007704431 0.999943284
4.901000 14.180695793 -0.053089410 0.279987892 0.001835357 -0.006548756 -0.007365245 0.999949748
5.000730 14.180657464 -0.055047108 0.281016779 0.001815774 -0.006564295 -0.007389928 0.999949500
5.100823 15.526458683 -0.061555148 0.306174796 0.001078914 -0.005978503 -0.007162902 0.999955892
5.201000 15.767784592 -0.061704127 0.312012861 0.001445797 -0.006724960 -0.006684204 0.999954002
5.298297 15.740565283 -0.056797424 0.312763864 0.001489474 -0.006755160 -0.006753855 0.999953266
5.397875 17.064145278 -0.054658776 0.341103264 0.000297490 -0.007705881 -0.006645077 0.999948186
5.498917 17.447429462 -0.058686281 0.339687861 0.000026697 -0.006253526 -0.006334112 0.999960385
5.598500 18.017348970 -0.075180720 0.344016337 -0.000725141 -0.005009316 -0.006154694 0.999968250
5.696455 18.650188705 -0.119077499 0.349682946 -0.000646639 -0.004305987 -0.004967031 0.999978184
5.801000 19.323025300 -0.146431285 0.361277931 0.000860374 -0.004451339 -0.004414798 0.999979977
5.898872 19.315519796 -0.146869950 0.362485636 0.000832359 -0.004394072 -0.004424587 0.999980211
6.001000 20.826288097 -0.119643502 0.379439861 0.000369008 -0.005251063 -0.004717253 0.999975019
6.101000 21.468229032 -0.189200615 0.384716248 0.000808664 -0.004724329 -0.003212345 0.999983354
6.199438 21.471813153 -0.190976737 0.384773719 0.000831910 -0.004721839 -0.003239490 0.999983259
6.299438 23.255393928 -0.219737044 0.391761743 0.004986725 -0.000326493 -0.003278570 0.999982138
6.400882 23.840872712 -0.199369505 0.392640668 0.007172358 -0.000132633 -0.003032225 0.999969672
6.500718 24.481702214 -0.156628390 0.412813694 0.007516030 0.000307693 -0.003651271 0.999965041
6.601000 25.243439171 -0.121364959 0.414273420 0.007158861 0.000395372 -0.004133576 0.999965753
6.701000 26.024122985 -0.102756528 0.409943873 0.008960124 -0.000422864 -0.004459220 0.999949825
6.801000 26.677717576 -0.112189938 0.403697093 0.010709942 -0.000178612 -0.004381193 0.999933033
6.890474 26.666376793 -0.111859784 0.405292282 0.010763374 -0.000061678 -0.004426989 0.999932272
6.994333 28.717709961 -0.138666661 0.400979718 0.006830051 0.000670326 -0.004412040 0.999966717
7.094548 29.394002750 -0.122841163 0.407831463 0.007320288 -0.000842771 -0.003551427 0.999966545
7.194750 30.274502814 -0.128238222 0.431541673 0.008275002 -0.004242066 -0.003308302 0.999951291
7.291625 31.102051314 -0.129519814 0.442662245 0.007683769 -0.007128668 -0.003454057 0.999939104
7.401000 31.957165985 -0.142403845 0.456596275 0.004926403 -0.005896248 -0.003138586 0.999965556
7.467667 31.941913614 -0.143978091 0.457815547 0.004933762 -0.005793033 -0.003157133 0.999966065
7.600885 33.991615836 -0.170590223 0.496434188 0.003116306 -0.001529567 -0.003320893 0.999988460
7.700740 34.699099941 -0.142609968 0.499283528 0.004876140 -0.000705280 -0.003537964 0.999981604
7.800863 35.512402416 -0.149264598 0.503012416 0.005831163 -0.000159813 -0.003813104 0.999975716
7.901000 36.532781364 -0.138576704 0.511790224 0.005746150 -0.002201802 -0.004498767 0.999970947
8.000600 36.564772738 -0.131286601 0.513195079 0.005736366 -0.002095653 -0.004760474 0.999970020
8.100618 38.572345760 -0.143949013 0.542271449 0.004879960 -0.006049012 -0.005142882 0.999956572
8.200881 39.243877058 -0.149156958 0.547992763 0.004569683 -0.003721655 -0.004425554 0.999972841
8.300886 40.030683107 -0.144305432 0.557868206 0.003657372 -0.000955102 -0.004915240 0.999980776
8.400884 40.888802951 -0.126728089 0.570058025 0.004186339 0.000769040 -0.005277262 0.999977017
8.501000 41.941741599 -0.189385615 0.579454241 0.005231073 -0.000060292 -0.004086519 0.999977966
8.600669 41.945165325 -0.192019551 0.580866369 0.005245713 0.000093038 -0.004148991 0.999977630
8.701000 43.757640761 -0.215253806 0.595880140 0.005515912 -0.001061231 -0.002752395 0.999980436
8.800730 43.758791392 -0.213524522 0.596902247 0.005497085 -0.000963355 -0.002788450 0.999980539
8.900882 45.649809498 -0.180257900 0.620995073 0.000379221 -0.000271929 -0.002762922 0.999996074
9.001000 46.639259449 -0.130455177 0.619624739 -0.000255431 0.000089041 -0.003130174 0.999995064
9.100900 46.619466060 -0.131164769 0.620218072 -0.000296403 0.000224416 -0.003166652 0.999994917
9.201000 48.385415853 -0.104261393 0.628475800 -0.003849317 -0.001452517 -0.002562381 0.999988254
9.300900 48.374645241 -0.105510278 0.629801308 -0.003894703 -0.001371657 -0.002579938 0.999988147
9.401000 49.949368118 -0.024043585 0.650957432 -0.004038819 -0.001753718 -0.003656351 0.999983622
9.501000 50.807819324 -0.087982731 0.663572304 -0.004065978 -0.001111162 -0.002535288 0.999987903
9.600715 50.803813211 -0.090084646 0.663540500 -0.004109558 -0.001107013 -0.002565156 0.999987653
9.701000 52.749901881 -0.114983190 0.682844010 -0.003251591 -0.001631492 -0.001226574 0.999992630
9.800888 52.752308939 -0.115583095 0.682277911 -0.003234152 -0.001591204 -0.001231201 0.999992746
9.912041 54.248814832 -0.135164755 0.683471263 -0.004530831 -0.002684223 -0.000274543 0.999986095
10.000896 54.224410105 -0.134225023 0.688831109 -0.004438015 -0.002577217 -0.000177573 0.999986815
10.100893 56.167790819 -0.145134998 0.725798133 -0.004015755 -0.006580889 0.000309358 0.999970235
10.201000 57.166551675 -0.131589520 0.744866578 -0.005006672 -0.003977771 0.000977595 0.999979077
10.276000 57.172994211 -0.130647700 0.744962871 -0.005005303 -0.003929256 0.000923691 0.999979327
10.394750 59.673012583 -0.101085957 0.789159791 -0.004517949 -0.002708061 0.000632352 0.999985927
10.488500 60.557772284 -0.107523292 0.795599185 -0.004702072 -0.003321679 0.001356936 0.999982508
10.584333 61.713496267 -0.101949576 0.796403216 -0.004926067 -0.002989762 0.001806241 0.999981766
10.691000 63.033779496 -0.102175373 0.808084174 -0.005124196 -0.002603922 0.001906244 0.999981664
10.798296 64.256897612 -0.097116870 0.825536878 -0.005176907 -0.002713032 0.002129431 0.999980652
10.901000 65.364591355 -0.095203915 0.841941523 -0.005050246 -0.002743545 0.002366153 0.999980684
11.000775 65.350765994 -0.094790064 0.842771137 -0.005035035 -0.002643330 0.002415813 0.999980912
11.101000 67.669269530 -0.068900292 0.866661865 -0.004150116 -0.002097903 0.002568669 0.999985889
11.201000 68.617733422 -0.042116751 0.878133246 -0.003259180 -0.002157062 0.002171392 0.999990005
11.301000 69.830462854 0.000751316 0.890274136 -0.003100605 -0.001930566 0.001012940 0.999992817
11.401000 70.900698550 0.017275742 0.904643858 -0.002919145 -0.001191533 0.000734199 0.999994760
11.501000 71.769610719 0.043265398 0.912887999 -0.002888141 -0.000642097 0.000672230 0.999995397
11.601000 72.662654823 0.077641025 0.925539868 -0.003031831 -0.000582962 -0.000140792 0.999995224
11.700902 72.661808488 0.078340489 0.925835009 -0.003046567 -0.000542565 -0.000162639 0.999995199
11.800810 74.835301760 0.029571694 0.941967358 -0.003967122 0.000211138 0.001759926 0.999990560
11.900908 75.772601159 -0.008845987 0.950249394 -0.003825025 0.000326363 0.003766496 0.999985538
12.000817 76.954790224 0.004074713 0.962949350 -0.004181631 0.000418145 0.003872218 0.999983672
12.100729 78.136198918 0.039666846 0.977916432 -0.003934862 0.000468671 0.002699674 0.999988504
12.200821 79.317868752 0.048229696 0.989112924 -0.004605351 0.000240905 0.002760799 0.999985555
12.301000 80.544325424 0.059581430 1.000684138 -0.004638693 0.000349978 0.002525740 0.999985990
12.400819 80.544656320 0.060538130 1.000171289 -0.004619786 0.000398907 0.002492492 0.999986143
12.500910 83.067033862 0.083682015 1.014112541 -0.005266320 0.001815524 0.001634091 0.999983150
12.601000 83.950271625 0.099047360 1.023820024 -0.004539905 0.001120739 0.001636352 0.999987728
12.700906 83.942167958 0.100748369 1.025310704 -0.004625508 0.001117611 0.001645596 0.999987324
12.801000 86.192319144 0.116154254 1.044889715 -0.004213966 0.001887874 0.000659047 0.999989122
12.900910 86.188823116 0.117308715 1.045220090 -0.004233712 0.001902952 0.000644779 0.999989019
13.000721 88.206570602 0.135252796 1.078945624 -0.004298723 0.000497220 0.000142345 0.999990627
13.101000 89.117580161 0.136756681 1.082068687 -0.004347451 0.000897688 0.000570314 0.999989984
13.201000 90.051290468 0.132752397 1.089824821 -0.004584461 0.001317632 0.000890519 0.999988227
13.301000 90.915332361 0.123679036 1.099158883 -0.004815400 0.001615270 0.000921541 0.999986677
13.400695 90.915845599 0.124354573 1.099739421 -0.004853985 0.001621458 0.000971731 0.999986433
13.500795 93.201075534 0.148724630 1.119322339 -0.005233255 0.000172077 -0.001429188 0.999985270
13.600791 94.031405022 0.150420723 1.126957814 -0.005577128 0.000046657 -0.000835324 0.999984098
13.700783 95.160199796 0.136694709 1.131557665 -0.005630296 0.000932756 -0.000767552 0.999983420
13.801000 96.294654579 0.153480214 1.135273738 -0.005277146 0.002496091 -0.001386273 0.999982000
13.900800 96.291966172 0.153475449 1.135175844 -0.005292039 0.002544948 -0.001425987 0.999981742
14.000690 98.493564651 0.183372575 1.148490683 -0.003601952 0.002844426 -0.002550244 0.999986216
14.100706 99.405286569 0.158378570 1.161657268 -0.003315348 0.001888430 -0.001234289 0.999991959
14.200705 100.512356054 0.159494344 1.173682961 -0.003312092 0.001367757 -0.001241140 0.999992809
14.300900 101.496785767 0.160429580 1.182456780 -0.003234431 0.001278672 -0.000988829 0.999993463
14.401000 102.645921540 0.158472310 1.192002867 -0.003821722 0.001270410 -0.000958805 0.999991431
14.501000 103.632441634 0.163684766 1.198517239 -0.003815522 0.001544423 -0.000573047 0.999991364
14.600816 103.634029941 0.164713915 1.198285926 -0.003779489 0.001558523 -0.000599232 0.999991464
14.700719 105.573453813 0.193187297 1.211598075 -0.003719262 0.003591887 -0.000581860 0.999986463
14.800910 106.400477673 0.192109959 1.213128269 -0.004121739 0.003870818 -0.000376663 0.999983943
14.900909 107.465865591 0.207452532 1.222474151 -0.004187533 0.004018498 -0.000582975 0.999982988
15.000810 108.441009147 0.208792079 1.227026212 -0.003503565 0.003843927 -0.000105978 0.999986469
15.100902 109.371940818 0.205039524 1.234121191 -0.002652961 0.003794583 0.000123762 0.999989274
15.201000 110.322641270 0.212163720 1.236231096 -0.002447396 0.003772788 0.000288711 0.999989846
15.300733 110.321888020 0.213771010 1.236752788 -0.002450764 0.003766382 0.000287845 0.999989863
15.401000 112.301882808 0.229201585 1.246495040 -0.002796218 0.001933851 0.001208524 0.999993490
15.501000 113.093135061 0.214317186 1.252797028 -0.002595629 0.001600188 0.002043273 0.999993264
15.600822 113.093561979 0.214732527 1.254290736 -0.002589892 0.001684331 0.001998914 0.999993230
15.700821 115.051069343 0.273091164 1.283443342 -0.004598581 0.003179714 0.001012862 0.999983858
15.800729 115.721496201 0.266614268 1.278591958 -0.003919705 0.003529425 0.001428007 0.999985070
15.901000 116.541895665 0.283445897 1.279658291 -0.003413064 0.004000278 0.001219082 0.999985431
16.000820 116.529148946 0.280940132 1.280548303 -0.003388297 0.004028116 0.001190641 0.999985438
16.101000 118.131022909 0.334008423 1.284077080 -0.002842351 0.005455994 -0.000054714 0.999981075
16.200704 118.125906432 0.333508314 1.285239523 -0.002819578 0.005427788 -0.000008948 0.999981294
16.300900 119.880871359 0.333120797 1.294640482 -0.002857537 0.006055383 0.000510319 0.999977453
16.400821 120.914660405 0.291523162 1.299732617 -0.003157251 0.005385156 0.002437881 0.999977544
16.500821 121.753675700 0.305953320 1.300748710 -0.003285653 0.005187389 0.001971607 0.999979204
16.600729 122.840860788 0.343636225 1.309307501 -0.003176611 0.005079436 0.001288681 0.999981224
16.700731 123.658041421 0.369195824 1.319027708 -0.003217943 0.004935657 0.000539887 0.999982496
16.800907 124.359283447 0.415899695 1.325403574 -0.003548606 0.005508820 -0.000410093 0.999978446
16.900797 125.091918984 0.427011923 1.327494221 -0.004127413 0.006108933 -0.000692374 0.999972583
17.000796 125.996831897 0.329315796 1.326498928 -0.004045243 0.006401163 0.001534577 0.999970153
17.101000 126.780764307 0.338676059 1.331479268 -0.003729582 0.006604687 0.001366826 0.999970300
17.200786 126.780502152 0.338499719 1.332377489 -0.003718178 0.006652694 0.001364343 0.999970027
17.300688 128.117819111 0.343977606 1.338356268 -0.003745953 0.006223924 0.000894048 0.999973215
17.400808 128.612030756 0.352434865 1.342198474 -0.003642928 0.005916521 0.001083041 0.999975275
17.499289 129.162086786 0.345439574 1.345802004 -0.003838442 0.005866648 0.001211584 0.999974690
17.576000 129.603087251 0.349656842 1.346628011 -0.003576947 0.005222805 0.001349899 0.999979053
17.701000 130.280890690 0.350982683 1.349287027 -0.002804564 0.004334889 0.001664748 0.999985286
17.761000 130.279239325 0.350563028 1.349227215 -0.002776965 0.004350773 0.001620755 0.999985366
17.901000 131.313337709 0.365169701 1.358543334 -0.003025343 0.002851447 0.002151530 0.999989044
17.951000 131.312352527 0.363513952 1.359363244 -0.003018692 0.002912244 0.002132365 0.999988930
18.101000 132.231663822 0.369533821 1.365336618 -0.003234440 0.002997969 0.002858843 0.999986189
18.201000 132.771875744 0.396003210 1.367819858 -0.003315391 0.003374265 0.002572943 0.999985501
18.301000 133.156134218 0.403287126 1.372081437 -0.003685539 0.004212775 0.002785785 0.999980454
18.376000 133.158625511 0.403473070 1.372338196 -0.003691555 0.004231578 0.002791228 0.999980337
18.476000 134.118049912 0.432028648 1.376918272 -0.004162862 0.005405377 0.003436164 0.999970822
18.598472 134.654526123 0.429814161 1.379699802 -0.004353725 0.005433507 0.002911131 0.999971523
18.701000 135.026704524 0.437398023 1.378955509 -0.004368501 0.005373129 0.002624673 0.999972578
18.801000 135.498173457 0.465749686 1.379448685 -0.004194987 0.005670007 0.002151367 0.999972812
18.900909 135.484369221 0.466683024 1.379895762 -0.004182851 0.005684385 0.002139822 0.999972806
19.000727 136.462555373 0.505547050 1.383231647 -0.004830836 0.006514067 0.001986247 0.999965142
19.100727 136.852738271 0.471687775 1.387542383 -0.005314531 0.006404197 0.002912881 0.999961128
19.200818 137.224132164 0.465943368 1.388308669 -0.005612825 0.006184115 0.003136611 0.999960207
19.300728 137.558254575 0.473782433 1.388700932 -0.005435522 0.006053225 0.002757765 0.999963103
19.400818 137.941553274 0.469875600 1.389846923 -0.005070469 0.005952932 0.002857957 0.999965342
19.501000 138.267061126 0.465793261 1.389976191 -0.005200531 0.005736852 0.002962078 0.999965634
19.600818 138.266892733 0.467071404 1.390052807 -0.005208040 0.005758402 0.002940788 0.999965534
19.700727 138.963894386 0.466223565 1.390900370 -0.005601417 0.003806017 0.002367417 0.999974267
19.800819 139.170584597 0.461850701 1.392196393 -0.005430471 0.003859109 0.002731414 0.999974078
19.900715 139.481481849 0.460899715 1.392813291 -0.005411778 0.003646284 0.002789204 0.999974818
20.000804 139.771812674 0.464206196 1.393464418 -0.005355441 0.003757571 0.002789609 0.999974709
20.100703 140.037143730 0.467222042 1.394722706 -0.005139530 0.003848122 0.002974198 0.999974965
20.200704 140.293938287 0.469552715 1.395842605 -0.005193614 0.003875637 0.003064762 0.999974306
20.300902 140.557335528 0.469089888 1.397037234 -0.005027038 0.003979849 0.003106471 0.999974619
20.401000 140.830197122 0.471733760 1.397594765 -0.004934437 0.003716920 0.003146705 0.999975967
20.501000 141.089773873 0.474236256 1.398800449 -0.004908088 0.003518403 0.003316101 0.999976267
20.572429 141.086102282 0.475570532 1.398878782 -0.004914769 0.003524275 0.003292502 0.999976292
20.667667 141.625307447 0.506901669 1.400628713 -0.005473483 0.003516823 0.003231918 0.999973613
20.767667 141.856244593 0.501797042 1.400983734 -0.005291667 0.003829602 0.003458590 0.999972685
20.901000 142.145863608 0.493272023 1.403959844 -0.005192798 0.003877755 0.003539209 0.999972736
20.993308 142.127389468 0.492932694 1.403647285 -0.005200900 0.003901353 0.003514719 0.999972688
21.101000 142.559987057 0.493732294 1.405351150 -0.005115333 0.004167080 0.003930776 0.999970508
21.187667 142.551677615 0.495590170 1.405421054 -0.005114656 0.004162863 0.003856862 0.999970817
21.279571 143.002907912 0.509818469 1.407332759 -0.005131356 0.003972164 0.003827134 0.999971622
21.383353 143.221221266 0.516940155 1.406587153 -0.004691796 0.004274289 0.003974036 0.999971962
21.486714 143.403689204 0.518254830 1.406553528 -0.004347541 0.004494181 0.004020444 0.999972368
21.585615 143.620283215 0.521437556 1.408378901 -0.004056105 0.004790132 0.004030534 0.999972178
21.682818 143.801120787 0.524001456 1.411110386 -0.004047998 0.005038416 0.004274396 0.999969978
21.801000 143.976412844 0.526074604 1.412500960 -0.004440777 0.005301802 0.004137972 0.999967523
21.881000 143.967711289 0.526667650 1.412675860 -0.004453093 0.005326301 0.004144745 0.999967310
21.991000 144.304261287 0.525607272 1.413156871 -0.005227692 0.005513319 0.004415401 0.999961389
22.091000 144.382091372 0.531448675 1.412185108 -0.004763343 0.005514332 0.004416354 0.999963699
22.178778 144.443204809 0.534507628 1.412980707 -0.004400488 0.004998244 0.004327645 0.999968462
22.301000 144.602031055 0.537784711 1.410197480 -0.004726790 0.004206378 0.004455423 0.999970056
22.378778 144.598022433 0.536697033 1.411533529 -0.004772477 0.004326118 0.004453252 0.999969338
22.467667 144.755856690 0.539647998 1.411272300 -0.005260189 0.004225402 0.004430503 0.999967423
22.571000 144.833907542 0.536408450 1.411560639 -0.004762043 0.004560052 0.004573740 0.999967804
22.689889 144.916993839 0.535797570 1.412906105 -0.004502387 0.004607242 0.004512048 0.999969071
22.767667 144.960913270 0.535505889 1.412838679 -0.004461755 0.004529332 0.004517106 0.999969586
22.889889 145.057519155 0.538806727 1.413518633 -0.004838518 0.004234913 0.004509819 0.999969157
22.989889 145.103317909 0.543610251 1.413897217 -0.004995471 0.004001606 0.004640315 0.999968749
23.078778 145.131232028 0.545471938 1.413284412 -0.004960954 0.003811718 0.004605408 0.999969825
23.201000 145.183572285 0.547305768 1.411769092 -0.004809928 0.003920410 0.004679188 0.999969800
23.263500 145.183350792 0.547096985 1.411930513 -0.004825988 0.003952330 0.004682858 0.999969579
23.376000 145.292734011 0.544102133 1.412410284 -0.004898874 0.004013076 0.004548451 0.999969603
23.488500 145.335827114 0.540203059 1.413163160 -0.004931161 0.004160795 0.004757564 0.999967868
23.601000 145.367332438 0.541367456 1.412167822 -0.004790132 0.004069985 0.004790100 0.999968772
23.701000 145.385128725 0.541065886 1.409410077 -0.004650780 0.003823324 0.004694260 0.999970858
23.758143 145.380019351 0.541015020 1.411132350 -0.004721836 0.004000040 0.004689490 0.999969856
23.886714 145.409605941 0.543589088 1.412516364 -0.004928523 0.004287117 0.004566728 0.999968237
23.958143 145.401617816 0.545369464 1.411276236 -0.004720097 0.004235398 0.004741969 0.999968647
24.088500 145.391070500 0.546526737 1.410249260 -0.004577376 0.003769105 0.004625125 0.999971724
24.188500 145.383206410 0.545637829 1.414705549 -0.004524661 0.003675067 0.004693467 0.999971996
24.263500 145.397216512 0.543546360 1.417385686 -0.004575867 0.003546986 0.004744837 0.999971983
24.388500 145.402378974 0.544250689 1.418726537 -0.004473106 0.003481480 0.004539351 0.999973632
24.488500 145.415775314 0.542905155 1.418080506 -0.004566366 0.003603359 0.004732259 0.999971885
24.578778 145.425792261 0.543702400 1.417923952 -0.004610648 0.003027837 0.004782750 0.999973349
24.689889 145.450430706 0.547552677 1.414847215 -0.004665390 0.002687168 0.004605954 0.999974899
24.776000 145.461035966 0.548842296 1.411743325 -0.004661953 0.002877168 0.004575352 0.999974527
24.867667 145.478460768 0.548552423 1.411153974 -0.004574962 0.002842281 0.004662908 0.999974624
24.989889 145.498544777 0.546872346 1.411680762 -0.004649288 0.003035236 0.004646391 0.999973791
25.078778 145.507671791 0.550338629 1.412372882 -0.004600604 0.003118805 0.004566429 0.999974127
25.176000 145.525323970 0.549048118 1.413989932 -0.004620950 0.002912160 0.004649953 0.999974272
25.278778 145.561987177 0.549455253 1.414698909 -0.004607753 0.002757308 0.004577837 0.999975104
25.401000 145.600979578 0.552708531 1.414910029 -0.004544468 0.002474239 0.004637879 0.999975858
25.467667 145.600406549 0.553359936 1.415056648 -0.004536522 0.002457221 0.004646655 0.999975895
25.578778 145.696192254 0.554412351 1.415362406 -0.004729037 0.001116498 0.004508201 0.999978033
25.701000 145.756852497 0.555836931 1.415684742 -0.004693704 0.001282770 0.004606151 0.999977553
25.767667 145.752480077 0.556057026 1.415690022 -0.004675762 0.001278149 0.004613064 0.999977611
25.863500 145.910158429 0.559503105 1.414708616 -0.004711769 0.000696173 0.004273495 0.999979526
25.972429 146.032073976 0.561649860 1.413301800 -0.004647903 0.001014274 0.004105165 0.999980258
26.072429 146.141979916 0.562126179 1.412916664 -0.004524305 0.000765416 0.004100352 0.999981066
26.201000 146.288484422 0.565707727 1.414657202 -0.004485077 0.000521943 0.003857036 0.999982367
26.267667 146.277849902 0.565934853 1.414794411 -0.004469721 0.000494152 0.003869621 0.999982402
26.381000 146.645610652 0.568435169 1.416952010 -0.004194378 -0.000510989 0.003504629 0.999984932
26.461000 146.745558881 0.565108719 1.419363559 -0.004156659 -0.000494470 0.003472840 0.999985208
26.551000 146.944171991 0.569459416 1.419849454 -0.004493318 -0.000773251 0.003323139 0.999984084
26.701000 147.254083444 0.577487204 1.418758562 -0.004542546 -0.000871343 0.002776482 0.999985448
26.794656 147.245860559 0.577441651 1.418934990 -0.004546128 -0.000870125 0.002809027 0.999985342
26.894656 147.829864850 0.573086159 1.416217137 -0.003976755 -0.001212843 0.002545550 0.999988117
27.012094 147.902634929 0.568082826 1.419704308 -0.003806183 -0.000949040 0.002494624 0.999989195
27.112043 148.082652601 0.573030830 1.423024825 -0.003753671 -0.000861611 0.002514757 0.999989422
27.201000 148.334538629 0.586477668 1.426282805 -0.004332168 -0.001351319 0.002255882 0.999987159
27.300899 148.357607059 0.586620942 1.426501054 -0.004376444 -0.001333156 0.002163956 0.999987193
27.384333 149.215309757 0.591353743 1.426542402 -0.003967778 -0.002058438 0.001737558 0.999988500
27.512092 149.513736518 0.593727296 1.425035755 -0.003630408 -0.001542674 0.000512737 0.999992089
27.600807 149.489680648 0.594456873 1.425288354 -0.003629956 -0.001521628 0.000485197 0.999992136
27.701000 150.247673355 0.598159465 1.428387258 -0.003785113 -0.001499229 0.000049483 0.999991711
27.794904 150.265825224 0.600163689 1.427904541 -0.003814733 -0.001472923 0.000026561 0.999991639
27.901000 151.174009587 0.604857475 1.432686370 -0.003444107 -0.001759994 -0.000853805 0.999992156
28.001000 151.641365237 0.603260395 1.435830662 -0.003501134 -0.001311533 -0.001278471 0.999992194
28.100820 151.645647382 0.602237217 1.435676456 -0.003511991 -0.001305084 -0.001327321 0.999992100
28.200811 152.762045936 0.604999340 1.442023192 -0.004891324 0.000468988 -0.002071540 0.999985782
28.301000 153.235489267 0.593972087 1.442943882 -0.003885177 -0.000050315 -0.002389945 0.999989595
28.400799 153.212729400 0.593598717 1.443444839 -0.003871234 -0.000061471 -0.002291784 0.999989879
28.500894 154.529571423 0.592523298 1.445411237 -0.004164441 0.000657482 -0.003482233 0.999985049
28.601000 154.972499198 0.586448370 1.444287793 -0.004002295 0.000682753 -0.004090559 0.999983391
28.700883 154.936868388 0.584869499 1.444077776 -0.004059127 0.000712586 -0.003931358 0.999983780
28.801000 156.190517979 0.578144952 1.449920972 -0.003936251 0.000727121 -0.005248165 0.999978217
28.900707 156.177400298 0.578784962 1.449610809 -0.003977281 0.000780190 -0.005203731 0.999978247
29.001000 157.375775439 0.556201000 1.450340264 -0.003344593 0.000811930 -0.005676866 0.999977964
29.101000 158.036704532 0.535900317 1.451944814 -0.003421443 0.000690670 -0.005364550 0.999979519
29.201000 158.556368634 0.516856619 1.451757336 -0.003923346 0.000682830 -0.004801097 0.999980545
29.300786 158.555379876 0.516731248 1.452058911 -0.003860872 0.000683127 -0.004801966 0.999980784
29.401000 159.927837370 0.514843748 1.456315230 -0.003301422 0.000376155 -0.005764231 0.999977866
29.500808 159.927593633 0.514646436 1.456714177 -0.003297796 0.000391451 -0.005785167 0.999977751
29.600815 161.412103157 0.538584194 1.463918466 -0.002807733 0.001865661 -0.006602072 0.999972524
29.700727 162.062389416 0.525045773 1.465739747 -0.003647413 0.002373617 -0.007613316 0.999961549
29.800910 162.762946365 0.512817470 1.466156150 -0.003612159 0.003225698 -0.007729921 0.999958397
29.900730 163.523667622 0.482912319 1.467928499 -0.003231057 0.003659687 -0.006945442 0.999963963
30.001000 164.382617072 0.466897160 1.468071121 -0.003560581 0.003534343 -0.006790763 0.999964357
30.100820 164.373039117 0.469322816 1.468621814 -0.003529616 0.003545255 -0.006739011 0.999964779
30.200908 166.089706488 0.471332467 1.469099596 -0.004002416 0.002976290 -0.006006442 0.999969522
30.300816 166.754058603 0.430447685 1.467472080 -0.003674372 0.003136859 -0.006037690 0.999970102
30.400734 167.515819971 0.424459678 1.470089401 -0.003394729 0.002941753 -0.006189203 0.999970757
30.500733 168.355935954 0.425693323 1.473393403 -0.003814356 0.002896670 -0.006027660 0.999970363
30.600823 169.143225420 0.422530208 1.474065227 -0.003635660 0.002735203 -0.005893619 0.999972283
30.701000 169.865823850 0.425971575 1.474624427 -0.002762350 0.003265894 -0.005827476 0.999973872
30.801000 170.582246497 0.429311904 1.474626011 -0.002156194 0.003757898 -0.005131196 0.999977450
30.900911 170.578253580 0.428670722 1.474679683 -0.002134698 0.003763600 -0.005110201 0.999977582
31.000730 172.163295557 0.462488506 1.475555611 -0.000478394 0.005075002 -0.001845804 0.999985304
31.100734 172.884602299 0.461592651 1.474378139 -0.000949273 0.004981660 -0.003210400 0.999981987
31.200911 173.629040361 0.449148643 1.475078562 -0.000401634 0.005399918 -0.001836147 0.999983654
31.295572 174.339674888 0.439196364 1.475258156 0.000031296 0.005112055 0.000349820 0.999986872
31.391000 175.069587443 0.441047753 1.479194441 0.000102617 0.004890432 0.002806718 0.999984098
31.501000 175.880969468 0.450230425 1.480711756 -0.000287484 0.004888805 0.005723666 0.999971628
31.578778 175.871280838 0.453621325 1.481299845 -0.000272449 0.004897601 0.005711672 0.999971658
31.671000 177.385899970 0.525868782 1.477726199 0.000022915 0.006023893 0.013035626 0.999896887
31.801000 178.264588500 0.529127760 1.476794736 0.000227706 0.005902065 0.012597288 0.999903206
31.900733 178.243784469 0.524153770 1.477818327 0.000156333 0.005984543 0.012551156 0.999903310
32.000733 179.944754956 0.623840102 1.477974688 0.001992812 0.006189054 0.021670738 0.999744019
32.100822 180.510981595 0.598326811 1.476430492 0.002694303 0.005497977 0.020775066 0.999765427
32.200906 181.165265677 0.605258363 1.475763217 0.003292169 0.004819405 0.023992230 0.999695107
32.300782 181.839826515 0.642181905 1.479962658 0.003048727 0.004498016 0.027034120 0.999619742
32.400645 182.544072313 0.666159496 1.480482727 0.002897543 0.004099348 0.031932053 0.999477435
32.495560 183.195169514 0.719485451 1.484661369 0.003385582 0.004055137 0.035528215 0.999354712
32.601000 184.005331930 0.810446764 1.488555673 0.002679183 0.005079724 0.038338860 0.999248293
32.686714 184.006386140 0.810897047 1.488817920 0.002636309 0.005093253 0.038355057 0.999247716
32.801000 185.448320478 0.971189250 1.490364544 0.001110861 0.007499771 0.042799460 0.999054916
32.900600 185.453016845 0.972281871 1.490971864 0.001051134 0.007563614 0.042844961 0.999052549
33.000873 187.009134691 1.224321708 1.483661199 -0.001252495 0.010224901 0.049071239 0.998742157
33.100611 187.555485877 1.260512945 1.481628036 -0.001565389 0.008701926 0.045951468 0.998904544
33.200733 188.173520941 1.282033779 1.481034082 -0.002548038 0.007646858 0.046718404 0.998875580
33.300857 188.839549035 1.331368254 1.476351422 -0.003213010 0.006816209 0.047951263 0.998821251
33.400857 189.503986569 1.391503340 1.471972551 -0.004023877 0.006212400 0.048664782 0.998787742
33.500554 190.142266191 1.462262890 1.470537688 -0.004329215 0.005902879 0.049175054 0.998763349
33.601000 190.780522888 1.531440465 1.473544448 -0.004572380 0.005703717 0.049044818 0.998769827
33.700707 190.768879764 1.534888168 1.473913828 -0.004579063 0.005740550 0.049039148 0.998769863
33.800721 192.390425504 1.801976140 1.473440969 -0.005467020 0.004450267 0.047843888 0.998829950
33.901000 193.034376269 1.835493216 1.475378923 -0.006120103 0.003963899 0.047038273 0.998866474
34.000595 193.019601332 1.824823399 1.475419635 -0.006153546 0.004035286 0.046988079 0.998868345
34.100734 194.417808177 1.958316509 1.479527778 -0.008901197 0.003467322 0.042421270 0.999054144
34.200598 194.905924415 1.966757099 1.481525865 -0.009308464 0.004676171 0.041089497 0.999101166
34.300862 195.464038722 1.981127254 1.482658276 -0.010651768 0.005997154 0.038821689 0.999171382
34.400715 196.034506551 2.015206879 1.484658842 -0.010821570 0.007184159 0.035810947 0.999274165
34.500576 196.590841791 2.038464117 1.489213975 -0.010613595 0.007555947 0.032847165 0.999375466
34.600852 197.138045902 2.065884946 1.492051100 -0.011329038 0.006856003 0.029824418 0.999467434
34.701000 197.811716397 2.144251226 1.486883867 -0.011953954 0.005808949 0.025036431 0.999598187
34.800848 197.808234767 2.143444984 1.486144340 -0.011944805 0.005823581 0.025024408 0.999598513
34.900844 199.023456652 2.217144321 1.478175762 -0.012607961 0.004196923 0.013564927 0.999819693
35.000693 199.579975401 2.255817655 1.483765770 -0.012121125 0.004149418 0.011701998 0.999849451
35.100687 200.071264289 2.242969448 1.492003163 -0.012835352 0.003743192 0.006459127 0.999889755
35.201000 200.526218883 2.239222076 1.497939810 -0.012694548 0.003159660 0.000874571 0.999914046
35.300518 200.515562740 2.240231412 1.497654059 -0.012707115 0.003171277 0.000951816 0.999913779
35.401000 201.391844058 2.216418585 1.505945120 -0.010636926 0.002125712 -0.008483270 0.999905181
35.501000 201.790878724 2.207485716 1.505907686 -0.009711597 0.002386167 -0.012573177 0.999870945
35.600555 201.797198711 2.205720717 1.505669102 -0.009705524 0.002382294 -0.012610689 0.999870541
35.700662 202.661488925 2.184656889 1.507541086 -0.012579102 0.005410529 -0.024709097 0.999600897
35.801000 203.086808695 2.172417157 1.515517985 -0.012597409 0.005700947 -0.025391861 0.999581942
35.900870 203.072720904 2.170875216 1.516872267 -0.012600834 0.005754965 -0.025313928 0.999583565
36.000660 203.945618240 2.094850886 1.530782058 -0.007665558 0.006613448 -0.036095754 0.999297052
36.100480 204.238943628 2.069525592 1.530923824 -0.007300180 0.006282795 -0.036365595 0.999292138
36.200669 204.556528545 2.034420031 1.530485295 -0.007480195 0.006037951 -0.040039221 0.999151866
36.300496 204.937864232 1.997738261 1.526470035 -0.008891934 0.005403426 -0.044030232 0.998976013
36.401000 205.361029855 1.957480504 1.520472851 -0.009232406 0.004598401 -0.047295794 0.998827675
36.500836 205.357283487 1.958032372 1.520413273 -0.009235637 0.004615354 -0.047279481 0.998828340
36.600843 206.124752944 1.879692271 1.521977124 -0.008064418 0.004615523 -0.054058711 0.998494526
36.700843 206.407159911 1.854805632 1.529646527 -0.008011859 0.005404648 -0.054833067 0.998448764
36.800850 206.703305077 1.818462575 1.535417951 -0.007878568 0.006238296 -0.056840728 0.998332682
36.900561 207.053957656 1.779824034 1.536406015 -0.008224891 0.006159558 -0.059975959 0.998146931
37.000554 207.322077654 1.739809223 1.533251023 -0.008259619 0.005589835 -0.061562647 0.998053392
