1.598436 0.000042035 -0.000641554 0.000566795 -0.000080407 -0.001030326 -0.000265491 0.999999431
1.694750 0.809855611 -0.000387217 0.019780975 -0.000283757 -0.002954465 -0.000834618 0.999995247
1.801000 1.448299794 -0.000751579 0.026949823 -0.000362742 -0.001570418 -0.000751637 0.999998419
1.901000 1.986898158 -0.001114422 0.027282932 -0.000599172 -0.001349486 -0.000816879 0.999998576
1.991625 1.989366503 -0.000693240 0.028066715 -0.000658450 -0.001348070 -0.000808295 0.999998548
2.101000 2.801721470 0.005833384 0.039614840 -0.001757637 -0.001505133 -0.000816616 0.999996989
2.192429 2.797391545 0.005505136 0.039463092 -0.001748765 -0.001496342 -0.000811090 0.999997022
2.301000 3.451726433 0.010327271 0.054749110 -0.001665168 -0.001956626 -0.000877916 0.999996314
2.392176 3.452049165 0.009266226 0.054697478 -0.001657533 -0.001949188 -0.000875215 0.999996344
2.498059 4.472874405 0.012009720 0.078548273 -0.002133821 -0.003103383 -0.001057177 0.999992349
2.601000 4.727780772 0.011396434 0.076927231 -0.002051175 -0.002726620 -0.001017729 0.999993661
2.690655 4.717332413 0.010974894 0.077202719 -0.002099669 -0.002730093 -0.000997426 0.999993572
2.796833 5.543350275 0.017525046 0.081891043 -0.004107461 -0.002760011 -0.001632318 0.999986423
2.883353 5.708943828 0.023653937 0.087056838 -0.003539308 -0.002692648 -0.001448617 0.999989062
2.984333 5.963109043 0.022837511 0.098192201 -0.003623852 -0.003009307 -0.001948405 0.999987008
3.096803 6.348417394 0.024388386 0.108106603 -0.003439109 -0.003717967 -0.002421891 0.999984242
3.201000 6.732453763 0.023827008 0.111623572 -0.003293462 -0.004587595 -0.002751879 0.999980267
3.300703 6.735205196 0.023216108 0.111852900 -0.003292852 -0.004588592 -0.002759658 0.999980243
3.400703 7.862733322 0.017690641 0.125817841 -0.003507346 -0.005744963 -0.004312368 0.999968048
3.500700 8.067372006 0.017056833 0.130289465 -0.002895719 -0.005407563 -0.004156933 0.999972546
3.600793 8.190360186 0.014660004 0.137605517 -0.002449877 -0.005811157 -0.004305255 0.999970846
3.700794 8.438737807 0.011315466 0.146711103 -0.002209404 -0.006345170 -0.004583987 0.999966922
3.800900 8.850781081 0.008730381 0.154261534 -0.001818907 -0.006648726 -0.005060032 0.999963440
3.900707 9.340514211 0.010890912 0.162966545 -0.001955727 -0.006841687 -0.005439575 0.999959888
4.000909 9.808623090 0.009119370 0.171900485 -0.002163193 -0.006914222 -0.005781484 0.999957043
4.100818 10.218786833 0.003455205 0.177001285 -0.001869583 -0.006982768 -0.005905240 0.999956436
4.200719 10.587878604 -0.005739265 0.183924668 -0.000885648 -0.007313945 -0.006130005 0.999954071
4.316483 10.579902196 -0.019469110 0.183540732 -0.000505898 -0.007447055 -0.005477793 0.999957139
4.401000 11.015920045 -0.024066617 0.197509994 0.000236099 -0.007699484 -0.006367779 0.999950056
4.501000 11.731645857 -0.025338811 0.214049063 0.000129398 -0.007118058 -0.006732852 0.999951991
4.600904 11.753712356 -0.024305880 0.214918411 0.000144983 -0.007124482 -0.006712549 0.999952080
4.701000 12.946782266 -0.030761185 0.230838001 -0.000531689 -0.006204021 -0.007165898 0.999954938
4.800729 12.942875057 -0.030753155 0.231694906 -0.000513275 -0.006184129 -0.007137223 0.999955276
4.901000 13.906311538 -0.048493092 0.244231906 0.000215822 -0.005485010 -0.007121910 0.999959572
5.000730 13.901785449 -0.047369055 0.244918521 0.000244411 -0.005459872 -0.007120634 0.999959713
5.100823 15.321038992 -0.063665398 0.264545216 -0.000539632 -0.004578334 -0.006594999 0.999967626
5.201000 15.635646142 -0.059154452 0.270775987 -0.000100833 -0.005811526 -0.006541278 0.999961713
5.298297 15.614614566 -0.057894441 0.271836627 -0.000082695 -0.005788593 -0.006543625 0.999961832
5.397875 16.840850972 -0.054384192 0.297739133 -0.001316450 -0.006374158 -0.005643327 0.999962894
5.498917 17.312530858 -0.062147794 0.292369718 -0.001594667 -0.005014425 -0.005538989 0.999970816
5.598500 17.787216958 -0.073965719 0.288288538 -0.002224873 -0.003837972 -0.005141633 0.999976941
5.696455 18.377914056 -0.081259338 0.295420562 -0.002244538 -0.003162351 -0.004693668 0.999981465
5.801000 19.106007533 -0.084221650 0.312896685 -0.000587004 -0.003327920 -0.004537002 0.999983998
5.898872 19.108884208 -0.084466200 0.313696265 -0.000577444 -0.003278162 -0.004536380 0.999984171
6.001000 20.539713612 -0.077460524 0.329219617 -0.001117382 -0.004227474 -0.004227225 0.999981505
6.101000 21.264759292 -0.081565446 0.329635251 -0.000774012 -0.003672486 -0.004035636 0.999984814
6.199438 21.263742247 -0.081162026 0.330425732 -0.000759326 -0.003642549 -0.004041555 0.999984910
6.299438 23.409166640 -0.107308110 0.331573529 0.003605493 0.000924212 -0.003817928 0.999985785
6.400882 24.005432175 -0.122350218 0.332940475 0.005813955 0.001134868 -0.003522549 0.999976251
6.500718 24.404661318 -0.132212085 0.356272554 0.006140717 0.001538139 -0.003039278 0.999975344
6.601000 24.899210989 -0.129666823 0.355917517 0.005769519 0.001537318 -0.002972148 0.999977758
6.701000 25.627927503 -0.122109620 0.342999142 0.007438419 0.000860941 -0.002911203 0.999967726
6.801000 26.533619970 -0.122214542 0.331556442 0.009234689 0.001191508 -0.002930170 0.999952356
6.890474 26.551967879 -0.123754502 0.332384773 0.009229849 0.001208513 -0.002896110 0.999952480
6.994333 29.047107744 -0.114835975 0.329799305 0.005335331 0.001993252 -0.003311777 0.999978296
7.094548 29.909714923 -0.108551857 0.337044292 0.005927143 0.000227197 -0.002324131 0.999979708
7.194750 30.501542970 -0.134120625 0.360767606 0.006754364 -0.003181755 -0.002287314 0.999969511
7.291625 31.022944113 -0.139116453 0.373147757 0.006114803 -0.005928222 -0.002689295 0.999960116
7.401000 31.722639441 -0.135401092 0.380396158 0.003415893 -0.004723480 -0.003124174 0.999978130
7.467667 31.720237357 -0.134021439 0.380867210 0.003405363 -0.004676209 -0.003142282 0.999978331
7.600885 33.687582809 -0.124569145 0.411711968 0.001487946 -0.000330819 -0.003627097 0.999992260
7.700740 34.622644138 -0.124174326 0.413894769 0.003239359 0.000443549 -0.003452089 0.999988696
7.800863 35.476669279 -0.133420137 0.412749199 0.004244589 0.001007205 -0.003626291 0.999983909
7.901000 36.311882653 -0.141536876 0.425543478 0.004101727 -0.000986725 -0.003513810 0.999984928
8.000600 36.302299502 -0.141829447 0.426221004 0.004091456 -0.000944202 -0.003518705 0.999984993
8.100618 38.574657855 -0.155081045 0.468683225 0.003261846 -0.004723500 -0.003934099 0.999975786
8.200881 39.393274372 -0.149581674 0.464172782 0.003027084 -0.002256194 -0.003734987 0.999985898
8.300886 40.113697164 -0.140574825 0.462262138 0.002122194 0.000499666 -0.003965175 0.999989762
8.400884 40.830138298 -0.142035902 0.472251952 0.002463637 0.002125740 -0.004068139 0.999986431
8.501000 41.630800198 -0.155049348 0.486936177 0.003733122 0.001312319 -0.003722509 0.999985242
8.600669 41.631547054 -0.155027727 0.487121598 0.003727490 0.001389306 -0.003750050 0.999985056
8.701000 43.444534149 -0.172152486 0.502807119 0.003969624 0.000034080 -0.002655447 0.999988595
8.800730 43.455677646 -0.170532809 0.502218339 0.003976345 0.000106471 -0.002640118 0.999988603
8.900882 46.022680167 -0.169485237 0.525907820 -0.001065807 0.001202476 -0.001669585 0.999997315
9.001000 46.925702469 -0.138376663 0.516540835 -0.001925031 0.001230947 -0.000976675 0.999996913
9.100900 46.906509600 -0.140504134 0.519542383 -0.002021009 0.001315265 -0.001074533 0.999996515
9.201000 48.605233554 -0.112337888 0.517596086 -0.005459493 -0.000342705 -0.000363840 0.999984972
9.300900 48.587444036 -0.112985608 0.519034288 -0.005545196 -0.000293394 -0.000410969 0.999984498
9.401000 50.294014972 -0.118232364 0.539409711 -0.005748579 -0.000597913 0.000109640 0.999983292
9.501000 51.198704654 -0.120040793 0.550665362 -0.005648001 0.000045701 0.000375660 0.999983978
9.600715 51.197935818 -0.119853561 0.550871706 -0.005646196 0.000072078 0.000345025 0.999983998
9.701000 53.123920806 -0.104756440 0.564705122 -0.004736929 -0.000470778 0.000992937 0.999988177
9.800888 53.138607685 -0.105731550 0.564659957 -0.004774437 -0.000443896 0.001004908 0.999987999
9.912041 54.729684281 -0.097134510 0.565756628 -0.005551899 -0.001571326 0.001638050 0.999982012
10.000896 54.711677891 -0.090763821 0.569260011 -0.005519962 -0.001489834 0.001582953 0.999982402
10.100893 56.528857268 -0.047768064 0.601659979 -0.005801523 -0.005081064 0.001596146 0.999968988
10.201000 57.519965219 -0.045425081 0.617620216 -0.006411611 -0.002658615 0.001949690 0.999974011
10.276000 57.526233551 -0.046780207 0.618662995 -0.006479454 -0.002655687 0.001923497 0.999973632
10.394750 59.984517375 -0.030729026 0.657621537 -0.005937471 -0.001030336 0.002448170 0.999978845
10.488500 61.203674304 -0.024569269 0.662420195 -0.006117990 -0.002011267 0.002694985 0.999975631
10.584333 62.411964806 -0.015302799 0.662355096 -0.006593734 -0.001874125 0.002945899 0.999972166
10.691000 63.688286193 -0.003874545 0.672138637 -0.006656035 -0.001369882 0.003016369 0.999972361
10.798508 64.840564875 0.006488213 0.690765766 -0.006691300 -0.001446863 0.003093388 0.999971782
10.901000 65.810364754 0.020798146 0.706726906 -0.006579947 -0.001492292 0.003251784 0.999971951
11.000775 65.788960678 0.019577248 0.706418739 -0.006549030 -0.001408355 0.003258041 0.999972256
11.101000 67.778838194 0.049724584 0.722696324 -0.005492265 -0.000751326 0.003344365 0.999979043
11.201000 68.800944930 0.059343853 0.727984800 -0.004632147 -0.000946075 0.003201505 0.999983699
11.301000 69.883057807 0.059487448 0.736202076 -0.004484321 -0.000708258 0.003259117 0.999984384
11.401000 70.990550787 0.064376812 0.750035571 -0.004318153 0.000037769 0.003107426 0.999985848
11.501000 72.107664024 0.078608993 0.758764356 -0.004243131 0.000577874 0.003153582 0.999985858
11.601000 73.206912614 0.097417575 0.769606415 -0.004476862 0.000584034 0.003123288 0.999984931
11.700902 73.206956902 0.097215819 0.769297365 -0.004469902 0.000620761 0.003108639 0.999984985
11.800810 75.734303056 0.141326028 0.786340353 -0.005427185 0.001324516 0.002617983 0.999980969
11.900908 76.697572241 0.152823000 0.791300779 -0.005422544 0.001439543 0.002994012 0.999979780
12.000817 77.642427677 0.150575324 0.799665316 -0.005746305 0.001534124 0.003027462 0.999977730
12.100729 78.619739855 0.158078192 0.810675800 -0.005427010 0.001590660 0.002843676 0.999979965
12.200821 79.673293442 0.176437964 0.815054393 -0.005871064 0.001410867 0.002698980 0.999978128
12.301000 80.780918264 0.191155107 0.824437370 -0.006081607 0.001472847 0.002349946 0.999977661
12.400819 80.793258995 0.191736857 0.824597613 -0.006116779 0.001505662 0.002330035 0.999977444
12.500910 83.256696212 0.219495089 0.837962808 -0.006586621 0.002972162 0.000795466 0.999973575
12.601000 84.238798715 0.221904572 0.847429835 -0.006161341 0.002114375 0.001542834 0.999977593
12.700906 84.228732353 0.221645130 0.848876397 -0.006169995 0.002167060 0.001499561 0.999977493
12.801000 86.210917263 0.220276991 0.864150513 -0.005780207 0.002974840 0.001024530 0.999978345
12.900910 86.202223788 0.223301474 0.864873030 -0.005798147 0.003001751 0.000992386 0.999978193
13.000721 88.424338839 0.222118837 0.883560685 -0.005543868 0.001729810 -0.000376350 0.999983066
13.101000 89.448375119 0.233369383 0.885649416 -0.005763915 0.002017639 0.000023539 0.999981353
13.201000 90.450366420 0.253365944 0.891466531 -0.005923234 0.002494194 -0.000138168 0.999979337
13.301000 91.441204300 0.253781841 0.898196747 -0.006142614 0.002872626 -0.000385737 0.999976933
13.400695 91.441961860 0.255813721 0.898898336 -0.006176426 0.002883745 -0.000432553 0.999976674
13.500795 93.687199753 0.254801634 0.918024699 -0.006769151 0.001611551 -0.001538226 0.999974607
13.600791 94.674634499 0.258518394 0.923994423 -0.006941561 0.001274644 -0.001082346 0.999974509
13.700783 95.631414368 0.270569709 0.921675440 -0.006925104 0.002159355 -0.001446557 0.999972643
13.801000 96.599145008 0.265880939 0.925364023 -0.006797903 0.003852842 -0.001528075 0.999968304
13.900800 96.597693177 0.268004534 0.925976417 -0.006844988 0.003894880 -0.001534670 0.999967810
14.000690 98.745458128 0.250501034 0.937529201 -0.005072470 0.004057903 -0.001679110 0.999977492
14.100706 99.693777530 0.252586795 0.950889004 -0.004831843 0.003226904 -0.001280592 0.999982300
14.200705 100.617314202 0.257221845 0.959142566 -0.004581420 0.002540126 -0.001245662 0.999985503
14.300900 101.554510729 0.262859626 0.965616948 -0.004603456 0.002329343 -0.001031474 0.999986159
14.401000 102.538654071 0.267155262 0.969963359 -0.005257261 0.002456090 -0.000792470 0.999982850
14.501000 103.544307190 0.277432091 0.975385424 -0.005358033 0.002781410 -0.000588350 0.999981604
14.600816 103.550563629 0.276048065 0.975292349 -0.005354944 0.002773281 -0.000604920 0.999981634
14.700719 105.841980923 0.294425046 0.988205583 -0.005614081 0.004924356 -0.000168005 0.999972102
14.800910 106.643390488 0.293095090 0.986666166 -0.005736953 0.005014391 0.000084015 0.999970968
14.900909 107.423984606 0.290664870 0.991754206 -0.005847588 0.005205280 0.000666495 0.999969133
15.000810 108.276186109 0.287530173 0.992701126 -0.005122557 0.004898518 0.001074313 0.999974305
15.100902 109.214487540 0.292113050 0.997922211 -0.004260942 0.004979701 0.001143461 0.999977869
15.201000 110.199926542 0.304177895 0.999023733 -0.004097491 0.004768462 0.001317149 0.999979369
15.300733 110.210302491 0.304054138 0.999701277 -0.004078176 0.004802216 0.001273931 0.999979342
15.401000 112.151975502 0.320882962 1.004743611 -0.004409887 0.002999112 0.001873754 0.999984024
15.501000 113.093310033 0.327911242 1.012089454 -0.004254968 0.002768515 0.002023576 0.999985068
15.600822 113.094470678 0.327339285 1.012427712 -0.004251774 0.002824829 0.002016445 0.999984938
15.700821 115.370833179 0.348347902 1.036339508 -0.006154636 0.004268346 0.002075524 0.999969796
15.800729 116.106265165 0.360820350 1.023919339 -0.005564697 0.004746138 0.002045713 0.999971161
15.901000 116.795201093 0.364445021 1.021146785 -0.005064455 0.005186472 0.002388196 0.999970874
16.000820 116.787231386 0.364029377 1.022786405 -0.005074698 0.005211658 0.002367335 0.999970740
16.101000 118.281929293 0.372420932 1.029229976 -0.004505796 0.006572914 0.002151834 0.999965932
16.200704 118.294944872 0.371508569 1.029967548 -0.004504826 0.006599066 0.002195889 0.999965668
16.300900 120.245311585 0.391676827 1.045056628 -0.004527101 0.007301976 0.002139713 0.999960803
16.400821 121.171061697 0.400855083 1.044442205 -0.004803541 0.006513871 0.002259894 0.999964694
16.500821 122.000727697 0.404810699 1.035260447 -0.004836382 0.006303171 0.002280789 0.999965838
16.600729 122.766139424 0.408504071 1.040858673 -0.004833633 0.006130817 0.002139678 0.999967235
16.700731 123.476643925 0.413559404 1.050123748 -0.004789575 0.005910370 0.001856601 0.999969340
16.800907 124.178693175 0.420734427 1.057278055 -0.005185968 0.006516947 0.001821805 0.999963657
16.900797 124.851003410 0.426697948 1.057740775 -0.005819079 0.007227222 0.001518599 0.999955799
17.000796 125.521850183 0.430748021 1.054760667 -0.005764771 0.007467859 0.001447372 0.999954451
17.101000 126.187665036 0.435490238 1.059895550 -0.005433188 0.007736151 0.001328216 0.999954433
17.200786 126.189748866 0.435758856 1.060543242 -0.005428601 0.007751882 0.001339351 0.999954321
17.300688 127.663037289 0.448961458 1.070080491 -0.005383127 0.007392430 0.000705352 0.999957937
17.400808 128.172794434 0.451643690 1.070245460 -0.005277208 0.006865937 0.000855613 0.999962138
17.499430 128.607986362 0.455197219 1.070283845 -0.005531689 0.006774717 0.000850405 0.999961389
17.576000 128.962182832 0.456762977 1.069677833 -0.005152987 0.006440076 0.000857739 0.999965618
17.701000 129.555334857 0.456672341 1.070115067 -0.004540137 0.005450354 0.001188214 0.999974134
17.761000 129.561254291 0.457285820 1.070440938 -0.004537204 0.005464992 0.001178633 0.999974079
17.901000 130.588755937 0.472365480 1.079256213 -0.004765300 0.004055678 0.001994077 0.999978433
17.951000 130.598968076 0.471481455 1.079577210 -0.004763158 0.004065809 0.001964819 0.999978460
18.101000 131.680869357 0.485582463 1.086449049 -0.005030105 0.004380533 0.002757000 0.999973954
18.201000 132.222573582 0.494439372 1.086216307 -0.005076652 0.004926951 0.003114620 0.999970126
18.301000 132.737415628 0.502380442 1.085232630 -0.005432113 0.005526618 0.003436525 0.999964069
18.376000 132.735617276 0.500646546 1.085294657 -0.005441204 0.005539837 0.003403899 0.999964058
18.476000 133.876467574 0.522892789 1.085965138 -0.006009538 0.006714873 0.003985436 0.999951455
18.598596 134.429663191 0.521025542 1.090460601 -0.006108661 0.006650060 0.003820623 0.999951931
18.701000 134.694292644 0.513088840 1.090226856 -0.006170023 0.006703915 0.003927775 0.999950779
18.801000 134.939413098 0.519215508 1.089994597 -0.005956974 0.006868887 0.004031236 0.999950540
18.900909 134.927729607 0.519877015 1.090466429 -0.005976152 0.006898146 0.004024519 0.999950251
19.000727 135.730020116 0.545735749 1.092815950 -0.006561704 0.007628112 0.003746342 0.999942359
19.100727 136.105684201 0.552242108 1.096848009 -0.007146102 0.007593488 0.003703001 0.999938778
19.200818 136.440179036 0.550625585 1.095641035 -0.007335822 0.007420351 0.003500120 0.999939435
19.300728 136.745582754 0.553514802 1.091851245 -0.007067975 0.007254531 0.003206062 0.999943567
19.400818 137.021531761 0.551458558 1.091553257 -0.006785719 0.007194952 0.003059155 0.999946413
19.501000 137.297209150 0.555247502 1.093731516 -0.006948058 0.006902868 0.002925634 0.999947756
19.600818 137.298590681 0.555047561 1.094111608 -0.006962361 0.006933869 0.002925770 0.999947442
19.700727 138.073112605 0.567462979 1.099186077 -0.007393265 0.005034114 0.002445161 0.999957008
19.800819 138.312841597 0.568647765 1.095939641 -0.007203818 0.005022144 0.002733270 0.999957705
19.900715 138.508829717 0.565392694 1.091065366 -0.007102858 0.004807434 0.002744454 0.999959452
20.000804 138.724602800 0.565084101 1.091650460 -0.007117423 0.004991712 0.002799756 0.999958292
20.100703 138.962418901 0.569391311 1.095859101 -0.006965747 0.004994387 0.003038841 0.999958649
20.200704 139.235710779 0.577012389 1.098680942 -0.007018436 0.005061670 0.003076511 0.999957827
20.300902 139.515615205 0.576995984 1.098532450 -0.006851904 0.005141202 0.003213781 0.999958145
20.401000 139.787935293 0.581835027 1.097341325 -0.006734442 0.004768941 0.003336129 0.999960387
20.501000 140.063595753 0.587367494 1.097010126 -0.006709834 0.004599227 0.003342568 0.999961325
20.572429 140.064013858 0.586974101 1.096957438 -0.006721088 0.004624639 0.003327833 0.999961182
20.667667 140.704874618 0.598875458 1.095012464 -0.007320478 0.004693557 0.003641383 0.999955560
20.767667 140.949457756 0.597055024 1.095851157 -0.007062375 0.004990532 0.003757923 0.999955547
20.901000 141.157016780 0.587662936 1.099582497 -0.006981336 0.005072825 0.003868976 0.999955278
20.993308 141.139689585 0.590656659 1.099977430 -0.007011911 0.005088178 0.003859687 0.999955022
21.101000 141.503357127 0.594029721 1.102207081 -0.006950283 0.005368949 0.004215968 0.999952546
21.187667 141.501678942 0.595675293 1.102670113 -0.006962998 0.005368608 0.004177696 0.999952620
21.279571 142.039049013 0.611446514 1.100689999 -0.006963992 0.005266597 0.004361498 0.999952370
21.383353 142.281140402 0.616911415 1.098928347 -0.006577324 0.005501087 0.004363860 0.999953716
21.486714 142.444229867 0.614172447 1.099789116 -0.006246839 0.005753752 0.004341523 0.999954510
21.585615 142.569773703 0.609795461 1.102904994 -0.005983935 0.005997617 0.004477735 0.999954084
21.682818 142.699232130 0.607799105 1.105539934 -0.005975024 0.006264957 0.004687049 0.999951539
21.801000 142.860111865 0.616479150 1.106119705 -0.006427926 0.006506877 0.004589129 0.999947640
21.881000 142.861762520 0.616547177 1.106920247 -0.006469606 0.006537787 0.004579469 0.999947214
21.991000 143.211079727 0.629197869 1.104612514 -0.007175747 0.006745333 0.004581919 0.999941006
22.091000 143.299599307 0.628562491 1.103858662 -0.006713366 0.006738257 0.004634126 0.999944024
22.178778 143.337132248 0.626027502 1.105733639 -0.006402426 0.006250552 0.004665274 0.999949086
22.301000 143.396109969 0.626734500 1.105624292 -0.006674483 0.005684528 0.004781031 0.999950138
22.378778 143.395107353 0.626162823 1.105677896 -0.006693473 0.005704896 0.004777454 0.999949912
22.467667 143.557094704 0.630100002 1.102945066 -0.007247721 0.005625388 0.004747542 0.999946642
22.571000 143.655647242 0.630555927 1.101195297 -0.006811388 0.005882249 0.004899250 0.999947499
22.689889 143.733845954 0.631952040 1.100930037 -0.006495635 0.005961652 0.004853112 0.999949355
22.767667 143.759938665 0.632894194 1.102190377 -0.006423616 0.005797501 0.004786549 0.999951106
22.889889 143.808802934 0.635132164 1.104622961 -0.006811572 0.005551587 0.004866775 0.999949547
22.989889 143.848846776 0.636312343 1.103896962 -0.006848321 0.005214136 0.004915029 0.999950877
23.078778 143.879094444 0.635589457 1.102118569 -0.006885059 0.005019714 0.004993256 0.999951232
23.201000 143.929562984 0.632474349 1.100688974 -0.006809807 0.005212951 0.004958760 0.999950930
23.263500 143.931400351 0.632593454 1.100648553 -0.006821057 0.005230069 0.004957331 0.999950771
23.376000 144.051579787 0.636561753 1.100135848 -0.006920097 0.005440418 0.004844004 0.999949524
23.488500 144.095153373 0.641672066 1.102065855 -0.006880569 0.005417972 0.004918522 0.999949554
23.601000 144.114999262 0.642565607 1.102173439 -0.006740690 0.005451575 0.004956335 0.999950138
23.701000 144.108983615 0.639544984 1.103002816 -0.006788022 0.005554823 0.004977908 0.999949142
23.758143 144.106665697 0.639795282 1.103113703 -0.006778679 0.005536554 0.004973138 0.999949331
23.886714 144.100422577 0.634488617 1.103558837 -0.006908928 0.005688660 0.004912033 0.999947888
23.958143 144.106425008 0.636809105 1.100216488 -0.006627083 0.005636848 0.005027283 0.999949516
24.088500 144.115306616 0.639204299 1.099061363 -0.006718374 0.005539143 0.004989426 0.999949642
24.188500 144.119423405 0.638756363 1.104236609 -0.006604213 0.005026530 0.004989040 0.999953113
24.263500 144.118513408 0.637263814 1.107237677 -0.006441906 0.004617143 0.005034127 0.999955920
24.388500 144.135532062 0.634431488 1.105742822 -0.006396060 0.004837047 0.004967412 0.999955508
24.488500 144.135335855 0.638799835 1.104371593 -0.006458251 0.004839914 0.004944438 0.999955208
24.578778 144.131819038 0.640034387 1.104976265 -0.006579951 0.004232829 0.005006115 0.999956862
24.689889 144.141353639 0.639686267 1.103187220 -0.006670992 0.003966244 0.005002701 0.999957369
24.776000 144.143684294 0.638807824 1.101506693 -0.006653953 0.004058464 0.005022671 0.999957012
24.867667 144.154583120 0.638315743 1.100953610 -0.006562301 0.004093958 0.005037205 0.999957400
24.989889 144.176094545 0.637712735 1.101114710 -0.006570785 0.004234206 0.005038620 0.999956753
25.078778 144.189809135 0.638719990 1.101681026 -0.006527342 0.004267743 0.005025071 0.999956963
25.176000 144.208003474 0.641787887 1.103034246 -0.006588422 0.004137276 0.005055359 0.999956959
25.278778 144.240637849 0.643545120 1.104083742 -0.006579866 0.003993037 0.005055394 0.999957601
25.401000 144.287451885 0.643304709 1.103351888 -0.006530455 0.003663145 0.005039163 0.999959270
25.467667 144.288629600 0.642828096 1.103525436 -0.006522886 0.003658652 0.005034421 0.999959360
25.578778 144.427208890 0.635898846 1.101606734 -0.006681840 0.002405343 0.004995200 0.999962307
25.701000 144.491358018 0.637939511 1.102722848 -0.006597252 0.002501647 0.004996531 0.999962626
25.767667 144.488081840 0.638106464 1.102922832 -0.006613299 0.002504827 0.005002047 0.999962484
25.863500 144.673072086 0.646138996 1.103665534 -0.006649057 0.002020652 0.004731986 0.999964657
25.972429 144.794264343 0.649967053 1.101329591 -0.006482307 0.002115511 0.004655209 0.999965916
26.072429 144.907199221 0.651294084 1.099430266 -0.006486888 0.002054219 0.004474727 0.999966838
26.201000 145.040938504 0.648870668 1.100145650 -0.006450399 0.001774508 0.004336843 0.999968217
26.267667 145.036180255 0.648073629 1.100420112 -0.006445256 0.001766369 0.004350477 0.999968205
26.381000 145.421262265 0.648684001 1.103578425 -0.006188904 0.000839909 0.003854822 0.999973066
26.461000 145.571723222 0.651131765 1.106350759 -0.006217881 0.000856885 0.003717348 0.999973392
26.551000 145.768133576 0.654463086 1.106273801 -0.006413774 0.000474684 0.003523317 0.999973112
26.701000 146.061227239 0.664698499 1.102386196 -0.006525809 0.000446516 0.003157692 0.999973621
26.794712 146.053523623 0.663986486 1.102548552 -0.006522964 0.000448806 0.003174083 0.999973587
26.894712 146.731640168 0.669585855 1.095776542 -0.005980689 0.000330369 0.002550568 0.999978808
27.012094 146.720521953 0.659067756 1.102071785 -0.005724139 0.000014408 0.002527152 0.999980424
27.112043 146.933162152 0.669644275 1.101436072 -0.005671238 0.000089181 0.002856934 0.999979833
27.201000 147.335020832 0.675835063 1.103377204 -0.006409132 0.000183142 0.002235068 0.999976947
27.300899 147.365892654 0.674738690 1.103681583 -0.006379101 0.000146622 0.002148319 0.999977335
27.384333 148.543829635 0.684573638 1.104029323 -0.006085357 -0.000313893 0.001178709 0.999980740
27.512092 148.801510849 0.672393460 1.098229695 -0.005730873 -0.000747462 -0.000183631 0.999983282
27.600807 148.753878438 0.675090018 1.100312978 -0.005744223 -0.000651981 0.000018364 0.999983289
27.701000 149.434673667 0.676294309 1.104755493 -0.005855635 0.000117415 0.000261143 0.999982815
27.794961 149.450352117 0.676329032 1.104363233 -0.005876386 0.000133328 0.000198323 0.999982705
27.901000 150.426562688 0.681242191 1.110898967 -0.005406220 -0.000090503 -0.000649776 0.999985171
28.001000 150.992875435 0.685682018 1.112984371 -0.005555386 0.000304345 -0.001146092 0.999983866
28.100820 151.000275692 0.684343241 1.113000788 -0.005573301 0.000321590 -0.001165893 0.999983738
28.200811 152.544921784 0.691488817 1.115081257 -0.006993201 0.002694618 -0.002504786 0.999968780
28.301000 153.049200857 0.686696505 1.114026865 -0.005926255 0.001529691 -0.003356110 0.999975638
28.400799 153.017615771 0.685612532 1.114150382 -0.005924226 0.001531831 -0.003174254 0.999976240
28.500894 154.289458200 0.672950018 1.112400197 -0.006272632 0.002858224 -0.004293438 0.999967025
28.601000 154.695887561 0.674525414 1.109248074 -0.006164404 0.002336169 -0.005105718 0.999965236
28.700883 154.673562856 0.674157941 1.110267604 -0.006190120 0.002340400 -0.005013057 0.999965537
28.801000 155.623743904 0.665029908 1.109353951 -0.006120314 0.002512260 -0.005470777 0.999963150
28.900707 155.616979631 0.664657676 1.110322341 -0.006102286 0.002512519 -0.005509590 0.999963046
29.001000 156.805884745 0.647599682 1.109948527 -0.005307448 0.002398670 -0.006281993 0.999963306
29.101000 157.529480406 0.641055600 1.111448742 -0.005429281 0.002308025 -0.006445547 0.999961825
29.201000 158.280227399 0.639497492 1.110847752 -0.005879033 0.002260841 -0.006818229 0.999956918
29.300786 158.284269075 0.637748229 1.111051728 -0.005881799 0.002259812 -0.006812152 0.999956945
29.401000 159.747718083 0.618947606 1.111382785 -0.005401534 0.001880481 -0.007087002 0.999958530
29.500808 159.740168478 0.619305743 1.111665528 -0.005396764 0.001908144 -0.007042877 0.999958815
29.600815 161.687834398 0.589847687 1.114532625 -0.005137443 0.004075187 -0.007339997 0.999951561
29.700727 162.316354172 0.574662692 1.112809768 -0.005989485 0.003884894 -0.008166199 0.999941172
29.800910 162.838335438 0.563332484 1.110391054 -0.005829685 0.004790726 -0.007926599 0.999940115
29.900730 163.354086193 0.561322819 1.109945694 -0.005506270 0.005347857 -0.007352834 0.999943507
30.001000 163.933098797 0.565568535 1.109954743 -0.005816755 0.005217520 -0.007319124 0.999942685
30.100820 163.938054839 0.566889050 1.110722747 -0.005785552 0.005244257 -0.007304446 0.999942833
30.200908 165.662727566 0.581070367 1.110204055 -0.006257829 0.005139373 -0.006593638 0.999945474
30.300816 166.420834655 0.555203487 1.104891815 -0.005934610 0.004730774 -0.007139218 0.999945714
30.400734 167.132441990 0.531991239 1.104979916 -0.005712457 0.004572756 -0.007169991 0.999947523
30.500733 167.825628739 0.523850842 1.106633155 -0.006111537 0.004494342 -0.006924711 0.999947248
30.600823 168.538480173 0.519534150 1.105830762 -0.005905099 0.004310585 -0.006712144 0.999950747
30.701000 169.271252148 0.511360920 1.103981648 -0.005047597 0.004888075 -0.005959283 0.999957557
30.801000 170.019562193 0.506588692 1.102311141 -0.004453929 0.005402527 -0.004950288 0.999963234
30.900911 170.022442007 0.506346809 1.102427235 -0.004479062 0.005421205 -0.004983862 0.999962854
31.000730 172.011026746 0.530553364 1.104943609 -0.002813553 0.007263927 -0.000778478 0.999969356
31.100734 172.740445365 0.496151787 1.098569674 -0.003647077 0.006439292 -0.001241719 0.999971846
31.200911 173.411430940 0.473824835 1.097609818 -0.002580023 0.006842927 0.000331496 0.999973204
31.295627 174.018980538 0.482104675 1.095547178 -0.002318476 0.006592465 0.002277286 0.999972989
31.391000 174.664381827 0.506194280 1.097986640 -0.002145992 0.006399192 0.004638276 0.999966465
31.501000 175.435779373 0.532538282 1.097723245 -0.002604218 0.006450590 0.007591345 0.999946988
31.578778 175.438079124 0.531372419 1.097915513 -0.002611696 0.006479834 0.007612747 0.999946617
31.671000 177.017684986 0.628017811 1.089386196 -0.002191463 0.007967145 0.015188472 0.999850505
31.801000 178.024694546 0.617401421 1.087447378 -0.002294699 0.007644305 0.015642698 0.999845791
31.900733 178.004132304 0.617171126 1.088467168 -0.002370637 0.007711072 0.015604270 0.999845701
32.000733 179.788754024 0.664718506 1.088174675 -0.000358360 0.008693126 0.024688882 0.999657321
32.100822 180.370472553 0.674796010 1.085323696 0.000214041 0.007310275 0.025114636 0.999657826
32.200906 180.933775451 0.705893854 1.083968687 0.000695157 0.006687115 0.028351353 0.999575410
32.300782 181.508650847 0.764795704 1.086068671 0.000574693 0.006350045 0.031481609 0.999483994
32.400645 182.094688603 0.845876737 1.084138508 0.000609748 0.005861177 0.034841950 0.999375462
32.495612 182.678577262 0.921271373 1.082713302 0.001192071 0.005799715 0.037906152 0.999263762
32.601000 183.399485733 0.987888836 1.083508944 0.000399367 0.006934859 0.040549999 0.999153365
32.686714 183.408703702 0.985596173 1.083632784 0.000395748 0.006943355 0.040545366 0.999153495
32.801000 184.838938373 1.117481775 1.084444061 -0.001345195 0.009428351 0.045113619 0.998936463
32.900600 184.852303820 1.114981396 1.084992035 -0.001356333 0.009477901 0.045125576 0.998935439
33.000873 186.769348600 1.351485780 1.077810334 -0.003782175 0.012648562 0.051159622 0.998603226
33.100611 187.490267782 1.357552799 1.076313156 -0.003999355 0.010418581 0.049986277 0.998687554
33.200733 188.081371673 1.379969696 1.073335124 -0.005150575 0.009495146 0.050854133 0.998647671
33.300857 188.640052803 1.451005951 1.065466274 -0.005722668 0.008644337 0.051017168 0.998643968
33.400857 189.206655464 1.548907266 1.058050487 -0.006380203 0.008026427 0.050665698 0.998663035
33.500554 189.811564396 1.644237165 1.054219783 -0.006629248 0.007635240 0.050462966 0.998674744
33.601000 190.442096942 1.728490274 1.054927306 -0.006958400 0.007518978 0.049757946 0.998708763
33.700707 190.441801650 1.730011169 1.055028800 -0.006912190 0.007534938 0.049725469 0.998710581
33.800721 192.036238881 1.957639397 1.055927628 -0.007841413 0.007068949 0.047188611 0.998830204
33.901000 192.679114340 1.946531632 1.056338495 -0.008327683 0.005748605 0.045992839 0.998890516
34.000595 192.668909103 1.946398629 1.055755898 -0.008340675 0.005793456 0.045943257 0.998892430
34.100734 194.151314682 2.034069726 1.056054457 -0.011314573 0.006091451 0.040953914 0.999078401
34.200598 194.613879989 2.091575880 1.052359068 -0.011678729 0.006431772 0.039319997 0.999137717
34.300862 195.056970718 2.151823628 1.050219814 -0.012917481 0.007831883 0.036292030 0.999227046
34.400715 195.514804396 2.201287032 1.050752387 -0.012957894 0.008934242 0.032778913 0.999338689
34.500576 196.019501925 2.243773258 1.056342857 -0.012692931 0.009345719 0.029037274 0.999454043
34.600852 196.561040718 2.286238104 1.058770532 -0.013386377 0.008543873 0.024950484 0.999562545
34.701000 197.112490366 2.320880990 1.050456722 -0.014016774 0.007479025 0.020672342 0.999660066
34.800848 197.121587476 2.316692222 1.050707566 -0.014010748 0.007529352 0.020604409 0.999661176
34.900844 198.561549029 2.373234254 1.038512012 -0.015034402 0.006801308 0.007644234 0.999834624
35.000693 199.091515418 2.334554440 1.044955005 -0.014320693 0.005778670 0.005829503 0.999863762
35.100687 199.530968717 2.302674140 1.056094277 -0.014920927 0.005342712 0.000595824 0.999874225
35.201000 199.926815245 2.294745910 1.060822461 -0.014809572 0.004733648 -0.004942821 0.999866910
35.300518 199.913201591 2.297558445 1.060906434 -0.014808700 0.004746235 -0.004894326 0.999867102
35.401000 200.686419711 2.284391735 1.064593923 -0.012793756 0.003719644 -0.014182446 0.999810653
35.501000 201.096174693 2.287706916 1.060102191 -0.011914800 0.004131266 -0.018907435 0.999741706
35.600555 201.104907419 2.284405774 1.060114441 -0.011922396 0.004143492 -0.018966107 0.999740454
35.700662 202.155700115 2.257183695 1.058882046 -0.014921489 0.007980377 -0.032603629 0.999325105
35.801000 202.575889349 2.222316316 1.071945460 -0.014894336 0.007400537 -0.033123249 0.999312885
35.900870 202.551762315 2.220235028 1.072660029 -0.014891224 0.007471067 -0.033008296 0.999316210
36.000660 203.504966441 2.084637658 1.096568041 -0.009876048 0.009130493 -0.044616729 0.998913633
36.100480 203.766763426 2.065997698 1.084431171 -0.009419844 0.007865568 -0.045116019 0.998906374
36.200669 203.977139585 2.055012355 1.073371465 -0.009678232 0.007650543 -0.048206436 0.998761203
36.300496 204.202828588 2.033086757 1.070507293 -0.011071093 0.006915468 -0.050800141 0.998623529
36.401000 204.484336454 2.001915529 1.071223565 -0.011369090 0.006117514 -0.052454253 0.998539870
36.500836 204.494574718 2.002324698 1.071262476 -0.011379109 0.006143754 -0.052469002 0.998538819
36.600843 205.276730000 1.905216939 1.083998578 -0.010451829 0.007049850 -0.057957008 0.998239472
36.700843 205.620328451 1.862558312 1.084142677 -0.010205634 0.006996982 -0.058419816 0.998215414
36.800850 205.891838783 1.830997078 1.081049275 -0.010078818 0.007820635 -0.059989393 0.998117492
36.900561 206.140404737 1.804351891 1.079793665 -0.010425118 0.007695142 -0.061767818 0.998006432
37.000554 206.364977421 1.778130824 1.078540810 -0.010454979 0.007052629 -0.063004990 0.997933527
