1.312120 0.562890 -0.022777 0.022547 -0.000646 -0.002845 -0.020358 0.999788
1.412119 1.122645 -0.043051 0.027051 -0.001938 -0.005719 -0.036214 0.999326
1.510073 1.434520 -0.051438 0.017867 -0.002801 -0.008250 -0.051634 0.998628
1.612045 2.045269 -0.145538 0.037344 -0.002352 -0.009451 -0.070402 0.997471
1.712172 2.525751 -0.225513 0.041946 -0.002068 -0.010578 -0.089072 0.995967
1.812145 3.098035 -0.356265 0.072168 -0.001957 -0.011799 -0.109519 0.993913
1.968035 3.950356 -0.581151 0.092755 -0.001630 -0.012409 -0.137060 0.990484
2.065151 4.213853 -0.696978 0.099903 -0.001917 -0.012125 -0.150433 0.988544
2.112166 4.564690 -0.802925 0.095959 -0.001284 -0.012002 -0.163889 0.986405
2.265248 5.439068 -1.170299 0.145641 0.003311 -0.013532 -0.195815 0.980542
2.312065 5.473537 -1.221765 0.138140 0.004164 -0.013720 -0.203617 0.978946
2.465202 6.262201 -1.623178 0.197071 0.002724 -0.014197 -0.235260 0.971825
2.565225 6.741091 -1.873999 0.198937 0.001087 -0.013977 -0.252960 0.967375
2.665214 7.233809 -2.169641 0.218412 -0.001398 -0.013485 -0.275105 0.961319
2.765136 7.710207 -2.497651 0.227031 -0.000965 -0.012053 -0.297898 0.954521
2.865141 8.180355 -2.861328 0.256895 0.000545 -0.010818 -0.321848 0.946730
2.965291 8.634921 -3.240514 0.260523 0.001040 -0.010525 -0.345577 0.938331
3.065292 9.084799 -3.660291 0.291671 0.001115 -0.010250 -0.369697 0.929095
3.165162 9.512977 -4.106573 0.299666 0.000412 -0.008892 -0.394033 0.919053
3.265139 9.932596 -4.554744 0.319904 -0.000473 -0.007262 -0.417201 0.908785
3.365214 10.328208 -5.061755 0.319261 -0.000429 -0.006460 -0.440721 0.897621
3.500271 10.815470 -5.743905 0.331856 0.001291 -0.005911 -0.470045 0.882622
3.502001 10.764325 -5.692422 0.332736 0.001187 -0.005333 -0.473521 0.880765
3.602597 11.020460 -6.372700 0.322336 0.003566 -0.005640 -0.498339 0.866956
3.709835 11.367741 -7.012793 0.345933 0.005269 -0.005727 -0.520917 0.853572
3.803751 11.583411 -7.568119 0.334392 0.006556 -0.005805 -0.538362 0.842668
3.965117 12.002995 -8.667758 0.351345 0.009443 -0.007810 -0.559094 0.829014
4.012071 12.073709 -8.808865 0.350986 0.009235 -0.007504 -0.567029 0.823612
4.165243 12.450053 -9.962509 0.365217 0.010444 -0.007990 -0.581701 0.813296
4.212120 12.550533 -10.208266 0.356605 0.009749 -0.007209 -0.589875 0.807403
4.312196 12.797522 -11.111603 0.366062 0.011482 -0.008260 -0.597269 0.801916
4.446050 13.139492 -12.214447 0.364200 0.013048 -0.009768 -0.602156 0.798212
4.537073 13.315079 -12.811553 0.371516 0.013253 -0.010253 -0.606869 0.794625
4.612262 13.474052 -13.412947 0.361088 0.013559 -0.010893 -0.609394 0.792677
4.712119 13.729775 -14.324386 0.381856 0.014888 -0.012062 -0.609595 0.792481
4.812115 13.983757 -15.180556 0.370311 0.015187 -0.012126 -0.609810 0.792309
4.912119 14.207427 -16.049969 0.386419 0.015898 -0.012060 -0.609969 0.792174
5.025829 14.490943 -17.024704 0.373358 0.016417 -0.011744 -0.608848 0.793030
5.115208 14.681628 -17.722687 0.392512 0.017006 -0.012273 -0.609633 0.792407
5.213315 14.927497 -18.621198 0.375052 0.016299 -0.012865 -0.608852 0.793012
5.312664 15.184702 -19.510593 0.389862 0.016199 -0.013482 -0.608466 0.793300
5.404110 15.424314 -20.385488 0.376293 0.016552 -0.013101 -0.608252 0.793464
5.511991 15.728216 -21.457591 0.396008 0.018280 -0.012718 -0.606860 0.794497
5.612142 16.002827 -22.380827 0.393648 0.018619 -0.012390 -0.607009 0.794380
5.703438 16.241103 -23.242282 0.401631 0.018355 -0.013199 -0.606918 0.794443
5.803390 16.537646 -24.275948 0.401933 0.017154 -0.013664 -0.605898 0.795240
5.903318 16.836164 -25.270380 0.407312 0.015828 -0.013778 -0.605256 0.795755
6.099972 17.434678 -27.254652 0.420265 0.014938 -0.011807 -0.598800 0.800672
6.200171 17.621741 -27.739959 0.411321 0.014683 -0.011677 -0.602463 0.797926
6.202201 17.598886 -27.810039 0.420297 0.014049 -0.010802 -0.607969 0.793763
6.301758 17.870381 -28.890989 0.413385 0.015003 -0.008698 -0.601575 0.798628
6.412044 18.272034 -30.064049 0.423689 0.016299 -0.008254 -0.599529 0.800145
6.512040 18.584766 -31.100443 0.425035 0.016692 -0.008252 -0.598902 0.800606
6.612114 18.911965 -32.129656 0.420775 0.016795 -0.009506 -0.597658 0.801519
6.712139 19.231055 -33.174195 0.427921 0.017388 -0.011604 -0.596523 0.802324
6.900072 19.866347 -35.162821 0.438490 0.019023 -0.010383 -0.590688 0.806609
7.000072 20.145710 -35.949069 0.415973 0.019515 -0.010194 -0.593862 0.804266
7.046899 20.240531 -36.352683 0.462670 0.021313 -0.007887 -0.595581 0.802974
7.146747 20.550338 -37.347690 0.411532 0.022495 -0.006369 -0.592623 0.805140
7.212114 20.781291 -38.025096 0.474162 0.022398 -0.008434 -0.593563 0.804432
7.312094 21.161419 -39.275713 0.409930 0.018490 -0.011086 -0.591653 0.805904
7.500123 21.868967 -41.437093 0.415402 0.018270 -0.012348 -0.587804 0.808703
7.598936 22.210236 -42.353711 0.431488 0.018077 -0.011890 -0.591120 0.806293
7.698189 22.499518 -43.332781 0.445987 0.018554 -0.010279 -0.591521 0.806011
7.797966 22.833561 -44.313070 0.442818 0.018887 -0.009869 -0.591549 0.805987
7.899348 23.149765 -45.339880 0.450325 0.019020 -0.010413 -0.591747 0.805832
7.999249 23.490115 -46.350546 0.442211 0.019145 -0.010411 -0.592045 0.805611
8.099199 23.808365 -47.390412 0.454900 0.019921 -0.010211 -0.592205 0.805476
8.199049 24.169171 -48.439137 0.444951 0.019792 -0.010171 -0.592260 0.805440
8.299099 24.513066 -49.540427 0.444058 0.020418 -0.009826 -0.592653 0.805139
8.398875 24.861976 -50.652449 0.434380 0.022882 -0.008138 -0.592812 0.804975
8.498876 25.223904 -51.763044 0.430255 0.026058 -0.006655 -0.592983 0.804766
8.599274 25.565776 -52.901895 0.403656 0.028805 -0.007883 -0.593097 0.804577
8.699623 25.921808 -54.022347 0.401128 0.030123 -0.008729 -0.593249 0.804408
8.800222 26.274719 -55.157530 0.369843 0.031027 -0.011020 -0.592988 0.804538
8.811967 26.320403 -55.281006 0.390999 0.032153 -0.011545 -0.596915 0.801577
8.912166 26.729504 -56.707925 0.339394 0.028064 -0.013313 -0.592154 0.805226
9.012138 27.191586 -58.095365 0.375873 0.026891 -0.015083 -0.591670 0.805591
9.198062 28.023449 -60.657665 0.367945 0.024920 -0.013812 -0.587600 0.808650
9.297744 28.356015 -61.748593 0.340450 0.024844 -0.013892 -0.590141 0.806798
9.395799 28.727759 -62.780022 0.340307 0.024871 -0.013773 -0.590467 0.806561
9.495485 29.040225 -63.823660 0.338230 0.024751 -0.014723 -0.590266 0.806695
9.512142 29.102772 -63.973544 0.337357 0.024180 -0.015422 -0.593634 0.804224
9.611994 29.474924 -65.124284 0.352967 0.023705 -0.016896 -0.589320 0.807375
9.711994 29.867223 -66.322018 0.354259 0.022640 -0.015539 -0.588342 0.808146
9.812043 30.272487 -67.559884 0.367796 0.022827 -0.014052 -0.587474 0.808799
9.912141 30.700904 -68.790348 0.355270 0.022019 -0.012648 -0.586835 0.809308
10.012142 31.127940 -70.046420 0.360067 0.021672 -0.012241 -0.586203 0.809782
10.112090 31.550571 -71.317817 0.351980 0.021892 -0.011609 -0.585147 0.810548
10.212166 31.986861 -72.600013 0.355148 0.022942 -0.010825 -0.584404 0.811067
10.312190 32.417361 -73.869979 0.346406 0.023333 -0.010000 -0.583393 0.811793
10.412166 32.867478 -75.144998 0.347348 0.023548 -0.010008 -0.582507 0.812423
10.512191 33.299812 -76.434818 0.335318 0.023931 -0.010558 -0.581540 0.813097
10.612190 33.765301 -77.719800 0.330958 0.024715 -0.010875 -0.580872 0.813547
10.712067 34.218160 -79.021024 0.330336 0.025301 -0.010538 -0.579896 0.814229
10.811991 34.678841 -80.313253 0.321169 0.026027 -0.010117 -0.579452 0.814528
10.912043 35.144368 -81.618011 0.322001 0.026630 -0.009252 -0.578732 0.815030
11.012139 35.611501 -82.941810 0.304961 0.027427 -0.008682 -0.578017 0.815518
11.112090 36.081612 -84.234376 0.310984 0.028082 -0.008608 -0.577443 0.815902
11.212117 36.548915 -85.505327 0.293218 0.028301 -0.009165 -0.577252 0.816024
11.312041 36.998482 -86.769488 0.304521 0.027860 -0.009651 -0.576720 0.816410
11.411994 37.462616 -88.038284 0.276202 0.027136 -0.010253 -0.576425 0.816635
11.512043 37.918292 -89.328021 0.295994 0.027062 -0.010467 -0.575812 0.817067
11.612089 38.391511 -90.611370 0.268280 0.025802 -0.011030 -0.575522 0.817305
11.712143 38.862835 -91.914846 0.287917 0.024555 -0.012462 -0.575267 0.817502
11.812115 39.349669 -93.189071 0.264954 0.023688 -0.011957 -0.575238 0.817556
11.912089 39.823302 -94.513243 0.292908 0.024273 -0.010994 -0.574637 0.817974
12.012119 40.311498 -95.817474 0.270025 0.024236 -0.010031 -0.574334 0.818200
12.112142 40.772897 -97.108024 0.294660 0.024458 -0.010437 -0.573648 0.818670
12.212117 41.274049 -98.385647 0.269083 0.023251 -0.010334 -0.573561 0.818767
12.312091 41.746219 -99.671172 0.288625 0.023277 -0.010325 -0.573445 0.818848
12.412141 42.233678 -100.963482 0.266113 0.023517 -0.008426 -0.572942 0.819215
12.512090 42.719272 -102.230304 0.282476 0.025020 -0.006719 -0.572011 0.819836
12.612117 43.202558 -103.535106 0.250607 0.025356 -0.007347 -0.571340 0.820289
12.712043 43.678111 -104.822898 0.258324 0.026360 -0.008989 -0.570705 0.820682
12.812092 44.177254 -106.110127 0.233920 0.026456 -0.008589 -0.570013 0.821164
12.911990 44.669860 -107.412693 0.248384 0.027041 -0.009139 -0.569280 0.821648
13.012044 45.167104 -108.705377 0.221298 0.026263 -0.008666 -0.568470 0.822239
13.112165 45.664567 -109.996579 0.227712 0.026304 -0.007975 -0.567887 0.822647
13.212064 46.168026 -111.279183 0.194039 0.026410 -0.007649 -0.567451 0.822948
13.311993 46.669082 -112.564099 0.202758 0.027076 -0.007995 -0.566455 0.823609
13.412095 47.172687 -113.864670 0.162962 0.028066 -0.007822 -0.565907 0.823954
13.512191 47.707836 -115.200566 0.190743 0.029378 -0.008072 -0.565076 0.824476
13.612091 48.219525 -116.499959 0.139007 0.028171 -0.009210 -0.564409 0.824963
13.712015 48.736464 -117.801264 0.167375 0.026963 -0.011009 -0.563938 0.825304
13.812164 49.265120 -119.126454 0.133192 0.025387 -0.011218 -0.563617 0.825570
13.912192 49.803628 -120.437212 0.162591 0.024749 -0.010931 -0.563433 0.825719
14.012139 50.325835 -121.745680 0.128621 0.023406 -0.010476 -0.563268 0.825876
14.111991 50.859105 -123.071399 0.163941 0.023773 -0.009799 -0.562897 0.826127
14.212094 51.404286 -124.395058 0.131578 0.022916 -0.008334 -0.562881 0.826178
14.312194 51.935859 -125.721050 0.156509 0.021490 -0.008106 -0.562740 0.826315
14.411989 52.489440 -127.062922 0.119051 0.020406 -0.006822 -0.562476 0.826534
14.512141 53.011009 -128.403614 0.143278 0.021606 -0.005042 -0.562478 0.826515
14.612091 53.570149 -129.731328 0.100759 0.022824 -0.003326 -0.562260 0.826639
14.712043 54.091563 -131.056970 0.121700 0.024180 -0.003013 -0.561883 0.826857
14.812142 54.639998 -132.383347 0.066384 0.024317 -0.003403 -0.561575 0.827061
14.912164 55.155517 -133.703049 0.084339 0.026019 -0.004913 -0.561446 0.827090
15.012138 55.689226 -135.014085 0.036805 0.026878 -0.006482 -0.561150 0.827252
15.112141 56.220605 -136.342053 0.063032 0.027373 -0.008735 -0.560519 0.827643
15.212139 56.750127 -137.648592 0.026412 0.027552 -0.009342 -0.560236 0.827822
15.312088 57.286180 -138.973151 0.055916 0.028611 -0.006886 -0.559991 0.827976
15.499499 58.292932 -141.437768 0.008872 0.029406 -0.003893 -0.556567 0.830273
15.599399 58.678013 -142.305693 -0.005599 0.028937 -0.004022 -0.556814 0.830123
15.699574 59.036089 -143.267089 -0.039895 0.028566 -0.005381 -0.558046 0.829301
15.712167 59.128875 -143.455191 -0.022516 0.030227 -0.005390 -0.562893 0.825960
15.812094 59.610542 -144.847340 -0.064251 0.030635 -0.007729 -0.558236 0.829081
16.000221 60.618235 -147.373787 -0.072521 0.030689 -0.010817 -0.552529 0.832859
16.100073 61.161720 -148.526494 -0.070661 0.029268 -0.010465 -0.553037 0.832577
16.112115 61.197741 -148.655168 -0.068036 0.028387 -0.010379 -0.556370 0.830385
16.212041 61.747989 -150.031811 -0.078116 0.028028 -0.007294 -0.554298 0.831815
16.312118 62.338897 -151.384410 -0.075749 0.027980 -0.005948 -0.552825 0.832806
16.412143 62.915470 -152.725632 -0.099346 0.026697 -0.006504 -0.551775 0.833540
16.512118 63.463486 -154.033870 -0.102435 0.025393 -0.007094 -0.551100 0.834023
16.697972 64.502794 -156.458811 -0.119796 0.024851 -0.006053 -0.547091 0.836682
16.712117 64.531742 -156.464161 -0.126028 0.023662 -0.005590 -0.550486 0.834491
16.812068 65.091431 -157.765170 -0.124286 0.024281 -0.005858 -0.550215 0.834650
16.912116 65.658336 -159.088138 -0.149927 0.024583 -0.005185 -0.549289 0.835255
17.012042 66.220283 -160.379681 -0.150930 0.026231 -0.003140 -0.548626 0.835650
17.144653 66.966267 -162.074047 -0.177280 0.028129 -0.001791 -0.547056 0.836621
17.212118 67.250110 -162.792756 -0.183412 0.028249 -0.001408 -0.548384 0.835748
17.312116 67.847069 -164.065176 -0.213216 0.027532 -0.003084 -0.548054 0.835984
17.412120 68.424512 -165.348916 -0.233812 0.026400 -0.005259 -0.547678 0.836256
17.512045 68.972057 -166.622966 -0.245854 0.026136 -0.006242 -0.547458 0.836402
17.612018 69.529565 -167.888228 -0.260987 0.026731 -0.005349 -0.547265 0.836515
17.712168 70.078532 -169.151398 -0.273734 0.027852 -0.004203 -0.547121 0.836580
17.812164 70.644268 -170.408630 -0.299838 0.028147 -0.003959 -0.546929 0.836696
17.912067 71.202598 -171.669692 -0.325774 0.028844 -0.005012 -0.547034 0.836599
18.011992 71.752799 -172.933418 -0.325062 0.029977 -0.004873 -0.546958 0.836609
18.112143 72.294859 -174.186987 -0.370541 0.029365 -0.006108 -0.546627 0.836839
18.226083 72.925083 -175.600602 -0.357480 0.029089 -0.009471 -0.546088 0.837169
18.312141 73.373495 -176.572753 -0.390023 0.026581 -0.010467 -0.546963 0.836669
18.412140 73.952660 -177.889751 -0.362270 0.024993 -0.010707 -0.546369 0.837103
18.512036 74.533471 -179.192362 -0.383769 0.023822 -0.008869 -0.545527 0.837708
18.612140 75.113839 -180.450391 -0.364222 0.024153 -0.006489 -0.544787 0.838202
18.712091 75.674961 -181.735827 -0.396909 0.024423 -0.004405 -0.544060 0.838679
18.812045 76.252567 -182.985989 -0.392307 0.026293 -0.004084 -0.542890 0.839382
18.912161 76.819534 -184.238152 -0.432974 0.027089 -0.005358 -0.541821 0.840040
19.012134 77.389928 -185.480859 -0.423832 0.027846 -0.006626 -0.541035 0.840513
19.112113 77.969656 -186.736140 -0.438756 0.027670 -0.005437 -0.539979 0.841206
19.212016 78.567958 -187.990973 -0.459292 0.027948 -0.004416 -0.538998 0.841832
19.312114 79.163944 -189.254095 -0.475209 0.027696 -0.002434 -0.538239 0.842333
19.446848 79.956858 -190.950625 -0.513385 0.028463 -0.001527 -0.536166 0.843631
19.512109 80.252745 -191.562649 -0.504921 0.029752 -0.002177 -0.537481 0.842748
19.611964 80.867926 -192.897102 -0.542574 0.029642 -0.005122 -0.536102 0.843617
19.711988 81.486163 -194.187004 -0.560924 0.028974 -0.007416 -0.534941 0.844360
19.812090 82.126872 -195.475996 -0.586228 0.028494 -0.005792 -0.533802 0.845110
19.912166 82.742816 -196.772841 -0.594524 0.029094 -0.002014 -0.532519 0.845916
20.046773 83.570467 -198.482485 -0.629301 0.029877 -0.001538 -0.529554 0.847749
20.112169 83.893861 -199.098202 -0.625736 0.029303 -0.001720 -0.530846 0.846960
20.203725 84.470055 -200.324568 -0.671784 0.029866 -0.005772 -0.529540 0.847740
20.303178 85.139790 -201.660891 -0.676224 0.029785 -0.005950 -0.527708 0.848882
20.400674 85.156414 -201.671645 -0.675084 0.029813 -0.005977 -0.527776 0.848839
20.599650 87.096925 -205.572043 -0.705266 0.027640 -0.005683 -0.521641 0.852698
20.612092 87.116917 -205.607085 -0.723876 0.028402 -0.005176 -0.523301 0.851659
20.800174 88.234742 -207.798767 -0.753575 0.023835 -0.007906 -0.521489 0.852888
20.812115 88.311312 -207.926095 -0.768086 0.022321 -0.009878 -0.523429 0.851720
20.912042 88.970160 -209.184048 -0.732465 0.024725 -0.005589 -0.523623 0.851573
21.012039 89.634518 -210.464399 -0.781827 0.024753 -0.004273 -0.523628 0.851577
21.112063 90.282053 -211.733536 -0.771193 0.025340 -0.004566 -0.523667 0.851534
21.212042 90.921026 -213.000182 -0.807931 0.024914 -0.002567 -0.523351 0.851749
21.312143 91.561491 -214.267591 -0.813113 0.024405 -0.002361 -0.523532 0.851653
21.412042 92.213692 -215.529850 -0.830334 0.024290 -0.002618 -0.524339 0.851159
21.512192 92.873243 -216.822428 -0.847799 0.025562 -0.001078 -0.524614 0.850956
21.611991 93.528675 -218.092536 -0.870478 0.026873 -0.000597 -0.524590 0.850930
21.712192 94.190384 -219.361176 -0.904271 0.026709 -0.002256 -0.524482 0.850999
21.812092 94.837788 -220.641095 -0.911434 0.025839 -0.003090 -0.524429 0.851056
21.912168 95.494677 -221.908315 -0.953160 0.025093 -0.003019 -0.524537 0.851012
22.011996 96.131327 -223.174177 -0.955075 0.025551 -0.002715 -0.524033 0.851310
22.112093 96.804541 -224.460337 -0.997062 0.026979 -0.001218 -0.523911 0.851345
22.230339 97.562162 -225.961443 -1.015171 0.029562 -0.000571 -0.523305 0.851632
22.312040 98.050787 -226.888434 -1.035916 0.031066 -0.000849 -0.523804 0.851271
22.412117 98.720718 -228.210218 -1.056828 0.030371 -0.003035 -0.523302 0.851601
22.512014 99.396023 -229.523310 -1.077825 0.028726 -0.005291 -0.523465 0.851547
22.612140 100.050926 -230.802809 -1.095770 0.027055 -0.005532 -0.523757 0.851420
22.712117 100.715794 -232.116847 -1.104587 0.026506 -0.005102 -0.523923 0.851338
22.812067 101.392589 -233.398347 -1.118580 0.025836 -0.003937 -0.524082 0.851266
22.912116 102.046694 -234.673023 -1.136009 0.024428 -0.004463 -0.524204 0.851230
23.012116 102.704120 -235.960254 -1.145141 0.023254 -0.004661 -0.524265 0.851225
23.110453 103.371838 -237.235507 -1.162493 0.023031 -0.003202 -0.524532 0.851073
23.212040 104.058495 -238.573511 -1.184064 0.023920 -0.001319 -0.524499 0.851074
23.312167 104.727068 -239.878438 -1.210647 0.024191 -0.000684 -0.524238 0.851228
23.412018 105.395282 -241.179475 -1.238934 0.024677 -0.000563 -0.524380 0.851127
23.512093 106.065354 -242.492971 -1.262896 0.026429 0.000468 -0.524326 0.851107
23.612116 106.747668 -243.802236 -1.291131 0.027279 0.001055 -0.524053 0.851248
23.712168 107.415451 -245.114379 -1.326042 0.027137 -0.000210 -0.524113 0.851216
23.812039 108.103286 -246.433556 -1.356671 0.026654 -0.001052 -0.524246 0.851149
23.912117 108.774338 -247.771929 -1.387924 0.026702 -0.001726 -0.524130 0.851218
24.012044 109.463535 -249.102792 -1.414979 0.027014 -0.001423 -0.524281 0.851115
24.112117 110.152641 -250.460154 -1.440334 0.027612 -0.001307 -0.524183 0.851157
24.212141 110.861040 -251.803521 -1.473984 0.027841 -0.000511 -0.524114 0.851193
24.312014 111.540692 -253.153902 -1.495618 0.029013 -0.000027 -0.524045 0.851196
24.412069 112.251781 -254.512582 -1.529935 0.028642 -0.000258 -0.523978 0.851250
24.512115 112.944630 -255.857016 -1.568008 0.027965 -0.001915 -0.524055 0.851223
24.612141 113.648282 -257.234681 -1.599842 0.028385 -0.002351 -0.524038 0.851219
24.712164 114.345371 -258.604051 -1.625830 0.029513 -0.001214 -0.524017 0.851196
24.812118 115.054432 -259.995250 -1.657409 0.030348 -0.001411 -0.523922 0.851224
24.912168 115.757259 -261.364675 -1.692332 0.030343 -0.002606 -0.523894 0.851239
25.099474 117.081171 -263.966288 -1.741051 0.030854 -0.003249 -0.521097 0.852934
25.199249 117.629014 -264.962984 -1.766467 0.030355 -0.002812 -0.520168 0.853520
25.299847 118.108799 -265.956750 -1.772400 0.030243 -0.003056 -0.521910 0.852459
25.312116 118.227403 -266.147251 -1.792420 0.029491 -0.003383 -0.526232 0.849823
25.411992 118.875051 -267.508025 -1.791883 0.027991 -0.003898 -0.524597 0.850881
25.512116 119.583811 -268.883403 -1.835870 0.026928 -0.002850 -0.523418 0.851646
25.612116 120.306987 -270.324803 -1.838245 0.026104 -0.002243 -0.522570 0.852194
25.712168 121.067367 -271.744204 -1.886139 0.024883 -0.001341 -0.522398 0.852338
25.812117 121.792612 -273.199190 -1.903979 0.024951 -0.000207 -0.522089 0.852526
25.912018 122.556766 -274.624551 -1.953352 0.025804 0.001491 -0.521890 0.852621
26.012116 123.285967 -276.061032 -1.969944 0.027838 0.003090 -0.522050 0.852455
26.112192 124.043935 -277.494191 -2.023088 0.028735 0.003799 -0.521973 0.852469
26.212089 124.784302 -278.914598 -2.043721 0.029073 0.002669 -0.522283 0.852272
26.312040 125.521446 -280.357179 -2.105520 0.027986 0.000712 -0.522524 0.852165
26.403710 126.204385 -281.669599 -2.125490 0.027502 -0.000701 -0.523159 0.851791
26.600172 127.680253 -284.571897 -2.193438 0.028750 0.001010 -0.521025 0.853057
26.700047 128.385756 -285.824672 -2.229111 0.028538 0.001257 -0.521347 0.852867
26.711991 128.428637 -285.974713 -2.222044 0.029019 0.001565 -0.523765 0.851367
26.802205 129.113216 -287.343927 -2.287424 0.030334 0.002733 -0.524223 0.851036
26.912139 129.968908 -289.015716 -2.309043 0.032097 0.003196 -0.523709 0.851286
27.012044 130.670417 -290.406969 -2.372073 0.032333 0.002044 -0.524189 0.850985
27.112039 131.386964 -291.793605 -2.382922 0.031296 -0.001523 -0.524717 0.850700
27.212093 132.107258 -293.210235 -2.424441 0.030395 -0.003320 -0.525197 0.850431
27.311992 132.840503 -294.644892 -2.416229 0.029861 -0.003451 -0.525281 0.850398
27.412093 133.575306 -296.069141 -2.458574 0.028198 -0.001854 -0.525717 0.850190
27.565249 134.694680 -298.236297 -2.486486 0.025806 0.001056 -0.525059 0.850674
27.604821 134.919195 -298.656963 -2.517125 0.024490 0.001036 -0.526464 0.849844
27.704697 135.676547 -300.196932 -2.529227 0.023691 0.003136 -0.527035 0.849507
27.804671 136.428518 -301.675470 -2.587877 0.024256 0.004719 -0.527299 0.849320
27.904671 137.166617 -303.140863 -2.606951 0.025112 0.005215 -0.527326 0.849276
28.012039 137.945907 -304.684804 -2.670354 0.025918 0.005360 -0.527421 0.849192
28.165124 139.032154 -306.822223 -2.723729 0.027481 0.005179 -0.526080 0.849975
28.265121 139.670780 -308.047801 -2.752270 0.027781 0.005241 -0.525653 0.850229
28.311992 139.954016 -308.634224 -2.770829 0.027843 0.005556 -0.526814 0.849506
28.412043 140.681968 -310.079180 -2.815334 0.028347 0.005632 -0.526728 0.849542
28.511993 141.410473 -311.524675 -2.859848 0.029020 0.005733 -0.526604 0.849596
28.612044 142.125395 -312.965422 -2.909600 0.029299 0.005580 -0.526385 0.849723
28.711990 142.838318 -314.384916 -2.950618 0.029884 0.004837 -0.526148 0.849854
28.812092 143.558234 -315.790825 -2.996833 0.030480 0.004260 -0.525714 0.850105
28.912093 144.261945 -317.181750 -3.037163 0.030619 0.003095 -0.525450 0.850267
29.012067 144.972869 -318.557057 -3.073306 0.030498 0.002316 -0.525038 0.850529
29.112042 145.662671 -319.942075 -3.111544 0.030578 0.002777 -0.524596 0.850797
29.212044 146.373079 -321.320412 -3.147689 0.031233 0.004052 -0.524204 0.851010
29.312166 147.085256 -322.706226 -3.194679 0.031716 0.004845 -0.523629 0.851342
29.412043 147.809703 -324.085028 -3.234251 0.031861 0.004333 -0.523262 0.851565
29.600122 149.136848 -326.690403 -3.315694 0.031204 0.003563 -0.520322 0.853392
29.699573 149.713106 -327.694002 -3.350067 0.030880 0.003261 -0.519883 0.853673
29.799473 150.252086 -328.763975 -3.376969 0.030364 0.003504 -0.520183 0.853508
29.899523 150.826937 -329.888702 -3.420805 0.029826 0.003642 -0.520459 0.853358
29.999424 151.441758 -331.066184 -3.451556 0.030175 0.003273 -0.521108 0.852951
30.099349 152.111321 -332.340501 -3.493249 0.030416 0.003184 -0.520684 0.853202
30.199274 152.797526 -333.679242 -3.533323 0.030600 0.003031 -0.520181 0.853502
30.299324 153.503892 -335.035016 -3.572087 0.030680 0.002887 -0.519588 0.853861
30.399798 154.240788 -336.420422 -3.615870 0.031009 0.002685 -0.518987 0.854216
30.500271 154.959256 -337.793285 -3.652542 0.031558 0.002208 -0.518275 0.854629
30.512043 155.058980 -337.947093 -3.658065 0.031454 0.002220 -0.520387 0.853348
30.612117 156.007385 -339.725995 -3.715826 0.031656 0.000380 -0.518327 0.854596
30.709454 156.908787 -341.457954 -3.747906 0.031906 -0.000193 -0.517485 0.855097
30.900122 158.610538 -344.655801 -3.831326 0.032493 0.000355 -0.514359 0.856959
30.911992 158.664704 -344.748705 -3.834771 0.033612 0.000326 -0.514749 0.856681
31.012042 159.439116 -346.185468 -3.864094 0.031960 -0.000595 -0.515289 0.856420
31.112191 160.172719 -347.546830 -3.913441 0.030526 -0.001057 -0.515651 0.856254
