1.510073 0.578315430 -0.028285328 -0.008042446 -0.000844918 -0.004547948 -0.024279655 0.999694504
1.612045 1.123164106 -0.066115003 -0.000945341 -0.000387702 -0.005771827 -0.042774727 0.999067995
1.712172 1.463747278 -0.088692591 0.011290752 0.000045429 -0.006807052 -0.060702463 0.998132693
1.812145 1.991243695 -0.162140940 0.026114971 -0.000071201 -0.007871072 -0.080658085 0.996710748
1.968035 2.818132191 -0.323544986 0.045972235 0.000419959 -0.008128339 -0.107017118 0.994223863
2.065151 3.165832914 -0.431055934 0.050343294 -0.000086149 -0.008368213 -0.122061113 0.992487305
2.112166 3.415478852 -0.504400690 0.048446226 0.000279156 -0.008539083 -0.136639627 0.990583978
2.265248 4.301831065 -0.797486277 0.083148926 0.004649661 -0.009006528 -0.165878927 0.986094034
2.312065 4.243035502 -0.952848779 0.093246769 0.005817419 -0.009820067 -0.170684750 0.985259580
2.465202 5.079831565 -1.346325278 0.135418962 0.004274081 -0.009715892 -0.200806368 0.979573446
2.565225 5.523885798 -1.575277187 0.135480737 0.002607289 -0.009766298 -0.218952188 0.975683228
2.665214 6.253886686 -1.720593447 0.136796555 -0.000128319 -0.009501323 -0.247267588 0.968900639
2.765136 6.768014617 -2.095251543 0.150194907 0.000110134 -0.007775421 -0.270629754 0.962652101
2.865141 7.257285023 -2.426882916 0.164128549 0.001333635 -0.006543663 -0.294048127 0.955767284
2.965291 7.817833681 -2.773430345 0.172019096 0.001867526 -0.006346488 -0.320190992 0.947329912
3.065292 8.286339557 -3.162101982 0.188345144 0.001721313 -0.005987798 -0.344435195 0.938789422
3.165162 8.783341357 -3.626959991 0.201999041 0.000908129 -0.004463276 -0.371307679 0.928498714
3.265139 9.219373540 -4.057723953 0.207505167 -0.000244467 -0.002874488 -0.394744586 0.918786368
3.365214 9.637636075 -4.565993930 0.211497564 -0.000403301 -0.002173626 -0.418239851 0.908333936
3.500271 10.165318761 -5.223245978 0.215734504 0.001220942 -0.001402081 -0.447533375 0.894265297
3.502001 10.099613133 -5.198204326 0.214688817 0.000820773 -0.001610236 -0.452508315 0.891758352
3.602597 10.421618741 -5.752482089 0.207525038 0.003527434 -0.001241525 -0.476316472 0.879265964
3.709835 10.825234502 -6.413035860 0.216503170 0.004873292 -0.001175126 -0.500602658 0.865662664
3.803751 11.083316235 -6.931801875 0.211044644 0.006271248 -0.001692909 -0.517090734 0.855905940
3.965117 11.544647431 -7.939521344 0.215620382 0.009013003 -0.002977176 -0.535566225 0.844439886
4.012071 11.608365256 -8.100868286 0.218270619 0.008484224 -0.003143041 -0.543970263 0.839055715
4.165243 12.029000673 -9.126566181 0.222059932 0.009938810 -0.003230431 -0.554809289 0.831911917
4.212120 12.139231540 -9.393232465 0.216147001 0.008806360 -0.003100711 -0.564545360 0.825349241
4.312196 12.440419571 -10.121989593 0.213399766 0.010405331 -0.003656182 -0.570619038 0.821140837
4.446050 12.812495565 -11.113116227 0.211464550 0.012288705 -0.005227269 -0.574397344 0.818467687
4.537073 13.016653279 -11.717826497 0.212018387 0.012385378 -0.006057182 -0.578532059 0.815543114
4.612262 13.183711425 -12.274157003 0.204860477 0.012795304 -0.006493593 -0.580743838 0.813959893
4.712119 13.460650469 -13.126874414 0.207640110 0.014107374 -0.007375922 -0.579874631 0.814550177
4.812115 13.737661213 -13.907362358 0.203020961 0.014636462 -0.007593257 -0.578950817 0.815195723
4.912119 14.025638886 -14.740308935 0.202157670 0.015244950 -0.007334949 -0.579269017 0.814960855
5.025829 14.372890554 -15.686620398 0.195571766 0.016067992 -0.007101622 -0.577746611 0.816027107
5.115208 14.614232900 -16.373603022 0.198509256 0.016260183 -0.007495442 -0.578080967 0.815782949
5.213315 14.903352004 -17.222478534 0.189718023 0.015983818 -0.008261349 -0.577031510 0.816523670
5.312664 15.232290427 -18.089584570 0.184895028 0.015449201 -0.008801551 -0.576460659 0.816931431
5.404110 15.578442504 -18.933155062 0.181873558 0.016124464 -0.008594679 -0.577253561 0.816360496
5.511991 15.972708194 -19.977339244 0.184274609 0.017539132 -0.007973847 -0.576110042 0.817145040
5.612142 16.347367027 -20.896433827 0.187552620 0.018023294 -0.007673965 -0.576435683 0.816907690
5.703438 16.662375882 -21.748384225 0.180475205 0.017537806 -0.008469291 -0.576405441 0.816931738
5.803390 17.040608454 -22.742975096 0.182580934 0.016637950 -0.009084981 -0.575311522 0.817714678
5.903318 17.410438946 -23.716187898 0.175945198 0.015234647 -0.009234443 -0.574621632 0.818225281
6.099972 18.189256900 -25.682469430 0.177962819 0.014727208 -0.006915985 -0.566401777 0.823968631
6.200171 18.419342337 -26.425476183 0.157457277 0.013745737 -0.007261205 -0.568921381 0.822244971
6.202201 18.431290743 -26.470334415 0.167164616 0.012818757 -0.006444253 -0.573791847 0.818875490
6.301758 18.828143235 -27.557527024 0.159188255 0.013904141 -0.004365298 -0.568296903 0.822694505
6.412044 19.332626569 -28.811583536 0.159568521 0.015365014 -0.003480893 -0.566213951 0.824107736
6.512040 19.742884473 -29.797658519 0.158262383 0.015749079 -0.003565674 -0.565285977 0.824736938
6.612114 20.134421111 -30.795965206 0.146822028 0.015860983 -0.004849980 -0.563887777 0.825684856
6.712139 20.525490266 -31.778823948 0.146929448 0.016559330 -0.006845574 -0.562770530 0.826418936
6.900072 21.294787561 -33.665654200 0.146595587 0.018420008 -0.005254577 -0.554685021 0.831839901
7.000072 21.641912625 -34.429463391 0.121521074 0.018661288 -0.005624253 -0.558654680 0.829171317
7.046899 21.827953848 -34.891891004 0.142771180 0.020085664 -0.003141078 -0.560058504 0.828203581
7.146747 22.224920171 -35.859718710 0.131945111 0.021954863 -0.001965403 -0.556643022 0.830459311
7.212114 22.462079631 -36.484261335 0.134164862 0.021051858 -0.003709510 -0.558687212 0.829102923
7.312094 22.941304773 -37.649972338 0.120224962 0.017968953 -0.006988135 -0.555694037 0.831163293
7.500123 23.801103513 -39.641242971 0.117337317 0.017541031 -0.007061598 -0.550155700 0.834847981
7.598936 24.196079832 -40.522520281 0.104617187 0.017181905 -0.007549051 -0.554861072 0.831731318
7.698189 24.614554549 -41.516795065 0.115094623 0.017775382 -0.005597056 -0.554565365 0.831931467
7.797966 25.064069088 -42.544562376 0.105391483 0.018038560 -0.005106867 -0.554833318 0.831750275
7.899348 25.499216796 -43.578944270 0.100017922 0.018023467 -0.005590939 -0.555203074 0.831500717
7.999249 25.940679915 -44.669522673 0.092201861 0.018193499 -0.005543896 -0.555675693 0.831181560
8.099199 26.404464237 -45.801920989 0.091081212 0.018957877 -0.005356108 -0.555179043 0.831497529
8.199049 26.862537496 -46.875968899 0.080250608 0.018795351 -0.005295272 -0.555563376 0.831244868
8.299099 27.383867806 -48.062738896 0.068973455 0.019516725 -0.004725633 -0.556688588 0.830478526
8.398875 27.835599916 -49.132696267 0.055785385 0.021863842 -0.002952568 -0.556936691 0.830261872
8.498876 28.285196873 -50.205164918 0.039887272 0.024585782 -0.001533026 -0.556974155 0.830164429
8.599274 28.722966796 -51.298116620 0.012055525 0.027709853 -0.002550896 -0.556891673 0.830118860
8.699623 29.163751745 -52.363514899 -0.004930580 0.028967664 -0.003439340 -0.556782977 0.830145627
8.800222 29.614208249 -53.442210057 -0.031502308 0.030170753 -0.005777449 -0.556312024 0.830405490
8.811967 29.659319861 -53.568267830 -0.027145857 0.030710698 -0.006276599 -0.561617312 0.826803152
8.912166 30.050583804 -54.763755462 -0.050347257 0.027322999 -0.008278268 -0.553816744 0.832148988
9.012138 30.570896422 -55.931810413 -0.063129211 0.026096439 -0.009718721 -0.553161496 0.832608481
9.198062 31.524121931 -58.120063702 -0.080392883 0.024741816 -0.008767003 -0.546878551 0.836800354
9.297744 31.556069315 -59.415341656 -0.102928111 0.023977865 -0.008581484 -0.543620207 0.838944867
9.395799 32.185497764 -60.433955310 -0.118393100 0.023739583 -0.008542454 -0.544248099 0.838544850
9.495485 32.715399449 -61.534672241 -0.122064385 0.023899126 -0.009807635 -0.544677180 0.838247822
9.512142 32.842404644 -61.670365992 -0.124628157 0.023082535 -0.010651884 -0.549863778 0.834867390
9.611994 33.537689367 -62.841342889 -0.118424686 0.022837891 -0.011891676 -0.547649381 0.836311649
9.711994 34.021659818 -64.050945020 -0.118115616 0.021674451 -0.010682951 -0.546189706 0.837312903
9.812043 34.544509712 -65.239784920 -0.117080769 0.021686852 -0.009193879 -0.544967404 0.838126292
9.912141 35.077147337 -66.424140520 -0.124787118 0.020804224 -0.007649532 -0.543994040 0.838796253
10.012142 35.587846862 -67.616094112 -0.140307181 0.020498431 -0.007300230 -0.542259117 0.839929503
10.112090 36.114408900 -68.828658359 -0.147681983 0.021022639 -0.006859368 -0.541055509 0.840696101
10.212166 36.657486966 -70.031533662 -0.159331539 0.021825034 -0.006078166 -0.539523718 0.841665540
10.312190 37.189317812 -71.240319044 -0.167387959 0.022128623 -0.005239273 -0.537523170 0.842942297
10.412166 37.738772212 -72.493967047 -0.176527591 0.022228278 -0.005179467 -0.536472454 0.843609141
10.512191 38.291903365 -73.724120846 -0.190842508 0.022621347 -0.005570732 -0.535723161 0.844072234
10.612190 38.866030487 -74.936517792 -0.203421756 0.023447915 -0.005752110 -0.534437143 0.844863331
10.712067 39.462884952 -76.165338251 -0.208647798 0.023820918 -0.005458836 -0.533147660 0.845669165
10.811991 40.183040608 -77.333509200 -0.223229756 0.024490452 -0.005023982 -0.534070615 0.845070148
10.912043 40.739742342 -78.544577631 -0.231396548 0.025075982 -0.004221721 -0.532459099 0.846073685
11.012139 41.291625052 -79.760010654 -0.250879587 0.025962662 -0.003700835 -0.531108102 0.846898121
11.112090 41.877964667 -80.956764921 -0.262444570 0.026555424 -0.003704508 -0.529496980 0.847887985
11.212117 42.468069683 -82.146157814 -0.273979945 0.027074386 -0.004144591 -0.528345448 0.848587584
11.312041 43.059314583 -83.343937292 -0.280754355 0.026436289 -0.004655627 -0.527513479 0.849122475
11.411994 43.650476458 -84.534158223 -0.299017453 0.025806536 -0.005577264 -0.526715746 0.849631355
11.512043 44.262291018 -85.739549460 -0.302546781 0.025593414 -0.005593790 -0.525654736 0.850294529
11.612089 44.876504375 -86.960698429 -0.317590081 0.024567458 -0.006375873 -0.524804522 0.850844288
11.712143 45.485472427 -88.173292495 -0.326033667 0.023220667 -0.007789670 -0.524372175 0.851136854
11.812115 46.109153254 -89.382654755 -0.326067486 0.022378813 -0.007398215 -0.523434663 0.851739754
11.912089 46.748626678 -90.617494119 -0.326423367 0.022694340 -0.006207946 -0.522666275 0.852212646
12.012119 47.392002706 -91.857504899 -0.334202803 0.023052668 -0.005516460 -0.521984372 0.852625626
12.112142 48.036291243 -93.099888522 -0.336196839 0.022909352 -0.005532377 -0.521165417 0.853130215
12.212117 48.687461486 -94.323087850 -0.342069356 0.022098664 -0.005853028 -0.520979960 0.853262722
12.312091 49.324204488 -95.535449450 -0.349035930 0.021705036 -0.005419020 -0.520503632 0.853566339
12.412141 49.925051552 -96.767469623 -0.357187751 0.022128216 -0.003604640 -0.519744122 0.854027749
12.512090 50.501382944 -98.018475386 -0.365115496 0.023359043 -0.001678759 -0.518474052 0.854772598
12.612117 51.146302584 -99.234585252 -0.388518447 0.023996420 -0.002632235 -0.517855701 0.855127310
12.712043 51.601759060 -100.568646636 -0.400321981 0.024899765 -0.003856970 -0.514494083 0.857123657
12.812092 52.323062498 -101.730388487 -0.411644999 0.025092451 -0.003578827 -0.514559510 0.857079968
12.911990 53.030717704 -102.912127257 -0.420839938 0.025702847 -0.003970698 -0.514170228 0.857293750
13.012044 53.697180301 -104.142066315 -0.434240785 0.025085153 -0.003696541 -0.513511364 0.857708080
13.112165 54.404388942 -105.318479823 -0.453247489 0.024769936 -0.002896576 -0.513415315 0.857777812
13.212064 55.096839590 -106.520212926 -0.473067045 0.025011052 -0.002685807 -0.513241031 0.857875794
13.311993 55.782998565 -107.723791746 -0.489975683 0.025574094 -0.002895973 -0.512485596 0.858310022
13.412095 56.468843796 -108.945148233 -0.511984136 0.026596535 -0.002834940 -0.511955085 0.858595702
13.512191 57.156038467 -110.178752682 -0.519054918 0.027888186 -0.002841035 -0.511304274 0.858942441
13.612091 57.850484746 -111.409835845 -0.541430513 0.027061463 -0.004171130 -0.510400908 0.859500548
13.712015 58.535106018 -112.642274873 -0.554744706 0.025579109 -0.005901480 -0.510028737 0.859756692
13.812164 59.232798744 -113.885371165 -0.564389733 0.024470055 -0.006211640 -0.509769164 0.859940714
13.912192 59.935881812 -115.128173007 -0.573135876 0.023290553 -0.005932739 -0.509515408 0.860125806
14.012139 60.636034785 -116.388741878 -0.582595852 0.022452103 -0.005730768 -0.509252811 0.860304967
14.111991 61.344136960 -117.650479313 -0.585633723 0.022416956 -0.004795985 -0.509001601 0.860460254
14.212094 62.062470298 -118.948133117 -0.596826264 0.021740743 -0.003600978 -0.508983368 0.860494221
14.312194 62.771904433 -120.199666730 -0.603779852 0.020146257 -0.003183124 -0.508668068 0.860721089
14.411989 62.612998423 -122.037461124 -0.622199512 0.019242751 -0.001893239 -0.498345860 0.866762676
14.512141 63.570279841 -123.120536896 -0.630876739 0.020067763 0.000125479 -0.501190373 0.865104317
14.612091 64.270938591 -124.367638873 -0.655775395 0.021259531 0.001597811 -0.500806591 0.865296618
14.712043 64.890727719 -125.651666217 -0.670301118 0.022470064 0.002039732 -0.499461782 0.866042068
14.812142 65.922200826 -126.619544922 -0.699131506 0.022806519 0.001545540 -0.503166974 0.863886839
14.912164 66.674079683 -127.799680261 -0.718220257 0.024293857 0.000366335 -0.503676589 0.863550559
15.012138 67.424069090 -128.969463394 -0.741283059 0.025558306 -0.001441605 -0.503829811 0.863423544
15.112141 68.155059710 -130.171390149 -0.752151315 0.025880283 -0.003403370 -0.503760295 0.863449010
15.212139 68.879588014 -131.355672237 -0.770961911 0.026491974 -0.004358197 -0.503875423 0.863358986
15.312088 69.599202727 -132.559010141 -0.775838724 0.027201923 -0.001556154 -0.503676125 0.863462793
15.499499 70.926623666 -134.837229619 -0.827311677 0.028023084 0.001418264 -0.499159212 0.866055874
15.599399 71.374228113 -135.761453680 -0.850602994 0.027272288 0.001354465 -0.496442131 0.867640247
15.699574 72.102384254 -136.915459126 -0.884273625 0.027095570 -0.000284715 -0.496215428 0.867776468
15.712167 72.236204972 -137.080262962 -0.876282928 0.028286965 -0.000601619 -0.501214313 0.864860508
15.812094 73.121055977 -138.537531754 -0.895541059 0.029086625 -0.002581505 -0.499093089 0.866056230
16.000221 74.433712687 -140.820249645 -0.912490762 0.029620508 -0.005207158 -0.491735510 0.870225085
16.100073 75.016155101 -141.832318933 -0.927568874 0.028098021 -0.005270835 -0.491954610 0.870151355
16.112115 75.121903709 -141.996693859 -0.927977372 0.027104779 -0.005376637 -0.494874930 0.868524741
16.212041 75.847874686 -143.227273792 -0.935937218 0.026555967 -0.002248859 -0.493577510 0.869293371
16.312118 76.669491398 -144.559079063 -0.951538725 0.026443290 -0.000873481 -0.491766774 0.870324899
16.412143 77.357897413 -145.729842504 -0.973615779 0.025174886 -0.001716284 -0.490166624 0.871263428
16.512118 78.065290707 -146.892459811 -0.985760527 0.023804279 -0.002268812 -0.489599749 0.871619352
16.697972 79.408381529 -149.118341343 -1.006711174 0.023378343 -0.000788963 -0.483508225 0.875027215
16.712117 79.426026492 -149.153074370 -1.021262979 0.021610191 -0.001050658 -0.488328002 0.872391918
16.812068 80.209024116 -150.448603016 -1.026634566 0.022549982 -0.000900983 -0.486817919 0.873211887
16.912116 80.926362507 -151.621027502 -1.040616525 0.022851713 -0.000129747 -0.485962932 0.873680612
17.012042 81.662152604 -152.788124254 -1.054470589 0.024136081 0.002152918 -0.484979866 0.874189536
17.144653 82.616421114 -154.369187987 -1.083430161 0.026145910 0.003555909 -0.482567396 0.875461281
17.212118 83.022855298 -155.079645674 -1.101466340 0.025959863 0.003654756 -0.483537565 0.874930941
17.312116 83.777665165 -156.270052870 -1.127460198 0.025373833 0.001924653 -0.482356381 0.875605382
17.412120 84.514371322 -157.447126521 -1.158249286 0.024447700 -0.000112732 -0.481643822 0.876025985
17.512045 85.252941780 -158.582953682 -1.176571865 0.024496001 -0.000991003 -0.481734378 0.875974288
17.612018 85.986901562 -159.754609810 -1.195994505 0.025035880 -0.000177728 -0.481632233 0.876015734
17.712168 86.739882004 -160.934065329 -1.215235803 0.025918184 0.000929367 -0.480897333 0.876393256
17.812164 87.483231443 -162.100959396 -1.245553653 0.026305468 0.001403796 -0.480554514 0.876569113
17.912067 88.234356385 -163.272556801 -1.282670183 0.027153455 0.000150391 -0.480276221 0.876696880
18.011992 88.984476293 -164.430016518 -1.289422974 0.028260359 0.000415342 -0.479899184 0.876868264
18.112143 89.795865520 -165.639509726 -1.323078082 0.027866596 -0.000853804 -0.479672481 0.877004581
18.226083 90.617944402 -166.985258161 -1.334819807 0.027509721 -0.003978435 -0.478588649 0.877599164
18.312141 90.984586191 -168.069462587 -1.350779335 0.025198288 -0.005269166 -0.475991997 0.879072751
18.412140 91.777541844 -169.210659608 -1.349218746 0.023455944 -0.005576511 -0.475365725 0.879457872
18.512036 92.610631810 -170.307244333 -1.352337252 0.022392852 -0.003968095 -0.475795032 0.879262135
18.612140 93.392879847 -171.457479452 -1.358632756 0.022269722 -0.001535851 -0.475048731 0.879676306
18.712091 94.173155450 -172.614681740 -1.382312045 0.022730715 0.000582487 -0.474549306 0.879935186
18.812045 94.961590273 -173.766298129 -1.401788045 0.024459307 0.001042853 -0.473752102 0.880317898
18.912161 95.737992797 -174.909790722 -1.425335082 0.025199464 -0.000106404 -0.472691933 0.880867364
19.012134 96.491224795 -176.046636694 -1.446943064 0.026100398 -0.001423402 -0.471965584 0.881229386
19.112113 97.278883870 -177.195687101 -1.451430088 0.026118056 -0.000225997 -0.470965121 0.881765077
19.212016 98.056181390 -178.331207169 -1.479065722 0.026083704 0.001008338 -0.469877566 0.882345565
19.312114 98.839880297 -179.454056632 -1.504845297 0.025666374 0.002746686 -0.469419996 0.882597621
19.446848 99.889347065 -180.980160335 -1.556694606 0.026669209 0.003738722 -0.466529334 0.884095671
19.512109 100.292121078 -181.645691035 -1.556499088 0.027741521 0.003124238 -0.468387449 0.883082015
19.611964 101.099908745 -182.811544320 -1.585936852 0.027838448 0.000820317 -0.466950770 0.883844628
19.711988 101.844527495 -183.902576246 -1.613617242 0.027325202 -0.001882722 -0.464663601 0.885063572
19.812090 102.660765748 -185.053452558 -1.639943497 0.026720651 -0.000286031 -0.463770399 0.885552337
19.912166 103.476117834 -186.214004926 -1.660435499 0.027216607 0.003219967 -0.462171611 0.886366905
20.046773 104.565975339 -187.752766086 -1.698704150 0.027992640 0.003925750 -0.458831144 0.888073748
20.112169 105.024616461 -188.425701263 -1.711663558 0.027330732 0.003562509 -0.460252168 0.887360289
20.203725 105.726944181 -189.437790223 -1.742634406 0.028308907 -0.000362700 -0.458544327 0.888220454
20.303178 106.575491591 -190.634960853 -1.769200186 0.027990086 -0.000277610 -0.456720973 0.889169517
20.400674 106.660165886 -190.719501856 -1.768979474 0.028007503 -0.000299054 -0.457369086 0.888835761
20.599650 109.096235455 -194.243927201 -1.818765012 0.026083824 -0.000505117 -0.447076520 0.894115185
20.612092 109.148858895 -194.337281845 -1.834445862 0.026448693 -0.000055915 -0.449710128 0.892782876
20.800174 110.694897836 -196.469841986 -1.851510954 0.022350303 -0.002735761 -0.445649980 0.894924061
20.812115 110.825660376 -196.560146067 -1.879691663 0.020977931 -0.005431821 -0.449161117 0.893187949
20.912042 111.646125328 -197.673821536 -1.872209024 0.022714086 -0.000413405 -0.449229833 0.893127346
21.012039 112.490646143 -198.796882144 -1.893591117 0.022779366 0.000607115 -0.448576426 0.893453928
21.112063 113.465408231 -200.106733911 -1.917146308 0.023079685 0.000475416 -0.448266196 0.893601992
21.212042 114.301536003 -201.203774779 -1.931407819 0.022795746 0.002040780 -0.448393224 0.893543343
21.312143 115.147486824 -202.342086264 -1.959476541 0.022267143 0.002626063 -0.448059341 0.893722611
21.412042 115.985209653 -203.463162269 -1.972304466 0.022394430 0.002293282 -0.448389083 0.893554957
21.512192 116.826936539 -204.624196454 -2.000874283 0.023391434 0.003972661 -0.448821747 0.893306273
21.611991 117.650197551 -205.733784571 -2.023658380 0.024651185 0.004361815 -0.448141699 0.893611947
21.712192 118.519459180 -206.884451288 -2.058900993 0.024498553 0.002804799 -0.447948207 0.893719396
21.812092 119.370235575 -208.016013260 -2.078416224 0.023715413 0.001838487 -0.447986942 0.893723615
21.912168 120.221925555 -209.142139242 -2.112307940 0.023080279 0.001822885 -0.447907776 0.893779952
22.011996 121.079318125 -210.281488321 -2.132789369 0.023517286 0.002443918 -0.447747486 0.893847388
22.112093 121.947508347 -211.441779676 -2.165386295 0.024961005 0.003937311 -0.447509594 0.893922037
22.230339 122.979431716 -212.793418854 -2.198157656 0.027310660 0.004884684 -0.446337022 0.894434755
22.312040 123.666304935 -213.693446444 -2.216405373 0.028533309 0.004514771 -0.446547924 0.894293251
22.412117 124.506445642 -214.832470473 -2.242622650 0.028120175 0.002369675 -0.446132166 0.894522068
22.512014 125.378495450 -216.013291394 -2.269030220 0.026719662 -0.000038098 -0.445877613 0.894695039
22.612140 126.263507958 -217.159976185 -2.288192032 0.025184394 -0.000269886 -0.445731304 0.894812426
22.712117 127.131509739 -218.326595212 -2.306696189 0.024453081 0.000104551 -0.445600476 0.894897900
22.812067 128.017752834 -219.487294037 -2.322648639 0.023805214 0.001004667 -0.445933497 0.894748914
22.912116 128.926086138 -220.612916466 -2.347721918 0.022482032 0.000424645 -0.446374426 0.894563720
23.012116 129.817950420 -221.776492540 -2.365783388 0.021242612 -0.000047946 -0.446643382 0.894459858
23.110453 130.723927591 -222.946780591 -2.383204499 0.021104883 0.001664261 -0.446882946 0.894341907
23.212040 131.641407158 -224.134827853 -2.409784655 0.021703725 0.003647708 -0.447067999 0.894229191
23.312167 132.542094251 -225.304924635 -2.441039592 0.021871664 0.004089587 -0.447480875 0.894016651
23.412018 133.426868553 -226.482974147 -2.473327210 0.022646002 0.004464342 -0.447163441 0.894154397
23.512093 134.339396955 -227.676590319 -2.504444106 0.024243535 0.005803561 -0.447280238 0.894046396
23.612116 135.251862884 -228.872456823 -2.535101969 0.024973430 0.006275241 -0.447276217 0.894025131
23.712168 136.143172278 -230.044942716 -2.575867282 0.024749294 0.004925084 -0.446953923 0.894200988
23.812039 137.024810604 -231.224919510 -2.609611932 0.024279316 0.004063090 -0.446992683 0.894198830
23.912117 137.924111614 -232.417524013 -2.642892757 0.024492277 0.003505279 -0.446636828 0.894373180
24.012044 138.807650196 -233.606603592 -2.677925199 0.024763203 0.003800488 -0.446296150 0.894534564
24.112117 139.712468874 -234.804943810 -2.707381869 0.025409538 0.004036136 -0.445915922 0.894705010
24.212141 140.624297494 -236.005791765 -2.742573614 0.025496138 0.004792657 -0.445709911 0.894801460
24.312014 141.536240979 -237.207094701 -2.778410536 0.026855567 0.005691249 -0.445810598 0.894706264
24.412069 142.438736082 -238.407319774 -2.813128000 0.026483667 0.005216148 -0.445518725 0.894865617
24.512115 143.370101264 -239.622452066 -2.860399282 0.025825856 0.003520974 -0.445332671 0.894985721
24.612141 144.306133638 -240.853505562 -2.896448813 0.026210634 0.003252174 -0.445278762 0.895002374
24.712164 145.244177679 -242.075331910 -2.929660701 0.027403628 0.004368362 -0.445026871 0.895087170
24.812118 146.195391884 -243.301914250 -2.963658111 0.028200617 0.004288649 -0.445265957 0.894943887
24.912168 147.139359423 -244.527469510 -3.006363738 0.028315872 0.003063009 -0.444944783 0.895105005
25.099474 148.905429748 -246.853981534 -3.067627436 0.029011491 0.002680579 -0.441282950 0.896894925
25.199249 149.789748724 -248.005981814 -3.106974022 0.028197842 0.002604979 -0.437957654 0.898549492
25.299847 150.726407823 -249.224197782 -3.134094712 0.028091410 0.002070918 -0.437289514 0.898879561
25.312116 150.804276330 -249.327202090 -3.142452085 0.027198901 0.001622363 -0.441249129 0.896970899
25.411992 151.858012179 -250.707805754 -3.161297403 0.025647818 0.001535754 -0.442886190 0.896209604
25.512116 152.877344815 -251.983527841 -3.187557548 0.024527631 0.002284051 -0.442992109 0.896187017
25.612116 153.878928909 -253.264293288 -3.212398887 0.023592459 0.003104775 -0.442809900 0.896299698
25.712168 154.875105454 -254.534418655 -3.245986693 0.022623093 0.003692749 -0.442725767 0.896364019
25.812117 155.887514595 -255.820992255 -3.285934460 0.022469473 0.004899959 -0.442781856 0.896334391
25.912018 156.842943992 -257.064863477 -3.327627974 0.023469151 0.006627891 -0.442707693 0.896334295
26.012116 157.796497384 -258.264801218 -3.361285307 0.025050129 0.008299983 -0.442274221 0.896491559
26.112192 158.724350602 -259.476299885 -3.407517674 0.025973193 0.009054698 -0.442324464 0.896433196
26.212089 159.776319649 -260.862259790 -3.447575581 0.026269722 0.008066694 -0.442393009 0.896400165
26.312040 160.811784588 -262.191725667 -3.498377426 0.025496533 0.005915425 -0.442553215 0.896360188
26.403710 161.814824371 -263.282945755 -3.538988116 0.025019527 0.004628199 -0.444520021 0.895407479
26.600172 163.800395328 -265.864382659 -3.614036166 0.026394369 0.006667341 -0.440796517 0.897194134
26.700047 164.775047701 -267.002207773 -3.654435656 0.025853460 0.006510335 -0.439900203 0.897650837
26.711991 165.137381111 -266.915958618 -3.649150119 0.026213681 0.006669694 -0.447762907 0.893743105
26.802205 165.527543619 -268.493011120 -3.695339538 0.027737401 0.008409429 -0.440740852 0.897166328
26.912139 166.724135941 -269.912938927 -3.748794118 0.029320612 0.009031578 -0.441303664 0.896833211
27.012044 167.727774455 -271.082293274 -3.796734167 0.029768042 0.007668602 -0.443331960 0.895830246
27.112039 168.736403338 -272.293687122 -3.834726099 0.028829478 0.004113870 -0.444428461 0.895340874
27.212093 169.724017634 -273.545980085 -3.860911537 0.028225813 0.002286915 -0.444944260 0.895110428
27.311992 170.767482010 -274.770347953 -3.876098379 0.027594029 0.002258495 -0.445871971 0.894668460
27.412093 171.808200132 -275.991735192 -3.902417161 0.025820480 0.003614717 -0.447123803 0.894092021
27.565249 173.342659560 -277.889234858 -3.948133471 0.023062893 0.006384707 -0.446640291 0.894393531
27.604821 173.582709775 -278.433580193 -3.971114463 0.021715531 0.005970346 -0.445736131 0.894881049
27.704697 174.650632726 -279.716431712 -4.012323268 0.020816482 0.008344768 -0.447932477 0.893786068
27.804671 175.607410120 -281.031381066 -4.051769043 0.021375884 0.009773546 -0.447947320 0.893750943
27.904671 176.592395129 -282.312980197 -4.096461764 0.022028421 0.010362133 -0.447863668 0.893770390
28.012039 177.776140335 -283.569981806 -4.148468359 0.023018491 0.010449336 -0.449800941 0.892771009
28.165124 179.170946243 -285.528008278 -4.215648285 0.024501316 0.010562245 -0.446669721 0.894301004
28.265121 180.116699770 -286.689587040 -4.251591799 0.024837331 0.010339771 -0.445448060 0.894903471
28.311992 180.166255509 -287.525503522 -4.271319779 0.024725496 0.010915805 -0.441442161 0.896882553
28.412043 181.111542552 -288.790072316 -4.321786254 0.025268765 0.011063460 -0.441768540 0.896704883
28.511993 182.415115734 -289.845846342 -4.368095086 0.025951625 0.011262429 -0.446663726 0.894254542
28.612044 183.351161109 -291.105866308 -4.423196054 0.026276396 0.011147049 -0.446174886 0.894490506
28.711990 184.297484555 -292.369617752 -4.472778257 0.027087325 0.010441684 -0.445625854 0.894748482
28.812092 185.173927500 -293.669144306 -4.519810334 0.027586952 0.009934071 -0.443544645 0.895772528
28.912093 186.133407551 -294.906437217 -4.568172520 0.027700791 0.008818823 -0.443223830 0.895939468
29.012067 186.944553644 -296.209027936 -4.606752387 0.027680238 0.008063222 -0.440585743 0.897247453
29.112042 187.938774378 -297.413458430 -4.648326657 0.027645132 0.008620484 -0.440440018 0.897314897
29.212044 188.902249985 -298.647742073 -4.692315516 0.028280197 0.009912503 -0.439771114 0.897609793
29.312166 189.793647755 -299.902607594 -4.741078688 0.028633836 0.010755012 -0.438601223 0.898161122
29.412043 190.714463713 -301.134961774 -4.792444192 0.028810384 0.010273291 -0.437752873 0.898574896
29.600122 192.479750049 -303.455329715 -4.880044370 0.028381171 0.009529647 -0.433251456 0.900775705
29.699573 193.159789688 -304.585061489 -4.928127551 0.027937966 0.008978447 -0.430112254 0.902298347
29.799473 194.069031137 -305.721384536 -4.964876795 0.027369594 0.009246956 -0.429316739 0.902691828
29.899523 194.860647464 -307.005545440 -5.013629585 0.026932834 0.009364653 -0.425742672 0.904394882
29.999424 195.807736525 -308.120572956 -5.055167268 0.027219054 0.009090052 -0.425458974 0.904522612
30.099349 196.833201382 -309.182526538 -5.098718187 0.027400751 0.008819383 -0.426362455 0.904094284
30.199274 197.985324286 -310.127632111 -5.142022400 0.027576775 0.008729603 -0.429816503 0.902452818
30.299324 198.916593703 -311.268177372 -5.186361116 0.027719859 0.008495808 -0.428881694 0.902895300
30.399798 199.896503762 -312.475189639 -5.230601730 0.028043755 0.008289957 -0.427919360 0.903343703
30.500271 200.919843828 -313.635003577 -5.274756098 0.028655064 0.007963544 -0.428192122 0.903198193
30.512043 201.037657686 -313.774911369 -5.278949688 0.028554743 0.007797709 -0.431603409 0.901577684
30.612117 202.265817396 -315.039769530 -5.328631338 0.029046042 0.006192879 -0.433668030 0.900583153
30.709454 203.244445888 -316.287588322 -5.363726516 0.029357519 0.005691108 -0.432743264 0.901021095
30.900122 205.211055974 -318.730127861 -5.443700570 0.029961611 0.006434275 -0.427962719 0.903276709
30.911992 205.254392793 -318.717441064 -5.440192042 0.030745215 0.006471908 -0.430642416 0.901975585
31.012042 206.259526687 -319.952044582 -5.476207704 0.029132407 0.005305923 -0.431140991 0.901798534
31.112191 207.270579825 -321.181339482 -5.525830561 0.028023671 0.004847134 -0.431257979 0.901780314
