1.510073 0.578315 -0.028285 -0.008042 -0.000845 -0.004548 -0.024280 0.999695
1.612045 1.123164 -0.066115 -0.000945 -0.000388 -0.005772 -0.042775 0.999068
1.712172 1.463747 -0.088693 0.011291 0.000045 -0.006807 -0.060702 0.998133
1.812145 1.991244 -0.162141 0.026115 -0.000071 -0.007871 -0.080658 0.996711
1.968035 2.818132 -0.323545 0.045972 0.000420 -0.008128 -0.107017 0.994224
2.065151 3.165833 -0.431056 0.050343 -0.000086 -0.008368 -0.122061 0.992487
2.112166 3.415479 -0.504401 0.048446 0.000279 -0.008539 -0.136640 0.990584
2.265248 4.301831 -0.797486 0.083149 0.004650 -0.009007 -0.165879 0.986094
2.312065 4.453646 -0.877805 0.093247 0.005755 -0.009857 -0.176914 0.984160
2.465202 5.332691 -1.226842 0.135419 0.004212 -0.009743 -0.207051 0.978273
2.565225 5.776745 -1.455794 0.135481 0.002545 -0.009783 -0.225171 0.974267
2.665214 6.263814 -1.726749 0.136797 -0.000127 -0.009501 -0.247174 0.968925
2.765136 6.757533 -2.038939 0.150195 0.000110 -0.007775 -0.270624 0.962654
2.865141 7.246804 -2.370570 0.164129 0.001334 -0.006544 -0.294043 0.955769
2.965291 7.726131 -2.718137 0.172019 0.001883 -0.006342 -0.317914 0.948096
3.065292 8.194637 -3.106809 0.188345 0.001736 -0.005984 -0.342179 0.939614
3.165162 8.651710 -3.521170 0.201999 0.000930 -0.004459 -0.366849 0.930269
3.265139 9.087742 -3.951934 0.207505 -0.000231 -0.002876 -0.390332 0.920670
3.365214 9.513085 -4.428972 0.211498 -0.000392 -0.002176 -0.413681 0.910419
3.500271 10.038538 -5.081068 0.215735 0.001229 -0.001395 -0.442363 0.896834
3.502001 9.981389 -5.040259 0.214689 0.000830 -0.001605 -0.447267 0.894398
3.602597 10.320132 -5.612058 0.207525 0.003534 -0.001223 -0.471613 0.881798
3.709835 10.679945 -6.229491 0.216503 0.004882 -0.001139 -0.494176 0.869348
3.803751 10.965008 -6.767432 0.211045 0.006281 -0.001656 -0.512059 0.858926
3.965117 11.459710 -7.799877 0.215620 0.009025 -0.002940 -0.532062 0.846652
4.012071 11.550087 -7.989930 0.218271 0.008492 -0.003122 -0.541843 0.840431
4.165243 12.007644 -9.070563 0.222060 0.009940 -0.003225 -0.554380 0.832198
4.212120 12.117875 -9.337229 0.216147 0.008808 -0.003096 -0.564120 0.825640
4.312196 12.406216 -10.112312 0.213400 0.010406 -0.003654 -0.570480 0.821237
4.446050 12.791570 -11.109020 0.211465 0.012290 -0.005224 -0.574165 0.818631
4.537073 13.035744 -11.731252 0.212018 0.012384 -0.006061 -0.578775 0.815371
4.612262 13.231756 -12.294542 0.204860 0.012790 -0.006505 -0.581449 0.813457
4.712119 13.526578 -13.144115 0.207640 0.014098 -0.007394 -0.580916 0.813808
4.812115 13.832507 -13.959247 0.203021 0.014618 -0.007628 -0.580897 0.813810
4.912119 14.135804 -14.787713 0.202158 0.015227 -0.007371 -0.581214 0.813575
5.025829 14.483056 -15.734024 0.195572 0.016051 -0.007140 -0.579694 0.814645
5.115208 14.742339 -16.452576 0.198509 0.016236 -0.007548 -0.580711 0.813913
5.213315 15.055009 -17.310225 0.189718 0.015956 -0.008316 -0.579798 0.814562
5.312664 15.371479 -18.188532 0.184895 0.015422 -0.008849 -0.578993 0.815139
5.404110 15.675732 -19.034936 0.181874 0.016105 -0.008631 -0.579096 0.815055
5.511991 16.048201 -20.075887 0.184275 0.017525 -0.008004 -0.577514 0.816153
5.612142 16.399564 -21.005119 0.187553 0.018014 -0.007697 -0.577476 0.816173
5.703438 16.712424 -21.858933 0.180475 0.017526 -0.008493 -0.577519 0.816145
5.803390 17.078816 -22.850717 0.182581 0.016627 -0.009105 -0.576278 0.817034
5.903318 17.448647 -23.823929 0.175945 0.015224 -0.009252 -0.575589 0.817545
6.099972 18.203106 -25.772657 0.177963 0.014721 -0.006929 -0.567107 0.823484
6.200171 18.483561 -26.595255 0.157457 0.013740 -0.007272 -0.569597 0.821777
6.202201 18.477398 -26.600318 0.167165 0.012804 -0.006473 -0.575646 0.817573
6.301758 18.874251 -27.687510 0.159188 0.013894 -0.004397 -0.570160 0.821405
6.412044 19.305047 -28.846465 0.159569 0.015363 -0.003491 -0.566776 0.823721
6.512040 19.714651 -29.837338 0.158262 0.015747 -0.003573 -0.565687 0.824462
6.612114 20.106188 -30.835645 0.146822 0.015859 -0.004858 -0.564289 0.825411
6.712139 20.508765 -31.833023 0.146929 0.016556 -0.006854 -0.563173 0.826145
6.900072 21.286818 -33.726331 0.146596 0.018417 -0.005266 -0.555184 0.831507
7.000072 21.668270 -34.616724 0.121521 0.018663 -0.005617 -0.558347 0.829378
7.046899 21.854964 -35.059244 0.142771 0.020081 -0.003173 -0.561381 0.827308
7.146747 22.251930 -36.027071 0.131945 0.021952 -0.002000 -0.557969 0.829569
7.212114 22.515451 -36.661044 0.134165 0.021048 -0.003733 -0.559601 0.828487
7.312094 22.987634 -37.830244 0.120225 0.017962 -0.007007 -0.556572 0.830576
7.500123 23.844157 -39.829849 0.117337 0.017535 -0.007078 -0.550926 0.834340
7.598936 24.257342 -40.782108 0.104617 0.017179 -0.007555 -0.555140 0.831545
7.698189 24.684250 -41.792420 0.115095 0.017768 -0.005622 -0.555718 0.831162
7.797966 25.127399 -42.825845 0.105391 0.018032 -0.005131 -0.555924 0.831021
7.899348 25.560247 -43.868793 0.100018 0.018019 -0.005606 -0.555879 0.831049
7.999249 25.992849 -44.904439 0.092202 0.018191 -0.005551 -0.555998 0.830966
8.099199 26.424355 -45.946721 0.091081 0.018952 -0.005378 -0.556147 0.830850
8.199049 26.866318 -46.988801 0.080251 0.018790 -0.005313 -0.556339 0.830726
8.299099 27.319424 -48.063773 0.068973 0.019517 -0.004723 -0.556596 0.830541
8.398875 27.764735 -49.131880 0.055785 0.021865 -0.002948 -0.556744 0.830391
8.498876 28.215292 -50.200171 0.039887 0.024586 -0.001525 -0.556694 0.830352
8.599274 28.660984 -51.291895 0.012056 0.027710 -0.002544 -0.556696 0.830250
8.699623 29.109919 -52.358110 -0.004931 0.028968 -0.003439 -0.556766 0.830157
8.800222 29.561789 -53.437607 -0.031502 0.030171 -0.005778 -0.556334 0.830391
8.811967 29.606900 -53.563665 -0.027146 0.030711 -0.006277 -0.561639 0.826788
8.912166 30.110636 -54.771150 -0.050347 0.027304 -0.008342 -0.555761 0.830852
9.012138 30.603918 -55.953675 -0.063129 0.026078 -0.009769 -0.554766 0.831540
9.198062 31.529840 -58.156625 -0.080393 0.024728 -0.008807 -0.548235 0.835913
9.297744 31.929689 -59.310398 -0.102928 0.023919 -0.008745 -0.549347 0.835206
9.395799 32.384086 -60.411513 -0.118393 0.023694 -0.008669 -0.548706 0.835635
9.495485 32.844540 -61.539088 -0.122064 0.023860 -0.009902 -0.547978 0.836094
9.512142 32.938023 -61.708988 -0.124628 0.023046 -0.010732 -0.552748 0.832961
9.611994 33.442721 -62.907959 -0.118425 0.022830 -0.011907 -0.548213 0.835942
9.711994 33.965903 -64.100821 -0.118116 0.021673 -0.010686 -0.546321 0.837227
9.812043 34.486467 -65.288832 -0.117081 0.021685 -0.009199 -0.545152 0.838006
9.912141 35.019105 -66.473188 -0.124787 0.020803 -0.007654 -0.544178 0.838677
10.012142 35.564870 -67.671697 -0.140307 0.020492 -0.007318 -0.542968 0.839471
10.112090 36.098701 -68.890166 -0.147682 0.021017 -0.006877 -0.541742 0.840254
10.212166 36.653692 -70.106584 -0.159332 0.021820 -0.006095 -0.540187 0.841240
10.312190 37.200740 -71.327994 -0.167388 0.022122 -0.005267 -0.538575 0.842270
10.412166 37.763879 -72.564517 -0.176528 0.022225 -0.005194 -0.537030 0.843254
10.512191 38.314179 -73.801873 -0.190843 0.022618 -0.005583 -0.536193 0.843774
10.612190 38.886632 -75.024528 -0.203422 0.023446 -0.005762 -0.534787 0.844642
10.712067 39.474402 -76.247604 -0.208648 0.023819 -0.005466 -0.533400 0.845510
10.811991 40.053948 -77.472953 -0.223230 0.024499 -0.004981 -0.532579 0.846011
10.912043 40.644941 -78.687564 -0.231397 0.025082 -0.004186 -0.531249 0.846834
11.012139 41.229278 -79.913878 -0.250880 0.025967 -0.003670 -0.530097 0.847531
11.112090 41.829558 -81.122938 -0.262445 0.026560 -0.003673 -0.528501 0.848509
11.212117 42.438799 -82.317790 -0.273980 0.027078 -0.004118 -0.527513 0.849106
11.312041 43.041240 -83.521349 -0.280754 0.026440 -0.004632 -0.526747 0.849598
11.411994 43.642405 -84.719992 -0.299017 0.025811 -0.005555 -0.525970 0.850093
11.512043 44.261507 -85.929560 -0.302547 0.025598 -0.005574 -0.524991 0.850704
11.612089 44.875721 -87.150709 -0.317590 0.024572 -0.006357 -0.524141 0.851253
11.712143 45.496037 -88.369319 -0.326034 0.023225 -0.007776 -0.523857 0.851454
11.812115 46.125158 -89.574517 -0.326067 0.022381 -0.007391 -0.523145 0.851918
11.912089 46.759339 -90.801726 -0.326423 0.022696 -0.006200 -0.522375 0.852391
12.012119 47.400805 -92.036637 -0.334203 0.023054 -0.005511 -0.521766 0.852759
12.112142 48.045292 -93.274308 -0.336197 0.022910 -0.005528 -0.521014 0.853222
12.212117 48.696278 -94.488177 -0.342069 0.022099 -0.005852 -0.520937 0.853289
12.312091 49.345692 -95.696173 -0.349036 0.021704 -0.005422 -0.520602 0.853507
12.412141 49.977718 -96.925036 -0.357188 0.022126 -0.003616 -0.520172 0.853767
12.512090 50.630439 -98.141556 -0.365115 0.023357 -0.001712 -0.519708 0.854023
12.612117 51.275359 -99.357666 -0.388518 0.023993 -0.002667 -0.519090 0.854378
12.712043 51.926675 -100.576253 -0.400322 0.024882 -0.003969 -0.518330 0.854810
12.812092 52.579747 -101.802587 -0.411645 0.025080 -0.003664 -0.517462 0.855330
12.911990 53.240705 -103.030610 -0.420840 0.025692 -0.004039 -0.516433 0.855932
13.012044 53.907167 -104.260549 -0.434241 0.025075 -0.003763 -0.515775 0.856349
13.112165 54.564368 -105.477781 -0.453247 0.024764 -0.002944 -0.515062 0.856790
13.212064 55.233757 -106.702385 -0.473067 0.025007 -0.002724 -0.514541 0.857097
13.311993 55.902130 -107.917937 -0.489976 0.025571 -0.002927 -0.513541 0.857679
13.412095 56.578937 -109.157654 -0.511984 0.026594 -0.002862 -0.512836 0.858070
13.512191 57.256844 -110.401235 -0.519055 0.027886 -0.002863 -0.511994 0.858532
13.612091 57.947541 -111.638326 -0.541431 0.027058 -0.004192 -0.511076 0.859099
13.712015 58.624075 -112.862009 -0.554745 0.025574 -0.005922 -0.510717 0.859348
13.812164 59.314372 -114.100111 -0.564390 0.024466 -0.006226 -0.510276 0.859640
13.912192 60.010980 -115.337271 -0.573136 0.023288 -0.005945 -0.509955 0.859865
14.012139 60.703665 -116.569819 -0.582596 0.022448 -0.005747 -0.509868 0.859941
14.111991 61.399353 -117.805235 -0.585634 0.022414 -0.004810 -0.509530 0.860148
14.212094 62.097828 -119.047241 -0.596826 0.021739 -0.003613 -0.509472 0.860205
14.312194 62.807262 -120.298775 -0.603780 0.020144 -0.003195 -0.509157 0.860432
14.411989 63.516087 -121.558602 -0.622200 0.019218 -0.002128 -0.508871 0.860626
14.512141 64.209362 -122.807985 -0.630877 0.020068 -0.000051 -0.508764 0.860672
14.612091 64.910021 -124.055087 -0.655775 0.021273 0.001411 -0.508382 0.860868
14.712043 65.597884 -125.299280 -0.670301 0.022489 0.001817 -0.508026 0.861046
14.812142 66.299572 -126.543800 -0.699132 0.022814 0.001425 -0.507738 0.861208
14.912164 66.987935 -127.789558 -0.718220 0.024295 0.000260 -0.507455 0.861336
15.012138 67.683009 -129.018277 -0.741283 0.025553 -0.001532 -0.506875 0.861639
15.112141 68.381004 -130.261079 -0.752151 0.025870 -0.003481 -0.506355 0.861930
15.212139 69.073027 -131.487577 -0.770962 0.026482 -0.004421 -0.505918 0.862163
15.312088 69.772914 -132.724104 -0.775839 0.027199 -0.001612 -0.505435 0.862435
15.499499 71.079805 -135.032165 -0.827312 0.028025 0.001376 -0.500479 0.865294
15.599399 71.697891 -136.130987 -0.850603 0.027276 0.001279 -0.498853 0.866256
15.699574 72.362648 -137.300078 -0.884274 0.027095 -0.000333 -0.497766 0.866888
15.712167 72.449872 -137.445323 -0.876283 0.028286 -0.000637 -0.502301 0.864230
15.812094 73.164971 -138.692059 -0.895541 0.029084 -0.002607 -0.499844 0.865623
16.000221 74.477391 -140.980289 -0.912491 0.029616 -0.005233 -0.492483 0.869802
16.100073 75.150704 -142.128492 -0.927569 0.028095 -0.005286 -0.492430 0.869882
16.112115 75.235238 -142.255331 -0.927977 0.027098 -0.005412 -0.496007 0.867879
16.212041 75.961209 -143.485911 -0.935937 0.026553 -0.002283 -0.494710 0.868649
16.312118 76.678685 -144.698664 -0.951539 0.026442 -0.000902 -0.492708 0.869792
16.412143 77.391162 -145.903299 -0.973616 0.025173 -0.001747 -0.491225 0.870667
16.512118 78.107997 -147.104157 -0.985761 0.023802 -0.002290 -0.490378 0.871182
16.697972 79.451088 -149.330038 -1.006711 0.023378 -0.000810 -0.484289 0.874595
16.712117 79.532425 -149.445201 -1.021263 0.021610 -0.001051 -0.488355 0.872377
16.812068 80.258611 -150.629304 -1.026635 0.022549 -0.000925 -0.487758 0.872687
16.912116 80.991758 -151.824773 -1.040617 0.022852 -0.000155 -0.486938 0.873137
17.012042 81.727549 -152.991870 -1.054471 0.024138 0.002126 -0.485956 0.873647
17.144653 82.702260 -154.549264 -1.083430 0.026149 0.003530 -0.483447 0.874976
17.212118 83.143496 -155.288655 -1.101466 0.025965 0.003620 -0.484718 0.874278
17.312116 83.901045 -156.469675 -1.127460 0.025377 0.001885 -0.483734 0.874845
17.412120 84.651049 -157.634125 -1.158249 0.024447 -0.000159 -0.483293 0.875117
17.512045 85.388573 -158.806683 -1.176572 0.024494 -0.001034 -0.483257 0.875135
17.612018 86.128779 -159.981997 -1.195995 0.025036 -0.000206 -0.482620 0.875472
17.712168 86.886268 -161.157816 -1.215236 0.025919 0.000901 -0.481868 0.875860
17.812164 87.627354 -162.316652 -1.245554 0.026307 0.001373 -0.481580 0.876006
17.912067 88.375567 -163.476784 -1.282670 0.027154 0.000117 -0.481363 0.876101
18.011992 89.125687 -164.634244 -1.289423 0.028261 0.000380 -0.480986 0.876272
18.112143 89.879366 -165.793205 -1.323078 0.027866 -0.000875 -0.480344 0.876637
18.226083 90.716719 -167.117220 -1.334820 0.027506 -0.004007 -0.479485 0.877110
18.312141 91.316716 -168.046215 -1.350779 0.025171 -0.005397 -0.480447 0.876646
18.412140 92.070433 -169.219177 -1.349219 0.023430 -0.005683 -0.479374 0.877279
18.512036 92.823658 -170.381662 -1.352337 0.022380 -0.004039 -0.478568 0.877756
18.612140 93.591163 -171.548023 -1.358633 0.022265 -0.001602 -0.477644 0.878270
18.712091 94.355249 -172.720989 -1.382312 0.022732 0.000522 -0.476898 0.878664
18.812045 95.122808 -173.892662 -1.401788 0.024462 0.000988 -0.475741 0.879245
18.912161 95.880181 -175.058351 -1.425335 0.025199 -0.000151 -0.474257 0.880026
19.012134 96.627218 -176.204955 -1.446943 0.026098 -0.001466 -0.473409 0.880455
19.112113 97.401314 -177.347717 -1.451430 0.026118 -0.000267 -0.472333 0.881033
19.212016 98.178612 -178.483237 -1.479066 0.026085 0.000968 -0.471247 0.881615
19.312114 98.958293 -179.629399 -1.504845 0.025670 0.002716 -0.470465 0.882041
19.446848 100.006393 -181.166082 -1.556695 0.026673 0.003710 -0.467468 0.883599
19.512109 100.407143 -181.837001 -1.556499 0.027745 0.003095 -0.469310 0.882592
19.611964 101.214931 -183.002854 -1.585937 0.027839 0.000791 -0.467874 0.883356
19.711988 102.021183 -184.163087 -1.613617 0.027322 -0.001932 -0.466273 0.884217
19.812090 102.826989 -185.312081 -1.639943 0.026720 -0.000329 -0.465178 0.884814
19.912166 103.642341 -186.472633 -1.660435 0.027222 0.003177 -0.463581 0.885631
20.046773 104.729612 -188.025333 -1.698704 0.027998 0.003888 -0.460016 0.887460
20.112169 105.188253 -188.698268 -1.711664 0.027335 0.003526 -0.461436 0.886745
20.203725 105.948740 -189.777072 -1.742634 0.028308 -0.000410 -0.460035 0.887449
20.303178 106.786213 -190.959872 -1.769200 0.027990 -0.000327 -0.458301 0.888356
20.400674 106.795563 -190.968687 -1.768979 0.028007 -0.000331 -0.458394 0.888308
20.599650 109.252943 -194.466465 -1.818765 0.026083 -0.000550 -0.448630 0.893336
20.612092 109.305567 -194.559820 -1.834446 0.026449 -0.000102 -0.451262 0.892000
20.800174 110.829427 -196.716774 -1.851511 0.022348 -0.002757 -0.446507 0.894497
20.812115 110.945584 -196.814646 -1.879692 0.020974 -0.005448 -0.449840 0.892846
20.912042 111.800182 -197.969722 -1.872209 0.022714 -0.000434 -0.450058 0.892710
21.012039 112.644702 -199.092783 -1.893591 0.022780 0.000586 -0.449405 0.893038
21.112063 113.491836 -200.227348 -1.917146 0.023080 0.000449 -0.449285 0.893090
21.212042 114.342379 -201.362304 -1.931408 0.022798 0.002016 -0.449369 0.893053
21.312143 115.188329 -202.500615 -1.959477 0.022270 0.002602 -0.449035 0.893233
21.412042 116.041196 -203.635561 -1.972304 0.022397 0.002273 -0.449213 0.893141
21.512192 116.906334 -204.803230 -2.000874 0.023395 0.003952 -0.449609 0.892910
21.611991 117.761018 -205.942351 -2.023658 0.024656 0.004335 -0.449110 0.893126
21.712192 118.630279 -207.093017 -2.058901 0.024502 0.002778 -0.448916 0.893233
21.812092 119.496856 -208.226025 -2.078416 0.023717 0.001818 -0.448747 0.893342
21.912168 120.359980 -209.360114 -2.112308 0.023082 0.001802 -0.448698 0.893384
22.011996 121.219254 -210.509908 -2.132789 0.023519 0.002425 -0.448458 0.893491
22.112093 122.088064 -211.667258 -2.165386 0.024964 0.003916 -0.448264 0.893544
22.230339 123.119988 -213.018897 -2.198158 0.027315 0.004862 -0.447092 0.894058
22.312040 123.813492 -213.907565 -2.216405 0.028539 0.004480 -0.447633 0.893751
22.412117 124.690707 -215.056649 -2.242623 0.028124 0.002324 -0.447590 0.893793
22.512014 125.565935 -216.221046 -2.269030 0.026720 -0.000089 -0.447594 0.893838
22.612140 126.446393 -217.364313 -2.288192 0.025184 -0.000319 -0.447467 0.893946
22.712117 127.319327 -218.526323 -2.306696 0.024453 0.000051 -0.447562 0.893918
22.812067 128.198851 -219.692921 -2.322649 0.023807 0.000956 -0.447768 0.893832
22.912116 129.088510 -220.842382 -2.347722 0.022483 0.000390 -0.447760 0.893871
23.012116 129.965815 -222.005679 -2.365783 0.021243 -0.000076 -0.447806 0.893878
23.110453 130.827263 -223.143589 -2.383204 0.021106 0.001645 -0.447704 0.893931
23.212040 131.736667 -224.326563 -2.409785 0.021706 0.003631 -0.447739 0.893893
23.312167 132.623292 -225.488533 -2.441040 0.021873 0.004081 -0.447834 0.893840
23.412018 133.508066 -226.666582 -2.473327 0.022648 0.004455 -0.447517 0.893978
23.512093 134.412517 -227.850981 -2.504444 0.024245 0.005798 -0.447486 0.893943
23.612116 135.316693 -229.035539 -2.535102 0.024974 0.006274 -0.447328 0.893999
23.712168 136.211944 -230.207594 -2.575867 0.024749 0.004924 -0.446979 0.894189
23.812039 137.117409 -231.393680 -2.609612 0.024281 0.004055 -0.447284 0.894053
23.912117 138.026130 -232.595140 -2.642893 0.024493 0.003498 -0.446888 0.894248
24.012044 138.932123 -233.787662 -2.677925 0.024766 0.003784 -0.446874 0.894246
24.112117 139.857156 -234.994751 -2.707382 0.025413 0.004015 -0.446660 0.894334
24.212141 140.768985 -236.195599 -2.742574 0.025500 0.004771 -0.446454 0.894430
24.312014 141.688972 -237.398565 -2.778411 0.026861 0.005664 -0.446711 0.894257
24.412069 142.610167 -238.609784 -2.813128 0.026491 0.005181 -0.446710 0.894271
24.512115 143.541532 -239.824916 -2.860399 0.025831 0.003487 -0.446524 0.894392
24.612141 144.472073 -241.061730 -2.896449 0.026215 0.003219 -0.446411 0.894438
24.712164 145.410424 -242.294844 -2.929661 0.027409 0.004333 -0.446193 0.894506
24.812118 146.354403 -243.533578 -2.963658 0.028205 0.004259 -0.446222 0.894467
24.912168 147.293473 -244.763352 -3.006364 0.028319 0.003035 -0.445826 0.894666
25.099474 149.051795 -247.092721 -3.067627 0.029014 0.002654 -0.442097 0.896494
25.199249 149.930107 -248.249610 -3.106974 0.028200 0.002582 -0.438685 0.898195
25.299847 150.866766 -249.467826 -3.134095 0.028093 0.002048 -0.438017 0.898525
25.312116 150.984668 -249.614643 -3.142452 0.027200 0.001609 -0.441682 0.896758
25.411992 151.941273 -250.894969 -3.161297 0.025648 0.001527 -0.443191 0.896059
25.512116 152.946703 -252.153271 -3.187558 0.024528 0.002276 -0.443302 0.896034
25.612116 153.931094 -253.422323 -3.212399 0.023593 0.003100 -0.442988 0.896212
25.712168 154.912982 -254.681746 -3.245987 0.022623 0.003691 -0.442784 0.896335
25.812117 155.902563 -255.943383 -3.285934 0.022469 0.004903 -0.442641 0.896404
25.912018 156.876970 -257.209520 -3.327628 0.023468 0.006631 -0.442596 0.896390
26.012116 157.874346 -258.473832 -3.361285 0.025050 0.008300 -0.442268 0.896494
26.112192 158.854008 -259.743592 -3.407518 0.025974 0.009052 -0.442431 0.896380
26.212089 159.837961 -261.008280 -3.447576 0.026271 0.008063 -0.442529 0.896333
26.312040 160.835398 -262.282161 -3.498377 0.025497 0.005913 -0.442646 0.896314
26.403710 161.745404 -263.448832 -3.538988 0.025013 0.004663 -0.443276 0.896024
26.600172 163.735557 -266.017770 -3.614036 0.026386 0.006700 -0.439675 0.897744
26.700047 164.710210 -267.155595 -3.654436 0.025845 0.006543 -0.438778 0.898200
26.711991 164.822923 -267.301690 -3.649150 0.026172 0.006832 -0.442231 0.896493
26.802205 165.702526 -268.453737 -3.695340 0.027763 0.008324 -0.443496 0.895807
26.912139 166.827839 -269.926293 -3.748794 0.029338 0.008973 -0.443081 0.895957
27.012044 167.766621 -271.151376 -3.796734 0.029775 0.007643 -0.444099 0.895450
27.112039 168.718405 -272.403528 -3.834726 0.028829 0.004116 -0.444368 0.895371
27.212093 169.683710 -273.666681 -3.860912 0.028225 0.002296 -0.444669 0.895247
27.311992 170.674835 -274.938714 -3.876098 0.027591 0.002293 -0.444747 0.895228
27.412093 171.652681 -276.212158 -3.902417 0.025812 0.003675 -0.445040 0.895131
27.565249 173.143314 -278.144349 -3.948133 0.023043 0.006455 -0.443906 0.895754
27.604821 173.511781 -278.589160 -3.971114 0.021708 0.005996 -0.444661 0.895416
27.704697 174.519819 -279.911053 -4.012323 0.020796 0.008396 -0.445748 0.894877
27.804671 175.499940 -281.204039 -4.051769 0.021356 0.009817 -0.446144 0.894652
27.904671 176.484925 -282.485638 -4.096462 0.022007 0.010407 -0.446061 0.894672
28.012039 177.535277 -283.847644 -4.148468 0.022972 0.010550 -0.445878 0.894737
28.165124 178.995833 -285.756611 -4.215648 0.024464 0.010648 -0.443547 0.895854
28.265121 179.948498 -286.917060 -4.251592 0.024800 0.010430 -0.442204 0.896511
28.311992 180.394430 -287.481897 -4.271320 0.024763 0.010829 -0.444568 0.895337
28.412043 181.339717 -288.746465 -4.321786 0.025307 0.010975 -0.444894 0.895158
28.511993 182.292978 -289.997575 -4.368095 0.025927 0.011319 -0.444706 0.895230
28.612044 183.245745 -291.248839 -4.423196 0.026254 0.011199 -0.444411 0.895368
28.711990 184.196691 -292.506606 -4.472778 0.027067 0.010494 -0.443904 0.895604
28.812092 185.168897 -293.747084 -4.519810 0.027584 0.009941 -0.443304 0.895892
28.912093 186.125275 -294.988191 -4.568173 0.027698 0.008828 -0.442938 0.896081
29.012067 187.078284 -296.214866 -4.606752 0.027695 0.008012 -0.442255 0.896426
29.112042 188.043827 -297.449782 -4.648327 0.027658 0.008580 -0.441758 0.896667
29.212044 189.015664 -298.687801 -4.692316 0.028294 0.009872 -0.441051 0.896982
29.312166 189.962801 -299.901787 -4.741079 0.028659 0.010688 -0.440699 0.897134
29.412043 190.912771 -301.113841 -4.792444 0.028839 0.010192 -0.440293 0.897333
29.600122 192.700288 -303.412538 -4.880044 0.028413 0.009436 -0.436227 0.899338
29.699573 193.541708 -304.426088 -4.928128 0.027992 0.008809 -0.435576 0.899674
29.799473 194.450950 -305.562411 -4.964877 0.027425 0.009081 -0.434783 0.900072
29.899523 195.372039 -306.697436 -5.013630 0.027017 0.009119 -0.433948 0.900487
29.999424 196.285848 -307.850104 -5.055167 0.027296 0.008858 -0.433152 0.900864
30.099349 197.209836 -309.001008 -5.098718 0.027459 0.008637 -0.432377 0.901233
30.199274 198.142202 -310.167519 -5.142022 0.027596 0.008668 -0.431828 0.901492
30.299324 199.086243 -311.346687 -5.186361 0.027739 0.008433 -0.430913 0.901927
30.399798 200.065877 -312.533550 -5.230602 0.028064 0.008221 -0.430129 0.902294
30.500271 201.048073 -313.722357 -5.274756 0.028668 0.007916 -0.429694 0.902485
30.512043 201.165887 -313.862264 -5.278950 0.028568 0.007750 -0.433103 0.900858
30.612117 202.218485 -315.195599 -5.328631 0.029041 0.006217 -0.432932 0.900937
30.709454 203.221213 -316.443384 -5.363727 0.029355 0.005703 -0.432377 0.901197
30.900122 205.205078 -318.871987 -5.443701 0.029962 0.006435 -0.427951 0.903282
30.911992 205.248415 -318.859300 -5.440192 0.030745 0.006472 -0.430631 0.901981
31.012042 206.247213 -320.101456 -5.476208 0.029132 0.005306 -0.431135 0.901801
31.112191 207.259165 -321.348600 -5.525831 0.028023 0.004851 -0.431145 0.901834
